1305031102.175304 0.000000000 0.000000000 0.000000000 0.000000000 0.000000000 0.000000000 1.000000000
1305031102.211214 -0.001883448 0.008067254 0.010828820 -0.001912316 -0.002887621 -0.001681596 0.999992609
1305031102.275326 -0.003515410 0.008741984 0.035112213 -0.013126360 -0.008565852 -0.001204153 0.999876440
1305031102.311267 -0.001386126 0.006516484 0.048883911 -0.018230664 -0.011527671 -0.000205537 0.999767363
1305031102.343233 -0.002486028 0.007660360 0.060285978 -0.020026509 -0.012953508 0.001728511 0.999714017
1305031102.375329 -0.003571132 0.007928163 0.072425529 -0.022226160 -0.014695672 0.001695317 0.999643505
1305031102.411258 -0.007144971 0.012729653 0.083289996 -0.022995243 -0.016502300 0.000759308 0.999599099
1305031102.443271 -0.003596285 0.019412901 0.093712494 -0.026907638 -0.021642379 0.001283510 0.999402761
1305031102.475318 -0.000885619 0.018850653 0.106967233 -0.034424875 -0.024817083 0.000961967 0.999098659
1305031102.511219 -0.000131837 0.020244138 0.119652137 -0.038893376 -0.023792803 -0.000552989 0.998959899
1305031102.575286 0.000450487 0.015097472 0.145302370 -0.046528917 -0.021625001 -0.003684307 0.998676062
1305031102.611233 -0.002926079 0.013181268 0.157353103 -0.044247579 -0.017502395 -0.003212587 0.998862088
1305031102.675285 -0.007768976 0.023998788 0.180374369 -0.041876096 -0.017501561 -0.000932727 0.998969078
1305031102.711263 -0.007409205 0.023297450 0.193866476 -0.043286610 -0.018066242 0.000301383 0.998899281
1305031102.743234 -0.007889207 0.030451903 0.205211207 -0.043045763 -0.018154113 0.002098956 0.998905957
1305031102.775472 -0.005728818 0.031514939 0.218664199 -0.045151982 -0.016877398 0.000086137 0.998837590
1305031102.811232 -0.007540207 0.035594549 0.231133223 -0.045650691 -0.013328114 -0.000811999 0.998868227
1305031102.843290 -0.005016230 0.036095306 0.244477853 -0.047593441 -0.011022315 -0.001746661 0.998804450
1305031102.875363 -0.009669627 0.039311320 0.256377131 -0.046246625 -0.006557596 -0.004340359 0.998899102
1305031102.911185 -0.009864543 0.042842850 0.267919868 -0.045527872 -0.005298824 -0.005521361 0.998933792
1305031102.975203 -0.024253206 0.048553973 0.288368046 -0.045753282 -0.007531903 -0.007168692 0.998898685
1305031103.011215 -0.023673991 0.052463736 0.299576312 -0.046345547 -0.014307756 -0.004533754 0.998812735
1305031103.043227 -0.023933323 0.055075053 0.310943455 -0.048318647 -0.020290006 -0.002041267 0.998623788
1305031103.075319 -0.019835601 0.054271083 0.322331637 -0.048872545 -0.024363590 0.000360570 0.998507798
1305031103.111240 -0.020215169 0.062167082 0.329453737 -0.046141293 -0.024016930 0.001580875 0.998644948
1305031103.143318 -0.019605245 0.064092524 0.339897722 -0.047988992 -0.024298090 0.002791496 0.998548388
1305031103.175452 -0.019224923 0.069097377 0.345384270 -0.047835987 -0.023220437 0.003915065 0.998577595
1305031103.243216 -0.020210169 0.079300873 0.361072212 -0.057965010 -0.023276357 0.008762080 0.998008788
1305031103.275370 -0.029248876 0.080829605 0.364895046 -0.066635296 -0.022206148 0.011383221 0.997465312
1305031103.311210 -0.025951151 0.073533423 0.372034878 -0.076135769 -0.033344105 0.011772876 0.996470213
1305031103.343223 -0.019713350 0.076135188 0.375127614 -0.076134935 -0.039294612 0.011982105 0.996250868
1305031103.375327 -0.016934080 0.074578702 0.375769794 -0.080158137 -0.038881756 0.013757784 0.995928526
1305031103.411260 -0.018726153 0.069687344 0.374939770 -0.082968391 -0.037547488 0.015020631 0.995731294
1305031103.443280 -0.020377455 0.066911153 0.370319933 -0.083403476 -0.039190557 0.014983833 0.995632172
1305031103.475274 -0.020813979 0.063513294 0.365949512 -0.083169810 -0.041420780 0.012489583 0.995595872
1305031103.511333 -0.019373452 0.057824302 0.360203862 -0.081763446 -0.043482170 0.010709051 0.995645225
1305031103.543444 -0.019046176 0.052967750 0.351715684 -0.077763230 -0.044621926 0.008549490 0.995936096
1305031103.575474 -0.021954510 0.050670624 0.341137946 -0.073145129 -0.044701695 0.008254617 0.996284842
1305031103.611223 -0.021619968 0.045440804 0.331534386 -0.071451724 -0.048332643 0.009871339 0.996223450
1305031103.643445 -0.021413783 0.040682983 0.320461541 -0.069003724 -0.052148096 0.010092463 0.996201396
1305031103.675523 -0.017534656 0.038762245 0.309920371 -0.065623254 -0.055812810 0.011095195 0.996220589
1305031103.711610 -0.014290298 0.033486508 0.297140181 -0.064007990 -0.057588849 0.011466905 0.996220350
1305031103.743326 -0.012205537 0.026244007 0.285240918 -0.062550232 -0.057678599 0.010371621 0.996319771
1305031103.775342 -0.011787142 0.024597917 0.270020604 -0.058706228 -0.056927372 0.007141379 0.996625245
1305031103.811242 -0.013150608 0.024743825 0.257397860 -0.057826281 -0.054959439 0.003278802 0.996807337
1305031103.843251 -0.015334504 0.026042623 0.242938399 -0.059604224 -0.054341689 0.000864209 0.996741533
1305031103.875361 -0.015932033 0.014261223 0.232738346 -0.068134375 -0.057287794 -0.002363411 0.996027231
1305031103.911221 -0.015002469 0.008573550 0.218590349 -0.066905573 -0.060912721 -0.004317048 0.995888889
1305031103.943211 -0.013341790 0.005923234 0.202753201 -0.064546786 -0.063622534 -0.004953268 0.995872200
1305031103.975373 -0.009523426 -0.000422719 0.189942211 -0.063483119 -0.066539675 -0.005862870 0.995744944
1305031104.011232 -0.004129540 -0.009089286 0.178567722 -0.061285611 -0.067687519 -0.005936644 0.995804787
1305031104.043249 0.000313277 -0.013212829 0.163052782 -0.054569285 -0.065307751 -0.007736136 0.996341944
1305031104.075425 0.003205980 -0.011696769 0.147813082 -0.049577389 -0.061385550 -0.010294919 0.996828914
1305031104.111235 0.008137921 -0.017512215 0.136702791 -0.047283273 -0.057084635 -0.011636091 0.997181177
1305031104.143230 0.004076555 -0.020679811 0.121547572 -0.041947838 -0.049618654 -0.013416640 0.997796774
1305031104.175424 0.003783744 -0.023773640 0.106417321 -0.037958145 -0.046075430 -0.014108559 0.998116851
1305031104.211283 0.004744078 -0.029612940 0.093502395 -0.034812834 -0.043605570 -0.014005654 0.998343885
1305031104.243196 0.005551939 -0.031143792 0.080371708 -0.029766170 -0.041408774 -0.014073768 0.998599648
1305031104.275546 0.007842940 -0.032808740 0.067274973 -0.025299668 -0.039314803 -0.014548268 0.998800576
1305031104.311219 0.006929906 -0.033403918 0.055768900 -0.021103853 -0.035627298 -0.015396030 0.999023676
1305031104.343342 0.012545676 -0.035842445 0.044141229 -0.018634614 -0.032889638 -0.014632834 0.999178112
1305031104.375837 0.012594464 -0.035321224 0.032687496 -0.016219206 -0.028286537 -0.014465796 0.999363542
1305031104.411509 0.006753907 -0.033865947 0.021599004 -0.013810322 -0.022648249 -0.014686574 0.999540210
1305031104.443288 -0.000849607 -0.035056990 0.011570453 -0.013589981 -0.019105751 -0.015327430 0.999607623
1305031104.475456 -0.004963684 -0.035505019 0.001629197 -0.013565346 -0.019473592 -0.014548696 0.999612451
1305031104.511329 -0.004381125 -0.040451426 -0.006727209 -0.013831202 -0.022384224 -0.012793124 0.999571919
1305031104.543368 -0.002551045 -0.041866753 -0.015002574 -0.010463187 -0.024845188 -0.012370507 0.999559999
1305031104.575343 0.004786573 -0.047270007 -0.023407163 -0.007222001 -0.026315343 -0.011246457 0.999564350
1305031104.611336 0.017833740 -0.060182661 -0.030400088 -0.001334103 -0.025161110 -0.007928148 0.999651074
1305031104.643243 0.018748168 -0.057529267 -0.040585127 0.011437565 -0.017607149 -0.008443730 0.999743879
1305031104.675525 0.022433152 -0.062250737 -0.051574633 0.021832855 -0.010454431 -0.006885228 0.999683261
1305031104.711277 0.021471526 -0.063355282 -0.062653676 0.035775304 -0.002198431 -0.004696662 0.999346375
1305031104.743280 0.025664860 -0.063594460 -0.072791532 0.048582118 0.003920315 -0.002415429 0.998808563
1305031104.775327 0.026066771 -0.060440116 -0.081209183 0.061434064 0.011227088 -0.000303812 0.998047948
1305031104.811465 0.028923549 -0.056951992 -0.088616140 0.072565176 0.017076388 0.001969580 0.997215509
1305031104.843258 0.026313301 -0.050039750 -0.096155010 0.082161278 0.024509447 0.004155529 0.996308982
1305031104.875350 0.020443741 -0.045256179 -0.102256082 0.088056922 0.028657995 0.006256917 0.995683491
1305031104.911534 0.022356914 -0.041962314 -0.103813805 0.090649769 0.029159959 0.008514152 0.995419443
1305031104.943262 0.021511616 -0.038317181 -0.102874577 0.092121854 0.030089989 0.009495120 0.995247722
1305031104.975202 0.021111622 -0.030649792 -0.100497872 0.092399381 0.029248515 0.010201358 0.995240092
1305031105.011290 0.022570830 -0.026716217 -0.093310744 0.088235267 0.028227335 0.011202094 0.995636642
1305031105.043373 0.019645350 -0.023684673 -0.086645842 0.082748689 0.028393600 0.009647192 0.996119201
1305031105.075320 0.020811474 -0.024184402 -0.076995172 0.075460345 0.027057013 0.007561535 0.996752977
1305031105.111299 0.016570304 -0.027778788 -0.066367947 0.068675190 0.026997538 0.005453815 0.997258782
1305031105.143106 0.010848032 -0.016031470 -0.053193420 0.064762935 0.025175866 0.003339915 0.997577488
1305031105.175159 0.013437064 -0.007967432 -0.035147652 0.052892603 0.020251827 0.001361400 0.998393893
1305031105.211268 0.007320554 -0.018357079 -0.022773411 0.037975248 0.017578254 -0.001708313 0.999122560
1305031105.243270 0.002864797 -0.015226453 -0.008421716 0.030323947 0.012575534 -0.003498402 0.999454916
1305031105.275288 -0.003317877 -0.010599979 0.006200827 0.020722782 0.007200019 -0.005000853 0.999746799
1305031105.311290 -0.007065418 -0.013125252 0.017990302 0.009977925 0.000496909 -0.005878146 0.999932826
1305031105.343302 -0.011137168 -0.016979668 0.031586792 0.001284387 -0.004873456 -0.006733957 0.999964595
1305031105.375338 -0.013087713 -0.018346576 0.045810170 -0.002659154 -0.009599864 -0.006910430 0.999926507
1305031105.411286 -0.012406724 -0.008923928 0.058989421 -0.005901900 -0.015136890 -0.007049198 0.999843180
1305031105.443316 -0.014325948 -0.014206678 0.074148141 -0.014372239 -0.018931352 -0.008642078 0.999680161
1305031105.475280 -0.012946882 -0.014079113 0.087160029 -0.018173598 -0.023025140 -0.008097156 0.999536872
1305031105.511332 -0.011563382 -0.009967816 0.101326577 -0.021957001 -0.026285812 -0.007743119 0.999383271
1305031105.543282 -0.012769416 -0.011216330 0.116042204 -0.026315751 -0.026805190 -0.006770584 0.999271274
1305031105.575449 -0.015321052 -0.008913130 0.129407644 -0.028846091 -0.027434781 -0.006753705 0.999184489
1305031105.611378 -0.011861565 -0.012861759 0.145191267 -0.033351071 -0.029723361 -0.005862577 0.998984396
1305031105.643273 -0.014764877 -0.009393478 0.159271315 -0.033061005 -0.029191241 -0.002893814 0.999022722
1305031105.711309 -0.007932110 -0.009826977 0.189131722 -0.035248302 -0.030046824 -0.002385727 0.998923957
1305031105.743312 -0.008696461 -0.002388508 0.201040462 -0.031942639 -0.025715776 -0.002213395 0.999156415
1305031105.775339 -0.004583641 -0.004601594 0.215752721 -0.033940263 -0.022410346 -0.002033679 0.999170482
1305031105.811283 -0.006029380 -0.001527923 0.229816139 -0.031902041 -0.016834673 -0.001292737 0.999348342
1305031105.843271 -0.003728059 0.001201152 0.244604692 -0.030300509 -0.013723592 -0.000258965 0.999446571
1305031105.875337 -0.002048681 0.008121794 0.257278174 -0.028741337 -0.009098542 0.001943683 0.999543607
1305031105.911262 -0.003063513 0.012353887 0.271399796 -0.030997114 -0.004584082 0.006472975 0.999487996
1305031105.943272 -0.003681432 0.018204516 0.283857942 -0.032694828 -0.000927739 0.008711527 0.999426961
1305031105.975329 -0.002437733 0.024460210 0.295520276 -0.035636801 0.000357914 0.010546685 0.999309063
1305031106.011285 -0.000897146 0.028859911 0.308267683 -0.039602470 0.001995176 0.012440677 0.999136090
1305031106.043355 -0.002589688 0.032033797 0.320579320 -0.044222135 0.004630069 0.013307668 0.998922348
1305031106.075330 -0.004368527 0.037136663 0.332058221 -0.047441006 0.005886474 0.014852529 0.998746276
1305031106.111327 -0.006294894 0.045580614 0.343265921 -0.050655410 0.006179628 0.015774921 0.998572469
1305031106.143355 -0.007627601 0.044639744 0.353692621 -0.059250709 0.004706599 0.018031048 0.998069167
1305031106.175534 -0.008581376 0.047193203 0.363687634 -0.062903091 0.003188259 0.018931542 0.997834980
1305031106.211275 -0.009863238 0.046269469 0.373670787 -0.067187168 0.002020506 0.019652780 0.997544765
1305031106.243267 -0.012071655 0.049714662 0.380778283 -0.066683456 0.001385072 0.022932047 0.997509658
1305031106.276385 -0.013036140 0.056378465 0.387198478 -0.066555306 -0.000387798 0.023644781 0.997502446
1305031106.311238 -0.012822469 0.059560739 0.392381698 -0.070213072 -0.001887952 0.027403016 0.997153759
1305031106.343258 -0.013251740 0.066278070 0.395273834 -0.073812425 -0.003394281 0.027631104 0.996883512
1305031106.375388 -0.008802899 0.067669734 0.397902757 -0.082538739 -0.005344087 0.020370755 0.996365309
1305031106.411320 -0.007471411 0.061229806 0.399827451 -0.090757698 -0.000514605 0.014467545 0.995767772
1305031106.443278 -0.014350811 0.056169949 0.398177773 -0.093210615 0.006601935 0.009896266 0.995575368
1305031106.475345 -0.016347371 0.053316664 0.394319117 -0.093611673 0.006250983 0.009149872 0.995547116
1305031106.511129 -0.018824490 0.048188418 0.389362663 -0.092954330 0.003881678 0.008630767 0.995625377
1305031106.543302 -0.015689583 0.045643602 0.379929423 -0.089455865 -0.001808144 0.008180558 0.995955586
1305031106.575282 -0.015359526 0.043728445 0.369417697 -0.086170733 -0.003912672 0.006342357 0.996252537
1305031106.611151 -0.015826533 0.042184576 0.357577473 -0.085643657 -0.007345519 0.003428808 0.996292889
1305031106.643207 -0.014439295 0.034904562 0.346754164 -0.086883023 -0.010759869 0.001422238 0.996159434
1305031106.675279 -0.020783577 0.035147391 0.332872152 -0.083425947 -0.010973605 0.001192600 0.996452868
1305031106.711508 -0.020739442 0.029782079 0.320490301 -0.085939221 -0.017108787 0.000690005 0.996153235
1305031106.743341 -0.022006705 0.027953602 0.305851310 -0.083651915 -0.023051960 0.000528871 0.996228218
1305031106.775390 -0.019866467 0.024470789 0.290953666 -0.082780704 -0.029736871 0.000708260 0.996123791
1305031106.811289 -0.017798921 0.023246475 0.274821609 -0.082684211 -0.034466032 0.000463748 0.995979548
1305031106.843416 -0.016330263 0.013902475 0.261654943 -0.084989175 -0.039062444 -0.000825969 0.995615542
1305031106.875905 -0.013198179 0.008210625 0.244422600 -0.079818226 -0.042231988 -0.004167946 0.995905697
1305031106.911243 -0.014727096 0.010051604 0.226895675 -0.074520156 -0.040370367 -0.008519096 0.996365607
1305031106.943439 -0.013469525 0.001542117 0.211515471 -0.074291699 -0.039861891 -0.012958113 0.996355295
1305031106.975547 -0.010970638 -0.006584205 0.195147872 -0.069555610 -0.038479105 -0.015613934 0.996713400
1305031107.011576 -0.015040921 -0.001903007 0.172856018 -0.060607553 -0.033853311 -0.020102117 0.997384906
1305031107.043281 -0.013788315 -0.007972202 0.158365339 -0.061334815 -0.032082055 -0.022262719 0.997353077
1305031107.075432 -0.017570369 -0.014965802 0.142406687 -0.057555120 -0.029944368 -0.023337100 0.997620225
1305031107.111229 -0.015762210 -0.013966818 0.125689417 -0.051832139 -0.031234406 -0.023689296 0.997886121
1305031107.143260 -0.011637014 -0.015129407 0.110992685 -0.050109196 -0.031335466 -0.023631534 0.997972310
1305031107.175399 -0.010091537 -0.022524605 0.098242968 -0.049100507 -0.030230878 -0.024568466 0.998033881
1305031107.211358 -0.008152236 -0.029032428 0.084353201 -0.043733306 -0.028102152 -0.025968827 0.998310208
1305031107.243378 -0.007428734 -0.027853539 0.069825470 -0.036489818 -0.024679719 -0.026347861 0.998681724
1305031107.275398 -0.003210015 -0.033054117 0.058999244 -0.032159545 -0.022536000 -0.025889080 0.998893201
1305031107.311226 -0.002990972 -0.039433710 0.047598697 -0.025870098 -0.018632771 -0.026863270 0.999130607
1305031107.343509 0.001129198 -0.045243096 0.035655126 -0.015640439 -0.015460230 -0.026925664 0.999395490
1305031107.375413 0.002161837 -0.037172031 0.024264827 -0.004120355 -0.010557245 -0.027176747 0.999566376
1305031107.411271 0.004785161 -0.040462643 0.015499381 0.001541570 -0.006092799 -0.027937777 0.999589920
1305031107.443419 0.008492897 -0.040715348 0.009557833 0.006257443 -0.002110585 -0.026911281 0.999616027
1305031107.475377 0.010514274 -0.038723383 0.006450632 0.010241189 0.002143509 -0.026535284 0.999593139
1305031107.511352 0.010747201 -0.033244196 0.003380552 0.012885701 0.006065493 -0.026236910 0.999554276
1305031107.543605 0.017080937 -0.033687811 0.004425893 0.010203109 0.007352388 -0.023527304 0.999644101
1305031107.575454 0.018678514 -0.038757943 0.005289684 0.009042164 0.009316210 -0.021373084 0.999687254
1305031107.611271 0.019023119 -0.029796476 0.004694444 0.011526693 0.011320148 -0.019781927 0.999673784
1305031107.643323 0.021857858 -0.031446025 0.006882549 0.007430574 0.011929667 -0.018451381 0.999731004
1305031107.675568 0.019794559 -0.030229019 0.009194965 0.006491917 0.013193971 -0.017882835 0.999731958
1305031107.711307 0.019216202 -0.025319355 0.011607069 0.006036081 0.013021905 -0.016602052 0.999759138
1305031107.743538 0.016816797 -0.021258662 0.012881664 0.003267662 0.012236548 -0.015477479 0.999800026
1305031107.775802 0.015092820 -0.020182634 0.016631652 0.001031410 0.009995068 -0.017942067 0.999788523
1305031107.811596 0.017175682 -0.017738808 0.018019086 -0.000795189 0.007576846 -0.017774094 0.999813020
1305031107.843332 0.019761888 -0.019069543 0.019956907 -0.004215472 0.006729702 -0.017779427 0.999810398
1305031107.875358 0.024254585 -0.022235494 0.021956759 -0.005430885 0.007225230 -0.022192877 0.999712825
1305031107.911541 0.028415564 -0.021839473 0.024358951 -0.004248989 0.009730729 -0.024446014 0.999644756
1305031107.943122 0.034954634 -0.024029920 0.027394347 -0.003210350 0.012580006 -0.023996336 0.999627709
1305031107.975807 0.041880716 -0.024761928 0.031912688 -0.000849716 0.016338045 -0.023682540 0.999585629
1305031108.011320 0.053270765 -0.025446370 0.031100655 0.002528291 0.019949799 -0.025597407 0.999470055
1305031108.043418 0.067348346 -0.021771679 0.033299655 0.005655215 0.025145946 -0.023689842 0.999387085
1305031108.075352 0.077697530 -0.025023064 0.038359448 0.006115736 0.034071669 -0.017231787 0.999252141
1305031108.111378 0.084468901 -0.026771059 0.040405776 0.008428387 0.040282000 -0.017819980 0.998993874
1305031108.143334 0.098525383 -0.022498598 0.044137023 0.011489267 0.042615954 -0.017130964 0.998878539
1305031108.176058 0.107658416 -0.017022980 0.047272697 0.010972418 0.046692189 -0.014512622 0.998743653
1305031108.211475 0.121220879 -0.018211110 0.051130209 0.005613694 0.046950620 -0.014696969 0.998773336
1305031108.243347 0.138776943 -0.024449084 0.056470037 0.003342481 0.048499145 -0.016481100 0.998681664
1305031108.275358 0.147955671 -0.016984686 0.058824904 0.005463663 0.053177834 -0.016443897 0.998434722
1305031108.311332 0.154623717 -0.011984516 0.063923970 0.002921085 0.055283070 -0.014876950 0.998355627
1305031108.343278 0.165110335 -0.010092620 0.066602588 -0.002454439 0.053630095 -0.012292062 0.998482227
1305031108.375410 0.174298137 -0.007201816 0.070074238 -0.006992633 0.050937060 -0.006967274 0.998653114
1305031108.411361 0.187237993 -0.008198441 0.074498959 -0.012442145 0.046862196 -0.000885543 0.998823524
1305031108.443610 0.200773209 -0.007243398 0.076335639 -0.016818468 0.044929862 0.005593426 0.998832881
1305031108.475471 0.214985684 -0.009135434 0.079723530 -0.020034885 0.043700844 0.012229432 0.998768926
1305031108.511378 0.239268303 -0.012904129 0.082623728 -0.020151779 0.043202326 0.017147705 0.998715878
1305031108.543737 0.251199901 -0.017680096 0.083082773 -0.017710587 0.050125390 0.015462783 0.998466194
1305031108.575414 0.262567878 -0.005806025 0.084787272 -0.010476648 0.054817259 0.014482018 0.998336434
1305031108.611407 0.279858351 -0.006155373 0.085335106 -0.011192406 0.058829475 0.014923890 0.998093724
1305031108.643303 0.287978828 -0.000873611 0.087285809 -0.009681639 0.065242819 0.016978048 0.997677982
1305031108.675375 0.303962588 0.004027424 0.086378567 -0.011545952 0.068659045 0.020390831 0.997364938
1305031108.711411 0.314296067 0.000488230 0.090040334 -0.016676942 0.075918838 0.024672143 0.996669173
1305031108.743502 0.320151865 -0.001829444 0.090645701 -0.018802445 0.081287846 0.025724245 0.996181190
1305031108.775493 0.328924328 0.000713465 0.091992721 -0.019278897 0.084495313 0.027676249 0.995852828
1305031108.811244 0.332050234 -0.000167293 0.094463497 -0.021079378 0.088622473 0.032195449 0.995321631
1305031108.843264 0.331924111 -0.003260575 0.094177492 -0.020994166 0.089595318 0.038281307 0.995020807
1305031108.876515 0.332806051 -0.002773775 0.090536915 -0.018741054 0.086807944 0.044433463 0.995057166
1305031108.911364 0.334401548 -0.007229407 0.090449512 -0.016914671 0.083299816 0.050328236 0.995109081
1305031108.943243 0.330771148 -0.009580356 0.085305788 -0.012547752 0.080250993 0.051118609 0.995383978
1305031108.975268 0.324809372 -0.004294018 0.081133291 -0.007434589 0.075122282 0.049130544 0.995935500
1305031109.011269 0.326310754 -0.004119245 0.079110287 -0.007926158 0.070185728 0.047580332 0.996367037
1305031109.043277 0.315304995 -0.007363135 0.077515751 -0.008045439 0.071065389 0.044537403 0.996444404
1305031109.075410 0.308669657 0.001660472 0.074014068 -0.007059216 0.067970142 0.039539348 0.996878564
1305031109.111282 0.299322933 -0.003157598 0.073850527 -0.012386953 0.067150995 0.036367256 0.997002900
1305031109.143334 0.281414270 -0.006306255 0.074270062 -0.013571736 0.066937163 0.033773970 0.997093022
1305031109.175464 0.267856866 -0.001881884 0.071804360 -0.012717247 0.061532479 0.029723750 0.997581363
1305031109.211379 0.263402522 0.016489243 0.071162380 -0.012086404 0.053829368 0.033343222 0.997920096
1305031109.243290 0.247737482 0.010509927 0.070729062 -0.022744020 0.052988924 0.038186777 0.997605443
1305031109.275308 0.230938762 -0.004546747 0.074102461 -0.029200453 0.050767977 0.041943517 0.997402012
1305031109.311329 0.206743762 -0.000571543 0.072235763 -0.025833180 0.045193490 0.041800227 0.997768998
1305031109.343248 0.197181061 0.008527488 0.066763237 -0.025221080 0.034187984 0.041958008 0.998215735
1305031109.375397 0.184210077 0.004300624 0.068442449 -0.029280730 0.026238648 0.041054625 0.998383045
1305031109.411329 0.173039362 0.004743393 0.066392668 -0.029854663 0.018584672 0.037463073 0.998679042
1305031109.443302 0.161751524 0.011701806 0.063754700 -0.031046739 0.012894059 0.031376429 0.998942137
1305031109.475363 0.149907678 0.004150756 0.060951427 -0.036287442 0.010990869 0.028065056 0.998886764
1305031109.511273 0.140888378 -0.000163577 0.060505610 -0.037448056 0.007285927 0.024976414 0.998959839
1305031109.543294 0.124840043 0.001905735 0.056743219 -0.034300782 0.007308246 0.022041561 0.999141753
1305031109.575362 0.107659034 0.004893765 0.059319664 -0.033217072 0.008467322 0.022299828 0.999163449
1305031109.611310 0.092071168 0.005174126 0.057699420 -0.033470422 0.007650376 0.019914025 0.999212027
1305031109.643229 0.083735630 0.006245460 0.051903646 -0.034139965 0.005365052 0.018897254 0.999224007
1305031109.675263 0.067594483 0.009075014 0.052460101 -0.035691030 0.005885071 0.020989433 0.999125123
1305031109.711312 0.053110249 0.012389114 0.052299313 -0.037487257 0.003014997 0.020382561 0.999084651
1305031109.743274 0.040426470 0.013500496 0.049730785 -0.041918732 -0.000234086 0.019752355 0.998925686
1305031109.775277 0.031025117 0.011785340 0.050896097 -0.045624673 -0.002605136 0.020195523 0.998751044
1305031109.811371 0.015393281 0.015247602 0.050862849 -0.046844315 -0.002899093 0.019001365 0.998717248
1305031109.843296 0.001791334 0.017860752 0.053152192 -0.049288981 -0.005242979 0.017729526 0.998613417
1305031109.875306 -0.014769950 0.017006747 0.054212902 -0.053390294 -0.007651034 0.016231798 0.998412490
1305031109.911265 -0.029319724 0.015027318 0.057183407 -0.055195864 -0.013115094 0.010985674 0.998328984
1305031109.943299 -0.038046230 0.021792615 0.060870990 -0.055386193 -0.017625906 0.007719030 0.998279572
1305031109.975258 -0.053678896 0.020946590 0.061889794 -0.059709355 -0.018776158 0.002626132 0.998035789
1305031110.011256 -0.068792686 0.021831924 0.065377928 -0.061949253 -0.020508977 -0.004777412 0.997857153
1305031110.043299 -0.083017617 0.019742567 0.066872604 -0.065487057 -0.020735612 -0.011677588 0.997569621
1305031110.075319 -0.097376578 0.025550371 0.070080757 -0.065877318 -0.020401554 -0.016889397 0.997476161
1305031110.111325 -0.111693643 0.023818420 0.071726717 -0.071283303 -0.021610357 -0.021475086 0.996990681
1305031110.143432 -0.124718934 0.018131500 0.075018436 -0.074223019 -0.024885202 -0.025549719 0.996603668
1305031110.175641 -0.134913042 0.025603198 0.075929686 -0.074004292 -0.028763719 -0.026041908 0.996502817
1305031110.211637 -0.146372780 0.022382762 0.077411719 -0.078706384 -0.031754736 -0.028398398 0.995987177
1305031110.243323 -0.158100903 0.021073619 0.078673787 -0.079215907 -0.035442136 -0.028200066 0.995828032
1305031110.279321 -0.166022584 0.019085145 0.081499457 -0.078444488 -0.040269569 -0.028641807 0.995692968
1305031110.311404 -0.176928475 0.020268764 0.079829901 -0.075618669 -0.043606043 -0.029863592 0.995735168
1305031110.343355 -0.190001950 0.023429243 0.079045065 -0.073822230 -0.047113743 -0.031225637 0.995668352
1305031110.379281 -0.202584550 0.026423965 0.080189049 -0.072041467 -0.052586481 -0.035214998 0.995391667
1305031110.411469 -0.213016912 0.030001381 0.076172717 -0.071545839 -0.059114650 -0.037101001 0.994992495
1305031110.443260 -0.223853737 0.029287782 0.075255714 -0.076608576 -0.065311313 -0.040845901 0.994081080
1305031110.479331 -0.236389905 0.026690632 0.076997541 -0.080226943 -0.072026968 -0.046142712 0.993099511
1305031110.511429 -0.247200519 0.027775161 0.077026725 -0.080277763 -0.079398952 -0.049404833 0.992376149
1305031110.543408 -0.258177251 0.031781454 0.075222492 -0.081275597 -0.085563496 -0.052631274 0.991616428
1305031110.579426 -0.268452197 0.036662094 0.075022332 -0.084495731 -0.091056302 -0.058561359 0.990525007
1305031110.611307 -0.275746703 0.031960975 0.077290870 -0.089933753 -0.095072672 -0.061849508 0.989468396
1305031110.643418 -0.284224480 0.029980315 0.078057453 -0.088929944 -0.097281732 -0.064337365 0.989185750
1305031110.679606 -0.292213291 0.036096688 0.074879862 -0.087861441 -0.099191405 -0.067254655 0.988897502
1305031110.711412 -0.299269497 0.035592146 0.076142199 -0.091094427 -0.100641757 -0.068840660 0.988349140
1305031110.743249 -0.304548204 0.034064684 0.076058544 -0.091895260 -0.102301925 -0.069891416 0.988030732
1305031110.779193 -0.308122575 0.036334764 0.077081971 -0.091393650 -0.104018785 -0.070867404 0.987828493
1305031110.811386 -0.311910331 0.037232816 0.074863099 -0.091800034 -0.103779949 -0.072843045 0.987672210
1305031110.843218 -0.314035833 0.037248857 0.076470561 -0.093496390 -0.106031358 -0.074507006 0.987149715
1305031110.879313 -0.313436955 0.040280301 0.078817807 -0.092144623 -0.108313613 -0.074686319 0.987015426
1305031110.911333 -0.312261164 0.037715912 0.076081201 -0.093941070 -0.109653078 -0.074709304 0.986696422
1305031110.943862 -0.308300376 0.040407225 0.078604989 -0.092783660 -0.112202473 -0.075787202 0.986437082
1305031110.979345 -0.301256120 0.047321547 0.082181975 -0.090685233 -0.111862481 -0.077214748 0.986560106
1305031111.011431 -0.294500768 0.047793370 0.086394385 -0.091730535 -0.107524715 -0.077767856 0.986902297
1305031111.043327 -0.287713230 0.046906192 0.085341968 -0.091223180 -0.102031678 -0.074764214 0.987764239
1305031111.079283 -0.281444818 0.047720760 0.082844682 -0.093189791 -0.098923832 -0.072388127 0.988073766
1305031111.111508 -0.272386521 0.043556046 0.087084167 -0.095557660 -0.097110175 -0.068357013 0.988314569
1305031111.143257 -0.263882101 0.042373613 0.086963274 -0.093783937 -0.094426490 -0.067873418 0.988777757
1305031111.179326 -0.249387428 0.046230339 0.089895748 -0.089597456 -0.092347197 -0.068867095 0.989293456
1305031111.211433 -0.236151621 0.044197138 0.087380387 -0.088711180 -0.084970437 -0.064656116 0.990318120
1305031111.243236 -0.231142506 0.041815516 0.088780992 -0.088666089 -0.080572687 -0.062937975 0.990800261
1305031111.279308 -0.212705031 0.034516744 0.088458799 -0.086460672 -0.081481159 -0.061745957 0.990995884
1305031111.311547 -0.209598213 0.039404690 0.080695167 -0.081834070 -0.073860444 -0.057686228 0.992229879
1305031111.343397 -0.196146905 0.034750115 0.080979094 -0.087450914 -0.078546815 -0.056672793 0.991448879
1305031111.379134 -0.180183709 0.027618544 0.085386895 -0.088064462 -0.081854440 -0.053403299 0.991308510
1305031111.411296 -0.172481030 0.029443745 0.081385911 -0.083206832 -0.081651151 -0.051998511 0.991819501
1305031111.443386 -0.155743808 0.031195177 0.086623900 -0.082486883 -0.088257805 -0.057837624 0.990990043
1305031111.479259 -0.123338513 0.023633717 0.094156601 -0.081376113 -0.088685736 -0.056851368 0.991100788
1305031111.511264 -0.113405161 0.019827718 0.092414856 -0.078878723 -0.076921359 -0.054421801 0.992421091
1305031111.543250 -0.104673021 0.021452174 0.094345525 -0.073613666 -0.068797089 -0.054076135 0.993440390
1305031111.579237 -0.084236890 0.023703746 0.088730440 -0.070081890 -0.061482009 -0.044497486 0.994649947
1305031111.611271 -0.087285005 0.025321456 0.088745631 -0.068954647 -0.052067176 -0.042404696 0.995357275
1305031111.643395 -0.054468222 0.011128540 0.094648510 -0.070321709 -0.060240228 -0.032484289 0.995173693
1305031111.679320 -0.034822870 0.018435599 0.089468293 -0.063077778 -0.054270383 -0.024741113 0.996224761
1305031111.711760 -0.022034161 0.018625457 0.093289495 -0.062414512 -0.046183173 -0.023849839 0.996695876
1305031111.743386 0.005167396 0.015018146 0.097708538 -0.059916377 -0.040339880 -0.018196244 0.997221947
1305031111.779423 0.014298256 0.026318265 0.098020315 -0.052081972 -0.019735893 -0.015410103 0.998328805
1305031111.811406 0.022337856 0.015594706 0.092854343 -0.052982111 -0.004035744 -0.015465444 0.998467505
1305031111.843299 0.038545717 0.019171085 0.093188182 -0.048225902 0.004359685 -0.012675536 0.998746514
1305031111.879442 0.043992463 0.019267147 0.091635033 -0.048815310 0.012935860 -0.008865592 0.998684645
1305031111.911354 0.046039741 0.012816270 0.096319430 -0.049800206 0.015286009 -0.003544016 0.998635948
1305031111.943300 0.063050076 0.015620995 0.098454900 -0.046945818 0.009909470 0.005514942 0.998833060
1305031111.979449 0.085592300 0.017890161 0.096870460 -0.045169562 0.008850931 0.012302848 0.998864353
1305031112.011433 0.101897657 0.015522751 0.098583430 -0.043597564 0.015589387 0.011386069 0.998862624
1305031112.043270 0.115979686 0.014694626 0.096472621 -0.040304530 0.023523536 0.009417531 0.998866081
1305031112.079339 0.139462560 0.014510107 0.097290397 -0.037972294 0.031124104 0.009242616 0.998751223
1305031112.111423 0.138161734 0.015690722 0.097156882 -0.035114467 0.043010823 0.004458040 0.998447418
1305031112.144342 0.163795486 0.016067887 0.091303289 -0.034526400 0.043159049 -0.001261525 0.998470664
1305031112.179390 0.178918362 0.016208585 0.094601333 -0.036923613 0.054644771 -0.004735640 0.997811675
1305031112.211254 0.189798474 0.004103509 0.097317591 -0.040573064 0.064608820 -0.010559246 0.997029603
1305031112.243369 0.210410744 -0.003039520 0.098269098 -0.036535308 0.070908099 -0.013662885 0.996719897
1305031112.279353 0.207045555 -0.000009640 0.099258959 -0.029781485 0.081973180 -0.017860340 0.996029377
1305031112.311312 0.215778038 -0.005174721 0.102174714 -0.025494684 0.084715351 -0.019849028 0.995881200
1305031112.343323 0.228999421 -0.001731782 0.099147074 -0.017068051 0.083845064 -0.017578078 0.996177554
1305031112.379360 0.241266653 -0.001034391 0.098781370 -0.012684336 0.081422426 -0.013215371 0.996511340
1305031112.411442 0.258852124 0.001625033 0.099442489 -0.009199008 0.077088341 -0.009139586 0.996939957
1305031112.443391 0.272101343 -0.002084093 0.099452101 -0.007897179 0.075227283 -0.002747315 0.997131348
1305031112.479418 0.281787515 0.000712172 0.096675098 -0.003554555 0.073392190 0.007242288 0.997270525
1305031112.511504 0.289225340 -0.002065846 0.095982790 -0.002189491 0.070366591 0.015283794 0.997401714
1305031112.543212 0.298041105 -0.004903384 0.096859768 -0.000932479 0.067476943 0.018784728 0.997543514
1305031112.579252 0.308616400 -0.000596820 0.095239975 0.002643417 0.063695952 0.025127770 0.997649431
1305031112.611261 0.329720676 0.006281123 0.093094669 0.004790659 0.059236612 0.031720854 0.997728348
1305031112.643246 0.339565426 0.006564498 0.094585277 0.001781528 0.064494908 0.038209718 0.997184634
1305031112.679952 0.339627981 0.005043748 0.097517684 -0.000769464 0.072248511 0.041398555 0.996526778
1305031112.711251 0.344789535 0.007264487 0.095394433 -0.002110916 0.075549059 0.043401282 0.996194839
1305031112.743245 0.348248005 0.017820179 0.096259758 -0.003758430 0.078177445 0.047533713 0.995798528
1305031112.779310 0.346249253 0.013530535 0.099596471 -0.012581512 0.083078228 0.050043222 0.995206177
1305031112.811310 0.326481134 0.005104569 0.104978271 -0.017128885 0.088946097 0.046788204 0.994789481
1305031112.843286 0.326627463 0.014734288 0.102887347 -0.016630074 0.082297482 0.045226399 0.995442212
1305031112.879421 0.327193022 0.016748898 0.102493480 -0.019500621 0.078221627 0.048019890 0.995587885
1305031112.911411 0.317175239 0.016659142 0.105077624 -0.022251129 0.076948181 0.049794838 0.995542228
1305031112.943321 0.306676090 0.011448936 0.107165694 -0.025900790 0.073462874 0.048214570 0.995795012
1305031112.979278 0.304767847 0.011778554 0.105625287 -0.026185377 0.066333897 0.046796385 0.996355474
1305031113.011353 0.300275475 0.015328760 0.100134127 -0.026726335 0.062283579 0.046812762 0.996601760
1305031113.043231 0.287951589 0.012043001 0.100761354 -0.032506682 0.062338650 0.043158133 0.996591508
1305031113.079251 0.271369547 0.003812786 0.103508897 -0.034823310 0.062659182 0.038343266 0.996689975
1305031113.111316 0.259242147 0.008821802 0.100452781 -0.030909508 0.057956003 0.032786869 0.997301698
1305031113.143306 0.252898365 0.015192594 0.096657820 -0.031341411 0.053901132 0.031879328 0.997545004
1305031113.179343 0.236528948 0.006743128 0.097750656 -0.036454063 0.054238874 0.033114795 0.997312725
1305031113.211259 0.218104675 0.005149786 0.094009385 -0.034995597 0.050835006 0.034366719 0.997501910
1305031113.243227 0.203405544 0.011075587 0.088977084 -0.034872428 0.044376124 0.034782663 0.997799993
1305031113.279312 0.191088825 0.001143014 0.091034576 -0.039949249 0.038951349 0.037316404 0.997744620
1305031113.311452 0.167605609 -0.012046924 0.089750998 -0.039198194 0.035750341 0.040111441 0.997785807
1305031113.343252 0.150327742 -0.003280145 0.087138914 -0.031342443 0.027039597 0.038878351 0.998386145
1305031113.379312 0.139945298 -0.000815658 0.086242385 -0.033749558 0.016116455 0.036413733 0.998636723
1305031113.411625 0.125011578 -0.011067636 0.086224966 -0.036351938 0.009328495 0.037486535 0.998592138
1305031113.443266 0.104771532 0.000376609 0.087269634 -0.030240057 0.003860646 0.031834573 0.999028146
1305031113.479311 0.083306998 0.005080398 0.086103879 -0.032134145 -0.001260761 0.025695868 0.999152422
1305031113.511523 0.064867735 0.004766470 0.086213753 -0.035571631 -0.005964761 0.022764387 0.999090016
1305031113.543242 0.049721748 -0.000226289 0.085856639 -0.038820606 -0.012202510 0.019619646 0.998979032
1305031113.579301 0.033820830 0.002496060 0.085993476 -0.037904169 -0.016515762 0.015482193 0.999024987
1305031113.611268 0.024298266 0.001038990 0.086270049 -0.041318081 -0.021163914 0.011114893 0.998860002
1305031113.643222 0.012096096 -0.001150656 0.086553611 -0.044745974 -0.021857200 0.007652523 0.998729944
1305031113.679288 -0.004588066 -0.001999464 0.085795112 -0.045918107 -0.020171851 0.004035132 0.998733401
1305031113.711931 -0.017131096 -0.003232230 0.085577466 -0.046169311 -0.019951111 -0.001116527 0.998733759
1305031113.743590 -0.028218806 -0.000936994 0.086821035 -0.044779286 -0.018242666 -0.006555126 0.998808801
1305031113.779320 -0.046867330 -0.002100596 0.086812079 -0.043881193 -0.014072279 -0.011490851 0.998871565
1305031113.811237 -0.059272006 -0.000389123 0.087442204 -0.042465162 -0.013278737 -0.013060393 0.998924315
1305031113.843295 -0.070926316 0.002291011 0.088029318 -0.042541929 -0.011760461 -0.016191853 0.998894215
1305031113.879281 -0.091130547 -0.004340604 0.090126477 -0.042665895 -0.009318472 -0.021209883 0.998820782
1305031113.911290 -0.101391174 0.000984399 0.089557618 -0.038303740 -0.011300807 -0.021378353 0.998973489
1305031113.943291 -0.112977840 -0.000655559 0.090512007 -0.036307517 -0.009763004 -0.023928540 0.999006450
1305031113.979293 -0.129514337 0.000384754 0.091349006 -0.032608796 -0.006947456 -0.029615646 0.999005139
1305031114.011257 -0.144458607 0.001434273 0.091264285 -0.029656578 -0.006115462 -0.033958454 0.998964369
1305031114.043301 -0.164039567 0.001879941 0.092049487 -0.028217269 -0.007415914 -0.036802348 0.998896599
1305031114.079285 -0.182032153 0.001536754 0.092470765 -0.025975406 -0.011659738 -0.037372828 0.998895645
1305031114.111263 -0.192480400 0.006224951 0.093715578 -0.022694057 -0.018276485 -0.040107898 0.998770356
1305031114.143284 -0.204422057 0.007656302 0.095949657 -0.022253519 -0.023631196 -0.043492347 0.998526275
1305031114.179337 -0.210841537 0.003232952 0.096699141 -0.020982962 -0.027473472 -0.045029074 0.998387337
1305031114.211303 -0.224129960 0.010657890 0.094199672 -0.017792327 -0.027556049 -0.047436330 0.998335600
1305031114.243337 -0.239645764 0.008347895 0.095932491 -0.020961944 -0.029750083 -0.050863024 0.998042345
1305031114.279390 -0.253364265 0.010753319 0.097454697 -0.020056847 -0.036080826 -0.052726176 0.997755408
1305031114.311429 -0.265912205 0.013118261 0.099503905 -0.020730251 -0.044068888 -0.052470136 0.997434258
1305031114.343331 -0.272761196 0.013467910 0.102236889 -0.021536492 -0.050493490 -0.055827331 0.996930242
1305031114.379320 -0.283098042 0.013460287 0.104513913 -0.021397682 -0.052406147 -0.060339831 0.996571541
1305031114.411397 -0.295911044 0.010576800 0.103085667 -0.021525903 -0.053636897 -0.063996486 0.996275127
1305031114.443345 -0.307556450 0.011946178 0.103689805 -0.021501083 -0.057868436 -0.065514803 0.995940149
1305031114.479332 -0.317443699 0.008537309 0.104332089 -0.023006603 -0.065469891 -0.065803669 0.995416641
1305031114.511266 -0.325015962 0.013397037 0.105750091 -0.022154113 -0.073395208 -0.068846226 0.994677126
1305031114.543236 -0.330205917 0.011986771 0.108928137 -0.025386468 -0.077686973 -0.068308212 0.994310915
1305031114.579237 -0.336628467 0.010380957 0.111457102 -0.027069563 -0.077933051 -0.064994738 0.994469404
1305031114.611391 -0.342180073 0.013413529 0.108510956 -0.028805789 -0.078526862 -0.063448973 0.994473696
1305031114.644136 -0.349973738 0.010702289 0.107785098 -0.034462798 -0.080377184 -0.062336974 0.994216204
1305031114.679251 -0.353816450 0.008421146 0.110219419 -0.037593268 -0.087125555 -0.062468775 0.993525803
1305031114.711306 -0.354350299 0.008114516 0.114402652 -0.037944987 -0.092082180 -0.061756939 0.993109822
1305031114.743200 -0.356909484 0.008549957 0.115522183 -0.036578782 -0.094705671 -0.065387078 0.992681921
1305031114.779289 -0.355567485 0.010786021 0.114773579 -0.033596657 -0.096570894 -0.069048084 0.992359638
1305031114.811303 -0.355434299 0.014273847 0.112414785 -0.032800995 -0.096237227 -0.070548408 0.992313147
1305031114.843208 -0.353768229 0.011427963 0.112422317 -0.033769302 -0.097056478 -0.072491355 0.992060840
1305031114.879281 -0.349551052 0.014729242 0.111304477 -0.033461120 -0.097655885 -0.072286271 0.992027402
1305031114.912879 -0.345590413 0.018356379 0.110664800 -0.033601481 -0.098178089 -0.072944708 0.991922915
1305031114.943234 -0.337629557 0.022429787 0.113636270 -0.034966622 -0.098832332 -0.075068146 0.991652310
1305031114.979280 -0.331705362 0.023247646 0.113079384 -0.037245926 -0.096447520 -0.075920053 0.991739273
1305031115.011300 -0.324967951 0.027816879 0.113452099 -0.040384624 -0.095152982 -0.076583341 0.991690457
1305031115.043508 -0.312931746 0.027089635 0.120841943 -0.043909676 -0.094072916 -0.076689437 0.991635501
1305031115.079238 -0.304941028 0.030575067 0.120445520 -0.044615462 -0.090363383 -0.077913389 0.991853535
1305031115.111230 -0.287443817 0.032306187 0.129743934 -0.047043424 -0.088727914 -0.075907245 0.992044508
1305031115.143275 -0.276494741 0.029614495 0.131185591 -0.048995685 -0.079619922 -0.074110106 0.992858410
1305031115.179440 -0.265260279 0.027024910 0.127204910 -0.051704567 -0.076557986 -0.071965002 0.993119597
1305031115.211374 -0.246298835 0.020726105 0.134670496 -0.053922188 -0.077326395 -0.068317793 0.993199706
1305031115.243297 -0.233273402 0.019138986 0.137220770 -0.049031705 -0.071003579 -0.064897239 0.994154274
1305031115.279966 -0.219955340 0.025075445 0.140330344 -0.046587810 -0.068959825 -0.061048713 0.994659305
1305031115.311704 -0.191373780 0.015160583 0.148845509 -0.049878299 -0.069584288 -0.053551745 0.994888127
1305031115.343235 -0.176888466 0.018431466 0.147524551 -0.045157608 -0.059517495 -0.050143078 0.995943844
1305031115.379166 -0.169223770 0.026622348 0.146587729 -0.047225833 -0.055233691 -0.044289775 0.996372104
1305031115.411237 -0.153180555 0.021986313 0.154970095 -0.055128872 -0.062500417 -0.041315872 0.995664358
1305031115.443159 -0.132706985 0.026765332 0.161106035 -0.056130283 -0.066013031 -0.036071505 0.995585501
1305031115.479241 -0.117802933 0.027614336 0.160058990 -0.060128868 -0.064923175 -0.030208383 0.995618820
1305031115.511253 -0.078832984 0.018451853 0.164489314 -0.066183083 -0.071117148 -0.025405688 0.994945586
1305031115.543604 -0.057537686 0.016648505 0.168562308 -0.066468813 -0.059796255 -0.018333916 0.995826364
1305031115.579315 -0.040961154 0.015155216 0.167726979 -0.066215277 -0.047760148 -0.011753141 0.996592402
1305031115.611424 -0.023588378 0.014568759 0.166048452 -0.065596059 -0.041871622 -0.006136985 0.996948481
1305031115.643254 -0.005005493 0.012594525 0.170073211 -0.064410605 -0.036278874 0.001069053 0.997263253
1305031115.679241 -0.004895161 0.013777818 0.164783537 -0.061597712 -0.027209805 0.010865900 0.997670889
1305031115.711320 0.017854894 0.017496943 0.164475307 -0.059863646 -0.029585769 0.019813348 0.997571290
1305031115.743250 0.051902730 0.010937812 0.166959703 -0.062755369 -0.029032500 0.026894175 0.997244000
1305031115.779425 0.065951824 0.013745693 0.164981499 -0.059516400 -0.018544769 0.034354538 0.997463644
1305031115.811277 0.084033161 0.014170965 0.163375959 -0.059877932 -0.010623107 0.043019842 0.997221708
1305031115.843224 0.097056203 0.011142788 0.161774442 -0.063296340 0.000579124 0.050463360 0.996717989
1305031115.879198 0.103687719 0.008750768 0.164142236 -0.062409163 0.009147638 0.056531075 0.996406376
1305031115.911118 0.113742031 0.021310922 0.163498655 -0.055129163 0.013710066 0.061345961 0.996498585
1305031115.943311 0.139027402 0.016922599 0.163724110 -0.059068065 0.015248944 0.068944030 0.995753586
1305031115.980740 0.150469154 0.022740074 0.167021707 -0.058409333 0.021579284 0.073505506 0.995348990
1305031116.011379 0.172193319 0.029151233 0.171533167 -0.058756735 0.027114248 0.077274300 0.994907618
1305031116.043164 0.187296465 0.025729708 0.171358705 -0.063882895 0.038700733 0.078783259 0.994089723
1305031116.080030 0.194009200 0.038252395 0.175131306 -0.063638628 0.050694827 0.082129337 0.993295014
1305031116.111300 0.203442439 0.033398539 0.173403785 -0.072677530 0.061625950 0.085441373 0.991776168
1305031116.143441 0.210200772 0.033250175 0.178014055 -0.076721802 0.071343407 0.088379256 0.990561962
1305031116.179572 0.220446721 0.039633326 0.182121441 -0.076406099 0.076253898 0.090558767 0.990023494
1305031116.211299 0.230232671 0.040073417 0.183237717 -0.080851078 0.082147375 0.093790680 0.988897502
1305031116.243320 0.249730319 0.028706048 0.185619816 -0.088883743 0.084570989 0.097328678 0.987661123
1305031116.279385 0.261625350 0.036038700 0.185183629 -0.085760318 0.092138819 0.100499555 0.986942470
1305031116.311336 0.261599898 0.040524200 0.185715795 -0.086295873 0.104732402 0.104107179 0.985264361
1305031116.343292 0.274117738 0.026603308 0.185750872 -0.093238540 0.107691802 0.107964136 0.983896732
1305031116.379384 0.273954660 0.026962485 0.184032336 -0.086853385 0.113013111 0.107906573 0.983890593
1305031116.411333 0.272660941 0.037330981 0.181464538 -0.078728683 0.116451733 0.111858413 0.983731925
1305031116.443369 0.278739542 0.040039670 0.177312762 -0.080244929 0.115895815 0.121932670 0.982477129
1305031116.479850 0.278446794 0.027302282 0.178528368 -0.086217910 0.117816187 0.124994375 0.981357336
1305031116.511205 0.275236666 0.029059358 0.175515026 -0.082888298 0.117063694 0.121398687 0.982185304
1305031116.543262 0.263715595 0.031695671 0.173309743 -0.078921407 0.119731084 0.116074957 0.982833922
1305031116.579313 0.253069967 0.036144909 0.169974834 -0.076876543 0.118356124 0.113824144 0.983425617
1305031116.611261 0.238711715 0.026048141 0.167923793 -0.080553956 0.114845000 0.107216388 0.984289765
1305031116.643355 0.223397836 0.029771084 0.167926699 -0.076855905 0.108186439 0.097098388 0.986387730
1305031116.679281 0.209637657 0.031889107 0.168524221 -0.075603522 0.102134250 0.088451430 0.987941861
1305031116.711634 0.196298823 0.029744502 0.163533121 -0.076089039 0.097610496 0.078944176 0.989166558
1305031116.743291 0.178416371 0.035137285 0.163038015 -0.074812919 0.094159245 0.067871004 0.990419388
1305031116.779298 0.165592611 0.032294769 0.160463527 -0.078635961 0.088829570 0.057200596 0.991288960
1305031116.811318 0.143552408 0.030997436 0.162091210 -0.078267857 0.088225707 0.049403753 0.991791129
1305031116.846089 0.129102141 0.033436842 0.159636006 -0.075475730 0.078068517 0.042505022 0.993177772
1305031116.880165 0.108459525 0.034752861 0.156861648 -0.075780220 0.069092408 0.036147051 0.994070947
1305031116.912044 0.092917360 0.035514362 0.155774698 -0.074911565 0.057549261 0.031053359 0.995043755
1305031116.943296 0.074107960 0.037444025 0.151019454 -0.075477101 0.043758467 0.023119906 0.995918572
1305031116.979351 0.059390038 0.034219053 0.152957737 -0.077091075 0.031617392 0.013338587 0.996433318
1305031117.011382 0.030626103 0.042134661 0.150336072 -0.072036199 0.024787508 0.003759684 0.997086823
1305031117.043261 0.014738555 0.046372976 0.146581084 -0.071425207 0.015172318 -0.001696282 0.997329116
1305031117.079520 0.000916397 0.049764752 0.145487726 -0.072853737 0.005001431 -0.006871087 0.997306406
1305031117.111238 -0.011631883 0.050096184 0.146132424 -0.075599082 -0.006545598 -0.007756914 0.997086644
1305031117.143218 -0.023853725 0.051005173 0.141427711 -0.078606777 -0.016355442 -0.007333185 0.996744514
1305031117.179264 -0.036511902 0.052377451 0.140207395 -0.080923699 -0.023281997 -0.012781536 0.996366382
1305031117.211361 -0.035949733 0.056026381 0.143234447 -0.082016744 -0.033140544 -0.015844656 0.995953739
1305031117.243277 -0.035244491 0.061111324 0.144485414 -0.084023364 -0.037444282 -0.017721754 0.995602310
1305031117.279299 -0.036710363 0.059196673 0.145621657 -0.089119665 -0.037248850 -0.022540690 0.995068908
1305031117.311200 -0.040361106 0.054399550 0.146987721 -0.094204202 -0.035138175 -0.023906019 0.994645357
1305031117.343243 -0.042661291 0.050382446 0.148266390 -0.096324280 -0.035359830 -0.024989011 0.994407833
1305031117.379454 -0.045298550 0.045207627 0.147874907 -0.096671648 -0.034609105 -0.024954837 0.994401395
1305031117.411221 -0.048401564 0.040332746 0.147345915 -0.095669165 -0.035340775 -0.024421271 0.994485795
1305031117.443274 -0.044157095 0.036534756 0.147647157 -0.093164109 -0.039046045 -0.022920823 0.994620800
1305031117.479403 -0.045269303 0.029487938 0.146471336 -0.092226043 -0.039395232 -0.021243110 0.994731665
1305031117.511325 -0.047721565 0.020388758 0.147432953 -0.090285696 -0.040179219 -0.019730166 0.994909465
1305031117.544285 -0.047767613 0.015909741 0.147575200 -0.085222200 -0.041287571 -0.019217035 0.995320678
1305031117.579155 -0.048966546 0.009395282 0.147985667 -0.082719684 -0.042794321 -0.020550065 0.995441496
1305031117.611159 -0.049301762 0.004010029 0.150351956 -0.081290506 -0.044707764 -0.019699190 0.995492339
1305031117.643252 -0.050860956 -0.004808752 0.152579352 -0.080256440 -0.046501391 -0.018495964 0.995517194
1305031117.679262 -0.053147569 -0.011988494 0.153917193 -0.080276161 -0.048541743 -0.018225843 0.995423138
1305031117.711184 -0.051250927 -0.020883061 0.159796447 -0.081252486 -0.051970996 -0.015602819 0.995215356
1305031117.743184 -0.051764309 -0.031260710 0.164054662 -0.081671707 -0.053959381 -0.012345170 0.995120943
1305031117.779467 -0.053792693 -0.035768140 0.165471017 -0.080046676 -0.055498049 -0.010553387 0.995189011
1305031117.811320 -0.049249541 -0.050653227 0.171303004 -0.083308168 -0.059368353 -0.007906182 0.994722426
1305031117.843291 -0.045331009 -0.059471354 0.177109241 -0.080924146 -0.060402058 -0.007021691 0.994863570
1305031117.879451 -0.046315450 -0.067387998 0.179436505 -0.079338402 -0.057069734 -0.007250161 0.995186388
1305031117.911407 -0.049370989 -0.079844728 0.184457138 -0.079724982 -0.054607537 -0.007804108 0.995289445
1305031117.943253 -0.048468936 -0.086853139 0.189515427 -0.078307502 -0.053016294 -0.007412898 0.995490968
1305031117.979228 -0.051725496 -0.094570011 0.192824200 -0.079460524 -0.050634157 -0.008414448 0.995515645
1305031118.011228 -0.050691862 -0.107825123 0.200671405 -0.082393043 -0.051072501 -0.008844521 0.995251119
1305031118.043521 -0.050900515 -0.118710823 0.206075802 -0.082206957 -0.049816109 -0.008419733 0.995333850
1305031118.079334 -0.049439680 -0.125172511 0.211514354 -0.081344672 -0.049196377 -0.009756995 0.995423317
1305031118.111217 -0.046123408 -0.139138952 0.217272639 -0.082397722 -0.046073727 -0.010831096 0.995475054
1305031118.143256 -0.051091507 -0.146488756 0.219922662 -0.079947084 -0.040143117 -0.013449321 0.995899677
1305031118.179323 -0.049287748 -0.160260648 0.226610154 -0.081517301 -0.038269557 -0.013886075 0.995840132
1305031118.211202 -0.052398548 -0.172165319 0.230235711 -0.079421423 -0.035079863 -0.012104923 0.996150136
1305031118.243173 -0.054860838 -0.181313962 0.233329922 -0.076388426 -0.035513800 -0.012881737 0.996362209
1305031118.279194 -0.052705836 -0.193566650 0.238873005 -0.073808804 -0.036535040 -0.012712721 0.996521890
1305031118.311299 -0.053096473 -0.200370550 0.241145894 -0.066765718 -0.036774460 -0.012544066 0.997011840
1305031118.343324 -0.052164368 -0.202567756 0.243982345 -0.060527749 -0.035917051 -0.014096770 0.997420490
1305031118.379208 -0.055321623 -0.212184042 0.246427283 -0.057410065 -0.033591975 -0.016072880 0.997655928
1305031118.411296 -0.056339059 -0.215987474 0.247649208 -0.054585587 -0.035289507 -0.016504077 0.997748792
1305031118.445692 -0.055201571 -0.217562556 0.250706106 -0.053563442 -0.035810586 -0.014229471 0.997820675
1305031118.479285 -0.054369528 -0.221685156 0.253507048 -0.053730387 -0.036446732 -0.011297660 0.997826159
1305031118.511255 -0.054232266 -0.217934132 0.253282577 -0.050497327 -0.036400795 -0.011100802 0.997998893
1305031118.544414 -0.052892372 -0.208691046 0.252615303 -0.049382959 -0.035970099 -0.010982082 0.998071551
1305031118.579285 -0.049457088 -0.207580701 0.256707460 -0.051936444 -0.036262017 -0.010815804 0.997933209
1305031118.616142 -0.050803639 -0.201071829 0.254012048 -0.051046293 -0.033430677 -0.014375297 0.998033047
1305031118.645325 -0.051875949 -0.193814322 0.250347733 -0.051797103 -0.030751552 -0.016794279 0.998042762
1305031118.679295 -0.052448452 -0.185586467 0.247873545 -0.054211445 -0.029527316 -0.018244192 0.997926056
1305031118.711421 -0.052326605 -0.183288753 0.247769475 -0.056437116 -0.030162530 -0.020654142 0.997736692
1305031118.746770 -0.059604153 -0.172829106 0.240689427 -0.053633131 -0.029896107 -0.020346973 0.997905672
1305031118.779277 -0.055697531 -0.150250673 0.235876307 -0.052045245 -0.035180815 -0.019902945 0.997826397
1305031118.811221 -0.053396270 -0.152217954 0.235065028 -0.059405718 -0.037656143 -0.021634400 0.997288823
1305031118.846753 -0.048461583 -0.143731534 0.229402140 -0.055709738 -0.038792543 -0.020241121 0.997487783
1305031118.879208 -0.047527749 -0.121598743 0.218238086 -0.051791597 -0.036664858 -0.022071434 0.997740507
1305031118.911177 -0.046232119 -0.117600039 0.215126500 -0.056317221 -0.036051773 -0.023781193 0.997478366
1305031118.946974 -0.048666794 -0.102842160 0.207866535 -0.053651623 -0.033770893 -0.026702633 0.997631192
1305031118.979374 -0.050556593 -0.085387841 0.198934451 -0.052650239 -0.032173391 -0.030518135 0.997627914
1305031119.011363 -0.050379407 -0.075199999 0.194303364 -0.056621261 -0.032995045 -0.031972528 0.997337997
1305031119.047172 -0.051152628 -0.068931632 0.189076200 -0.059884179 -0.033515401 -0.032397732 0.997116327
1305031119.079223 -0.058238816 -0.053185701 0.180842072 -0.058123186 -0.033325065 -0.033112191 0.997203469
1305031119.111328 -0.056251694 -0.046099126 0.175683469 -0.059190348 -0.037737101 -0.032024145 0.997018993
1305031119.147616 -0.058834184 -0.032738060 0.168586433 -0.058512025 -0.040385291 -0.030864762 0.996991873
1305031119.179226 -0.055217441 -0.028877286 0.164894685 -0.060392004 -0.046039827 -0.030435767 0.996647775
1305031119.211364 -0.054056801 -0.016007077 0.158209205 -0.056813650 -0.048120543 -0.029060068 0.996800959
1305031119.247399 -0.055719342 -0.005909218 0.152139232 -0.056234013 -0.048753466 -0.028570922 0.996817231
1305031119.279212 -0.054147899 0.005666193 0.146490261 -0.055226061 -0.050149143 -0.028865201 0.996795833
1305031119.311212 -0.054327238 0.013671591 0.141985297 -0.056048237 -0.050591767 -0.025718398 0.996813774
1305031119.347741 -0.055540718 0.022406057 0.138908401 -0.055006389 -0.051978201 -0.023533091 0.996854424
1305031119.379239 -0.055059195 0.035728041 0.133142710 -0.053399500 -0.054336213 -0.023131793 0.996825457
1305031119.411484 -0.052106410 0.046735208 0.129454821 -0.053470552 -0.054914676 -0.022687906 0.996800125
1305031119.447706 -0.053032242 0.054599483 0.126378536 -0.054397352 -0.052026104 -0.022945667 0.996899068
1305031119.479267 -0.054744981 0.067722544 0.122209094 -0.051851533 -0.049383689 -0.023498559 0.997156203
1305031119.511240 -0.057384346 0.078806967 0.117383435 -0.052758817 -0.047472119 -0.023103293 0.997210681
1305031119.547382 -0.056255449 0.090855569 0.114662707 -0.053506192 -0.047998741 -0.021429783 0.997183025
1305031119.579559 -0.051843978 0.106040366 0.109561071 -0.054238454 -0.048347946 -0.021182500 0.997131884
1305031119.615017 -0.052230649 0.110604644 0.109175414 -0.059842981 -0.046686042 -0.019862883 0.996917605
1305031119.647903 -0.056079816 0.128461137 0.104994230 -0.059670996 -0.044653844 -0.019835468 0.997021556
1305031119.679208 -0.052489761 0.140625745 0.103753045 -0.063382812 -0.043705475 -0.022308500 0.996782184
1305031119.715232 -0.054815803 0.150103375 0.103411466 -0.069004536 -0.038531177 -0.019791417 0.996675491
1305031119.747193 -0.059813775 0.156192347 0.100918047 -0.073551439 -0.035435334 -0.014717020 0.996553004
1305031119.779169 -0.061171889 0.167007118 0.100394443 -0.075586557 -0.036590751 -0.012288536 0.996391892
1305031119.814537 -0.059507530 0.176617980 0.098237276 -0.077368185 -0.038018614 -0.008432519 0.996241748
1305031119.847429 -0.057441931 0.186965033 0.097120129 -0.079326868 -0.037825510 -0.004263178 0.996121645
1305031119.879214 -0.058314610 0.191503033 0.095235340 -0.080678470 -0.035474863 -0.004438845 0.996098816
1305031119.911401 -0.060506225 0.205435097 0.091267057 -0.078708321 -0.033007454 -0.003577322 0.996344686
1305031119.947392 -0.061978485 0.214426249 0.089656733 -0.081919327 -0.030670891 -0.004210100 0.996158004
1305031119.979537 -0.061526954 0.221167102 0.088635854 -0.083621033 -0.027587591 -0.005344628 0.996101320
1305031120.015264 -0.062095899 0.227668673 0.085012101 -0.088780493 -0.024458291 -0.003364721 0.995745182
1305031120.047290 -0.066421449 0.233185783 0.086246312 -0.093935497 -0.022484710 -0.001708590 0.995322883
1305031120.079418 -0.066549078 0.229012594 0.084226511 -0.097974293 -0.024365880 0.000816343 0.994890273
1305031120.115232 -0.067695528 0.239078462 0.085452825 -0.095367223 -0.026452335 0.002156367 0.995088279
1305031120.148157 -0.064793661 0.227438539 0.085062832 -0.102276325 -0.027991308 0.002827263 0.994358063
1305031120.179246 -0.064152829 0.220861211 0.086570382 -0.102685988 -0.027659535 0.005464183 0.994314194
1305031120.215249 -0.063336618 0.214903668 0.087287612 -0.099307165 -0.028006036 0.005414248 0.994647861
1305031120.248003 -0.063283026 0.211964250 0.088334873 -0.094931282 -0.028002111 0.003344598 0.995084286
1305031120.279430 -0.059713311 0.202099785 0.090222150 -0.093593366 -0.028972581 0.001520831 0.995187700
1305031120.315196 -0.059735209 0.191794455 0.091586210 -0.092408068 -0.028317468 -0.000352604 0.995318413
1305031120.347787 -0.061316494 0.187831342 0.093948595 -0.087152399 -0.027104968 -0.002292107 0.995823503
1305031120.379437 -0.060228731 0.174818426 0.097413987 -0.087556310 -0.027802635 -0.002817656 0.995767534
1305031120.415445 -0.057799112 0.157181919 0.103501730 -0.084129296 -0.029278092 -0.002290289 0.996021986
1305031120.447417 -0.059122387 0.153719500 0.106559381 -0.075291984 -0.029387921 -0.002774441 0.996724486
1305031120.479432 -0.056698497 0.139478743 0.111773342 -0.074325331 -0.031257063 -0.002070309 0.996741891
1305031120.514819 -0.061583567 0.130286604 0.115794390 -0.067041405 -0.030917950 -0.000817890 0.997270703
1305031120.547736 -0.060643952 0.120442487 0.122340105 -0.060931668 -0.034686659 0.001089176 0.997538447
1305031120.579551 -0.061524663 0.112745754 0.126064911 -0.057443440 -0.038412813 0.004590736 0.997598946
1305031120.615236 -0.058610242 0.100597069 0.131991267 -0.055269707 -0.043584876 0.007362422 0.997492552
1305031120.647354 -0.056219354 0.093140699 0.136306748 -0.049909253 -0.047115780 0.008035189 0.997609437
1305031120.679318 -0.055081788 0.086181194 0.140384808 -0.047196884 -0.048858766 0.008791833 0.997651219
1305031120.714522 -0.053806059 0.076516822 0.145059973 -0.045394816 -0.049907569 0.010103799 0.997670531
1305031120.747369 -0.054280721 0.067281201 0.149785385 -0.044521581 -0.051967617 0.010551555 0.997600019
1305031120.779894 -0.051564768 0.055422772 0.154420003 -0.043215770 -0.055041637 0.010424863 0.997493923
1305031120.814944 -0.052755583 0.048020601 0.157318622 -0.040339660 -0.054662526 0.009567355 0.997643828
1305031120.847921 -0.051013369 0.038989857 0.160706386 -0.041061413 -0.056179330 0.007753632 0.997545838
1305031120.883435 -0.047045574 0.026152799 0.165756881 -0.040003289 -0.057150528 0.006389906 0.997543335
1305031120.915444 -0.050207894 0.021417148 0.166120470 -0.037310641 -0.054472551 0.004199463 0.997809112
1305031120.947488 -0.048895914 0.009951214 0.170399889 -0.038499340 -0.054913849 0.002808500 0.997744620
1305031120.983366 -0.051719248 -0.000667915 0.174173132 -0.038512461 -0.054034550 0.000277540 0.997796059
1305031121.015019 -0.050651927 -0.011295250 0.176950693 -0.037369221 -0.055152547 -0.000629445 0.997778177
1305031121.047498 -0.052884005 -0.016158769 0.178007588 -0.035501964 -0.054147650 -0.001935070 0.997899771
1305031121.083099 -0.053853106 -0.030359818 0.182624564 -0.035954829 -0.055430736 -0.003484233 0.997808874
1305031121.114696 -0.053593393 -0.039728519 0.182139173 -0.033923175 -0.056589156 -0.002633490 0.997817576
1305031121.147331 -0.056836743 -0.047759775 0.183307976 -0.031609163 -0.056182127 -0.004303665 0.997910798
1305031121.183271 -0.055559777 -0.057270668 0.187192634 -0.030061960 -0.058141455 -0.004359266 0.997846127
1305031121.211420 -0.052487999 -0.067418121 0.190845296 -0.027975265 -0.058950968 -0.004175016 0.997860074
1305031121.247194 -0.055441000 -0.073883094 0.190756172 -0.025399052 -0.056610040 -0.005028450 0.998060584
1305031121.282876 -0.055921894 -0.086745687 0.193969220 -0.026991099 -0.058002133 -0.003317894 0.997946024
1305031121.313568 -0.054931853 -0.097796187 0.198955819 -0.024768192 -0.058399867 -0.002685248 0.997982383
1305031121.347517 -0.057137806 -0.106235027 0.199521214 -0.022942815 -0.059025697 -0.001464777 0.997991741
1305031121.383226 -0.052280210 -0.120189399 0.205790147 -0.022927018 -0.062121689 -0.000286213 0.997805178
1305031121.414318 -0.054114934 -0.129130855 0.206502110 -0.018448943 -0.060349956 -0.002356759 0.998004019
1305031121.447319 -0.055023529 -0.135339141 0.210580245 -0.016826838 -0.059936319 -0.001379863 0.998059392
1305031121.482964 -0.053034171 -0.148961082 0.216261953 -0.016444728 -0.058451362 0.000511814 0.998154700
1305031121.514107 -0.056331079 -0.155024841 0.214202926 -0.013005695 -0.055660538 0.001195663 0.998364329
1305031121.547270 -0.056881908 -0.160951123 0.216978863 -0.013740258 -0.055525795 0.001032406 0.998362184
1305031121.583204 -0.055825859 -0.173319250 0.221148685 -0.016325263 -0.054456234 0.000698869 0.998382449
1305031121.614700 -0.057134792 -0.179581493 0.224254385 -0.014447227 -0.052406255 -0.001078934 0.998520732
1305031121.647183 -0.056191210 -0.185453013 0.226467565 -0.013624265 -0.048503146 -0.003798389 0.998722851
1305031121.683200 -0.060665779 -0.192191035 0.227596849 -0.015526956 -0.043582492 -0.005417303 0.998914480
1305031121.714520 -0.062940404 -0.202343747 0.229170963 -0.017274698 -0.042254731 -0.004086458 0.998949170
1305031121.747145 -0.062266301 -0.206582770 0.233234152 -0.018845648 -0.042621024 -0.003573986 0.998907149
1305031121.782835 -0.059574232 -0.214853540 0.237166062 -0.021161271 -0.043069556 -0.001385976 0.998847008
1305031121.811540 -0.058203690 -0.218321517 0.240426674 -0.022294652 -0.042273901 0.000873224 0.998856902
1305031121.847335 -0.058560427 -0.221938312 0.240721554 -0.024170518 -0.040430993 0.003361700 0.998884261
1305031121.882060 -0.060506623 -0.225146279 0.243147343 -0.026922517 -0.039529972 0.009340918 0.998811960
1305031121.914931 -0.061818838 -0.225531742 0.241147622 -0.028373210 -0.040827163 0.011820556 0.998693347
1305031121.947288 -0.056267176 -0.226738423 0.243614063 -0.029011754 -0.044677146 0.011955304 0.998508573
1305031121.982926 -0.056768920 -0.220188469 0.243219122 -0.027577342 -0.044100948 0.011091268 0.998584747
1305031122.014256 -0.057675060 -0.219096974 0.240907386 -0.029034503 -0.043791961 0.009242599 0.998575926
1305031122.047306 -0.058090217 -0.212762281 0.238913700 -0.027402077 -0.045025930 0.005441241 0.998595119
1305031122.082959 -0.057948805 -0.206709996 0.236472830 -0.026828684 -0.045488495 0.001936665 0.998602629
1305031122.114672 -0.058207437 -0.195270330 0.231011018 -0.024410259 -0.045441113 -0.002048206 0.998666584
1305031122.150725 -0.058173861 -0.186283171 0.229543358 -0.024785686 -0.045901220 -0.007603117 0.998609483
1305031122.183042 -0.057358854 -0.176704526 0.225736126 -0.023007715 -0.045022473 -0.012251891 0.998645842
1305031122.214959 -0.059783325 -0.151505709 0.218039662 -0.021496858 -0.042656727 -0.017812682 0.998699665
1305031122.251319 -0.059452835 -0.145418882 0.217039019 -0.028067475 -0.042261817 -0.020872153 0.998494148
1305031122.283560 -0.061837163 -0.132821694 0.211442232 -0.028122215 -0.042473972 -0.023141179 0.998433530
1305031122.314289 -0.065950565 -0.109775826 0.204108506 -0.030339435 -0.043559380 -0.028502533 0.998183191
1305031122.351327 -0.064476348 -0.103237949 0.201118082 -0.037929535 -0.046326414 -0.030350044 0.997744501
1305031122.382630 -0.066110395 -0.089376383 0.195316061 -0.041649278 -0.048249219 -0.030115053 0.997512102
1305031122.414997 -0.067471161 -0.084614098 0.191550359 -0.047152951 -0.052080430 -0.030308025 0.997068524
1305031122.451257 -0.072049811 -0.071583346 0.182015374 -0.047875434 -0.054772694 -0.030083589 0.996896625
1305031122.483360 -0.068330981 -0.062417071 0.178574160 -0.051504828 -0.061377183 -0.029318433 0.996353626
1305031122.515097 -0.066516876 -0.051448118 0.173546419 -0.052188080 -0.065732628 -0.030561432 0.996002853
1305031122.551490 -0.065475620 -0.041051153 0.167096525 -0.053913385 -0.066547014 -0.032770980 0.995786548
1305031122.583208 -0.063563690 -0.031222017 0.163939580 -0.055208694 -0.066130430 -0.033755988 0.995710492
1305031122.614980 -0.068700939 -0.021886118 0.158650503 -0.055431567 -0.064618200 -0.033264760 0.995813906
1305031122.648788 -0.068225458 -0.012039662 0.153695643 -0.054396588 -0.066833548 -0.032193147 0.995759964
1305031122.683402 -0.069134973 -0.000190932 0.148492217 -0.053341039 -0.067775212 -0.030903131 0.995794296
1305031122.715208 -0.068793178 0.010291413 0.144741163 -0.053355247 -0.070867859 -0.027354021 0.995682061
1305031122.751298 -0.068956509 0.026344780 0.139776841 -0.051190633 -0.073142260 -0.028016573 0.995612800
1305031122.783423 -0.065698281 0.041076917 0.135541201 -0.053291675 -0.074626476 -0.027973816 0.995393574
1305031122.812555 -0.066921815 0.049129099 0.133979738 -0.058267172 -0.073000863 -0.030036034 0.995175183
1305031122.851418 -0.059027206 0.060471334 0.132166430 -0.059205964 -0.071934707 -0.031078469 0.995165408
1305031122.883754 -0.064249314 0.071932524 0.129435748 -0.061311588 -0.063887201 -0.031333614 0.995579004
1305031122.914571 -0.067521304 0.074238926 0.127073407 -0.066930674 -0.060440730 -0.029917086 0.995475829
1305031122.951341 -0.068203703 0.081703842 0.124182351 -0.067871809 -0.059400521 -0.028444663 0.995517910
1305031122.982815 -0.071396120 0.094162151 0.120445326 -0.068022281 -0.058393110 -0.025390811 0.995649815
1305031123.015450 -0.070069559 0.099068284 0.119757243 -0.071217529 -0.060211357 -0.022653382 0.995384097
1305031123.051827 -0.068630494 0.105595909 0.117449686 -0.070662387 -0.060146809 -0.021032088 0.995463133
1305031123.082975 -0.069930404 0.119796842 0.113000631 -0.068189055 -0.058572527 -0.018628763 0.995777309
1305031123.113873 -0.069220521 0.128233597 0.108640656 -0.071163781 -0.057627358 -0.016853690 0.995655954
1305031123.150822 -0.069472976 0.136544526 0.108556695 -0.074003398 -0.056991503 -0.016356625 0.995493829
1305031123.182155 -0.064842761 0.150728896 0.107339546 -0.074642017 -0.057023030 -0.015085352 0.995464385
1305031123.214704 -0.063256107 0.160389110 0.105409324 -0.078962490 -0.052946061 -0.015706243 0.995346665
1305031123.250618 -0.064866871 0.178061619 0.101823121 -0.081451766 -0.048091948 -0.016654171 0.995377004
1305031123.282347 -0.065658450 0.188029572 0.103556253 -0.088835768 -0.044613611 -0.014835898 0.994936049
1305031123.311327 -0.065191798 0.195138976 0.104235180 -0.094530374 -0.040686741 -0.014819672 0.994579792
1305031123.350481 -0.064436592 0.201922357 0.102917738 -0.099959217 -0.036715314 -0.014633015 0.994206190
1305031123.382255 -0.062789582 0.211155057 0.102141015 -0.104066163 -0.032477714 -0.011407969 0.993974507
1305031123.411363 -0.062806278 0.219372109 0.100009896 -0.106466800 -0.027600642 -0.007970542 0.993901134
1305031123.451255 -0.061261322 0.229780734 0.100211069 -0.107537180 -0.026114145 -0.006667528 0.993835688
1305031123.483594 -0.060191862 0.241244882 0.099063411 -0.109794796 -0.024317393 -0.002086382 0.993654549
1305031123.511360 -0.061175369 0.241206795 0.097462252 -0.116501756 -0.021788275 0.000825304 0.992951095
1305031123.551513 -0.059553131 0.246044412 0.095901214 -0.119391970 -0.022513619 0.003323129 0.992586315
1305031123.579583 -0.059981067 0.256914616 0.095063232 -0.119266704 -0.021439547 0.006197196 0.992611408
1305031123.611335 -0.057353925 0.263049453 0.092216603 -0.121296130 -0.020583523 0.007127778 0.992377341
1305031123.652411 -0.056214880 0.270828605 0.091291979 -0.124687627 -0.018614959 0.006319132 0.992001295
1305031123.683753 -0.055526301 0.277410597 0.090639085 -0.128310770 -0.015088658 0.007806543 0.991588473
1305031123.711323 -0.054397102 0.286105096 0.090421841 -0.131349593 -0.011716645 0.009631444 0.991220057
1305031123.751723 -0.050686959 0.293241620 0.089040242 -0.132331401 -0.011711295 0.011892334 0.991065025
1305031123.783858 -0.051483940 0.295238137 0.089244880 -0.134382516 -0.011687257 0.013718401 0.990765631
1305031123.811608 -0.050865185 0.297101319 0.087722957 -0.135197788 -0.011931642 0.014369507 0.990642607
1305031123.851444 -0.051000908 0.298268944 0.088180594 -0.135872558 -0.012151251 0.016788276 0.990509570
1305031123.883786 -0.051002152 0.300276458 0.087526836 -0.133274674 -0.013523441 0.017206041 0.990837514
1305031123.911243 -0.051532641 0.296654969 0.086899623 -0.131371960 -0.014351889 0.016429689 0.991093099
1305031123.951442 -0.050509501 0.291104198 0.087304138 -0.133990124 -0.015411177 0.018699944 0.990686357
1305031123.983415 -0.050077233 0.297708094 0.088612720 -0.129329026 -0.018279200 0.020313563 0.991225123
1305031124.011302 -0.050174195 0.293840259 0.090064406 -0.122927420 -0.022232212 0.019978566 0.991965473
1305031124.051505 -0.052361168 0.280340672 0.093149677 -0.123576097 -0.024346836 0.020595297 0.991822600
1305031124.083837 -0.053331982 0.278558582 0.096602693 -0.120021880 -0.026681378 0.021095373 0.992188394
1305031124.111331 -0.053843480 0.271630853 0.099445656 -0.112427980 -0.029079724 0.018878935 0.993054867
1305031124.147446 -0.055015553 0.257227987 0.103285506 -0.112532102 -0.029827053 0.017305050 0.993049562
1305031124.182694 -0.054849152 0.251852602 0.106764384 -0.109875947 -0.031195350 0.015253904 0.993338525
1305031124.211396 -0.055448420 0.243567035 0.110750198 -0.102203578 -0.032029565 0.012391186 0.994170487
1305031124.249327 -0.051825970 0.233182356 0.111323237 -0.099614970 -0.035445407 0.013881182 0.994297624
1305031124.282545 -0.053267397 0.221761301 0.113058619 -0.100881793 -0.039083999 0.013567445 0.994037807
1305031124.311361 -0.049796090 0.194679797 0.118050836 -0.106299974 -0.044388719 0.013624981 0.993249357
1305031124.350354 -0.051892757 0.184863552 0.119438037 -0.101673402 -0.046632841 0.012005496 0.993651748
1305031124.382420 -0.049465913 0.175517291 0.122521535 -0.097998939 -0.049849346 0.011499715 0.993870735
1305031124.411439 -0.048666365 0.159220308 0.125989512 -0.096024871 -0.051584482 0.010622335 0.993984580
1305031124.450245 -0.048307117 0.155834615 0.127460375 -0.085143112 -0.052977253 0.009065244 0.994918048
1305031124.480099 -0.049452782 0.141594604 0.128570706 -0.080339670 -0.053473320 0.006370618 0.995311797
1305031124.511324 -0.050236825 0.133646324 0.129200786 -0.073017292 -0.054841548 0.004780576 0.995810270
1305031124.550437 -0.050613105 0.121459529 0.131173074 -0.069564156 -0.056450233 0.002404765 0.995976090
1305031124.579404 -0.052269366 0.109759986 0.134196371 -0.065656304 -0.058325026 -0.000444998 0.996136189
1305031124.611358 -0.049746260 0.097028263 0.139330089 -0.061384369 -0.062345371 -0.001884996 0.996163368
1305031124.651271 -0.051436510 0.085652590 0.141096264 -0.057738774 -0.063648410 -0.003744802 0.996293664
1305031124.679362 -0.049447812 0.072202057 0.146246076 -0.054264653 -0.066154905 -0.005367395 0.996318281
1305031124.711251 -0.049243346 0.061460260 0.149271801 -0.049861439 -0.066262372 -0.007384676 0.996528268
1305031124.749890 -0.049911961 0.047513664 0.153797165 -0.048597917 -0.066432625 -0.009053422 0.996565580
1305031124.779365 -0.050853088 0.036118414 0.157309026 -0.045101129 -0.067220271 -0.009506980 0.996672928
1305031124.811360 -0.049582176 0.024379328 0.161785334 -0.043530192 -0.068711311 -0.009396027 0.996642172
1305031124.850535 -0.049761768 0.012420727 0.168175995 -0.043163605 -0.070236169 -0.010356879 0.996542275
1305031124.879355 -0.045464784 -0.001258526 0.176037118 -0.041509803 -0.071733847 -0.010297257 0.996506453
1305031124.911448 -0.046177257 -0.008450150 0.179290295 -0.039089151 -0.069000393 -0.010680270 0.996793330
1305031124.950730 -0.046628911 -0.021500859 0.186875775 -0.042768694 -0.067761965 -0.010474156 0.996729374
1305031124.979438 -0.048237316 -0.040149856 0.194740728 -0.043312158 -0.066581719 -0.008291205 0.996805966
1305031125.011454 -0.050291650 -0.049580581 0.197386891 -0.038385447 -0.068430148 -0.006513712 0.996895909
1305031125.050763 -0.047876347 -0.053780854 0.200804994 -0.034780137 -0.071082346 -0.006447775 0.996843040
1305031125.079364 -0.049165670 -0.066148616 0.206972420 -0.036340784 -0.069846451 -0.003571345 0.996889174
1305031125.111364 -0.049496710 -0.078664392 0.211132184 -0.035970453 -0.070973918 -0.002503688 0.996826231
1305031125.151013 -0.048974458 -0.087610967 0.214779228 -0.032433167 -0.071207456 -0.004498673 0.996923923
1305031125.179353 -0.050655063 -0.089486398 0.216560170 -0.031127850 -0.068305463 -0.003922665 0.997170985
1305031125.211320 -0.051934693 -0.104744129 0.221411854 -0.036012001 -0.066869624 -0.003682515 0.997104824
1305031125.250632 -0.054434888 -0.118139483 0.226170540 -0.035043828 -0.066192888 -0.006349528 0.997171044
1305031125.279467 -0.054650094 -0.122583762 0.227464646 -0.031502351 -0.066183805 -0.007578220 0.997281253
1305031125.311493 -0.055918712 -0.132247075 0.231906071 -0.031484116 -0.064260028 -0.007010333 0.997411788
1305031125.348880 -0.057931934 -0.139532551 0.233174771 -0.028271608 -0.062598437 -0.009443558 0.997593582
1305031125.379401 -0.054271232 -0.142617047 0.238176718 -0.027466157 -0.062141493 -0.014408347 0.997585297
1305031125.411335 -0.056029342 -0.147829354 0.240476966 -0.027165320 -0.055166911 -0.015689241 0.997984231
1305031125.451195 -0.056720987 -0.155911699 0.245057970 -0.031160159 -0.050095331 -0.017247951 0.998109221
1305031125.479424 -0.056455091 -0.163706675 0.248394743 -0.030952336 -0.046334147 -0.018793941 0.998269439
1305031125.511316 -0.058583781 -0.165014565 0.246738389 -0.030085336 -0.041762281 -0.019718621 0.998479784
1305031125.551020 -0.057937045 -0.166981310 0.248864129 -0.030795483 -0.039079025 -0.020790214 0.998545051
1305031125.579308 -0.057947889 -0.169542223 0.250230610 -0.032360654 -0.035501007 -0.023365200 0.998572230
1305031125.611533 -0.057003148 -0.177124441 0.250453264 -0.033165678 -0.032714568 -0.023216881 0.998644471
1305031125.650575 -0.061665565 -0.180675730 0.245591775 -0.029852754 -0.031090531 -0.019731671 0.998875797
1305031125.679328 -0.068195246 -0.171457648 0.237252980 -0.023937298 -0.033002630 -0.019387739 0.998980463
1305031125.711443 -0.062071674 -0.173023164 0.238123104 -0.023411969 -0.040556453 -0.017208789 0.998754680
1305031125.751260 -0.062038902 -0.159302384 0.233064026 -0.016595429 -0.042669777 -0.016387137 0.998816967
1305031125.779348 -0.061543968 -0.151522115 0.229880169 -0.016239865 -0.043689638 -0.019760597 0.998717666
1305031125.811573 -0.059586529 -0.141493097 0.227498144 -0.015498566 -0.043629304 -0.020697925 0.998713076
1305031125.847412 -0.060674448 -0.134012967 0.222720236 -0.017750276 -0.041771144 -0.022623545 0.998713315
1305031125.879318 -0.062127911 -0.125612795 0.218550041 -0.017773308 -0.042117991 -0.022986479 0.998690009
1305031125.911305 -0.066773027 -0.110442348 0.210438937 -0.019137196 -0.043503199 -0.022832172 0.998609006
1305031125.947343 -0.067837760 -0.108227238 0.207968950 -0.024557875 -0.050194785 -0.019528368 0.998246491
1305031125.979324 -0.065461151 -0.093808211 0.205866918 -0.023756102 -0.058345813 -0.015857520 0.997887731
1305031126.011333 -0.061285496 -0.079629540 0.202800602 -0.025050340 -0.065080397 -0.015960474 0.997437835
1305031126.047324 -0.054661758 -0.063431762 0.201658055 -0.026566658 -0.068285488 -0.014947922 0.997200012
1305031126.079356 -0.054723043 -0.051052496 0.198099822 -0.030485695 -0.066616580 -0.015365253 0.997194469
1305031126.111370 -0.052057445 -0.042509831 0.198237538 -0.035461377 -0.066621438 -0.014614410 0.997040868
1305031126.147432 -0.050647326 -0.024298720 0.195571318 -0.036016926 -0.065883070 -0.012512206 0.997098625
1305031126.179384 -0.053333320 -0.010098998 0.190938070 -0.042034768 -0.064966269 -0.012934388 0.996917844
1305031126.211319 -0.050208226 -0.002077075 0.190598056 -0.047121879 -0.066266276 -0.012443684 0.996610999
1305031126.247298 -0.048517983 0.016775826 0.186910704 -0.047945984 -0.065351218 -0.011860830 0.996639192
1305031126.279363 -0.047171611 0.028556501 0.185699284 -0.052279156 -0.064039350 -0.012898750 0.996493578
1305031126.311332 -0.045024145 0.042555109 0.182735279 -0.055711940 -0.061573960 -0.014715553 0.996437788
1305031126.347363 -0.046021253 0.052797113 0.181788474 -0.060305111 -0.057460152 -0.015948810 0.996397138
1305031126.379423 -0.048659701 0.066503741 0.177113459 -0.062494375 -0.053369995 -0.017597314 0.996461928
1305031126.411465 -0.046948299 0.078456253 0.174575657 -0.066595852 -0.052671414 -0.018922519 0.996209145
1305031126.447361 -0.049379595 0.084166229 0.172825575 -0.072497927 -0.050229944 -0.018140694 0.995937705
1305031126.479533 -0.051448815 0.095020771 0.169634059 -0.074172713 -0.049731698 -0.014734035 0.995895624
1305031126.511410 -0.050807092 0.111487404 0.164757341 -0.074922711 -0.051610395 -0.013380609 0.995762944
1305031126.547374 -0.047655515 0.119518757 0.164261431 -0.081219926 -0.053031258 -0.013388140 0.995194316
1305031126.579454 -0.047117274 0.128772721 0.161055729 -0.085062310 -0.050626930 -0.011561186 0.995021403
1305031126.611528 -0.045631796 0.138728246 0.159302607 -0.089510053 -0.049312819 -0.010145102 0.994712651
1305031126.647376 -0.043068923 0.140116096 0.158115208 -0.095601529 -0.048290972 -0.008009175 0.994215369
1305031126.679479 -0.044036351 0.146733254 0.156179890 -0.097025089 -0.045465812 -0.003929467 0.994235158
1305031126.711583 -0.043058790 0.154658109 0.153508171 -0.098804250 -0.043945920 -0.000926859 0.994135618
1305031126.747316 -0.042067654 0.155122101 0.152185664 -0.101366214 -0.042205580 0.001942350 0.993951619
1305031126.779379 -0.040808141 0.162319347 0.149285749 -0.100040093 -0.041583080 0.004554675 0.994103670
1305031126.811602 -0.039773770 0.167381912 0.147151291 -0.099520959 -0.039144304 0.004638901 0.994254351
1305031126.847343 -0.037418619 0.169562578 0.144560367 -0.100499973 -0.036163427 0.005787798 0.994262755
1305031126.879357 -0.038455471 0.173608512 0.142558202 -0.100313000 -0.033481240 0.006068865 0.994373918
1305031126.911364 -0.038097996 0.174618155 0.142094761 -0.100622594 -0.031273358 0.005637076 0.994417071
1305031126.947437 -0.037114415 0.175938532 0.139946967 -0.101480477 -0.030713685 0.008407490 0.994327724
1305031126.979337 -0.037000068 0.175565675 0.139845267 -0.101822436 -0.031625457 0.009015999 0.994258881
1305031127.011371 -0.036179926 0.173958167 0.139163747 -0.101191096 -0.032694072 0.009344566 0.994285762
1305031127.047297 -0.034503855 0.173729017 0.138245597 -0.100849509 -0.033712149 0.010425884 0.994275689
1305031127.079299 -0.035741348 0.173409745 0.138775393 -0.100739971 -0.033706866 0.010386692 0.994287372
1305031127.111435 -0.036187902 0.171862110 0.139327705 -0.100696377 -0.036030900 0.012338094 0.994188011
1305031127.147307 -0.037965942 0.168459266 0.140147060 -0.099844433 -0.038637750 0.011916741 0.994181156
1305031127.179349 -0.036624059 0.168272823 0.140137464 -0.097457185 -0.042116843 0.011853314 0.994277537
1305031127.211700 -0.036482144 0.165899068 0.141839564 -0.097105518 -0.043490242 0.011161340 0.994260788
1305031127.247374 -0.035400935 0.160985485 0.143640205 -0.096174009 -0.044140309 0.010099806 0.994334042
1305031127.279465 -0.036919508 0.159442902 0.143437073 -0.094009176 -0.043619309 0.009125916 0.994573474
1305031127.311362 -0.037710231 0.156169757 0.145158097 -0.094651289 -0.044549089 0.008373073 0.994477928
1305031127.347356 -0.037194185 0.148984507 0.148179337 -0.094333455 -0.046553895 0.008004494 0.994419336
1305031127.379262 -0.038257148 0.151332065 0.148721978 -0.089959368 -0.047249325 0.007770121 0.994793653
1305031127.411371 -0.037853491 0.146642238 0.150967970 -0.091270246 -0.048757032 0.007535297 0.994603336
1305031127.447333 -0.037596572 0.141231269 0.153766349 -0.091672517 -0.050298914 0.007084897 0.994492829
1305031127.479362 -0.039615847 0.143997744 0.154222414 -0.087856226 -0.050714027 0.006139779 0.994822443
1305031127.511356 -0.040741209 0.142176211 0.154850125 -0.089133896 -0.051353741 0.005147259 0.994681597
1305031127.547348 -0.039992161 0.136434317 0.158403605 -0.090618849 -0.052799109 0.005153569 0.994471669
1305031127.579345 -0.040783402 0.138577506 0.158022285 -0.087553903 -0.052985329 0.005170564 0.994736254
1305031127.611271 -0.041948624 0.140138552 0.159252495 -0.087021187 -0.053171776 0.004437416 0.994776547
1305031127.647358 -0.039542805 0.135240480 0.161194071 -0.089477897 -0.054576576 0.006379200 0.994471908
1305031127.679298 -0.039981339 0.133779362 0.161723241 -0.088189013 -0.054768141 0.007227833 0.994570732
1305031127.711375 -0.041325290 0.137028098 0.161408126 -0.086196527 -0.055080131 0.006542032 0.994732916
1305031127.747304 -0.040230762 0.133269608 0.162471309 -0.088621147 -0.055940796 0.007121707 0.994467795
1305031127.779346 -0.039731666 0.129995018 0.163405299 -0.088268898 -0.056525908 0.006708680 0.994468927
1305031127.811829 -0.040783912 0.132337168 0.162714496 -0.085707977 -0.056603607 0.005958042 0.994693279
1305031127.847366 -0.041829377 0.130893663 0.162187457 -0.086482584 -0.056169454 0.004888082 0.994656682
1305031127.879380 -0.042988610 0.129729718 0.162713960 -0.086526833 -0.056191333 0.004176314 0.994654834
1305031127.911476 -0.043583129 0.129688978 0.162752733 -0.086190209 -0.057008717 0.004004467 0.994638205
1305031127.947366 -0.043488100 0.131657645 0.163019687 -0.086103663 -0.058002293 0.004113934 0.994587839
1305031127.979371 -0.042207532 0.129593596 0.165034637 -0.088363171 -0.059371281 0.004362890 0.994307816
1305031128.011427 -0.041051559 0.130670980 0.167398334 -0.088967130 -0.060057979 0.004303671 0.994212925
1305031128.047369 -0.040809330 0.127340958 0.170244738 -0.092360169 -0.059092961 0.005182493 0.993957102
1305031128.079334 -0.042713169 0.123905405 0.171452031 -0.093094863 -0.057788908 0.005790271 0.993961871
1305031128.111391 -0.042104591 0.124637000 0.172536984 -0.091762580 -0.058331650 0.006530183 0.994049489
1305031128.147418 -0.040924255 0.123522170 0.174491256 -0.093029767 -0.059039652 0.008362559 0.993876159
1305031128.179350 -0.039792940 0.118241161 0.176866427 -0.093933195 -0.059403826 0.009490398 0.993759394
1305031128.211447 -0.040543634 0.121070579 0.176022321 -0.090505034 -0.058987651 0.009813423 0.994099081
1305031128.247480 -0.041953135 0.121613398 0.175313771 -0.090644903 -0.058798756 0.009910426 0.994096577
1305031128.279336 -0.040475436 0.118532158 0.177122384 -0.091678262 -0.059800200 0.010240361 0.993938744
1305031128.311483 -0.040342938 0.119078331 0.176256791 -0.090333395 -0.059924323 0.009590462 0.994060874
1305031128.347423 -0.041352008 0.119979255 0.176553577 -0.089672670 -0.059761792 0.008631056 0.994139254
1305031128.379404 -0.042525556 0.118770048 0.176556483 -0.090081275 -0.059639923 0.006803481 0.994123816
1305031128.411337 -0.043215536 0.118033513 0.176001549 -0.089492254 -0.059388533 0.005672612 0.994199157
1305031128.447296 -0.042899210 0.118231274 0.176597357 -0.089004323 -0.059897285 0.004545533 0.994218230
1305031128.479296 -0.044061918 0.116637744 0.176453426 -0.089667991 -0.059623919 0.003317686 0.994179845
1305031128.511433 -0.042730797 0.115466751 0.176700175 -0.089573503 -0.060100205 0.002924846 0.994160950
1305031128.547399 -0.042371269 0.115252756 0.176399752 -0.089542851 -0.059661891 0.002066236 0.994192243
1305031128.579455 -0.043077603 0.112171732 0.176937550 -0.090054959 -0.058783539 0.001851783 0.994198740
1305031128.611395 -0.044196274 0.112159930 0.175329268 -0.088487193 -0.058444984 0.001958695 0.994359255
1305031128.647352 -0.045723949 0.112356551 0.174080089 -0.087880120 -0.059029266 0.002514342 0.994377315
1305031128.679282 -0.045348808 0.110290095 0.175538212 -0.088181414 -0.060758442 0.001571822 0.994248450
1305031128.711457 -0.044527113 0.110685296 0.174790561 -0.086751230 -0.060789447 0.000911415 0.994373202
1305031128.747363 -0.044425331 0.110883273 0.174255148 -0.085783891 -0.059853811 0.000129888 0.994514287
