1341846361.788774 0.000000000 0.000000000 0.000000000 0.000000000 0.000000000 0.000000000 1.000000000
1341846361.824112 -0.013824871 -0.000954676 0.002778701 -0.002661254 0.003728181 -0.004761697 0.999978185
1341846361.856016 -0.026357362 0.011256493 -0.026647316 -0.007776746 0.005550415 -0.010587510 0.999898314
1341846361.887871 -0.034394845 -0.000495189 0.015354753 -0.016312068 0.007802241 -0.013502388 0.999745369
1341846361.923930 -0.055093005 -0.024365209 0.023307828 -0.019240085 0.012348142 -0.010060420 0.999688029
1341846361.955927 -0.060514297 -0.025842078 0.011391579 -0.013510802 0.009860933 -0.002438199 0.999857128
1341846361.991999 -0.072208740 -0.032124180 0.023487622 -0.010793476 0.005806303 0.003132047 0.999920011
1341846362.023994 -0.068754487 -0.027336298 0.034243524 -0.006110799 0.002271380 0.004922089 0.999966621
1341846362.056118 -0.073567033 -0.017797377 0.029939733 -0.003433895 0.002502509 0.007020365 0.999966323
1341846362.091992 -0.091281258 -0.020034133 0.031516299 -0.005052166 0.003370165 0.007025151 0.999956906
1341846362.123929 -0.098413877 -0.031116432 0.038170289 -0.006113882 0.002178774 0.008414851 0.999943554
1341846362.156058 -0.116164841 -0.022200912 0.043278720 -0.001160387 0.003879766 0.007610647 0.999962866
1341846362.191987 -0.132145032 -0.020396272 0.046051145 0.001926716 0.004342671 0.010740377 0.999931037
1341846362.224138 -0.139018208 -0.027094604 0.055176012 0.005467064 0.002622268 0.012818110 0.999899447
1341846362.260011 -0.140079454 -0.022806726 0.046117209 0.010980198 0.003854512 0.012231610 0.999857485
1341846362.291979 -0.149334326 -0.021098623 0.051018227 0.013859730 0.007976943 0.012005135 0.999800086
1341846362.323947 -0.157747075 -0.026983056 0.056205079 0.015322633 0.010654713 0.010447358 0.999771237
1341846362.359889 -0.165373206 -0.024928460 0.062171984 0.017695153 0.014424892 0.010542109 0.999683797
1341846362.392021 -0.176433355 -0.025751850 0.063730806 0.018527057 0.019476678 0.010741211 0.999580920
1341846362.423868 -0.194817066 -0.032206956 0.072761893 0.019159567 0.022985600 0.011276459 0.999488592
1341846362.459968 -0.205618933 -0.034950782 0.070619948 0.022004040 0.024172684 0.012224847 0.999390841
1341846362.491924 -0.215562746 -0.034691393 0.068665527 0.024065036 0.023483964 0.015072810 0.999320865
1341846362.523976 -0.222672507 -0.034083713 0.059982531 0.025996266 0.023344822 0.015654458 0.999266803
1341846362.559933 -0.232390225 -0.033375826 0.062620878 0.028369170 0.024779322 0.016873902 0.999147832
1341846362.592338 -0.245351985 -0.030070214 0.061294157 0.029930400 0.025247198 0.017353216 0.999082386
1341846362.628177 -0.253282875 -0.026452968 0.062281162 0.030017706 0.024378767 0.017371725 0.999101043
1341846362.660128 -0.263192147 -0.029951399 0.055684298 0.029000629 0.024777269 0.016895087 0.999129415
1341846362.691901 -0.279826134 -0.032281268 0.057659268 0.027142599 0.024188507 0.015042174 0.999225676
1341846362.727993 -0.289261281 -0.036389165 0.056251172 0.025193136 0.020815019 0.013857559 0.999369800
1341846362.759942 -0.296138138 -0.033137631 0.060583234 0.025535747 0.018444238 0.010979600 0.999443412
1341846362.792002 -0.307615191 -0.032689251 0.051340748 0.024802165 0.017408209 0.009201247 0.999498427
1341846362.827965 -0.315311164 -0.032828100 0.062915139 0.023700850 0.015234528 0.006462504 0.999582112
1341846362.859959 -0.321489632 -0.044158883 0.046703465 0.022001110 0.013826719 0.004384825 0.999652684
1341846362.891861 -0.337239832 -0.043152828 0.044148125 0.022408478 0.014367626 0.003923120 0.999637961
1341846362.928098 -0.341849595 -0.045685001 0.051463146 0.022505516 0.012074365 0.004677469 0.999662876
1341846362.959894 -0.344782948 -0.053130560 0.056475148 0.024702361 0.010925928 0.006820953 0.999611855
1341846362.995909 -0.361373633 -0.054720722 0.051689677 0.028155796 0.010341856 0.008765873 0.999511600
1341846363.028072 -0.366691411 -0.062332287 0.044242918 0.029564207 0.007700400 0.011928934 0.999462008
1341846363.059896 -0.366773844 -0.062545873 0.053636041 0.034527384 0.008065106 0.010151019 0.999319673
1341846363.096102 -0.376562953 -0.054502241 0.050203782 0.038376052 0.010815132 0.006920992 0.999180853
1341846363.127992 -0.384075761 -0.056075897 0.055030953 0.037512690 0.012140390 0.004177302 0.999213696
1341846363.159870 -0.388953924 -0.062843092 0.047993936 0.037871610 0.015362595 0.000541458 0.999164343
1341846363.195966 -0.386005163 -0.050969243 0.091006383 0.041745145 0.018297920 0.003640208 0.998954058
1341846363.227902 -0.400416076 -0.057104304 0.095382892 0.043208003 0.016828092 0.008006197 0.998892248
1341846363.259977 -0.400612086 -0.057376008 0.094208442 0.045757394 0.014432117 0.012373805 0.998771667
1341846363.296031 -0.408740938 -0.054736465 0.090793088 0.049603812 0.017008631 0.015104457 0.998509884
1341846363.328065 -0.421997666 -0.050844654 0.085198283 0.050546095 0.017713206 0.018019577 0.998401999
1341846363.364023 -0.437944502 -0.065475546 0.072624579 0.048034374 0.014561819 0.020066619 0.998537898
1341846363.395985 -0.450832546 -0.071928740 0.068510585 0.046792120 0.010381805 0.021266293 0.998624265
1341846363.427955 -0.455580533 -0.069698617 0.065361068 0.046416059 0.007360338 0.017773917 0.998736918
1341846363.463979 -0.467531234 -0.057821512 0.065474436 0.045859158 0.005297590 0.015314370 0.998816431
1341846363.495986 -0.473696947 -0.057199650 0.069354951 0.044120185 0.000833399 0.018348927 0.998857379
1341846363.527941 -0.482240051 -0.055118684 0.074986339 0.042009395 -0.002131352 0.021126857 0.998891532
1341846363.564057 -0.488572568 -0.051396403 0.079330727 0.038428549 -0.004347347 0.025602261 0.998923838
1341846363.596025 -0.497186720 -0.064401090 0.092137247 0.033373330 -0.008472399 0.028485836 0.999001026
1341846363.632058 -0.496511310 -0.073967792 0.100055695 0.033684518 -0.016060503 0.032268420 0.998782337
1341846363.663931 -0.498376131 -0.064138755 0.096912302 0.035954833 -0.018298263 0.030752061 0.998712540
1341846363.695998 -0.510027587 -0.062007099 0.091050245 0.034595821 -0.019406820 0.024853393 0.998903811
1341846363.732007 -0.505074978 -0.051904548 0.081576429 0.032980070 -0.024908839 0.017919963 0.998984873
1341846363.794060 -0.506198943 -0.058389876 0.097007796 0.036268428 -0.038197786 0.021324717 0.998384058
1341846363.826406 -0.495521784 -0.055113006 0.093935020 0.037476361 -0.041462049 0.019614594 0.998244286
1341846363.861897 -0.499768972 -0.054757591 0.080501527 0.038314365 -0.040257186 0.017633365 0.998298764
1341846363.893984 -0.497197688 -0.045441471 0.076652579 0.039128393 -0.039703127 0.016587097 0.998307288
1341846363.926076 -0.483716637 -0.038422536 0.077883817 0.037474509 -0.040613528 0.016866531 0.998329461
1341846363.962090 -0.474673569 -0.040155374 0.078407638 0.035954069 -0.039391611 0.018172657 0.998411417
1341846363.994287 -0.467231780 -0.046511121 0.084061287 0.034378797 -0.038822185 0.022262651 0.998406410
1341846364.025993 -0.452595055 -0.046544559 0.084169053 0.033641238 -0.039081704 0.022270581 0.998421192
1341846364.061809 -0.442872941 -0.047103282 0.079513803 0.032032121 -0.036680616 0.021733135 0.998577058
1341846364.094209 -0.434874564 -0.057213489 0.085734494 0.031766806 -0.034120400 0.021987412 0.998670757
1341846364.130022 -0.427071244 -0.060272034 0.083755076 0.033198629 -0.033849403 0.022176113 0.998629212
1341846364.162231 -0.410129845 -0.065123379 0.086532414 0.035577867 -0.036417484 0.021593343 0.998469651
1341846364.194049 -0.396742553 -0.060912699 0.082484603 0.041032068 -0.037877642 0.017927289 0.998278677
1341846364.230023 -0.386156619 -0.066494390 0.078642920 0.043564618 -0.039275620 0.016692713 0.998138726
1341846364.262044 -0.368985206 -0.074237123 0.074670769 0.047339227 -0.039844792 0.014437610 0.997979403
1341846364.294059 -0.364302963 -0.062139276 0.068276092 0.052074678 -0.035195395 0.009615031 0.997976482
1341846364.330003 -0.348282367 -0.060429849 0.069128305 0.051716194 -0.032323796 0.007920225 0.998107135
1341846364.362052 -0.328979909 -0.058062315 0.074774101 0.051226173 -0.030138003 0.006053016 0.998213887
1341846364.397902 -0.302104443 -0.065970831 0.075104021 0.051894218 -0.024790764 0.005332733 0.998330593
1341846364.430108 -0.299447715 -0.063651569 0.072383046 0.051987350 -0.019517262 0.004102892 0.998448610
1341846364.462063 -0.281528920 -0.064236060 0.064819917 0.051323064 -0.016522305 0.002594854 0.998542070
1341846364.498091 -0.270711839 -0.069127165 0.068220206 0.051023591 -0.011712203 0.000155707 0.998628736
1341846364.530058 -0.263537526 -0.069550492 0.067189023 0.050243512 -0.008331591 -0.002029208 0.998700202
1341846364.561952 -0.255923450 -0.062262356 0.074335851 0.051360317 -0.004934059 -0.006703430 0.998645484
1341846364.597928 -0.241189912 -0.060766730 0.071973704 0.049875356 -0.001792652 -0.008852404 0.998714626
1341846364.629950 -0.226620853 -0.075091578 0.060443167 0.047883626 0.000143752 -0.008126304 0.998819828
1341846364.665991 -0.223602131 -0.072105050 0.060076024 0.049516682 0.000215286 -0.006608677 0.998751402
1341846364.698004 -0.211931124 -0.071160533 0.057342790 0.049575038 -0.002060705 -0.005475003 0.998753250
1341846364.730097 -0.197738692 -0.073825859 0.064242572 0.049741928 -0.003366085 -0.004170841 0.998747706
1341846364.766057 -0.190574333 -0.068634197 0.058193233 0.051655535 -0.002017568 -0.003741231 0.998655915
1341846364.798632 -0.178897694 -0.066455543 0.054215252 0.051246062 -0.002735989 -0.004158994 0.998673618
1341846364.833901 -0.157596618 -0.072271504 0.049979709 0.049812529 -0.001725814 -0.005710941 0.998740733
1341846364.865923 -0.153684288 -0.072767094 0.051747952 0.050894469 0.002370916 -0.009091479 0.998659849
1341846364.897970 -0.148689374 -0.071711801 0.047458611 0.050400745 0.001280199 -0.005667191 0.998712182
1341846364.934019 -0.128124073 -0.072288983 0.048982870 0.050345026 -0.002475340 -0.003791574 0.998721600
1341846364.966047 -0.112248927 -0.066095456 0.037721660 0.051230568 -0.000238065 -0.005155821 0.998673499
1341846364.998055 -0.103666589 -0.060526446 0.031843886 0.048324801 0.001505902 -0.006015957 0.998812437
1341846365.034125 -0.099702232 -0.062860250 0.031573903 0.042409200 0.000023362 -0.004648155 0.999089479
1341846365.066106 -0.082768552 -0.064682171 0.032439690 0.037851915 -0.002883323 -0.006039189 0.999260962
1341846365.101953 -0.060051713 -0.064566508 0.020626577 0.036473602 -0.000796531 -0.012538515 0.999255598
1341846365.133922 -0.052596368 -0.060005650 0.031481531 0.034022022 0.005501487 -0.020637315 0.999192834
1341846365.165953 -0.040663447 -0.068631522 0.027041540 0.030400591 0.007937951 -0.022449216 0.999254107
1341846365.201856 -0.022859009 -0.073595092 0.021937594 0.029786929 0.010020530 -0.025022551 0.999192774
1341846365.234093 -0.001687544 -0.077096976 0.026237953 0.031102028 0.014451533 -0.023598026 0.999133050
1341846365.266094 0.010639567 -0.085498348 0.028685292 0.033506561 0.019456293 -0.017240403 0.999100327
1341846365.302078 0.017221782 -0.085079111 0.023019679 0.040128492 0.024156092 -0.014246603 0.998800874
1341846365.334027 0.050159227 -0.082449429 0.000380694 0.044561543 0.027184349 -0.011812373 0.998566806
1341846365.369945 0.068440519 -0.083351590 -0.005939886 0.046830114 0.032766134 -0.009458944 0.998320460
1341846365.401963 0.062007323 -0.078752413 0.008843257 0.049124021 0.038429853 -0.008536592 0.998016536
1341846365.434082 0.073585995 -0.072703891 0.008986695 0.049567372 0.042219691 -0.011049882 0.997816801
1341846365.469939 0.082749598 -0.057971135 0.013253264 0.046267860 0.050090592 -0.014934366 0.997560561
1341846365.502100 0.094865009 -0.065934263 0.021519899 0.038221948 0.053876106 -0.011153574 0.997753441
1341846365.533844 0.106557153 -0.077588663 0.017200425 0.035460159 0.052990064 -0.006149405 0.997946262
1341846365.569876 0.100029401 -0.076475091 0.034663733 0.037609108 0.052158877 -0.005158342 0.997916996
1341846365.601930 0.108389892 -0.071141332 0.035727948 0.036994893 0.051366899 -0.001682005 0.997992933
1341846365.637899 0.126130268 -0.077570319 0.034794759 0.034944575 0.050828334 0.002192465 0.998093426
1341846365.669890 0.127883032 -0.069235533 0.026250778 0.035228435 0.052169733 0.003200607 0.998011470
1341846365.701977 0.145021901 -0.066434599 0.022474520 0.032483630 0.050950911 0.003819794 0.998165429
1341846365.738098 0.156673968 -0.078265071 0.032860689 0.030969324 0.053047869 0.003241581 0.998106301
1341846365.770026 0.171477109 -0.081475794 0.018211825 0.032948859 0.054405626 0.004100565 0.997966707
1341846365.805834 0.169819862 -0.079869367 0.023568118 0.036042277 0.053736504 0.005674322 0.997888327
1341846365.837937 0.182845652 -0.077212982 0.020909412 0.037869867 0.050606105 0.007383832 0.997973144
1341846365.869952 0.196831137 -0.072810031 0.015089059 0.039799552 0.050041053 0.008028553 0.997921526
1341846365.906411 0.205601528 -0.064907841 0.011304486 0.039194472 0.048973911 0.006833157 0.998007357
1341846365.938000 0.214415297 -0.071947634 0.014153732 0.036233928 0.048438694 0.009573021 0.998122811
1341846365.970022 0.221477225 -0.076328360 0.012640635 0.037504405 0.047927894 0.014416686 0.998042345
1341846366.006126 0.235819548 -0.071358070 0.005421821 0.039629448 0.046748281 0.019574225 0.997928321
1341846366.043876 0.241702512 -0.065287851 0.014109942 0.040138718 0.047663976 0.023423277 0.997781694
1341846366.076490 0.254965723 -0.060404997 0.002466700 0.039049938 0.049075853 0.026375579 0.997682810
1341846366.111888 0.268541902 -0.055057667 -0.002264590 0.035550643 0.052779134 0.027696654 0.997588813
1341846366.143907 0.278364152 -0.053512432 0.010406520 0.031053109 0.057733234 0.029579356 0.997410476
1341846366.176044 0.279800326 -0.057140883 0.008435867 0.026521619 0.060674742 0.033933241 0.997228026
1341846366.212022 0.288817823 -0.056357931 -0.001510094 0.024619879 0.059935514 0.039037317 0.997134745
1341846366.243981 0.303435415 -0.051023804 -0.010590396 0.023771547 0.060935743 0.041543767 0.996993423
1341846366.280032 0.303703278 -0.043034650 -0.002328186 0.021350494 0.063075170 0.042031776 0.996894658
1341846366.344115 0.319162101 -0.045156885 -0.001604503 0.012754202 0.062342137 0.041763425 0.997099102
1341846366.406057 0.333634734 -0.046941087 0.005505898 0.011408193 0.063247845 0.044607326 0.996935189
1341846366.442042 0.340280831 -0.041083708 -0.001036783 0.012800236 0.063429229 0.044363752 0.996917605
1341846366.506117 0.352314115 -0.044206176 -0.008676328 0.012791908 0.065319575 0.047886502 0.996632636
1341846366.542004 0.360700458 -0.036302846 -0.009177066 0.013677366 0.064391039 0.047315992 0.996708512
1341846366.573848 0.369899631 -0.031040482 -0.013634455 0.012579481 0.066050634 0.046477605 0.996653855
1341846366.610058 0.365385085 -0.032237079 -0.013506548 0.010231590 0.068062395 0.047034342 0.996519208
1341846366.642206 0.379603595 -0.031774778 -0.014654724 0.008772693 0.067696497 0.048017416 0.996511221
1341846366.674164 0.382642120 -0.029518027 -0.015152501 0.007851188 0.070137776 0.048286360 0.996337056
1341846366.710207 0.381802738 -0.023615679 -0.016966287 0.005427144 0.070687816 0.050603278 0.996199310
1341846366.741976 0.389228135 -0.022863582 -0.025900429 0.002498143 0.071234204 0.048738137 0.996265054
1341846366.773916 0.409324437 -0.021652697 -0.012450260 0.001432372 0.073175013 0.048766818 0.996125042
1341846366.810122 0.416574597 -0.020132033 -0.009528159 0.001181845 0.073788732 0.052591890 0.995885491
1341846366.841893 0.416260839 -0.019920435 -0.008656695 0.001917230 0.073362790 0.054386254 0.995819449
1341846366.878062 0.422900766 -0.017918736 -0.010964718 0.003439877 0.073706605 0.053315833 0.995847881
1341846366.909933 0.420936167 -0.012950653 -0.016162861 0.004914393 0.076394871 0.054246295 0.995588779
1341846366.941941 0.420689255 -0.006963777 -0.016930852 0.004218486 0.077122606 0.054966003 0.995496392
1341846366.977906 0.434140712 -0.007296491 -0.019565472 0.003268877 0.078102820 0.054170549 0.995467126
1341846367.009852 0.446850955 0.000263593 -0.020658424 0.003461290 0.080799878 0.055447988 0.995180845
1341846367.045944 0.460157186 -0.001683979 -0.020005031 0.003444022 0.083588362 0.057085499 0.994857967
1341846367.077914 0.463479489 -0.000305801 -0.024639405 0.005168541 0.089843936 0.054238230 0.994464457
1341846367.110077 0.469255924 0.009670421 -0.024881525 0.007185236 0.095646404 0.054143332 0.993915796
1341846367.145997 0.471336991 0.004897138 -0.026848232 0.006697591 0.098798349 0.058918718 0.993339121
1341846367.177894 0.478054911 -0.005050815 -0.042866111 0.007366429 0.100574709 0.059671674 0.993111134
1341846367.209903 0.490062624 0.002434623 -0.068116203 0.010324857 0.104726560 0.060914576 0.992580056
1341846367.245970 0.483811200 0.008222089 -0.068449669 0.009301873 0.110750057 0.064603567 0.991702676
1341846367.277966 0.502271533 -0.000580018 -0.047644030 0.007382385 0.111407034 0.069494285 0.991314530
1341846367.314058 0.512282073 0.002844143 -0.054583404 0.009521895 0.112868980 0.070554271 0.991056025
1341846367.346333 0.521569848 0.013955810 -0.064991057 0.010639061 0.117006592 0.070394278 0.990576088
1341846367.378615 0.515566051 0.015137533 -0.062357161 0.008168457 0.119984068 0.074469246 0.989945173
1341846367.413946 0.521611333 0.007247681 -0.066210389 0.005944479 0.120029025 0.075755887 0.989857972
1341846367.446060 0.536403060 0.018077925 -0.067097962 0.006062960 0.121394336 0.076861531 0.989605486
1341846367.478095 0.536434472 0.018213097 -0.064141989 0.003885529 0.124479659 0.081973694 0.988822579
1341846367.514115 0.542472184 0.011884071 -0.061302207 0.003857372 0.123594001 0.086299993 0.988565624
1341846367.546096 0.548062444 0.011801573 -0.063378491 0.007353338 0.123023428 0.087349065 0.988524795
1341846367.581982 0.552746654 0.026366275 -0.066975616 0.010307726 0.123384014 0.089244537 0.988284111
1341846367.613951 0.548902571 0.022088841 -0.075550117 0.007273055 0.123184152 0.092013948 0.988082051
1341846367.645894 0.562689424 0.023589680 -0.084157713 0.006625440 0.121520489 0.090655379 0.988418162
1341846367.682223 0.564153492 0.019386660 -0.083482392 0.006196420 0.124942265 0.090126075 0.988042653
1341846367.714019 0.568850100 0.016779862 -0.084509663 0.006745696 0.126271531 0.092277072 0.987671435
1341846367.745904 0.572149336 0.019502478 -0.083349623 0.008157093 0.127264991 0.093092449 0.987456739
1341846367.781973 0.576004863 0.023298210 -0.086022682 0.009892393 0.128791288 0.093043812 0.987247586
1341846367.813986 0.575914204 0.021807943 -0.093569621 0.008903066 0.130983055 0.094038270 0.986874342
1341846367.850189 0.579813361 0.021076985 -0.093006007 0.008646880 0.133215100 0.091844030 0.986784518
1341846367.881960 0.580498517 0.028297741 -0.094941571 0.008109896 0.134048611 0.093111426 0.986557364
1341846367.914064 0.579390705 0.030550886 -0.096942760 0.005071673 0.134046063 0.093955472 0.986497998
1341846367.950095 0.583244681 0.021026531 -0.091413669 0.002510048 0.135200456 0.094402872 0.986307561
1341846367.981916 0.587040186 0.021487039 -0.095318772 0.004083269 0.137346670 0.092451192 0.986190617
1341846368.017965 0.578558862 0.024562595 -0.090542972 0.003578470 0.139277697 0.094992280 0.985680163
1341846368.050897 0.573787272 0.023900032 -0.084889516 0.003002543 0.138160333 0.095616564 0.985778987
1341846368.082322 0.570534825 0.021495141 -0.092381291 0.002715086 0.138462946 0.091875754 0.986093044
1341846368.118029 0.567598045 0.022508593 -0.092297167 0.002379216 0.138577744 0.092694223 0.986001194
1341846368.150026 0.562891304 0.022965867 -0.082194716 0.001396066 0.137254372 0.094302543 0.986035645
1341846368.181952 0.558092177 0.012280921 -0.084656216 0.002078957 0.136667237 0.092671514 0.986270607
1341846368.217882 0.555741429 0.024763966 -0.086134367 0.004529556 0.136624411 0.092239879 0.986308813
1341846368.250223 0.553995728 0.023569176 -0.083923355 0.001893660 0.136194438 0.093745232 0.986234903
1341846368.286003 0.545266211 0.018519646 -0.078614816 0.000343996 0.137094557 0.091894299 0.986286163
1341846368.317994 0.539066553 0.023765909 -0.075936660 0.000438899 0.135929987 0.090509251 0.986575365
1341846368.350010 0.534425437 0.031532440 -0.069513693 -0.002468167 0.132631049 0.091606125 0.986920059
1341846368.385949 0.523896694 0.023645295 -0.069081239 -0.006351128 0.130186856 0.089532517 0.987418354
1341846368.417845 0.523352087 0.018410807 -0.068592578 -0.007959486 0.127341151 0.086724803 0.988028169
1341846368.450062 0.510246813 0.024506109 -0.053952385 -0.008439144 0.126095682 0.085693762 0.988273859
1341846368.485968 0.502753496 0.016892571 -0.052664999 -0.010496394 0.122528158 0.085240163 0.988742054
1341846368.517939 0.504320621 0.012099264 -0.045221437 -0.010249746 0.118648581 0.083663516 0.989352226
1341846368.554171 0.497034788 0.013555076 -0.044324212 -0.008498244 0.116920985 0.083441399 0.989593267
1341846368.618123 0.481868982 0.013025594 -0.043312438 -0.009836798 0.111407422 0.076962285 0.990741372
1341846368.654302 0.480426937 0.006546819 -0.038607396 -0.010880468 0.110025369 0.074444123 0.991077244
1341846368.685914 0.466450572 -0.000058921 -0.031974602 -0.009985712 0.108536445 0.072586492 0.991388559
1341846368.717980 0.466306329 -0.000746377 -0.034756955 -0.008816514 0.104775004 0.070928350 0.991924226
1341846368.786190 0.453275114 -0.005869319 -0.035348024 -0.005162481 0.103237830 0.070719801 0.992126048
1341846368.821968 0.448248595 -0.003288727 -0.039530236 -0.003461810 0.100335799 0.068188190 0.992608249
1341846368.853991 0.443973362 0.000626426 -0.041109201 -0.003678093 0.100759834 0.063970238 0.992845297
1341846368.885978 0.436940759 -0.008632373 -0.032658301 -0.004946556 0.101263627 0.061267979 0.992958903
1341846368.923221 0.423191220 -0.015498340 -0.026250128 -0.003417994 0.100546665 0.060159724 0.993106008
1341846368.953942 0.415203094 -0.011962206 -0.026779497 -0.000001901 0.098750927 0.057935160 0.993424296
1341846368.986016 0.412564039 -0.008629007 -0.027284123 0.001364523 0.096464753 0.057467055 0.993675113
1341846369.021938 0.403788358 -0.010059785 -0.025471658 0.001426616 0.095757648 0.055847507 0.993835747
1341846369.053927 0.399447381 -0.015564607 -0.033192698 0.001131337 0.095907763 0.051997662 0.994030476
1341846369.090047 0.401144028 -0.017977769 -0.026458984 0.001845732 0.096289277 0.049669821 0.994111598
1341846369.121845 0.387383163 -0.024298571 -0.011089889 0.003331691 0.097069830 0.048831727 0.994073331
1341846369.154351 0.379701823 -0.029301228 -0.011078338 0.007141708 0.095531248 0.049921583 0.994148195
1341846369.189885 0.375113189 -0.020352205 -0.018564060 0.011173868 0.094891958 0.047714774 0.994280636
1341846369.222188 0.370735407 -0.017217318 -0.018346533 0.010411806 0.096364908 0.045004003 0.994273603
1341846369.257947 0.361135483 -0.028648864 -0.012843570 0.009564509 0.097856149 0.043722160 0.994193673
1341846369.289994 0.353709757 -0.032628763 -0.014034829 0.011829232 0.097541273 0.043943737 0.994190514
1341846369.322196 0.348712295 -0.030139865 -0.012737390 0.014753282 0.097756505 0.044764366 0.994093657
1341846369.357830 0.342345983 -0.026982013 -0.015111099 0.015395130 0.099163592 0.043876715 0.993984103
1341846369.390267 0.331442356 -0.031161711 -0.011452371 0.014972973 0.100302063 0.042385742 0.993941009
1341846369.422057 0.323278695 -0.030904232 -0.008004964 0.015474621 0.100546680 0.041733164 0.993936241
1341846369.457950 0.313484401 -0.035339691 -0.003824619 0.015711049 0.100893058 0.041866206 0.993891835
1341846369.490144 0.297505230 -0.039395809 -0.006727102 0.017347565 0.099405900 0.042700939 0.993978977
1341846369.526405 0.288722217 -0.035376299 -0.006220617 0.019129872 0.096933834 0.042901762 0.994181752
1341846369.557969 0.274967939 -0.039389178 -0.000719042 0.019012524 0.095033467 0.043466769 0.994342923
1341846369.590093 0.266606897 -0.042062622 -0.002286243 0.020485209 0.091408722 0.044832546 0.994592786
1341846369.625895 0.255094051 -0.039548315 -0.003378637 0.022029577 0.089247301 0.045155618 0.994741499
1341846369.657961 0.249363631 -0.036883075 -0.000674648 0.021743450 0.087189421 0.045509186 0.994914114
1341846369.690135 0.236773521 -0.041891020 0.001041283 0.021708295 0.085739166 0.046932630 0.994974792
1341846369.726074 0.224532202 -0.042377781 -0.002102395 0.023838583 0.082331531 0.048953496 0.995116472
1341846369.757962 0.211756706 -0.037487801 -0.000771099 0.025566617 0.079301730 0.049795005 0.995277882
1341846369.793964 0.201127365 -0.036369540 0.001228009 0.025587859 0.077405281 0.050546564 0.995388746
1341846369.826161 0.188502565 -0.036748137 -0.002121834 0.024698015 0.075055771 0.051473275 0.995543599
1341846369.858015 0.182196721 -0.039465956 -0.001258894 0.024515079 0.071061917 0.051251825 0.995852590
1341846369.893954 0.172760442 -0.037033629 0.003954139 0.024952255 0.068690300 0.052088864 0.995964706
1341846369.926051 0.157011122 -0.037995834 0.003477720 0.024189647 0.066960767 0.051713426 0.996120870
1341846369.958062 0.139119744 -0.040304538 -0.005118858 0.023763126 0.063023672 0.049143203 0.996518075
1341846369.994037 0.135724217 -0.039672598 0.007895379 0.023783568 0.058634851 0.047753632 0.996852994
1341846370.026058 0.128065974 -0.044025589 0.006024203 0.024154536 0.056673478 0.048010834 0.996945143
1341846370.062000 0.105867989 -0.036378760 0.000071655 0.025048621 0.052853540 0.049622349 0.997053981
1341846370.094135 0.107827559 -0.034879670 0.013876812 0.023422161 0.047945321 0.051031843 0.997270465
1341846370.126153 0.109645195 -0.040731862 0.013049302 0.022669669 0.046935767 0.050033521 0.997386456
1341846370.162082 0.095027663 -0.037149213 0.015352851 0.024093932 0.047851827 0.051642846 0.997227490
1341846370.194044 0.086870641 -0.038552020 0.020389173 0.023722099 0.046092290 0.054256435 0.997180521
1341846370.230152 0.083327010 -0.040280160 0.022652641 0.025548259 0.045356601 0.054946128 0.997131348
1341846370.262175 0.078188665 -0.038249284 0.019399816 0.026763119 0.046176542 0.053599849 0.997135162
1341846370.294216 0.066090114 -0.038474377 0.020239832 0.027354125 0.047880616 0.050400469 0.997205555
1341846370.329892 0.053170383 -0.040944215 0.023943286 0.026955880 0.046297457 0.045894869 0.997508705
1341846370.361939 0.047760565 -0.044441320 0.024224248 0.027500093 0.044329721 0.042084269 0.997751236
1341846370.394073 0.034208938 -0.041503150 0.017115938 0.029012328 0.042157143 0.041315135 0.997834682
1341846370.429985 0.023903780 -0.033822797 0.007798988 0.029384544 0.036116060 0.040700391 0.998085976
1341846370.462095 0.015585724 -0.026965991 0.017446358 0.027533643 0.030877482 0.038925089 0.998385370
1341846370.498034 0.013301748 -0.024780953 0.025315724 0.024411064 0.026302636 0.039001912 0.998594582
1341846370.530176 0.007843005 -0.023658048 0.024884041 0.021131665 0.023592416 0.039849833 0.998703599
1341846370.561949 -0.003474201 -0.018915875 0.015572251 0.017923292 0.020422906 0.040159464 0.998823762
1341846370.597989 -0.003554852 -0.021881156 0.021012450 0.012201385 0.016511774 0.042620219 0.998880386
1341846370.629913 -0.006164283 -0.030119075 0.026718402 0.007390407 0.016699675 0.042351138 0.998935938
1341846370.662062 -0.014199866 -0.033122323 0.019813528 0.006084486 0.016164191 0.042465553 0.998948634
1341846370.697981 -0.016839731 -0.029457431 0.022253802 0.003809116 0.015024483 0.042155083 0.998990893
1341846370.730015 -0.015682757 -0.040271226 0.024872942 0.000393930 0.014940767 0.039643053 0.999102116
1341846370.766182 -0.013912012 -0.046616320 0.016799955 0.000815315 0.017465554 0.036854275 0.999167681
1341846370.797966 -0.019212596 -0.041530259 0.012439457 -0.000848419 0.019986033 0.035289709 0.999176919
1341846370.830023 -0.022856612 -0.060267542 0.017857380 -0.004956649 0.020963883 0.033029739 0.999222219
1341846370.866186 -0.019491650 -0.068859711 0.014840954 -0.002535784 0.021042718 0.033247512 0.999222398
1341846370.897994 -0.022908662 -0.065822273 0.010241700 -0.002474624 0.023369676 0.035180770 0.999104619
1341846370.929983 -0.025963191 -0.085597999 0.010317139 -0.005127222 0.024383986 0.036509883 0.999022603
1341846370.971974 -0.020197012 -0.095916703 0.007262397 -0.001599023 0.024939246 0.036461871 0.999022543
1341846371.034127 -0.022752319 -0.110194974 0.004624539 0.003892345 0.031199532 0.038332656 0.998770297
1341846371.066883 -0.023394978 -0.107404403 0.002531799 0.005652504 0.034137722 0.037213035 0.998708129
1341846371.098209 -0.024409059 -0.115442581 -0.000156058 0.003014828 0.038219884 0.034172371 0.998680353
1341846371.134068 -0.024137074 -0.120767206 0.003202917 0.001670839 0.041314565 0.032021794 0.998631537
1341846371.165993 -0.027809281 -0.125533193 0.001909921 -0.001108317 0.044368330 0.032671839 0.998480260
1341846371.197951 -0.028112048 -0.137767777 -0.001962796 -0.004417781 0.044955730 0.033856615 0.998405337
1341846371.233950 -0.021110963 -0.144964382 -0.004452928 -0.005309071 0.045343731 0.034420598 0.998364151
1341846371.266433 -0.021870058 -0.135945484 -0.015155415 -0.007418281 0.049006660 0.034581844 0.998172045
1341846371.302051 -0.023156960 -0.144618586 -0.012303220 -0.014764370 0.051772527 0.035960563 0.997902036
1341846371.334010 -0.017238196 -0.150446236 -0.014474120 -0.020481838 0.054645363 0.033397678 0.997736931
1341846371.366198 -0.015376784 -0.154873729 -0.015262399 -0.025144875 0.060349420 0.030615786 0.997390747
1341846371.402482 -0.030010069 -0.172761515 -0.004549537 -0.028803088 0.064548209 0.031999905 0.996985435
1341846371.434055 -0.030683052 -0.185116515 -0.005639690 -0.028066324 0.063748501 0.033721484 0.997001112
1341846371.469998 -0.021111913 -0.194735900 -0.011186757 -0.026232710 0.062958889 0.032669328 0.997136295
1341846371.501933 -0.024407538 -0.197990343 -0.018112196 -0.023763197 0.065740518 0.029612413 0.997114122
1341846371.534269 -0.030648356 -0.197991863 -0.020100037 -0.022745017 0.066560276 0.029520083 0.997086227
1341846371.570100 -0.031591967 -0.214262933 -0.018253727 -0.024149401 0.064321518 0.026592409 0.997282505
1341846371.602162 -0.024747321 -0.224889144 -0.023677791 -0.022385942 0.062784098 0.024398685 0.997477710
1341846371.634012 -0.033198919 -0.227602273 -0.025680177 -0.020755012 0.064781539 0.022551004 0.997428715
1341846371.669927 -0.040298410 -0.237302527 -0.027028194 -0.020943319 0.062774979 0.021860180 0.997568429
1341846371.702051 -0.030545015 -0.239202291 -0.035353366 -0.020728640 0.060141582 0.019097695 0.997791886
1341846371.737891 -0.032098740 -0.251447648 -0.033026002 -0.022079326 0.062955111 0.014669778 0.997664273
1341846371.769979 -0.039458543 -0.255276293 -0.028786538 -0.020805653 0.062719911 0.014417305 0.997710109
1341846371.802101 -0.040953264 -0.258041292 -0.029151149 -0.020774042 0.059981164 0.016606506 0.997845113
1341846371.837951 -0.036333710 -0.264252573 -0.029532550 -0.020960489 0.057532884 0.018272074 0.997956276
1341846371.870043 -0.025293857 -0.259544998 -0.038652252 -0.021337429 0.056609228 0.020713026 0.997953415
1341846371.902330 -0.027330000 -0.258787483 -0.040696431 -0.025696767 0.059073206 0.021017089 0.997701526
1341846371.938165 -0.027524553 -0.266083300 -0.039534446 -0.031403638 0.060432229 0.017506544 0.997524559
1341846371.969938 -0.015548023 -0.274205148 -0.053516522 -0.035618085 0.062703662 0.015235913 0.997280061
1341846372.005861 -0.024459185 -0.290342212 -0.040767714 -0.039087135 0.068633780 0.012309825 0.996799886
1341846372.038440 -0.024297712 -0.295012236 -0.040348835 -0.035599887 0.068101630 0.013764458 0.996948004
1341846372.070518 -0.019694524 -0.296438456 -0.043553166 -0.033168260 0.066784777 0.013088360 0.997130036
1341846372.111944 -0.019546511 -0.302512497 -0.040541504 -0.032479454 0.068007007 0.010287709 0.997102976
1341846372.143876 -0.020150118 -0.308538616 -0.032024410 -0.029840868 0.068898208 0.007298050 0.997150600
1341846372.179919 -0.021959543 -0.308777809 -0.033508234 -0.026338298 0.068446279 0.004980848 0.997294605
1341846372.212119 -0.031007424 -0.326063573 -0.035442837 -0.024609411 0.066799834 0.002851486 0.997458756
1341846372.244067 -0.026466437 -0.330830306 -0.031784195 -0.019748708 0.063130602 0.000181100 0.997809827
1341846372.279961 -0.026668329 -0.340086967 -0.030335004 -0.014529555 0.061060295 -0.002435681 0.998025358
1341846372.312076 -0.024695866 -0.341018081 -0.029212678 -0.008057740 0.058320720 -0.005595778 0.998249710
1341846372.347910 -0.022105247 -0.343889087 -0.027823353 -0.003879885 0.055827916 -0.006713171 0.998410285
1341846372.379906 -0.023910765 -0.351887047 -0.029025905 -0.000970797 0.052545410 -0.008105358 0.998585165
1341846372.412137 -0.013551302 -0.353877485 -0.026379203 0.002612897 0.048773576 -0.008188415 0.998772860
1341846372.447783 -0.037969485 -0.361165583 -0.024442222 0.004391914 0.051793322 -0.007401945 0.998620749
1341846372.479920 -0.025617946 -0.372021079 -0.026739955 0.007750247 0.046009023 -0.004591651 0.998900414
1341846372.516195 -0.009790088 -0.367878556 -0.023795666 0.011366951 0.040797014 -0.001322755 0.999101937
1341846372.547915 0.003350372 -0.361711472 -0.026318163 0.011609407 0.040193152 -0.001992007 0.999122500
1341846372.579923 -0.001433530 -0.370121270 -0.020006025 0.009152778 0.041286927 -0.004516763 0.999095201
1341846372.616037 0.000663382 -0.376660377 -0.018884098 0.008302418 0.039635666 -0.002997764 0.999175191
1341846372.647968 0.006797840 -0.375557244 -0.021395501 0.007669575 0.039272819 -0.002905313 0.999194860
1341846372.679953 0.010961183 -0.380755275 -0.018329190 0.005721708 0.040288366 -0.006121570 0.999152958
1341846372.716073 0.013821948 -0.385607392 -0.013925748 0.004817900 0.041522644 -0.005941162 0.999108255
1341846372.747919 0.007853408 -0.392316371 -0.012977860 0.004573951 0.042306054 -0.004585316 0.999083698
1341846372.783912 0.016517133 -0.394485056 -0.015794020 0.005957329 0.040620890 -0.002634995 0.999153376
1341846372.816131 0.024565615 -0.393732876 -0.016161235 0.006865927 0.042265404 -0.000968877 0.999082327
1341846372.848115 0.017635021 -0.392943680 -0.009284990 0.006944951 0.044820234 0.001942427 0.998969018
1341846372.884003 0.020101022 -0.396662086 -0.014966109 0.006666484 0.045439161 0.000522429 0.998944700
1341846372.948016 0.023958264 -0.406827599 -0.008928955 0.006582156 0.051480852 0.000468014 0.998652160
1341846373.010206 0.026584210 -0.421251774 -0.015430168 0.011844661 0.047268730 0.003959904 0.998804152
1341846373.041934 0.037801381 -0.419191003 -0.016226949 0.014905136 0.048379257 0.004134531 0.998709261
1341846373.078079 0.032422706 -0.425115705 -0.014821224 0.016031275 0.051683236 0.003946651 0.998527050
1341846373.110028 0.030120920 -0.430469871 -0.015579973 0.018549034 0.052282739 0.002791671 0.998456120
1341846373.142204 0.034170538 -0.434279114 -0.018478369 0.021140475 0.052604545 0.002971223 0.998387218
1341846373.178121 0.035210613 -0.436131030 -0.018230680 0.023240533 0.053956218 0.004102562 0.998264372
1341846373.210218 0.038191523 -0.441809982 -0.021259569 0.026049599 0.055373441 0.002279402 0.998123229
1341846373.246073 0.040762424 -0.449833870 -0.022391314 0.030203316 0.056721210 0.001990863 0.997931063
1341846373.277962 0.047829587 -0.450027794 -0.027947472 0.035498004 0.057451207 0.003303621 0.997711539
1341846373.310189 0.051479746 -0.450280130 -0.040161945 0.038808651 0.059698280 0.001452979 0.997460723
1341846373.346051 0.056484658 -0.449375957 -0.044984389 0.039130721 0.062986284 -0.000887458 0.997246563
1341846373.377993 0.050391547 -0.452512592 -0.038882144 0.038640771 0.066164739 -0.001444684 0.997059166
1341846373.410038 0.047743190 -0.454770535 -0.037898395 0.038813129 0.067166902 -0.000775993 0.996986270
1341846373.446109 0.046838138 -0.456048399 -0.036963236 0.038765784 0.067529775 -0.002381155 0.996961057
1341846373.478409 0.047185261 -0.462120891 -0.035776526 0.039036293 0.067414992 -0.000993654 0.996960580
1341846373.514006 0.042349905 -0.469189912 -0.041512411 0.040790003 0.066802822 0.001778773 0.996930480
1341846373.546097 0.048156556 -0.461612433 -0.039016720 0.042969279 0.063949101 0.002834239 0.997023642
1341846373.578079 0.059240319 -0.460296214 -0.043144722 0.043106940 0.064372718 0.001726720 0.996992946
1341846373.613978 0.045703772 -0.454280525 -0.039940704 0.043511264 0.067214735 0.000146645 0.996789336
1341846373.646060 0.043738816 -0.448469698 -0.037305217 0.042901475 0.065275863 0.000293934 0.996944547
1341846373.682101 0.055999372 -0.441095710 -0.041678183 0.041667353 0.064634122 0.000633772 0.997038543
1341846373.713942 0.054374445 -0.430065066 -0.039526928 0.038870797 0.067937419 0.001120321 0.996931434
1341846373.746309 0.044423994 -0.423619568 -0.037309114 0.035121076 0.069652453 0.000367634 0.996952832
1341846373.782079 0.039891738 -0.422276109 -0.030314632 0.031726521 0.068932399 0.000171628 0.997116685
1341846373.814899 0.050574865 -0.421939999 -0.033728763 0.030564096 0.068083875 -0.001640671 0.997209966
1341846373.846131 0.039779503 -0.407875121 -0.026246233 0.030985652 0.070554480 -0.004487782 0.997016430
1341846373.882197 0.029834460 -0.397323728 -0.028770965 0.029691491 0.068977803 -0.006355138 0.997156024
1341846373.914066 0.026297165 -0.388293743 -0.028363464 0.027558984 0.065749027 -0.002818200 0.997451603
1341846373.949976 0.030736158 -0.378602326 -0.024424028 0.024979960 0.063858122 0.000390141 0.997646213
1341846373.982090 0.027196264 -0.370273292 -0.024355009 0.022337623 0.063654572 0.001084015 0.997721374
1341846374.014518 0.017227527 -0.359945297 -0.018796787 0.019063495 0.061730023 0.004655246 0.997899950
1341846374.050082 0.018683743 -0.352690220 -0.016004216 0.015657376 0.058139231 0.007684684 0.998156130
1341846374.082248 0.021174017 -0.353231668 -0.017160933 0.012354407 0.056167889 0.008303110 0.998310387
1341846374.114063 0.020551877 -0.341678470 -0.020245330 0.010478704 0.056922857 0.008617242 0.998286366
1341846374.150230 0.009023694 -0.347282916 -0.014843990 0.007304606 0.057035327 0.008574210 0.998308599
1341846374.181949 0.007837748 -0.341098905 -0.009939270 0.008517977 0.054682296 0.009549906 0.998421788
1341846374.217985 0.012074498 -0.334656656 -0.011028801 0.010034042 0.052916192 0.012706341 0.998467684
1341846374.250018 0.011472581 -0.315249592 -0.013238181 0.011248490 0.053696770 0.013823828 0.998398185
1341846374.281921 0.006340512 -0.299831539 -0.013673573 0.009143826 0.054812860 0.012630510 0.998374879
1341846374.318502 0.005966023 -0.295333415 -0.013459776 0.005831931 0.055175841 0.012067119 0.998386681
1341846374.350047 0.005029178 -0.280432731 -0.012066966 0.003002034 0.056666899 0.012721753 0.998307526
1341846374.382011 -0.005476651 -0.278852314 -0.009617165 -0.000861001 0.057457756 0.012232204 0.998272598
1341846374.418020 -0.009958214 -0.270982772 -0.008344135 -0.002143235 0.055730231 0.011815971 0.998373628
1341846374.450160 -0.009534732 -0.262137979 -0.004179311 -0.004035315 0.053856879 0.012445557 0.998462915
1341846374.486170 -0.005686929 -0.253028065 -0.011778424 -0.006194031 0.053088259 0.012461510 0.998492837
1341846374.524087 -0.014912959 -0.245215625 -0.002905088 -0.009637330 0.053579915 0.011316533 0.998452902
1341846374.586056 -0.021101853 -0.232407138 0.002172290 -0.014143771 0.048971571 0.010612189 0.998643637
1341846374.617848 -0.023751531 -0.231489539 0.001633082 -0.016271604 0.046615392 0.012773938 0.998698652
1341846374.654133 -0.026354948 -0.224814981 0.007316795 -0.015709834 0.043709539 0.014980056 0.998808384
1341846374.685940 -0.025471443 -0.214019403 0.007429736 -0.014707985 0.040811811 0.017567730 0.998904109
1341846374.718159 -0.029021971 -0.210690245 0.009809402 -0.014749271 0.038590886 0.020928185 0.998927057
1341846374.754050 -0.028834337 -0.202821538 0.010241231 -0.013514466 0.035355546 0.022598384 0.999027848
1341846374.786226 -0.028100302 -0.189101607 0.011430383 -0.012349740 0.033082239 0.023601064 0.999097645
1341846374.818164 -0.031588629 -0.190955907 0.014430193 -0.012560831 0.032527525 0.022871021 0.999130189
1341846374.854017 -0.037571441 -0.184963346 0.013732759 -0.009795243 0.031506035 0.021759285 0.999218702
1341846374.886253 -0.036158875 -0.178190723 0.019902995 -0.006907121 0.027811583 0.023365257 0.999316216
1341846374.921999 -0.030954188 -0.167981908 0.012831467 -0.003803509 0.025077540 0.023576586 0.999400198
1341846374.953860 -0.036606021 -0.162283778 0.008223760 -0.002141642 0.024042945 0.024472505 0.999409080
1341846374.985929 -0.039469860 -0.155595705 0.011879292 -0.001319873 0.021897784 0.025415303 0.999436259
1341846375.022029 -0.033521961 -0.156130880 0.018115802 0.000502239 0.019169100 0.027505152 0.999437690
1341846375.053968 -0.032450430 -0.151520655 0.013737308 0.004930712 0.017138356 0.031818863 0.999334514
1341846375.085937 -0.033206601 -0.142871976 0.009945530 0.008264265 0.016138276 0.033107340 0.999287307
1341846375.122015 -0.034579452 -0.128290862 0.002078630 0.009428846 0.016313566 0.031242860 0.999334216
1341846375.190345 -0.037020255 -0.125113487 0.006544064 0.004957099 0.022665961 0.025353726 0.999409258
1341846375.222041 -0.039542120 -0.123375118 0.008682320 0.005570816 0.022643207 0.023226960 0.999458253
1341846375.254127 -0.032210208 -0.118735731 0.009932683 0.007598076 0.021885248 0.024173856 0.999439299
1341846375.289892 -0.030962745 -0.117052861 0.013756472 0.010550766 0.023851613 0.024687264 0.999354959
1341846375.322192 -0.038660809 -0.104656920 0.007853961 0.014102533 0.024453251 0.025501715 0.999276161
1341846375.354172 -0.040238228 -0.086915508 0.008785136 0.013423103 0.024347786 0.024195598 0.999320567
1341846375.390033 -0.036825370 -0.076760001 0.011604700 0.008363927 0.025896376 0.020812549 0.999412954
1341846375.422976 -0.043555506 -0.072273724 0.009232217 0.002708725 0.028903445 0.017789027 0.999420226
1341846375.458036 -0.047536861 -0.062173437 0.008188640 -0.001862635 0.027927443 0.016747046 0.999467909
1341846375.489941 -0.040981498 -0.069353744 0.016799536 -0.007256472 0.026719943 0.017697556 0.999459982
1341846375.521981 -0.040663116 -0.073761396 0.020063154 -0.008390836 0.027562005 0.018037606 0.999422133
1341846375.557947 -0.045970071 -0.068572313 0.021860154 -0.006189032 0.026516400 0.021892218 0.999389470
1341846375.590116 -0.045517948 -0.063434735 0.027628081 -0.003631264 0.023321919 0.026663225 0.999365807
1341846375.622399 -0.036903948 -0.058306325 0.025545720 -0.000196608 0.021925446 0.028677849 0.999348164
1341846375.658264 -0.036733724 -0.054269478 0.027608432 0.003395740 0.023741053 0.029647959 0.999272645
1341846375.690116 -0.044154912 -0.051555775 0.026868869 0.007855527 0.023365399 0.034878749 0.999087512
1341846375.726080 -0.033592332 -0.041079253 0.030057091 0.016423438 0.020453064 0.040355768 0.998840988
1341846375.757947 -0.039402440 -0.033765104 0.029014895 0.023803238 0.020828309 0.043609917 0.998547852
1341846375.789914 -0.039683390 -0.021823764 0.032926910 0.030477386 0.018912278 0.047185216 0.998241961
1341846375.826111 -0.040643908 -0.002474900 0.035631314 0.034201991 0.017391743 0.045698445 0.998218119
1341846375.858282 -0.049495224 0.025680555 0.032475434 0.032632623 0.016403368 0.041923922 0.998453021
1341846375.893889 -0.043802775 0.027763069 0.045224577 0.021110401 0.012427265 0.041631855 0.998832643
1341846375.926121 -0.043086227 0.045220710 0.049351353 0.015896482 0.012170769 0.038428374 0.999060750
1341846375.958089 -0.042553131 0.054524515 0.051968299 0.010757377 0.012484911 0.039226655 0.999094427
1341846375.994060 -0.044606805 0.058891624 0.058915883 0.006749366 0.013275758 0.038985014 0.999128819
1341846376.026115 -0.038955465 0.062522441 0.060691010 0.005254221 0.014751614 0.040793512 0.999044895
1341846376.057999 -0.041106045 0.072122924 0.065095909 0.006085061 0.016874800 0.041744959 0.998967230
1341846376.094015 -0.040294539 0.085759476 0.069455549 0.006212506 0.018953079 0.043259453 0.998864770
1341846376.126126 -0.037895877 0.100845933 0.069948316 0.006449865 0.022427211 0.042872991 0.998807967
1341846376.162125 -0.042069912 0.113900878 0.073865026 0.004356480 0.026490739 0.042297099 0.998744309
1341846376.194033 -0.048528954 0.119248711 0.081799977 0.001348576 0.028533876 0.042337917 0.998694897
1341846376.226110 -0.049284145 0.122217640 0.081270374 -0.001647168 0.028015429 0.045198452 0.998583734
1341846376.262088 -0.048212126 0.125379816 0.088591538 -0.002246020 0.026742324 0.048746791 0.998450577
1341846376.293911 -0.046823468 0.129428670 0.089829117 -0.000470818 0.026978763 0.050771598 0.998345733
1341846376.326088 -0.049156982 0.135635406 0.089406118 0.001805300 0.027277516 0.053002406 0.998220146
1341846376.362076 -0.052218258 0.147411495 0.089562602 0.003213745 0.025963271 0.054580837 0.998166561
1341846376.393924 -0.046236210 0.149636090 0.095399268 0.002101338 0.024460457 0.053225104 0.998280704
1341846376.429909 -0.046611782 0.159615055 0.098402329 0.002700693 0.026986580 0.048354905 0.998461962
1341846376.462224 -0.051757693 0.165011778 0.099189892 0.000803570 0.028691797 0.044840209 0.998581767
1341846376.494092 -0.051262110 0.165399939 0.102085292 -0.000906831 0.027665522 0.045221463 0.998593390
1341846376.529992 -0.048743751 0.172410116 0.103077695 -0.000322517 0.027381193 0.044988964 0.998612106
1341846376.562034 -0.047407433 0.180421099 0.106238030 -0.000491943 0.028534649 0.043587659 0.998641908
1341846376.594092 -0.049400970 0.186094701 0.106208615 -0.001536440 0.029944090 0.043342803 0.998610258
1341846376.630016 -0.047411993 0.195192948 0.109628826 -0.002425949 0.030148515 0.042051747 0.998657525
1341846376.662132 -0.043841317 0.198136374 0.112072982 -0.003717662 0.032138582 0.039970245 0.998676956
1341846376.697981 -0.050152857 0.205791444 0.113185912 -0.003954909 0.035010424 0.040124189 0.998573303
1341846376.730128 -0.048163220 0.211004198 0.117181487 -0.004119946 0.035506569 0.040477812 0.998540878
1341846376.762061 -0.048039887 0.221833974 0.116296254 -0.004088435 0.036390379 0.040287990 0.998516858
1341846376.797939 -0.048978146 0.232625514 0.115405209 -0.006252186 0.036310740 0.038870659 0.998564720
1341846376.829920 -0.048622377 0.238345310 0.119340725 -0.009750878 0.037131593 0.040329158 0.998448670
1341846376.866170 -0.052948564 0.249323040 0.120627582 -0.011670069 0.037205651 0.043458976 0.998293996
1341846376.898026 -0.047801707 0.260991842 0.124908373 -0.015020126 0.035289723 0.043554772 0.998314619
1341846376.930139 -0.040670920 0.278895408 0.127775937 -0.018017152 0.035837408 0.040533658 0.998372734
1341846376.966511 -0.045952082 0.279066890 0.127293408 -0.026268793 0.040090792 0.038627848 0.998103499
1341846376.997919 -0.047245361 0.285106510 0.129899055 -0.031401262 0.041718286 0.040483210 0.997814953
1341846377.030079 -0.043467853 0.295534611 0.135353506 -0.034010712 0.041864175 0.040675581 0.997715473
1341846377.066212 -0.049634013 0.298540354 0.135787234 -0.037659667 0.043689046 0.041650791 0.997465909
1341846377.097918 -0.049311817 0.304677784 0.139783174 -0.041721411 0.042724598 0.041651897 0.997345984
1341846377.134079 -0.054502167 0.312624514 0.144069910 -0.044222556 0.041993987 0.041884102 0.997259557
1341846377.166160 -0.051912565 0.307290435 0.145430386 -0.049257215 0.036600552 0.043128233 0.997183084
1341846377.197925 -0.054342385 0.324785113 0.143620551 -0.048233092 0.032487165 0.043485209 0.997360110
1341846377.233952 -0.049523648 0.336727917 0.141183525 -0.049905851 0.029988460 0.041370131 0.997446001
1341846377.266486 -0.046967063 0.338062316 0.146691188 -0.053500131 0.031665191 0.038930770 0.997306049
1341846377.298068 -0.051928099 0.344762921 0.142966121 -0.056701437 0.032836869 0.042335626 0.996952534
1341846377.334109 -0.050979815 0.349620759 0.150143623 -0.059974767 0.031039597 0.043447442 0.996770740
1341846377.366029 -0.049702194 0.350048780 0.149508893 -0.061436765 0.031462375 0.041272718 0.996760845
1341846377.401870 -0.050930105 0.349498957 0.148882866 -0.063023575 0.032337490 0.039219148 0.996716678
1341846377.434052 -0.052023135 0.346408457 0.153405756 -0.064385168 0.031642783 0.039370533 0.996645987
1341846377.466127 -0.049148783 0.340797752 0.147441804 -0.062885597 0.031867426 0.039398331 0.996733487
1341846377.502027 -0.045093458 0.346158236 0.143646270 -0.060259420 0.031863824 0.036198363 0.997017145
1341846377.534114 -0.043734398 0.339523137 0.145012021 -0.060048185 0.034451135 0.032619152 0.997067332
1341846377.566085 -0.045001138 0.322362602 0.141134337 -0.060167074 0.036061142 0.033958487 0.996958554
1341846377.602113 -0.043016948 0.316247612 0.139210433 -0.058277033 0.035319999 0.034958169 0.997062802
1341846377.633912 -0.038544510 0.304638982 0.142892182 -0.053090647 0.035760224 0.033105079 0.997399926
1341846377.676329 -0.045464057 0.304025978 0.135530517 -0.048060074 0.038074065 0.031326979 0.997626781
1341846377.743964 -0.038348313 0.274291873 0.135224238 -0.042923037 0.034659237 0.028970061 0.998056650
1341846377.802535 -0.039423734 0.261624306 0.124935202 -0.041265942 0.034406755 0.028816696 0.998139679
1341846377.835932 -0.039444499 0.236173615 0.128376111 -0.037431695 0.036023766 0.029708866 0.998207688
1341846377.872063 -0.053523671 0.234845713 0.120743185 -0.035104994 0.034399301 0.039702937 0.998001993
1341846377.902201 -0.044838291 0.232219517 0.134513855 -0.034343857 0.027268467 0.039775461 0.998245895
1341846377.939383 -0.038372383 0.233101487 0.138022915 -0.028708909 0.030379521 0.031225819 0.998637974
1341846377.970635 -0.046192575 0.219152510 0.116416000 -0.032502312 0.033099692 0.034002785 0.998344541
1341846378.002401 -0.041319881 0.199035600 0.119128227 -0.037176330 0.026225761 0.035421666 0.998336315
1341846378.038883 -0.037715454 0.192286000 0.115112387 -0.033127129 0.027123945 0.032124914 0.998566389
1341846378.106524 -0.037442628 0.174787045 0.112187676 -0.035932783 0.026775366 0.029271316 0.998566508
1341846378.138114 -0.033813503 0.165104955 0.111004628 -0.034500003 0.027332600 0.024648201 0.998726726
1341846378.170157 -0.035060499 0.160119712 0.102280676 -0.033519890 0.029215649 0.017365810 0.998860002
1341846378.206045 -0.036126826 0.145165518 0.101897933 -0.036576316 0.030246420 0.012835495 0.998790562
1341846378.238081 -0.035190374 0.122212015 0.106044181 -0.037602562 0.030328916 0.011927291 0.998761177
1341846378.275916 -0.032109179 0.117614195 0.103748284 -0.033699561 0.030202540 0.010271013 0.998922706
1341846378.312389 -0.029160853 0.108274549 0.102185160 -0.033072431 0.032203924 0.007507957 0.998905778
1341846378.344267 -0.029637769 0.088448375 0.104718871 -0.032370515 0.035101879 0.003605267 0.998852849
1341846378.376036 -0.028513219 0.074709915 0.092108868 -0.029528366 0.036264244 0.005754303 0.998889327
1341846378.411936 -0.026705977 0.074069157 0.090928875 -0.027059175 0.037407462 0.003830346 0.998926342
1341846378.444079 -0.028597178 0.060073160 0.091037676 -0.026350893 0.040578227 -0.000418413 0.998828709
1341846378.480041 -0.029161496 0.050027996 0.079424232 -0.025854126 0.040630616 -0.001477735 0.998838544
1341846378.512023 -0.028241083 0.040616978 0.084695846 -0.026166549 0.038539827 -0.002918492 0.998910129
1341846378.543975 -0.023771992 0.030910902 0.083020352 -0.022855466 0.040631279 -0.009944752 0.998863280
1341846378.579973 -0.024548620 0.019222835 0.078117996 -0.020965224 0.042740472 -0.012332713 0.998790085
1341846378.612676 -0.024220280 0.008739162 0.080031969 -0.018769555 0.042946514 -0.013825206 0.998805344
1341846378.643945 -0.020761495 -0.004783343 0.068187781 -0.015770698 0.045223940 -0.013909868 0.998755515
1341846378.679954 -0.028551782 -0.008069156 0.074439690 -0.011363600 0.047043316 -0.015169675 0.998713017
1341846378.742199 -0.012138704 -0.026450157 0.049513038 -0.007016373 0.049497444 -0.018148016 0.998584688
1341846378.774089 -0.014781815 -0.037500553 0.034771800 -0.002330593 0.054452240 -0.020546122 0.998302281
1341846378.805994 -0.020704087 -0.043154698 0.047032412 0.001376546 0.055052187 -0.019700481 0.998288155
1341846378.842121 -0.016632730 -0.045683376 0.042960733 0.003640779 0.055770751 -0.021900978 0.998196721
1341846378.874022 -0.013916119 -0.053712599 0.040553480 0.006000480 0.058061402 -0.024497928 0.997994363
1341846378.911788 -0.017484246 -0.058391653 0.049643483 0.008920649 0.060080092 -0.023564801 0.997875512
1341846378.974034 -0.015666651 -0.077735484 0.044710733 0.012299553 0.061340500 -0.025930148 0.997704208
1341846379.009977 -0.017487075 -0.081448868 0.046554033 0.014924995 0.063912883 -0.024713578 0.997537792
1341846379.041991 -0.014853466 -0.092666328 0.040874757 0.015491433 0.064714298 -0.026254807 0.997438073
1341846379.078155 -0.014467730 -0.097761206 0.037669092 0.016929153 0.066757143 -0.031395774 0.997131467
1341846379.109871 -0.016107503 -0.104246937 0.038329072 0.017587230 0.067457132 -0.031191645 0.997079372
1341846379.142034 -0.016545426 -0.120843425 0.040377144 0.016261825 0.067570530 -0.031323690 0.997090042
1341846379.178080 0.002169369 -0.132687777 0.058257923 0.019216934 0.067985103 -0.035202146 0.996879876
1341846379.209979 0.019002279 -0.133760661 0.059554610 0.026916405 0.066420831 -0.033548605 0.996864259
1341846379.242047 -0.016985232 -0.162034035 0.036763690 0.030510282 0.067938335 -0.035183825 0.996602058
1341846379.278304 -0.004773235 -0.182039008 0.035373047 0.034778692 0.064829826 -0.037014108 0.996603012
1341846379.310076 -0.005890439 -0.184928253 0.031962585 0.043748524 0.069279417 -0.042564277 0.995728195
1341846379.346166 0.006064820 -0.176359847 0.045502655 0.053552926 0.070350856 -0.037164394 0.995390177
1341846379.377944 -0.007532151 -0.208445966 0.026558239 0.056984920 0.071524374 -0.038119994 0.995079815
1341846379.409974 0.007575027 -0.197996199 0.041668151 0.068287209 0.072101958 -0.036993340 0.994368970
1341846379.446065 -0.003039988 -0.202345505 0.027671343 0.073014446 0.074589223 -0.035982575 0.993886590
1341846379.478631 0.001215846 -0.201346070 0.023650177 0.073367596 0.073453821 -0.034547299 0.993996084
1341846379.511214 0.008615073 -0.206110507 0.017338641 0.071862057 0.074432909 -0.037178464 0.993938327
1341846379.546204 -0.002027018 -0.213783264 0.025915097 0.073482402 0.077016041 -0.036296856 0.993655622
1341846379.578217 -0.010024733 -0.203772515 0.026343925 0.075304471 0.073128350 -0.032684073 0.993938267
1341846379.614096 0.001534921 -0.210528791 0.016191803 0.072640330 0.069746658 -0.031340554 0.994422734
1341846379.646030 0.001649870 -0.205329224 0.020121804 0.071155787 0.071979135 -0.031866662 0.994354248
1341846379.678830 -0.008996846 -0.206493616 0.021264529 0.068630993 0.072054282 -0.029721173 0.994592667
1341846379.714071 -0.007612641 -0.203910828 0.022340355 0.066893809 0.068398729 -0.026478862 0.995060623
1341846379.746082 0.002162861 -0.202981576 0.019853950 0.064993471 0.067860000 -0.025646092 0.995245278
1341846379.778087 -0.005927798 -0.189334229 0.029825522 0.063429698 0.069743030 -0.022700267 0.995287538
1341846379.813931 -0.011892719 -0.183317319 0.027580362 0.059060171 0.067407042 -0.020485692 0.995765328
1341846379.845927 -0.004266588 -0.179369166 0.027134320 0.054678764 0.065472059 -0.018593810 0.996181667
1341846379.881893 -0.005295344 -0.172237366 0.039248668 0.050305326 0.066433728 -0.017559690 0.996367157
1341846379.913954 -0.011324124 -0.165493146 0.039521977 0.043193795 0.065571226 -0.015268020 0.996795654
1341846379.946050 -0.010289125 -0.159637660 0.044777699 0.035914432 0.063276812 -0.012168594 0.997275352
1341846379.981969 -0.014902967 -0.158360139 0.047466844 0.030655572 0.062049113 -0.009672858 0.997555315
1341846380.013935 -0.017321268 -0.150824666 0.043753039 0.026325600 0.058905855 -0.005022911 0.997903705
1341846380.046124 -0.014493170 -0.138682187 0.050783560 0.020299748 0.056091014 -0.001066404 0.998218715
1341846380.082142 -0.009599915 -0.130993307 0.054476906 0.014833591 0.055702265 -0.001075603 0.998336613
1341846380.114330 -0.014454482 -0.133835182 0.057783663 0.009445016 0.057074223 0.000478365 0.998325109
1341846380.150278 -0.021309674 -0.133573756 0.065741301 0.007186167 0.055781987 0.003947609 0.998409331
1341846380.182030 -0.015016294 -0.123075634 0.065009132 0.008460667 0.053784266 0.006460479 0.998495817
1341846380.213908 -0.017948315 -0.104689345 0.066046111 0.007900814 0.054148272 0.006016854 0.998483539
1341846380.250090 -0.021649318 -0.076461017 0.065577477 0.001226224 0.055780496 0.002835099 0.998438239
1341846380.281996 -0.020423131 -0.080109112 0.074471891 -0.008245202 0.060675249 0.000316639 0.998123467
1341846380.318009 -0.020553065 -0.063090146 0.073567100 -0.011798681 0.064006016 0.001595937 0.997878492
1341846380.350031 -0.021203974 -0.051862027 0.075460643 -0.017521061 0.065185539 0.006680966 0.997696936
1341846380.382297 -0.015350954 -0.044128709 0.080144428 -0.021868177 0.065221705 0.009933452 0.997581720
1341846380.418020 -0.007362027 -0.035272196 0.073777951 -0.025336135 0.065314844 0.012105955 0.997469544
1341846380.450059 -0.015282016 -0.015941372 0.082448401 -0.032868385 0.061645318 0.023483267 0.997280359
1341846380.481987 -0.013054498 -0.004024274 0.079303816 -0.040524293 0.055262573 0.026977308 0.997284353
1341846380.518026 -0.007684320 -0.000446474 0.081964247 -0.045659944 0.052431583 0.024222443 0.997286022
1341846380.549973 -0.010673934 0.002564438 0.088359803 -0.048677314 0.051689696 0.025842577 0.997141361
1341846380.585876 -0.010625978 0.005114770 0.088325799 -0.049462911 0.047038551 0.027464861 0.997289538
1341846380.617833 -0.002720725 0.004317108 0.089600027 -0.048904486 0.043160051 0.027536176 0.997490525
1341846380.650010 -0.003867064 0.008682600 0.087182276 -0.045122996 0.042917274 0.024558829 0.997756958
1341846380.686058 -0.006717657 0.014342885 0.081407934 -0.041899979 0.041618031 0.023714803 0.997972906
1341846380.718154 -0.009216536 0.014251616 0.080103599 -0.039750263 0.040540390 0.023337765 0.998114109
1341846380.750063 0.003346133 0.004029937 0.077762358 -0.036097512 0.038617764 0.023207635 0.998332143
1341846380.785897 -0.000175663 0.026887525 0.079305187 -0.027831443 0.039626695 0.024737062 0.998520494
1341846380.818263 -0.008416514 0.035082009 0.076339312 -0.026383094 0.037024610 0.026475668 0.998615146
1341846380.854055 -0.003923978 0.024322504 0.073483177 -0.026769068 0.033909939 0.024121968 0.998775125
1341846380.886150 -0.001977513 0.033503518 0.085819185 -0.021288499 0.033278994 0.022909787 0.998956680
1341846380.918124 -0.011144534 0.041010041 0.091294639 -0.020718105 0.029931363 0.026043449 0.998997808
1341846380.954125 -0.003591155 0.034817893 0.094760135 -0.021514628 0.024083609 0.023383519 0.999204814
1341846380.985985 0.007263204 0.030938186 0.093048826 -0.020870894 0.024341639 0.020745246 0.999270499
1341846381.018098 0.002359803 0.038052790 0.108892575 -0.019066511 0.025811605 0.021080310 0.999262631
1341846381.054072 0.004262669 0.030770792 0.114745960 -0.018862454 0.022535242 0.022296906 0.999319375
1341846381.086074 0.014067003 0.022570757 0.119710900 -0.014560707 0.021647336 0.022961790 0.999395907
1341846381.122035 0.011666693 0.033204380 0.131540447 -0.011229458 0.023108041 0.024836810 0.999361336
1341846381.159808 0.014552450 0.032329682 0.140050873 -0.011910641 0.022582747 0.023837272 0.999389768
1341846381.222118 0.025991410 0.040779319 0.158330008 -0.010708494 0.025492489 0.025690388 0.999287486
1341846381.254198 0.042118493 0.034103714 0.164958209 -0.013920906 0.027305821 0.025243919 0.999211371
1341846381.289977 0.048876416 0.029359156 0.183715329 -0.013677909 0.034027882 0.025681430 0.998997211
1341846381.322365 0.042269077 0.043974813 0.198720604 -0.011739841 0.037920628 0.030872600 0.998734772
1341846381.353963 0.047614001 0.044585947 0.210606679 -0.013887095 0.038431868 0.035348527 0.998539209
1341846381.389983 0.065385826 0.041851714 0.209033206 -0.016196221 0.040783603 0.035305239 0.998412728
1341846381.421973 0.055410471 0.047390413 0.228665411 -0.019734625 0.048798677 0.038518015 0.997870564
1341846381.454108 0.054349206 0.043705247 0.250354677 -0.022971664 0.050625078 0.039417546 0.997675121
1341846381.489891 0.070436984 0.033298377 0.261297584 -0.021977987 0.052349567 0.041658945 0.997517467
1341846381.521988 0.070844106 0.034139048 0.272178560 -0.016448885 0.056677062 0.047478352 0.997127354
1341846381.558072 0.075907983 0.034647450 0.280960321 -0.013498693 0.059230812 0.050626852 0.996868312
1341846381.589879 0.082245052 0.038365524 0.287483513 -0.011800327 0.062600695 0.049151849 0.996757746
1341846381.622018 0.087418772 0.043011006 0.303213716 -0.012220431 0.066316061 0.047191270 0.996607184
1341846381.657894 0.087790713 0.029401222 0.316770047 -0.014360470 0.070287779 0.043320317 0.996482193
1341846381.689870 0.094401225 0.026562782 0.334564000 -0.009691442 0.072821468 0.042315912 0.996399760
1341846381.722338 0.097948976 0.037464436 0.340972900 -0.006031734 0.075176872 0.043710254 0.996193469
1341846381.758166 0.098770186 0.031750366 0.353962719 -0.006702221 0.077223279 0.042350341 0.996091425
1341846381.790889 0.107206441 0.028138066 0.363890678 -0.005350279 0.078135028 0.041218098 0.996075988
1341846381.826591 0.112731226 0.032048460 0.379253983 -0.002061063 0.080864079 0.040900454 0.995883465
1341846381.859589 0.105299629 0.028768355 0.388395697 -0.001297919 0.081517294 0.041525666 0.995805621
1341846381.890538 0.108461142 0.024748709 0.400362045 -0.000110003 0.076874308 0.042388156 0.996139348
1341846381.926191 0.113005973 0.032297440 0.408040911 0.001516967 0.074650668 0.040347937 0.996392012
1341846381.958121 0.112119190 0.042120505 0.414565355 -0.000671413 0.071597494 0.039120685 0.996665895
1341846381.990050 0.105640322 0.036148675 0.420739800 -0.005993681 0.064879052 0.040564660 0.997050285
1341846382.026007 0.120652221 0.033827532 0.433274359 -0.010044214 0.058995634 0.035449095 0.997578084
1341846382.059217 0.120267697 0.034902234 0.446135789 -0.015702154 0.059510555 0.030634817 0.997633934
1341846382.094090 0.116066583 0.030500352 0.464310497 -0.021190207 0.057988707 0.031429961 0.997597337
1341846382.126195 0.132780984 0.026019961 0.479162097 -0.022346927 0.053021483 0.032570425 0.997811854
1341846382.158170 0.134215742 0.027248560 0.486773759 -0.021929463 0.054432552 0.032993793 0.997731268
1341846382.194097 0.136003852 0.025590912 0.497282028 -0.023109239 0.055180121 0.034954488 0.997596741
1341846382.226010 0.138967782 0.023969613 0.511186063 -0.023144232 0.054683018 0.037949137 0.997513890
1341846382.258172 0.146193564 0.019466903 0.519169450 -0.023797374 0.054464173 0.036949553 0.997548044
1341846382.294020 0.144943461 0.020378986 0.530502200 -0.023490872 0.057554390 0.034779511 0.997459769
1341846382.325957 0.133981213 0.025088655 0.549823642 -0.023216633 0.059125330 0.032233559 0.997459888
1341846382.361974 0.138627335 0.017446557 0.562062740 -0.025428083 0.056819528 0.031299528 0.997569680
1341846382.393888 0.142290384 0.013076227 0.572613716 -0.024611834 0.054561693 0.029652145 0.997766495
1341846382.425972 0.139794245 0.016586957 0.587596238 -0.023827467 0.054137062 0.026120313 0.997907400
1341846382.462037 0.133697316 0.018130064 0.593840599 -0.024498984 0.053600084 0.021152021 0.998037815
1341846382.494003 0.131331116 0.016185543 0.606140554 -0.026613807 0.051050913 0.016892074 0.998198450
1341846382.530148 0.137038544 0.011288887 0.619498551 -0.027245978 0.047777247 0.013975539 0.998388529
1341846382.562400 0.137306586 0.012207153 0.629463673 -0.026070602 0.047746688 0.012472559 0.998441279
1341846382.593981 0.137152866 0.009737386 0.638973951 -0.025397968 0.047744066 0.012874388 0.998453677
1341846382.629905 0.140445918 -0.001371336 0.651474059 -0.023391977 0.047834687 0.015721370 0.998457551
1341846382.661966 0.135660291 0.009981612 0.657637298 -0.018410657 0.049080066 0.017820727 0.998466134
1341846382.693976 0.132156044 0.009837901 0.665617943 -0.019409802 0.049434707 0.019535942 0.998397648
1341846382.730021 0.136276141 0.005179485 0.671574295 -0.019554570 0.049800888 0.018899998 0.998388827
1341846382.762004 0.129967570 0.009534921 0.676565409 -0.018182615 0.051528819 0.019806536 0.998309553
1341846382.798112 0.132391199 0.013240378 0.682044983 -0.020246051 0.048808042 0.017530026 0.998449087
1341846382.829949 0.134309605 0.018640297 0.689212918 -0.020759372 0.049677610 0.011315634 0.998485446
1341846382.861875 0.131019875 0.015327904 0.695390165 -0.022139316 0.052059479 0.008874933 0.998359084
1341846382.897967 0.131637663 0.012265787 0.697776973 -0.023026790 0.051843841 0.010154226 0.998338044
1341846382.930017 0.137238607 0.010115228 0.700543582 -0.021633130 0.052110035 0.010756522 0.998349071
1341846382.962121 0.135811433 0.014470366 0.701339900 -0.019528845 0.055544704 0.009663585 0.998218417
1341846382.997950 0.134999156 0.010175952 0.711161017 -0.020202601 0.056758638 0.011730043 0.998114586
1341846383.029927 0.138378426 0.013050178 0.711720228 -0.018603012 0.056067027 0.012396534 0.998176694
1341846383.104184 0.139597490 0.016287217 0.711847901 -0.021256248 0.061001867 0.004882107 0.997899354
1341846383.172122 0.145740792 0.016719734 0.721914709 -0.023499904 0.058429170 0.003390392 0.998009205
1341846383.236935 0.143727601 0.017904786 0.721869111 -0.024146086 0.067342289 0.003389004 0.997431934
1341846383.272112 0.141422421 0.008814301 0.725135565 -0.024889501 0.066432305 0.007505273 0.997452259
1341846383.303955 0.153350204 0.011273103 0.721055210 -0.023807390 0.065094031 0.009422364 0.997550607
1341846383.336133 0.152974352 0.015953619 0.717539132 -0.026252836 0.066350646 0.009001319 0.997410357
1341846383.398119 0.159228638 0.014409820 0.714646757 -0.027637074 0.064157777 0.012125168 0.997483313
1341846383.433991 0.155501604 0.007739502 0.709850311 -0.029626669 0.066877864 0.012751179 0.997239709
1341846383.466087 0.158224329 0.008353739 0.706992626 -0.029317161 0.066344917 0.013932304 0.997268617
1341846383.501974 0.152883634 0.009116445 0.708731115 -0.028307475 0.065356225 0.016459191 0.997324586
1341846383.533975 0.152247474 0.012337423 0.695798814 -0.027072847 0.063185252 0.016929071 0.997490883
1341846383.565981 0.152801454 0.006771279 0.691545367 -0.029098840 0.061991811 0.013655721 0.997558951
1341846383.602253 0.132900134 0.006179165 0.689347982 -0.029315684 0.062872238 0.014505030 0.997485459
1341846383.634175 0.129245162 0.011341210 0.681454837 -0.027417962 0.057417490 0.014375892 0.997870147
1341846383.665988 0.125524864 0.013638890 0.673433661 -0.027638249 0.053335212 0.012478270 0.998116136
1341846383.702104 0.118203297 0.010665067 0.666857958 -0.028893175 0.051822886 0.009540802 0.998192668
1341846383.734131 0.105016500 0.007476992 0.658898532 -0.029796468 0.048849031 0.009672360 0.998314798
1341846383.770067 0.109950215 0.012024407 0.648415864 -0.028172798 0.041793410 0.012177128 0.998654783
1341846383.802027 0.111042060 0.010125783 0.639134586 -0.028260626 0.037467070 0.011623991 0.998830557
1341846383.870067 0.086765960 0.011710307 0.618663669 -0.028865993 0.034885712 0.014180687 0.998873711
1341846383.901854 0.093404084 0.019821949 0.610018373 -0.027198307 0.029614149 0.014450376 0.999086797
1341846383.934301 0.088392548 0.020951722 0.597235978 -0.029930217 0.028728781 0.013690204 0.999045253
1341846383.969997 0.085053861 0.016742220 0.589390337 -0.031658556 0.026612585 0.014172019 0.999043882
1341846384.001936 0.078179166 0.013097053 0.576740682 -0.030143712 0.024340779 0.017326280 0.999098957
1341846384.038092 0.075377561 0.021929987 0.568426311 -0.027278697 0.019116361 0.018491343 0.999274015
1341846384.070104 0.076150872 0.022114448 0.555858195 -0.028458353 0.017514072 0.014267802 0.999339700
1341846384.102008 0.069930203 0.014877687 0.546215713 -0.028353570 0.017802384 0.013976358 0.999341667
1341846384.138265 0.059577867 0.019170886 0.534987509 -0.026331160 0.015220591 0.016463393 0.999401808
1341846384.170093 0.066757075 0.023451176 0.525797188 -0.026238026 0.011463463 0.015558643 0.999468923
1341846384.202188 0.063775629 0.020166518 0.512655258 -0.026427070 0.013015504 0.013581118 0.999473751
1341846384.237844 0.056742005 0.023404695 0.503837645 -0.026039261 0.014160302 0.013072001 0.999475121
1341846384.269968 0.058698997 0.017103348 0.494023025 -0.026989141 0.011746826 0.015475199 0.999446929
1341846384.306015 0.055873848 0.022049427 0.480525047 -0.024760254 0.012144833 0.014414216 0.999515712
1341846384.337907 0.050548196 0.025520019 0.470597148 -0.024550401 0.013154902 0.013973542 0.999514401
1341846384.369865 0.052056696 0.025450204 0.458355010 -0.026109898 0.011484377 0.012887578 0.999510050
1341846384.406199 0.050297588 0.024763545 0.446988285 -0.025543660 0.012454817 0.011061004 0.999534905
1341846384.437788 0.042144910 0.029348394 0.437299132 -0.025237300 0.013235581 0.010231474 0.999541521
1341846384.469882 0.042686205 0.032412853 0.429488719 -0.027615087 0.011920752 0.007762432 0.999517441
1341846384.506115 0.043829501 0.029418962 0.417886317 -0.029253285 0.012969542 0.004865567 0.999476075
1341846384.537970 0.039125908 0.035052240 0.410854995 -0.030120386 0.016004520 0.004285285 0.999408960
1341846384.573994 0.035049185 0.029225007 0.404733330 -0.032185081 0.016253660 0.006852100 0.999326289
1341846384.606493 0.033530187 0.032003038 0.399053514 -0.029308265 0.014516551 0.011229773 0.999401927
1341846384.637999 0.032557517 0.036219306 0.386287749 -0.027491368 0.013264083 0.013662298 0.999440670
1341846384.674068 0.029399915 0.040870607 0.381991923 -0.027292900 0.012209186 0.012407491 0.999475896
1341846384.705921 0.022008177 0.035204399 0.369672894 -0.027678244 0.012441425 0.010747591 0.999481678
1341846384.742045 0.019238088 0.047768541 0.365569472 -0.026116705 0.009557221 0.010106826 0.999562144
1341846384.774082 0.018749159 0.049426544 0.351926655 -0.029075142 0.007130411 0.006724821 0.999529183
1341846384.805987 0.015473017 0.051416077 0.345804006 -0.029893016 0.007336270 0.000646700 0.999525964
1341846384.842025 0.010530413 0.048096970 0.336497098 -0.031439219 0.005776607 0.000843832 0.999488652
1341846384.874081 0.005677752 0.045258157 0.319708854 -0.033022650 0.004572570 0.001919357 0.999442279
1341846384.905998 0.009058046 0.047339726 0.315847784 -0.030823262 0.003485856 0.005360553 0.999504387
1341846384.942014 -0.001761057 0.051191349 0.302328199 -0.030317407 0.005241836 0.007476980 0.999498606
1341846384.974049 -0.004228384 0.047573533 0.299038112 -0.031861480 0.004884868 0.010374237 0.999426544
1341846385.009917 -0.002521496 0.048532542 0.294981807 -0.029218016 0.005031860 0.014443875 0.999456048
1341846385.042211 -0.007465766 0.053218834 0.280221909 -0.027942987 0.005814321 0.017367635 0.999441743
1341846385.073967 -0.009390984 0.053765163 0.278873712 -0.029535869 0.006759520 0.016374191 0.999406755
1341846385.110157 -0.009108795 0.047913373 0.270439863 -0.029283870 0.007473494 0.016885100 0.999400556
1341846385.141931 -0.013811550 0.047679517 0.265849590 -0.027489902 0.008216691 0.018822489 0.999411106
1341846385.173929 -0.017891072 0.047098845 0.259209901 -0.026367815 0.007080860 0.017432936 0.999475181
1341846385.210052 -0.020625191 0.042950612 0.247953609 -0.025625002 0.006896584 0.012528419 0.999569356
1341846385.242941 -0.029772008 0.041643091 0.239451081 -0.024929266 0.008481092 0.006661884 0.999631047
1341846385.278001 -0.032793298 0.044423196 0.237594575 -0.024108969 0.007378426 0.003336877 0.999676526
1341846385.311234 -0.036233757 0.037368126 0.229809999 -0.022614155 0.006691556 0.003305825 0.999716401
1341846385.342936 -0.040970288 0.041753132 0.217006966 -0.018829346 0.005408881 0.002200619 0.999805689
1341846385.378101 -0.045708541 0.047979664 0.212642416 -0.017758511 0.005536966 0.000039189 0.999826968
1341846385.410048 -0.057007227 0.045478828 0.206638128 -0.018180870 0.005608290 -0.001446840 0.999817967
1341846385.442088 -0.061994337 0.045501508 0.198577225 -0.017601140 0.003008555 -0.000790243 0.999840260
1341846385.477970 -0.070213154 0.047884990 0.190800443 -0.018279416 -0.000130770 -0.000780463 0.999832571
1341846385.510109 -0.073253028 0.046771780 0.188153431 -0.018857269 -0.002013836 -0.001352966 0.999819219
1341846385.545989 -0.087187476 0.044213951 0.179038152 -0.019948656 -0.003782249 0.000128689 0.999793828
1341846385.577939 -0.090359576 0.045884568 0.171951339 -0.021197671 -0.009008919 -0.000494196 0.999734581
1341846385.609948 -0.098661527 0.042657141 0.166139662 -0.022148427 -0.011092302 0.000221423 0.999693155
1341846385.646024 -0.110921539 0.045516174 0.153308898 -0.022500437 -0.014178225 0.001935272 0.999644399
1341846385.678122 -0.120834783 0.047385808 0.149764478 -0.024115171 -0.019468082 0.003256315 0.999514282
1341846385.713966 -0.120560825 0.050749440 0.135539696 -0.023669019 -0.022591555 0.002951024 0.999460220
1341846385.745986 -0.127538696 0.052842889 0.133023977 -0.022637935 -0.022269787 0.004125794 0.999487162
1341846385.778024 -0.130964041 0.052965119 0.124420494 -0.022950256 -0.025105104 0.007143280 0.999395788
1341846385.814480 -0.133115217 0.056612592 0.112615921 -0.023165096 -0.026366025 0.006731705 0.999361217
1341846385.846594 -0.132982433 0.059187531 0.099201851 -0.023455843 -0.024004225 0.003892147 0.999429107
1341846385.884072 -0.143087626 0.060785845 0.099648342 -0.024071289 -0.021351669 0.005561646 0.999466717
1341846385.920282 -0.152086526 0.065334946 0.094808213 -0.024145830 -0.022693928 0.006915900 0.999426901
1341846385.951967 -0.140815362 0.062940307 0.081176423 -0.024505632 -0.022039367 0.005064748 0.999443889
1341846385.983828 -0.153605238 0.065402895 0.075106911 -0.023757119 -0.017202858 0.004179272 0.999561012
1341846386.019954 -0.159770802 0.061581261 0.068817966 -0.024081415 -0.017161574 0.007063793 0.999537706
1341846386.053153 -0.158896193 0.061276484 0.065332621 -0.022573987 -0.019107500 0.006327930 0.999542534
1341846386.087964 -0.155652255 0.063839622 0.048640236 -0.019377135 -0.017316105 0.002321547 0.999659598
1341846386.120298 -0.165640205 0.063566834 0.049202569 -0.017812274 -0.013671039 -0.001537788 0.999746680
1341846386.152323 -0.177428991 0.057121884 0.041239038 -0.016300160 -0.012896405 -0.001541408 0.999782801
1341846386.187922 -0.178008839 0.058612213 0.032129675 -0.013300044 -0.014434294 -0.005056903 0.999794543
1341846386.220214 -0.179131836 0.061479565 0.021814806 -0.010701686 -0.013438242 -0.009946511 0.999802947
1341846386.251878 -0.176686540 0.053675361 0.010770626 -0.008527951 -0.012754884 -0.012674741 0.999801934
1341846386.287926 -0.183464631 0.049417701 -0.000595976 -0.006382104 -0.013937167 -0.012715117 0.999801636
1341846386.320048 -0.178901806 0.055715401 -0.010306186 -0.003182511 -0.016070249 -0.016132263 0.999735653
1341846386.351806 -0.177390620 0.056770984 -0.024880841 -0.001303348 -0.013887101 -0.020931572 0.999683619
1341846386.387904 -0.183952138 0.052059330 -0.044118423 -0.000067076 -0.012676516 -0.020351319 0.999712527
1341846386.420158 -0.190174356 0.054037400 -0.058557823 0.001984379 -0.014547528 -0.019150104 0.999708831
1341846386.488011 -0.176654801 0.065758400 -0.089129172 0.003981176 -0.019384945 -0.022664731 0.999547243
1341846386.550203 -0.191178203 0.057514243 -0.122651145 0.005141544 -0.018301561 -0.022173773 0.999573350
1341846386.582265 -0.189036682 0.069870554 -0.141780585 0.006714384 -0.021631461 -0.020756021 0.999527991
1341846386.618055 -0.175036192 0.075356685 -0.161270350 0.006664214 -0.023258258 -0.021825261 0.999468982
1341846386.651032 -0.180368975 0.081635207 -0.180030838 0.005706113 -0.021391014 -0.023385515 0.999481320
1341846386.682220 -0.182204142 0.081443407 -0.193928778 0.002860013 -0.022782592 -0.021362612 0.999508083
1341846386.718071 -0.172134057 0.075712465 -0.206277683 0.001748590 -0.024570018 -0.019636340 0.999503672
1341846386.750071 -0.164359882 0.080837578 -0.224685013 0.004273180 -0.022387462 -0.018137211 0.999575675
1341846386.786100 -0.174264893 0.083209269 -0.248018235 0.004509970 -0.018870238 -0.015280895 0.999695003
1341846386.817967 -0.175030813 0.083036900 -0.264156371 0.005519371 -0.019290311 -0.013656101 0.999705434
1341846386.850155 -0.168197766 0.088572934 -0.280170232 0.006715796 -0.018259324 -0.013211614 0.999723434
1341846386.886034 -0.169473782 0.089893244 -0.295551330 0.006387018 -0.015091053 -0.011478120 0.999799848
1341846386.918050 -0.172546446 0.090615869 -0.307487875 0.006777192 -0.013040118 -0.008407175 0.999856651
1341846386.954005 -0.171444863 0.094654150 -0.322604805 0.007469459 -0.012360248 -0.006389037 0.999875307
1341846386.986155 -0.161945552 0.097136259 -0.334306717 0.007516703 -0.011522097 -0.005827023 0.999888361
1341846387.018027 -0.157147974 0.091226317 -0.343628913 0.006506916 -0.007488775 -0.003939017 0.999943018
1341846387.054058 -0.174249157 0.092870653 -0.357083887 0.008366585 -0.003885178 -0.002220539 0.999954998
1341846387.086157 -0.167866856 0.100449726 -0.361722767 0.009729784 -0.004593647 -0.002431675 0.999939144
1341846387.118350 -0.161872134 0.098984323 -0.375189304 0.010166300 -0.001947127 -0.003803087 0.999939203
1341846387.153927 -0.171981379 0.099991664 -0.388310403 0.011687927 0.001217289 -0.003797558 0.999923766
1341846387.185953 -0.179354534 0.109208457 -0.400806695 0.011881370 0.000751579 -0.003764444 0.999922037
1341846387.222042 -0.168652609 0.110978916 -0.408506274 0.009629735 -0.001058755 -0.005275501 0.999939144
1341846387.253968 -0.167711928 0.105519861 -0.419177085 0.008272303 0.000897969 -0.007039724 0.999940574
1341846387.286046 -0.173180804 0.112808384 -0.425231099 0.007767135 0.001416518 -0.005159489 0.999955535
1341846387.322002 -0.168362096 0.114532508 -0.434105545 0.005862119 -0.000120019 -0.004504607 0.999972641
1341846387.353879 -0.163248271 0.111121371 -0.446864277 0.004366747 0.001153999 -0.004235340 0.999980807
1341846387.386177 -0.171062127 0.108732902 -0.456810087 0.003901237 0.002047462 -0.001203058 0.999989569
1341846387.422132 -0.165984944 0.111938804 -0.468135476 0.004427326 0.000166803 0.001343918 0.999989271
1341846387.454043 -0.158466429 0.117300235 -0.484313369 0.004950489 0.001187680 -0.000590919 0.999986887
1341846387.490166 -0.167620257 0.116288804 -0.496553093 0.004074695 0.002818675 -0.000198055 0.999987662
1341846387.522009 -0.168889865 0.115306363 -0.503179967 0.004145046 0.000687269 0.004410568 0.999981463
1341846387.554619 -0.158123076 0.123499945 -0.513270020 0.005267180 -0.000886638 0.006343461 0.999965608
1341846387.590257 -0.160183951 0.134630144 -0.522857368 0.004268445 0.000372356 0.004897767 0.999978781
1341846387.622301 -0.159168646 0.131147504 -0.526946604 0.000838841 0.001524140 0.005971890 0.999980628
1341846387.654151 -0.163893461 0.130318806 -0.533163428 -0.000997729 0.001418616 0.006115565 0.999979734
1341846387.690110 -0.167387918 0.134624645 -0.545674026 -0.001876367 -0.000233491 0.005074619 0.999985337
1341846387.722109 -0.166061804 0.135671571 -0.552780747 -0.004404553 -0.001293738 0.004919305 0.999977350
1341846387.758177 -0.167363226 0.130220041 -0.559457302 -0.006298135 -0.001837938 0.005755138 0.999961913
1341846387.790191 -0.173700184 0.131749347 -0.560512125 -0.005333679 -0.002928717 0.008195335 0.999947906
1341846387.822157 -0.168834060 0.137385383 -0.569117367 -0.004109214 -0.005562141 0.008971888 0.999935865
1341846387.858179 -0.169499099 0.140934154 -0.578755200 -0.004704603 -0.006464659 0.012150394 0.999894202
1341846387.890013 -0.170810238 0.139283404 -0.581538856 -0.004964322 -0.009051488 0.013245385 0.999858975
1341846387.926103 -0.167398408 0.142056376 -0.591722608 -0.004735415 -0.010666253 0.013498183 0.999840796
1341846387.958426 -0.172663912 0.142932281 -0.592265964 -0.005470122 -0.010764227 0.016268162 0.999794781
1341846387.990086 -0.176575929 0.146340147 -0.595167100 -0.005854607 -0.012791682 0.017156944 0.999753833
1341846388.026158 -0.172018304 0.136792570 -0.586268187 -0.005318668 -0.016955355 0.015846299 0.999716520
1341846388.058060 -0.166358039 0.131300166 -0.582717836 -0.000536402 -0.019289734 0.023324430 0.999541700
1341846388.089974 -0.169329017 0.137289271 -0.582561255 0.004808519 -0.021792648 0.027356455 0.999376595
1341846388.126088 -0.163592473 0.154744536 -0.586954474 0.008217358 -0.023917140 0.025742698 0.999348640
1341846388.158090 -0.153608605 0.172795147 -0.593191266 0.006595313 -0.022874724 0.022892419 0.999454439
1341846388.194068 -0.160841838 0.155318961 -0.577232420 0.000445165 -0.019944957 0.019403553 0.999612689
1341846388.225961 -0.160561875 0.150025770 -0.572009027 -0.000553747 -0.020739913 0.017848078 0.999625385
1341846388.257928 -0.157099575 0.159685463 -0.564177752 -0.000942389 -0.020927330 0.018314045 0.999612808
1341846388.294066 -0.161180809 0.148660213 -0.548199534 -0.002418744 -0.020615079 0.018296950 0.999617159
1341846388.325954 -0.152155429 0.155964777 -0.545801401 -0.000871139 -0.021901244 0.016693423 0.999620378
1341846388.357936 -0.152682692 0.155249655 -0.543702602 -0.002663559 -0.020282617 0.015494319 0.999670684
1341846388.394202 -0.161040917 0.146072820 -0.534692287 -0.004452183 -0.020029210 0.013501201 0.999698341
1341846388.425957 -0.151862577 0.149652034 -0.528027177 -0.004317618 -0.021523368 0.010856878 0.999700069
1341846388.462012 -0.153148636 0.144144475 -0.511563420 -0.005738991 -0.019441696 0.008888702 0.999754965
1341846388.493961 -0.154303282 0.133100256 -0.500890851 -0.005632018 -0.020523956 0.008833502 0.999734461
1341846388.526293 -0.148672342 0.133304551 -0.488348246 -0.003723802 -0.022541637 0.008561522 0.999702334
1341846388.562293 -0.142508745 0.132720605 -0.483254164 -0.002028707 -0.021293478 0.006935667 0.999747157
1341846388.594090 -0.147682101 0.129179120 -0.475109100 -0.001689780 -0.019143211 0.006239204 0.999795854
1341846388.626030 -0.149416059 0.128858089 -0.457430601 -0.001679965 -0.019760104 0.005623111 0.999787509
1341846388.662009 -0.136844441 0.120357409 -0.438292354 -0.000865829 -0.019715877 0.003462811 0.999799252
1341846388.694110 -0.144959122 0.129779190 -0.431404352 0.001686162 -0.017778069 0.002800754 0.999836624
1341846388.730239 -0.144318357 0.123599440 -0.421900868 -0.000660528 -0.018902941 0.002692213 0.999817491
1341846388.762131 -0.134111330 0.114575453 -0.400645614 -0.000963288 -0.018277150 -0.000529893 0.999832332
1341846388.794087 -0.139431193 0.122552849 -0.390568852 0.000927715 -0.015854314 -0.000287469 0.999873817
1341846388.830117 -0.144598261 0.122718588 -0.370595932 -0.001498673 -0.016830932 0.001908000 0.999855399
1341846388.868548 -0.134139538 0.109477036 -0.357678652 -0.002527928 -0.017703215 0.000994305 0.999839604
1341846388.900942 -0.138880178 0.120381780 -0.340959489 -0.000935862 -0.015548727 0.000560099 0.999878526
1341846388.937157 -0.140146688 0.125372633 -0.318904549 -0.003516892 -0.017190924 0.001236005 0.999845266
1341846388.970712 -0.139314234 0.106235199 -0.310612828 -0.007202317 -0.017799674 0.002342156 0.999812841
1341846389.001153 -0.139296889 0.114702106 -0.290607244 -0.005981026 -0.017539067 0.000511855 0.999828160
1341846389.036956 -0.140529141 0.117547959 -0.271597534 -0.008304503 -0.018150821 0.000284565 0.999800682
1341846389.069208 -0.142490134 0.103117980 -0.255854249 -0.011836942 -0.018235151 -0.000342734 0.999763608
1341846389.168276 -0.139629394 0.090914272 -0.221742734 -0.012621702 -0.017662376 0.000172399 0.999764323
1341846389.230639 -0.147062093 0.090744533 -0.180042520 -0.008817280 -0.016333789 0.000325947 0.999827683
1341846389.266034 -0.142498583 0.083933145 -0.172278240 -0.008464146 -0.018569922 0.000223374 0.999791682
1341846389.298760 -0.137537226 0.084986687 -0.153997734 -0.006547431 -0.016135281 -0.002353972 0.999845624
1341846389.329980 -0.141157165 0.084902629 -0.141774088 -0.005202974 -0.014366781 -0.000748243 0.999882996
1341846389.366022 -0.141695336 0.084298082 -0.134113401 -0.005039165 -0.014492474 -0.000102374 0.999882281
1341846389.397969 -0.133600026 0.077193528 -0.129017800 -0.004886567 -0.012198007 -0.000710830 0.999913394
1341846389.433982 -0.128694057 0.081954241 -0.105890766 -0.001124327 -0.008903732 -0.000208533 0.999959707
1341846389.466033 -0.138865396 0.084368438 -0.102544971 -0.001362334 -0.007005307 0.001215932 0.999973774
1341846389.498030 -0.132113516 0.080475263 -0.088465802 -0.002219469 -0.007804793 0.001129037 0.999966443
1341846389.534085 -0.128592581 0.084718928 -0.082268924 -0.001292662 -0.004889136 -0.000552861 0.999987066
1341846389.565875 -0.133655071 0.088827990 -0.070480235 -0.003243888 -0.002716965 -0.000463340 0.999990940
1341846389.597960 -0.133060694 0.084771343 -0.049564339 -0.007715364 -0.003829312 0.000089952 0.999962866
1341846389.634116 -0.126696721 0.084390856 -0.038986899 -0.008658841 -0.004898302 -0.000884995 0.999950111
1341846389.665950 -0.125447437 0.097700641 -0.034504265 -0.009954879 -0.003568809 -0.002697695 0.999940455
1341846389.702127 -0.123773970 0.083747640 -0.012165071 -0.015800567 -0.003139457 -0.004613039 0.999859571
1341846389.734086 -0.123187721 0.084380649 -0.003424561 -0.015117432 -0.004751400 -0.002910471 0.999870181
1341846389.765898 -0.117139839 0.088418469 0.013593723 -0.014888914 -0.006083157 -0.002739509 0.999866903
1341846389.802126 -0.111584485 0.085164867 0.027028641 -0.016339831 -0.006493794 -0.004106611 0.999836981
1341846389.834063 -0.109404862 0.079798684 0.037537802 -0.015169370 -0.006138526 -0.003042181 0.999861479
1341846389.866260 -0.108318381 0.077241845 0.047767978 -0.012915443 -0.006441050 0.001403745 0.999894857
1341846389.902002 -0.105301343 0.079646669 0.047071703 -0.011281057 -0.007793434 0.001308365 0.999905109
1341846389.934117 -0.097463585 0.081782497 0.066194907 -0.009979011 -0.006240025 -0.001871162 0.999929011
1341846389.970116 -0.095200345 0.078451470 0.074567921 -0.010426857 -0.004256067 -0.001518816 0.999935448
1341846390.002129 -0.100279696 0.076201871 0.075891487 -0.010795992 -0.005522649 0.000902382 0.999926031
1341846390.034099 -0.093219243 0.077257626 0.083337747 -0.009599465 -0.008760575 0.000293435 0.999915481
1341846390.070024 -0.087722927 0.079034545 0.092006244 -0.009165674 -0.007974878 -0.003036184 0.999921560
1341846390.101910 -0.086773284 0.080800563 0.112919681 -0.009892019 -0.008172362 -0.004808386 0.999906123
1341846390.137924 -0.082559004 0.074284300 0.120642588 -0.009570271 -0.010887878 -0.003240368 0.999889672
1341846390.170038 -0.075600863 0.080656953 0.118403181 -0.007511440 -0.010826718 -0.004011715 0.999905109
1341846390.202115 -0.073498294 0.083574362 0.127434894 -0.010044524 -0.009676551 -0.006540875 0.999881327
1341846390.238117 -0.069980606 0.073274054 0.134675875 -0.011806333 -0.011023611 -0.004285299 0.999860346
1341846390.270052 -0.066369735 0.077539206 0.138581157 -0.010664808 -0.013945013 0.001131815 0.999845207
1341846390.302085 -0.057055671 0.079693913 0.146341339 -0.011907917 -0.015025093 0.003317855 0.999810696
1341846390.338496 -0.050036229 0.076909341 0.161722124 -0.012110261 -0.014047537 0.005511829 0.999812782
1341846390.370105 -0.053181831 0.079162747 0.162642375 -0.011754299 -0.015139712 0.010612903 0.999759912
1341846390.438106 -0.039869964 0.078458324 0.180196926 -0.017127611 -0.021985928 0.008593151 0.999574602
1341846390.505984 -0.037947223 0.087138489 0.199708253 -0.020864675 -0.029934393 0.010447495 0.999279439
1341846390.538495 -0.025403287 0.083719224 0.198534682 -0.022345608 -0.032579582 0.007804018 0.999188840
1341846390.606055 -0.019733207 0.090482041 0.224485055 -0.024529859 -0.035692554 0.014662952 0.998954117
1341846390.638031 -0.006550696 0.092498168 0.220579639 -0.023873655 -0.038815141 0.015644735 0.998838663
1341846390.673954 0.000601822 0.098395780 0.229495823 -0.023060488 -0.035912324 0.012727762 0.999007761
1341846390.705937 -0.003858850 0.105816409 0.235964105 -0.025747789 -0.033635885 0.011692521 0.999034047
1341846390.737965 0.006797444 0.097820409 0.251973927 -0.028841827 -0.036183540 0.010855689 0.998869896
1341846390.774135 0.016785489 0.098818444 0.246249467 -0.026556049 -0.035064399 0.011292580 0.998968363
1341846390.806067 0.019979544 0.101773769 0.247250453 -0.027252827 -0.030945199 0.013627204 0.999056578
1341846390.838026 0.021521924 0.099167205 0.260425985 -0.029602343 -0.029985623 0.014692538 0.999003828
1341846390.874116 0.029451385 0.108015411 0.271159708 -0.029301817 -0.030398320 0.015903773 0.998981714
1341846390.906067 0.030754365 0.112402990 0.272567391 -0.030591350 -0.028775956 0.019928403 0.998918891
1341846390.942137 0.037113350 0.108321056 0.284394473 -0.033576578 -0.029543104 0.023009539 0.998734415
1341846390.974052 0.033092063 0.104568332 0.288067997 -0.032735646 -0.030065125 0.028520428 0.998604536
1341846391.006164 0.033649761 0.115097374 0.280004799 -0.030056186 -0.031512178 0.030417649 0.998588204
1341846391.042303 0.035597336 0.114122488 0.281499892 -0.032499112 -0.032061614 0.027487731 0.998579144
1341846391.074134 0.037390713 0.107767358 0.287307441 -0.033552822 -0.033560403 0.024609987 0.998570085
1341846391.106097 0.038280059 0.110835984 0.282800972 -0.032579705 -0.035824664 0.024388934 0.998529077
1341846391.142154 0.043814529 0.106558286 0.283179760 -0.033904236 -0.038724095 0.027454944 0.998297155
1341846391.174124 0.044057429 0.112292342 0.274880022 -0.032639507 -0.038730033 0.026945811 0.998352945
1341846391.209961 0.042648204 0.112749673 0.271879524 -0.032210704 -0.037905391 0.027535858 0.998382390
1341846391.241977 0.042032443 0.102988891 0.279737711 -0.033114035 -0.039818011 0.031258389 0.998168766
1341846391.273984 0.041559294 0.102564625 0.274261981 -0.031413559 -0.041095708 0.030543910 0.998194098
1341846391.309946 0.045333363 0.102987230 0.275036335 -0.030361537 -0.040681530 0.028952550 0.998291016
1341846391.342018 0.036153462 0.104800299 0.278890818 -0.029866787 -0.040858515 0.027231254 0.998347163
1341846391.378060 0.042968374 0.100344881 0.273323804 -0.030399688 -0.045168430 0.025597561 0.998188555
1341846391.410037 0.046071373 0.098628245 0.269351512 -0.030729713 -0.045799177 0.023293238 0.998206198
1341846391.442052 0.040776972 0.097320281 0.267985463 -0.029685363 -0.044144165 0.024765179 0.998276889
1341846391.478040 0.036144413 0.096018165 0.257692903 -0.028629987 -0.045569163 0.030038370 0.998098969
1341846391.510072 0.039568570 0.103487112 0.259363532 -0.027703704 -0.047725361 0.031011323 0.997994542
1341846391.542159 0.041412402 0.101040684 0.259414226 -0.028788695 -0.047118109 0.030459896 0.998009682
1341846391.578010 0.041184507 0.098649234 0.265329421 -0.028806334 -0.046383128 0.031799901 0.998001754
1341846391.610169 0.040815689 0.095232405 0.265562534 -0.028228993 -0.048050266 0.034605380 0.997846067
1341846391.645942 0.041173954 0.094133735 0.262782931 -0.027211504 -0.049980987 0.034315445 0.997789502
1341846391.677959 0.041721910 0.093156584 0.258512348 -0.026174881 -0.050088357 0.033061862 0.997854173
1341846391.710022 0.034777623 0.090254053 0.262358516 -0.024744367 -0.049751174 0.034162950 0.997870445
1341846391.745846 0.035755683 0.089832179 0.265175521 -0.022111556 -0.052410409 0.033984412 0.997802198
1341846391.778020 0.035249270 0.087359704 0.260875195 -0.020477746 -0.052361414 0.031793710 0.997911870
1341846391.810026 0.032937497 0.081834301 0.256898999 -0.019590594 -0.051965199 0.032569893 0.997925341
1341846391.846013 0.032486036 0.075442247 0.255177617 -0.018271904 -0.052509755 0.034270573 0.997864902
1341846391.877984 0.031792726 0.076356351 0.251571178 -0.015088205 -0.052098669 0.035390701 0.997900605
1341846391.914033 0.029872267 0.077012196 0.250786543 -0.013381509 -0.051367849 0.036420930 0.997925758
1341846391.945996 0.030460894 0.077913858 0.246326059 -0.011587128 -0.051952735 0.036423016 0.997917831
1341846391.978037 0.033034723 0.077444568 0.247318298 -0.011406783 -0.052186303 0.033851359 0.997998297
1341846392.014187 0.032691006 0.073045470 0.248174965 -0.011568205 -0.051670779 0.033236671 0.998043895
1341846392.046054 0.034844182 0.073079757 0.249281928 -0.010028148 -0.052376691 0.034407143 0.997984111
1341846392.078061 0.033587433 0.078768663 0.253439128 -0.008878966 -0.052628729 0.034556113 0.997976601
1341846392.114010 0.031314503 0.077167898 0.246273980 -0.009508604 -0.052403294 0.033609897 0.998014987
1341846392.145989 0.033398684 0.079146594 0.246879473 -0.008763119 -0.052499644 0.032062206 0.998067677
1341846392.181959 0.025115497 0.080967605 0.243210703 -0.010207864 -0.053467106 0.032381564 0.997992218
1341846392.213917 0.035023622 0.079052195 0.248515368 -0.011410469 -0.057097621 0.030345943 0.997842073
1341846392.246105 0.038689356 0.079680420 0.248533934 -0.009811972 -0.055122893 0.025093289 0.998115957
1341846392.282032 0.039287206 0.080808990 0.255773813 -0.009873688 -0.054735065 0.025574356 0.998124480
1341846392.314025 0.041229293 0.071598031 0.249403641 -0.010175172 -0.057494890 0.028824082 0.997877777
1341846392.349981 0.043717287 0.081057683 0.246702000 -0.006371459 -0.056881767 0.028373504 0.997957349
1341846392.382103 0.043800324 0.081048645 0.246888310 -0.005791787 -0.055111591 0.029326184 0.998032629
1341846392.414056 0.044832673 0.077267490 0.248628095 -0.006156338 -0.056185678 0.031688854 0.997898340
1341846392.450136 0.048890587 0.076698318 0.248561248 -0.004732958 -0.056936912 0.034819823 0.997759223
1341846392.482091 0.048408870 0.073688671 0.247449681 -0.002563926 -0.057112854 0.036156803 0.997709513
1341846392.514096 0.050987143 0.075600274 0.242278501 -0.001285070 -0.057054069 0.035549037 0.997737169
1341846392.550030 0.051024079 0.069609754 0.247052222 -0.002306768 -0.057704680 0.037097123 0.997641563
1341846392.582053 0.054361824 0.067824565 0.246503189 -0.000724485 -0.059439480 0.039660290 0.997443497
1341846392.617983 0.054834075 0.067780055 0.246033326 0.001246075 -0.059744995 0.040448580 0.997393072
1341846392.649909 0.056477454 0.067408323 0.246918127 0.002370497 -0.059405107 0.038429547 0.997491181
1341846392.682128 0.054390177 0.063725486 0.243953273 0.002678469 -0.059551410 0.037464924 0.997518361
1341846392.718019 0.051832747 0.058975928 0.238398686 0.003827591 -0.061416131 0.039682645 0.997315764
1341846392.749829 0.054575868 0.060713388 0.241565675 0.006073077 -0.063151792 0.039563578 0.997200906
1341846392.782107 0.056701843 0.058816258 0.234549075 0.006332895 -0.063224740 0.038981456 0.997217596
1341846392.818251 0.053228691 0.056136131 0.236048058 0.006411717 -0.062417965 0.039812561 0.997235119
1341846392.852165 0.054092117 0.055838753 0.237035558 0.008323037 -0.062948599 0.040153898 0.997173965
1341846392.885913 0.058528151 0.056531064 0.235309541 0.009624611 -0.062825680 0.038618606 0.997230589
1341846392.917882 0.058347344 0.054163381 0.234879255 0.010863930 -0.061412305 0.038673140 0.997303784
1341846392.950023 0.058855139 0.052657001 0.236950547 0.012706879 -0.061178211 0.039702859 0.997255921
