1341845688.561749 0.000000000 0.000000000 0.000000000 0.000000000 0.000000000 0.000000000 1.000000000
1341845688.593654 -0.005909875 -0.003661151 -0.000132666 0.000362216 -0.002386343 0.003810459 0.999989808
1341845688.629688 -0.004262680 0.002173348 -0.006075685 0.002470520 -0.007791934 0.008290127 0.999932230
1341845688.663680 -0.005168829 -0.000979733 -0.001056882 0.003930172 -0.013356857 0.013080462 0.999817491
1341845688.697719 -0.008678693 -0.005249358 -0.013441113 0.006294485 -0.018057982 0.019524368 0.999626458
1341845688.729899 -0.012038801 -0.005027537 -0.015604784 0.010708153 -0.023999486 0.020906741 0.999435961
1341845688.761762 0.001298227 -0.001842416 -0.016214114 0.013571889 -0.029237516 0.020254491 0.999275088
1341845688.797687 0.007500193 -0.000191014 -0.025272541 0.014738563 -0.028950330 0.019253541 0.999286711
1341845688.829892 0.001895767 0.009385725 -0.022554044 0.016217964 -0.026034802 0.017076345 0.999383569
1341845688.865774 -0.002912122 0.008862385 -0.024099190 0.015482453 -0.025213787 0.018080004 0.999398649
1341845688.929779 -0.011746858 0.015164552 -0.039133608 0.016391534 -0.030456899 0.020841746 0.999184310
1341845688.965631 -0.003361533 0.016318768 -0.032185264 0.016327454 -0.035001393 0.020638099 0.999040723
1341845688.997750 -0.003620678 0.027145248 -0.044313964 0.016224544 -0.034101304 0.014790810 0.999177217
1341845689.029751 -0.008638837 0.031417657 -0.048534211 0.012556680 -0.030344790 0.008967644 0.999420345
1341845689.065755 -0.014744024 0.032883082 -0.049194723 0.008659294 -0.028014082 0.008205460 0.999536335
1341845689.097725 -0.015416214 0.023342976 -0.051822565 0.003381431 -0.027188824 0.010474188 0.999569714
1341845689.133718 -0.010147666 0.029147314 -0.049694989 0.001798217 -0.026933687 0.014277517 0.999533594
1341845689.165884 -0.014633478 0.046327315 -0.049234129 0.001848242 -0.025567601 0.017630681 0.999515891
1341845689.198264 -0.005313787 0.034413170 -0.050769232 -0.003936819 -0.027112696 0.020405080 0.999416351
1341845689.234322 -0.010389986 0.028301058 -0.054226879 -0.007299363 -0.024995856 0.022217577 0.999413967
1341845689.265745 -0.011664410 0.027398614 -0.056996156 -0.008728934 -0.024495300 0.023926616 0.999375463
1341845689.297769 -0.014147696 0.030005561 -0.057477474 -0.009733027 -0.024442926 0.024440102 0.999355018
1341845689.333650 -0.017952474 0.025878919 -0.056969009 -0.011358404 -0.022866212 0.024232157 0.999380231
1341845689.365881 -0.014856396 0.025740737 -0.055908222 -0.011151169 -0.023108361 0.025186000 0.999353409
1341845689.401592 -0.017683314 0.029468626 -0.060398992 -0.009373540 -0.023355277 0.023833554 0.999399126
1341845689.433744 -0.011687025 0.033678405 -0.054013576 -0.008075337 -0.025455227 0.024554353 0.999341726
1341845689.465651 -0.027775150 0.020273751 -0.062019229 -0.007210209 -0.023821294 0.022875769 0.999428451
1341845689.501840 -0.032553155 0.022298586 -0.061552104 -0.003066745 -0.026545230 0.020877814 0.999424875
1341845689.533687 -0.015387163 0.021927634 -0.064651079 -0.001376705 -0.031256724 0.016597563 0.999372602
1341845689.565814 -0.021109343 0.023969654 -0.065896913 0.001421059 -0.030228840 0.013217804 0.999454618
1341845689.601682 -0.030461162 0.020080045 -0.067139581 0.003652449 -0.030505089 0.009190959 0.999485672
1341845689.633591 -0.027279438 0.033197157 -0.063857257 0.007813736 -0.034012433 0.004869427 0.999378979
1341845689.669672 -0.034735188 0.021993872 -0.060009293 0.007071801 -0.034411609 0.002776999 0.999378860
1341845689.701700 -0.035472721 0.029879006 -0.064922035 0.009240996 -0.036918592 0.002809469 0.999271631
1341845689.733773 -0.033628751 0.031336807 -0.070666037 0.009641619 -0.040022545 0.002233573 0.999149740
1341845689.769822 -0.026645212 0.027324213 -0.069614641 0.009385238 -0.042625155 0.001496527 0.999045908
1341845689.802003 -0.038900241 0.028538968 -0.069392040 0.009753704 -0.042261839 -0.000276310 0.999058902
1341845689.833757 -0.032174833 0.027206521 -0.069258399 0.010279650 -0.046466533 -0.000443153 0.998866856
1341845689.869861 -0.039396692 0.031740390 -0.071008630 0.011969103 -0.047418401 -0.003353399 0.998797774
1341845689.901825 -0.038780130 0.030789271 -0.062205091 0.012203460 -0.049251072 -0.002702783 0.998708189
1341845689.937674 -0.037999719 0.027011214 -0.066340439 0.012628797 -0.051666994 -0.002856908 0.998580396
1341845689.969679 -0.030302394 0.030411646 -0.067254849 0.013112623 -0.054184511 -0.003131506 0.998439908
1341845690.003830 -0.030786684 0.031387918 -0.073273018 0.012987450 -0.053922258 -0.003896774 0.998453081
1341845690.037686 -0.036594681 0.026018655 -0.070848420 0.012294740 -0.053353149 -0.005110925 0.998486936
1341845690.069636 -0.027735844 0.026549939 -0.074782349 0.012648831 -0.054497033 -0.003137349 0.998428881
1341845690.106587 -0.035625190 0.026087252 -0.076341987 0.012500666 -0.053512495 -0.003339501 0.998483360
1341845690.138859 -0.035539679 0.027709574 -0.074021049 0.012539120 -0.054049771 -0.005468111 0.998444557
1341845690.169919 -0.031142619 0.030508582 -0.073374428 0.013266791 -0.054026827 -0.003849328 0.998443902
1341845690.206103 -0.035188358 0.039141670 -0.075025566 0.014034951 -0.053507403 -0.004417307 0.998459041
1341845690.237700 -0.031097988 0.029512605 -0.069749869 0.011755416 -0.054792881 -0.004350767 0.998419046
1341845690.269981 -0.034460403 0.026995972 -0.070607290 0.012268772 -0.055525064 -0.005010595 0.998369336
1341845690.306143 -0.031937484 0.038227312 -0.069319360 0.014414026 -0.057139315 -0.006367208 0.998241842
1341845690.338646 -0.038623862 0.042116217 -0.073567517 0.014194579 -0.056113616 -0.005779664 0.998306751
1341845690.373833 -0.039988905 0.040625133 -0.069685385 0.012818379 -0.056272529 -0.006400192 0.998312652
1341845690.405976 -0.035737421 0.033845447 -0.072835431 0.011790689 -0.057140552 -0.006616474 0.998274565
1341845690.437908 -0.038014136 0.034650575 -0.073713697 0.012019748 -0.056132324 -0.008075272 0.998318315
1341845690.473654 -0.039353631 0.032331057 -0.076966852 0.011386565 -0.056558907 -0.006630057 0.998312294
1341845690.505978 -0.042498391 0.025668621 -0.075364485 0.011116008 -0.057842489 -0.005747603 0.998247266
1341845690.537884 -0.035737514 0.030141745 -0.069989994 0.012198562 -0.058982659 -0.008372303 0.998149335
1341845690.573708 -0.040012375 0.037246238 -0.066048913 0.012518384 -0.057079256 -0.007464248 0.998263240
1341845690.605848 -0.038840078 0.035922155 -0.067448586 0.012430335 -0.056756742 -0.005838584 0.998293579
1341845690.641747 -0.035970572 0.025525708 -0.069009863 0.011306641 -0.057841979 -0.006029188 0.998243511
1341845690.673751 -0.027551150 0.033196744 -0.070102848 0.012592526 -0.058051802 -0.006123838 0.998215377
1341845690.706003 -0.025731867 0.029149106 -0.065585986 0.012350777 -0.057391103 -0.005447811 0.998260498
1341845690.741684 -0.028337754 0.032594707 -0.070617586 0.013760541 -0.056073327 -0.007262479 0.998305380
1341845690.773770 -0.023295989 0.033340149 -0.068192415 0.013981328 -0.056321505 -0.005339365 0.998300493
1341845690.805715 -0.033429421 0.029526528 -0.059071664 0.014035525 -0.053534485 -0.007286008 0.998440742
1341845690.841674 -0.025217693 0.034112237 -0.062728442 0.014711950 -0.054368239 -0.005054130 0.998399734
1341845690.873770 -0.024370452 0.032632548 -0.065585151 0.014241182 -0.053667217 -0.005624695 0.998441458
1341845690.909837 -0.024411803 0.027297068 -0.066799298 0.012988912 -0.052805353 -0.004689402 0.998509347
1341845690.941576 -0.023185413 0.029581310 -0.060114712 0.013383207 -0.053022061 -0.004219342 0.998494744
1341845690.973879 -0.027754430 0.030809911 -0.060802173 0.013539220 -0.051610157 -0.005777860 0.998558819
1341845691.011558 -0.024573691 0.033230674 -0.059005912 0.013690423 -0.051250186 -0.003922269 0.998584330
1341845691.077986 -0.027011601 0.031666022 -0.052885141 0.014056504 -0.050957181 -0.005861530 0.998584688
1341845691.109685 -0.022202518 0.026654499 -0.056296639 0.013724750 -0.050933022 -0.005425703 0.998593032
1341845691.141759 -0.017019788 0.032410845 -0.061970782 0.014913844 -0.050616812 -0.005389002 0.998592257
1341845691.177729 -0.029312165 0.031080771 -0.062810235 0.015405885 -0.049114738 -0.006724275 0.998651683
1341845691.209644 -0.023492469 0.035522301 -0.067499757 0.015959773 -0.050182778 -0.007348200 0.998585463
1341845691.241757 -0.025603227 0.032843269 -0.060564142 0.015618790 -0.048402365 -0.008699219 0.998667896
1341845691.277595 -0.024444070 0.025409939 -0.065725856 0.015408161 -0.048661198 -0.006930734 0.998672426
1341845691.310138 -0.027270252 0.031524166 -0.066012777 0.016818156 -0.050331339 -0.007714500 0.998561144
1341845691.345620 -0.017693078 0.027903797 -0.073348790 0.015845736 -0.051029902 -0.009079232 0.998530149
1341845691.378062 -0.021851104 0.026968077 -0.073707469 0.016068704 -0.048229050 -0.010088331 0.998656094
1341845691.451922 -0.020588659 0.037711650 -0.066385262 0.018619800 -0.048035644 -0.012012365 0.998599827
1341845691.509739 -0.024253128 0.027967211 -0.065225303 0.016228348 -0.046072654 -0.011517793 0.998739839
1341845691.545833 -0.010304146 0.037471894 -0.068786204 0.018056624 -0.048782203 -0.012092030 0.998573005
1341845691.578399 -0.011291734 0.033790119 -0.069085762 0.016335657 -0.047462154 -0.014194831 0.998638570
1341845691.613857 -0.012662601 0.030699536 -0.068243980 0.016102348 -0.043879654 -0.019049002 0.998725414
1341845691.645632 -0.012747356 0.028292503 -0.070675328 0.016761823 -0.041134119 -0.020608032 0.998800457
1341845691.677793 -0.017631968 0.028254656 -0.066348359 0.017867068 -0.040312439 -0.018069088 0.998863935
1341845691.713727 -0.019536249 0.030253524 -0.070158727 0.018310936 -0.041743830 -0.015985388 0.998832643
1341845691.746050 -0.014871613 0.029960906 -0.066394128 0.019018428 -0.042392071 -0.018527297 0.998748183
1341845691.778411 -0.009826723 0.036612276 -0.073078454 0.018733839 -0.040410161 -0.019708041 0.998813093
1341845691.813646 -0.015250084 0.032929461 -0.070726015 0.016791891 -0.038570508 -0.017422877 0.998962820
1341845691.845603 -0.011939481 0.029030005 -0.067050606 0.016557770 -0.040294498 -0.015773714 0.998926103
1341845691.881595 -0.006702948 0.038204074 -0.062306121 0.018039210 -0.042268097 -0.016642950 0.998804808
1341845691.913600 -0.010099927 0.035804767 -0.063007511 0.017862229 -0.040508572 -0.017750554 0.998861790
1341845691.945997 -0.016779458 0.032562520 -0.063470922 0.018143721 -0.039890055 -0.016005982 0.998911083
1341845691.981657 -0.015439193 0.040917814 -0.068892859 0.021490984 -0.044951323 -0.013237663 0.998670280
1341845692.013904 -0.016334202 0.038965654 -0.061456572 0.022999056 -0.048711762 -0.012140782 0.998474240
1341845692.049676 -0.005538036 0.042250883 -0.066648915 0.023784716 -0.051063180 -0.009723929 0.998364806
1341845692.081862 -0.011854453 0.044312108 -0.060154371 0.025040638 -0.051063009 -0.011149078 0.998319209
1341845692.113695 -0.004267986 0.041410942 -0.070273265 0.024691148 -0.053369153 -0.009756065 0.998221874
1341845692.149736 -0.001886919 0.044477515 -0.065331653 0.025030518 -0.052745629 -0.011205050 0.998231351
1341845692.182123 0.003737726 0.035985932 -0.075091466 0.024713004 -0.052669115 -0.010720109 0.998248637
1341845692.213661 0.002260376 0.041211545 -0.073324025 0.026291262 -0.053045861 -0.009146010 0.998203993
1341845692.249828 0.004079802 0.041577701 -0.073773555 0.026157020 -0.052830935 -0.009521631 0.998215437
1341845692.282146 0.000500791 0.041075587 -0.076163128 0.025553955 -0.051726781 -0.010082901 0.998283386
1341845692.317711 -0.003274974 0.041183587 -0.070917182 0.025423083 -0.051818341 -0.010479035 0.998277903
1341845692.349688 0.000898032 0.040901944 -0.057720739 0.026163623 -0.053634606 -0.010587708 0.998161674
1341845692.381560 0.006597252 0.039439190 -0.064509206 0.027112303 -0.054527767 -0.011201126 0.998081267
1341845692.417776 0.002317530 0.040725101 -0.066813067 0.028238175 -0.053427946 -0.013124098 0.998086095
1341845692.449672 0.002814727 0.042664461 -0.065849833 0.029132569 -0.053574175 -0.013769865 0.998043835
1341845692.481594 0.005614201 0.041512202 -0.064435169 0.030026013 -0.054405931 -0.014189108 0.997966468
1341845692.517778 0.003249838 0.040000983 -0.055978753 0.031417523 -0.054301094 -0.015481485 0.997910142
1341845692.549744 0.002524378 0.039992727 -0.064834036 0.032532327 -0.054224644 -0.015928505 0.997871518
1341845692.585822 -0.001245994 0.042104516 -0.061051864 0.033136640 -0.053579882 -0.017078452 0.997867465
1341845692.617836 0.002474502 0.037419129 -0.073489465 0.032540523 -0.053055465 -0.017035101 0.997915864
1341845692.649770 0.004036891 0.036384445 -0.075178325 0.033259526 -0.053291954 -0.015925663 0.997897863
1341845692.685749 0.003287787 0.037489440 -0.075451642 0.033677056 -0.054251865 -0.015440275 0.997839749
1341845692.717676 0.005055297 0.040974144 -0.070425831 0.034410182 -0.054234501 -0.016314974 0.997801781
1341845692.749897 0.004311941 0.039091352 -0.078703441 0.034013882 -0.052650068 -0.016031118 0.997904837
1341845692.785833 0.001595878 0.037685912 -0.079439305 0.034944948 -0.052984126 -0.015994716 0.997855544
1341845692.817657 0.000022644 0.038853720 -0.075299367 0.036272112 -0.053688888 -0.019633727 0.997705519
1341845692.853833 0.001641678 0.037158050 -0.077302307 0.036854271 -0.052340880 -0.021306798 0.997721493
1341845692.885614 -0.001790200 0.036531638 -0.083675735 0.038240016 -0.051772129 -0.020707276 0.997711658
1341845692.917728 0.001918496 0.038554136 -0.080384776 0.039506499 -0.053265486 -0.021590428 0.997564971
1341845692.953573 0.004049618 0.036421005 -0.086694658 0.039988413 -0.052602250 -0.022780433 0.997554481
1341845692.985667 0.002391648 0.037004258 -0.085785173 0.041329246 -0.051943786 -0.022492144 0.997540891
1341845693.017585 -0.000208968 0.041523818 -0.086804792 0.041998647 -0.051604114 -0.023139803 0.997515738
1341845693.053684 0.004353967 0.038228445 -0.077982210 0.041570455 -0.051786199 -0.024072371 0.997502208
1341845693.086059 -0.000541083 0.038732275 -0.085808851 0.042549707 -0.050875600 -0.022881705 0.997535765
1341845693.121690 -0.002673596 0.039959576 -0.086388335 0.042893823 -0.051723357 -0.020721504 0.997524619
1341845693.153852 0.000286167 0.041893125 -0.090118662 0.042195890 -0.053073231 -0.021082433 0.997475922
1341845693.185655 0.005829775 0.040167004 -0.086799994 0.041167628 -0.052155484 -0.022405505 0.997538507
1341845693.221687 -0.001068497 0.040068470 -0.086591937 0.041180491 -0.050721288 -0.018876616 0.997684896
1341845693.254518 -0.005740512 0.037713498 -0.084657967 0.041588187 -0.053146984 -0.017473621 0.997567296
1341845693.289735 0.008850150 0.042717099 -0.086439729 0.042305250 -0.055472743 -0.018561754 0.997390866
1341845693.321741 0.016990455 0.040466879 -0.095008373 0.041268669 -0.051929966 -0.018771213 0.997621119
1341845693.353715 0.006120486 0.037534736 -0.086990356 0.041173037 -0.047034062 -0.016939394 0.997900605
1341845693.421993 0.009760745 0.038979728 -0.086595111 0.041907184 -0.044715565 -0.017051080 0.997974694
1341845693.453700 0.007025629 0.035168510 -0.088784158 0.041353785 -0.042526517 -0.019748116 0.998043776
1341845693.489783 0.006456730 0.034416679 -0.083817028 0.042603448 -0.040829476 -0.020494265 0.998047054
1341845693.522084 0.002599918 0.033964492 -0.088377617 0.044249177 -0.041202363 -0.019044284 0.997988820
1341845693.557666 0.007279187 0.036174916 -0.082566842 0.046504300 -0.043350454 -0.020384582 0.997768819
1341845693.589792 0.009758555 0.038205214 -0.087851904 0.047646854 -0.043986786 -0.021660486 0.997660160
1341845693.622158 0.009820220 0.039005790 -0.084750645 0.047827445 -0.042872705 -0.022367727 0.997684419
1341845693.689929 0.008663091 0.042844601 -0.089917772 0.047131363 -0.041487798 -0.021468230 0.997795820
1341845693.721602 0.010062067 0.046160284 -0.091820866 0.045321506 -0.040128373 -0.022622807 0.997909784
1341845693.757636 0.009075391 0.042527515 -0.090711288 0.043130901 -0.039244633 -0.022898406 0.998035669
1341845693.789776 0.007830223 0.042927634 -0.091049410 0.042357270 -0.040140845 -0.021237081 0.998069942
1341845693.825637 0.008536927 0.045584869 -0.092701480 0.041099288 -0.040419035 -0.020920821 0.998117983
1341845693.857724 0.006866194 0.038927354 -0.090087056 0.039453201 -0.040152825 -0.021052040 0.998192370
1341845693.889741 0.008266082 0.043479901 -0.088305861 0.040571999 -0.040093783 -0.019565014 0.998180151
1341845693.925573 0.008519419 0.042152110 -0.087418534 0.039805502 -0.039959066 -0.018021878 0.998245478
1341845693.957722 0.005545749 0.041106503 -0.090243146 0.040085059 -0.039010026 -0.017260402 0.998285294
1341845693.990410 0.008700857 0.041906498 -0.088188894 0.041161902 -0.038486682 -0.016809518 0.998269439
1341845694.025740 0.009825568 0.044536389 -0.086855583 0.041962478 -0.037309501 -0.018375313 0.998253226
1341845694.057728 0.008302624 0.043139342 -0.084354050 0.042363893 -0.036184411 -0.018173799 0.998281360
1341845694.093631 0.007574150 0.038763206 -0.086410537 0.043370403 -0.036272656 -0.018330758 0.998232067
1341845694.125598 0.007896852 0.039817251 -0.083137281 0.044890005 -0.036497187 -0.018366827 0.998156071
1341845694.157890 0.007443467 0.040818810 -0.083870947 0.045609392 -0.035642888 -0.019128762 0.998139977
1341845694.193528 0.004734457 0.035636142 -0.082232416 0.045853898 -0.034672089 -0.019692995 0.998152018
1341845694.226254 0.005132683 0.039173637 -0.082605399 0.047676314 -0.034923665 -0.019245397 0.998066604
1341845694.261793 0.003541900 0.039307792 -0.084263593 0.048163574 -0.034258325 -0.019065436 0.998069704
1341845694.293655 0.004647721 0.038933098 -0.081439458 0.048541687 -0.034593329 -0.017032636 0.998076618
1341845694.325844 0.003347879 0.037508309 -0.082194842 0.049663272 -0.036017779 -0.014576897 0.998009920
1341845694.361761 0.001260956 0.038380176 -0.079719834 0.051333778 -0.037989564 -0.012538592 0.997879982
1341845694.393754 0.004705539 0.037857901 -0.081158720 0.052190874 -0.040436581 -0.011890008 0.997747302
1341845694.425809 0.003876284 0.040906124 -0.079969972 0.052505869 -0.041757792 -0.012014035 0.997674823
1341845694.461731 0.004988060 0.041013852 -0.083114631 0.052242756 -0.043282762 -0.012865440 0.997613072
1341845694.493931 0.012155462 0.043744959 -0.091242611 0.050967805 -0.044123683 -0.013697846 0.997631073
1341845694.529694 0.010175494 0.043434735 -0.093560115 0.049699169 -0.043289553 -0.014951173 0.997713625
1341845694.561652 0.010022105 0.040325295 -0.089957900 0.049244877 -0.044667482 -0.014380918 0.997683764
1341845694.595586 0.009959749 0.041457143 -0.086677745 0.050434954 -0.046044212 -0.013585967 0.997572899
1341845694.629850 0.009388337 0.039200492 -0.087216705 0.051358860 -0.047834605 -0.012938190 0.997450113
1341845694.661659 0.016126417 0.040690754 -0.086438037 0.053079017 -0.049300123 -0.011447705 0.997306883
1341845694.693720 0.036291569 0.043574754 -0.092192009 0.052616760 -0.047850940 -0.010519487 0.997412205
1341845694.735664 0.038481917 0.046195485 -0.091838621 0.051156312 -0.041198719 -0.009932452 0.997791111
1341845694.767988 0.031969287 0.048593994 -0.089894287 0.049699344 -0.034533810 -0.007674537 0.998137534
1341845694.803611 0.033850446 0.048398878 -0.082383603 0.047854736 -0.029573621 -0.006836163 0.998392999
1341845694.835585 0.023610301 0.044161201 -0.081026971 0.046338405 -0.024267446 -0.005810601 0.998614073
1341845694.867728 0.028971208 0.049816262 -0.082270652 0.046398491 -0.022194529 -0.005103055 0.998663366
1341845694.903566 0.026681768 0.047707789 -0.080674909 0.044314407 -0.019277154 -0.004100415 0.998823225
1341845694.935679 0.024734879 0.045267798 -0.078164496 0.043974146 -0.017004516 -0.003327440 0.998882413
1341845694.967669 0.026974581 0.045632225 -0.076554731 0.044511069 -0.016455933 -0.002678121 0.998869777
1341845695.003730 0.032883722 0.043975178 -0.075976953 0.044248257 -0.015270174 -0.001217984 0.998903096
1341845695.035689 0.034849137 0.044883240 -0.071672089 0.044431638 -0.012043260 -0.001137033 0.998939216
1341845695.072465 0.028296059 0.043999076 -0.073491432 0.044397835 -0.009367784 -0.000137200 0.998969972
1341845695.103895 0.024341773 0.042144116 -0.076614365 0.044400401 -0.010579986 0.000592487 0.998957634
1341845695.135680 0.029195197 0.038766917 -0.076114014 0.044793844 -0.014379290 0.000833992 0.998892426
1341845695.172193 0.026095947 0.038678382 -0.087441564 0.047678772 -0.019842066 0.001471068 0.998664558
1341845695.203618 0.026732231 0.033877391 -0.092240229 0.049787756 -0.027847849 0.001674570 0.998370111
1341845695.235612 0.026714200 0.034123719 -0.093402445 0.053594079 -0.035019524 0.002030206 0.997946501
1341845695.271738 0.026742045 0.035316944 -0.088290043 0.056609929 -0.040692598 0.001205271 0.997566044
1341845695.303569 0.030137692 0.040440407 -0.076669358 0.059148666 -0.045214832 -0.000598187 0.997224510
1341845695.335657 0.027299555 0.037089184 -0.081385210 0.059179645 -0.048139665 -0.002798089 0.997081995
1341845695.371706 0.025843551 0.037428901 -0.082400650 0.059563514 -0.050846193 -0.005525751 0.996913373
1341845695.403745 0.025116373 0.036786903 -0.083649240 0.059848286 -0.053584877 -0.007631041 0.996738970
1341845695.435657 0.023107614 0.035680845 -0.083907709 0.061184127 -0.056846086 -0.008100584 0.996473491
1341845695.471720 0.021189863 0.037639897 -0.089543916 0.062831119 -0.060633119 -0.008035368 0.996148229
1341845695.503710 0.021938933 0.042408790 -0.086150572 0.063524134 -0.064099863 -0.008279210 0.995885193
1341845695.539693 0.026658006 0.041701704 -0.091243632 0.062915139 -0.067016557 -0.009507035 0.995720863
1341845695.603908 0.026207061 0.039046332 -0.088498108 0.063205548 -0.069504172 -0.012047988 0.995504439
1341845695.665980 0.024773275 0.041402150 -0.086700760 0.062929235 -0.072133414 -0.013311651 0.995318770
1341845695.701693 0.025028929 0.040711373 -0.089462481 0.062828802 -0.073314562 -0.012707724 0.995246708
1341845695.733686 0.026326306 0.041467410 -0.084348731 0.062688671 -0.074341781 -0.012097052 0.995186985
1341845695.769679 0.026947876 0.042502005 -0.084279686 0.062408481 -0.074602939 -0.011724716 0.995189488
1341845695.801697 0.023378776 0.044268049 -0.083955787 0.061328433 -0.073757626 -0.011770658 0.995319068
1341845695.833635 0.026075253 0.041950863 -0.083979532 0.059966438 -0.074148595 -0.010628019 0.995385885
1341845695.869766 0.028668078 0.042826951 -0.084623225 0.059937596 -0.073894240 -0.009827123 0.995414793
1341845695.901827 0.026737457 0.044460494 -0.088188834 0.059255701 -0.073408678 -0.009226884 0.995497227
1341845695.933900 0.023644593 0.042735174 -0.083836518 0.057517584 -0.073178448 -0.009079704 0.995617509
1341845695.969774 0.025283443 0.044321243 -0.082023919 0.056998055 -0.072857097 -0.008057305 0.995679736
1341845696.001940 0.030996742 0.044541683 -0.084256023 0.056163080 -0.072541535 -0.007407771 0.995755255
1341845696.037778 0.025414852 0.045012906 -0.087204218 0.055215437 -0.071054697 -0.005818498 0.995926023
1341845696.069962 0.022487361 0.041884545 -0.083115704 0.053958248 -0.070977792 -0.003654519 0.996010661
1341845696.102048 0.024874074 0.040902447 -0.083869644 0.053702071 -0.071943395 -0.001233300 0.995961189
1341845696.137759 0.028826606 0.043844637 -0.083063558 0.053625055 -0.072970189 -0.001646089 0.995890021
1341845696.169934 0.028174290 0.041893464 -0.083528273 0.052555822 -0.073111311 -0.002098145 0.995935857
1341845696.201602 0.025019998 0.042809367 -0.088634685 0.051783819 -0.072706014 -0.002964737 0.996003747
1341845696.237582 0.026064891 0.046742432 -0.087044157 0.050578695 -0.072765745 -0.004388319 0.996056080
1341845696.269654 0.027888389 0.044296503 -0.083633058 0.049133752 -0.073978752 -0.003974924 0.996040761
1341845696.305713 0.028081758 0.042916112 -0.086777262 0.048528057 -0.074766941 -0.003457014 0.996013522
1341845696.337790 0.027233409 0.043472979 -0.084030956 0.048187636 -0.075134389 -0.002692892 0.996004760
1341845696.369780 0.026612714 0.043823905 -0.085862592 0.047926467 -0.075792119 -0.001875978 0.995969415
1341845696.406019 0.031012593 0.046172172 -0.088382863 0.046915643 -0.076648846 -0.001854781 0.995952070
1341845696.437910 0.032002661 0.046743363 -0.087312892 0.045202013 -0.076969199 -0.001651601 0.996006906
1341845696.473667 0.032304928 0.047037713 -0.083303981 0.044028543 -0.076320685 -0.002294671 0.996108115
1341845696.505801 0.032181535 0.044948276 -0.087625556 0.041935693 -0.075379923 -0.001825412 0.996271014
1341845696.537879 0.029850915 0.042237975 -0.091784097 0.040871352 -0.075063288 -0.000318972 0.996340752
1341845696.573790 0.028341625 0.042316388 -0.086073667 0.040744305 -0.075697236 0.000416808 0.996297956
1341845696.611644 0.028248157 0.044899542 -0.086755723 0.040890507 -0.076579802 0.001179742 0.996223927
1341845696.648592 0.027436486 0.044380825 -0.085262053 0.040246226 -0.076884136 0.001033619 0.996226847
1341845696.705640 0.033112280 0.045837302 -0.087604068 0.037947524 -0.076539382 0.000842545 0.996343791
1341845696.741801 0.032998472 0.043101668 -0.081073470 0.037198059 -0.075442061 0.000812084 0.996455789
1341845696.773765 0.033581391 0.046504732 -0.083149880 0.037324470 -0.074388161 0.001491191 0.996529520
1341845696.805698 0.032947961 0.049297735 -0.082657516 0.036461882 -0.074176677 0.002785063 0.996574402
1341845696.841908 0.035430711 0.042705964 -0.086066760 0.034911416 -0.074064106 0.003121550 0.996637344
1341845696.873637 0.036403585 0.048018478 -0.082117446 0.035015263 -0.072951101 0.003858740 0.996713221
1341845696.905693 0.032512851 0.047505420 -0.083632909 0.033507682 -0.071660891 0.004005296 0.996858001
1341845696.941841 0.039688811 0.050649125 -0.080898218 0.032731894 -0.071981736 0.005354636 0.996854365
1341845696.973560 0.037828337 0.046723612 -0.081727460 0.031235781 -0.071356453 0.007310903 0.996934831
1341845697.009723 0.036303740 0.052478142 -0.084186725 0.031046227 -0.070907772 0.008003321 0.996967494
1341845697.041678 0.035119291 0.047892075 -0.081329502 0.029153882 -0.069279455 0.007276930 0.997144639
1341845697.073636 0.035172563 0.046730995 -0.078258649 0.029383322 -0.068301670 0.006814210 0.997208655
1341845697.109770 0.033063710 0.048453756 -0.082567349 0.029942302 -0.067358769 0.006318700 0.997259378
1341845697.141787 0.034720112 0.048818041 -0.079361916 0.029302686 -0.067482762 0.006260834 0.997270405
1341845697.173791 0.034963656 0.047576468 -0.079295427 0.029147565 -0.067253374 0.007043059 0.997285187
1341845697.209803 0.030423271 0.049636163 -0.080845363 0.029690880 -0.066377379 0.006746982 0.997329950
1341845697.241685 0.035915900 0.050787672 -0.080969676 0.029406346 -0.066641189 0.007406204 0.997316062
1341845697.277780 0.033242498 0.048996091 -0.079755649 0.028797003 -0.066122860 0.007637609 0.997366607
1341845697.309575 0.035021242 0.049256820 -0.082789421 0.028683573 -0.066679724 0.008141430 0.997328818
1341845697.342252 0.032577083 0.049791995 -0.079835385 0.028574573 -0.066639766 0.008161673 0.997334421
1341845697.377604 0.035662454 0.045839593 -0.083982483 0.028251311 -0.066860236 0.007480506 0.997334242
1341845697.409528 0.034874905 0.050137091 -0.079581909 0.028768377 -0.066613778 0.006579081 0.997342348
1341845697.441666 0.031033410 0.043867301 -0.080118909 0.027870962 -0.065705091 0.006604091 0.997427940
1341845697.477718 0.032659367 0.048360724 -0.076573931 0.029480577 -0.066284075 0.006824794 0.997341812
1341845697.509822 0.034875564 0.049330227 -0.077036761 0.029773127 -0.066490635 0.006236352 0.997323275
1341845697.545892 0.032042660 0.050027959 -0.079122983 0.029792480 -0.066514187 0.006417467 0.997319937
1341845697.577742 0.033395540 0.048423599 -0.080573648 0.030017614 -0.067465119 0.007068753 0.997244895
1341845697.609653 0.033604790 0.046026535 -0.085685037 0.029661488 -0.067900188 0.007080995 0.997225940
1341845697.645769 0.037678443 0.050489206 -0.082148157 0.030045247 -0.068988949 0.007588109 0.997135997
1341845697.677795 0.038762648 0.049706306 -0.078096598 0.029556682 -0.069180615 0.008140098 0.997132957
1341845697.713520 0.038632907 0.049442146 -0.080388829 0.029162925 -0.068848342 0.008192416 0.997167170
1341845697.745975 0.036849469 0.051594689 -0.077367909 0.029043499 -0.069131143 0.008435639 0.997149050
1341845697.777683 0.035267007 0.049343523 -0.082322933 0.028397888 -0.069027536 0.008494925 0.997174323
1341845697.813673 0.038762264 0.050538983 -0.080312558 0.027855059 -0.069558375 0.009262912 0.997145891
1341845697.845793 0.043804117 0.054310877 -0.085461825 0.026957611 -0.069547668 0.008722249 0.997176170
1341845697.877887 0.036536988 0.052506380 -0.076252595 0.025771802 -0.068789221 0.008939041 0.997258246
1341845697.913637 0.038595058 0.051857851 -0.079692356 0.025344297 -0.069389798 0.008905588 0.997227848
1341845697.945734 0.034848671 0.051743045 -0.079201378 0.024816802 -0.068673655 0.007011477 0.997305810
1341845697.981763 0.035954960 0.047951326 -0.082057156 0.023974793 -0.068788946 0.006993970 0.997318625
1341845698.013639 0.037876748 0.047970455 -0.078522593 0.024094258 -0.068929732 0.006984189 0.997306049
1341845698.045700 0.037682477 0.052848879 -0.074056983 0.025101406 -0.068938985 0.007247954 0.997278690
1341845698.081804 0.036449198 0.051715448 -0.078569978 0.024830738 -0.069395460 0.006778004 0.997257113
1341845698.113733 0.036789678 0.050965298 -0.078995526 0.024866415 -0.070021264 0.006779364 0.997212470
1341845698.145605 0.037532430 0.052101243 -0.080154613 0.025414445 -0.070289217 0.006272283 0.997183144
1341845698.181637 0.037013050 0.050637111 -0.077840731 0.025347497 -0.070147589 0.005354350 0.997200131
1341845698.213981 0.035444293 0.048534814 -0.082571000 0.025153488 -0.070773095 0.005106591 0.997162163
1341845698.249641 0.038312506 0.051425382 -0.083061993 0.026334403 -0.072182909 0.005380719 0.997029185
1341845698.281737 0.039481822 0.054479405 -0.079376251 0.025542537 -0.072758228 0.005258436 0.997008622
1341845698.313940 0.038170196 0.049317785 -0.078950018 0.024675876 -0.072693408 0.004031531 0.997040927
1341845698.349629 0.038030755 0.049296148 -0.078465067 0.024915529 -0.072708189 0.003207886 0.997036815
1341845698.381667 0.039524324 0.050256174 -0.079560846 0.025008235 -0.073463589 0.003342679 0.996978700
1341845698.413724 0.041102663 0.049959116 -0.081055172 0.025274539 -0.075069152 0.003621243 0.996851385
1341845698.449543 0.042419981 0.052023932 -0.085429333 0.025755994 -0.076571368 0.004715759 0.996720254
1341845698.481693 0.043036256 0.054407973 -0.082982138 0.026209353 -0.078055955 0.004524563 0.996594131
1341845698.517644 0.038770199 0.050153848 -0.080081239 0.025679484 -0.078010723 0.003573468 0.996615350
1341845698.549633 0.039215822 0.052499019 -0.077635214 0.026728138 -0.078959420 0.002715454 0.996515810
1341845698.581773 0.041993584 0.052252501 -0.077889875 0.027504548 -0.079884134 0.000837210 0.996424258
1341845698.617608 0.042498305 0.052890453 -0.079586051 0.027773909 -0.080133624 0.000059993 0.996397138
1341845698.649887 0.044261340 0.049330600 -0.082098395 0.027687244 -0.080534592 -0.000061697 0.996367216
1341845698.685838 0.046917815 0.051291034 -0.078168623 0.029261671 -0.081369743 -0.000723706 0.996254086
1341845698.717744 0.046244528 0.056124285 -0.079237975 0.029485328 -0.081016235 -0.000846272 0.996276200
1341845698.749680 0.045611698 0.050223999 -0.079038791 0.028199596 -0.080704868 -0.000473859 0.996338964
1341845698.785826 0.045802731 0.051947907 -0.079948962 0.028323129 -0.080664746 0.000138128 0.996338785
1341845698.817603 0.045912452 0.054736037 -0.080004379 0.027964998 -0.080673896 0.000427706 0.996348083
1341845698.849705 0.044482436 0.053946652 -0.078470439 0.027032476 -0.080396362 -0.000169060 0.996396363
1341845698.885714 0.044863869 0.053572856 -0.079472244 0.026639042 -0.080460355 -0.000304819 0.996401727
1341845698.917723 0.047894530 0.055926930 -0.083321109 0.026202148 -0.080595069 -0.000444221 0.996402383
1341845698.953706 0.042948730 0.052952018 -0.077750213 0.025207665 -0.079481557 -0.000792631 0.996517241
1341845698.985694 0.044025533 0.053789321 -0.078739479 0.024864180 -0.079499647 -0.000501022 0.996524632
1341845699.017571 0.044787571 0.057054520 -0.085206896 0.024319761 -0.079952657 -0.000110749 0.996501923
1341845699.053593 0.046254624 0.056254718 -0.086981840 0.022822132 -0.080177784 -0.000268472 0.996519268
1341845699.086340 0.048097808 0.060063384 -0.086141422 0.021644134 -0.080192395 -0.000105660 0.996544361
1341845699.117688 0.043201201 0.057140619 -0.082474925 0.019483399 -0.079371311 -0.000554990 0.996654570
1341845699.153695 0.042709339 0.058633558 -0.077517495 0.018360045 -0.079386212 -0.000699129 0.996674597
1341845699.185845 0.045994736 0.060185030 -0.078631654 0.017385285 -0.079224177 -0.001695909 0.996703804
1341845699.221973 0.044849783 0.056241903 -0.079990320 0.015759986 -0.078530729 -0.001426881 0.996786058
1341845699.253571 0.041309595 0.056759458 -0.076123513 0.015711825 -0.078759268 -0.000547943 0.996769667
1341845699.285622 0.043052614 0.053838752 -0.078651436 0.016311105 -0.080128565 -0.000253359 0.996651053
1341845699.321906 0.042405110 0.057444319 -0.075234145 0.017480720 -0.081169754 0.001138275 0.996546328
1341845699.354916 0.042287435 0.056484260 -0.082444571 0.017084153 -0.081624426 0.001137477 0.996516109
1341845699.385859 0.044024516 0.053352769 -0.071440578 0.017259575 -0.082047634 0.000460648 0.996478856
1341845699.421535 0.041913550 0.055194616 -0.075858004 0.017983252 -0.081226222 -0.000235655 0.996533453
1341845699.454093 0.042711709 0.057646926 -0.074827574 0.018239994 -0.080615886 -0.001673362 0.996576965
1341845699.489836 0.045508992 0.057955734 -0.076935902 0.017819177 -0.080350466 -0.001519585 0.996606231
1341845699.522001 0.043650195 0.056258995 -0.079284631 0.017764926 -0.080590233 -0.001104067 0.996588349
1341845699.556281 0.049500335 0.056813866 -0.077449329 0.018726060 -0.081955299 0.000355257 0.996460021
1341845699.595416 0.048605565 0.054594610 -0.076058939 0.018920165 -0.081478544 -0.000480644 0.996495426
1341845699.628631 0.048731860 0.058439266 -0.077399082 0.019082757 -0.080501020 -0.000375100 0.996571779
1341845699.663810 0.044803604 0.053229269 -0.074654095 0.018203521 -0.079122871 -0.000140572 0.996698678
1341845699.696113 0.049304567 0.053658783 -0.077367269 0.019200958 -0.079476364 0.001586414 0.996650577
1341845699.727683 0.049404852 0.064061634 -0.080047406 0.019322444 -0.079001464 0.001172504 0.996686518
1341845699.789808 0.047177091 0.054228161 -0.076613314 0.016296804 -0.077732094 -0.000260983 0.996841073
1341845699.821737 0.050820753 0.056001425 -0.071037471 0.016782232 -0.077610627 0.000482330 0.996842384
1341845699.857825 0.048869763 0.059189204 -0.076107487 0.016869593 -0.077526644 0.000747938 0.996847272
1341845699.889686 0.045775272 0.054148972 -0.074215494 0.016226074 -0.077429123 -0.000082023 0.996865809
1341845699.925749 0.046713151 0.053817008 -0.076961428 0.016505526 -0.076836780 -0.000603801 0.996906877
1341845699.957536 0.049064141 0.051763203 -0.070459493 0.017127642 -0.076986790 0.000289690 0.996884942
1341845699.989671 0.049565889 0.052206188 -0.069280349 0.018255783 -0.077570722 0.002309410 0.996816993
1341845700.025810 0.047912091 0.052204289 -0.069693208 0.019209439 -0.077418946 0.002184693 0.996811152
1341845700.058133 0.051057480 0.054390691 -0.071182743 0.020152736 -0.077327408 0.001322375 0.996801198
1341845700.090754 0.051295869 0.055958644 -0.073649853 0.020488823 -0.076755039 0.000194923 0.996839404
1341845700.125852 0.052610386 0.055396747 -0.077271633 0.020378606 -0.076977596 0.000109459 0.996824563
1341845700.157773 0.052676659 0.054635640 -0.075523578 0.020944782 -0.077053837 -0.000367409 0.996806860
1341845700.193533 0.053770479 0.054856844 -0.077261724 0.021167992 -0.076516405 -0.000811257 0.996843278
1341845700.225771 0.052634723 0.055559166 -0.075582750 0.021245010 -0.075520046 -0.000744924 0.996917665
1341845700.257669 0.054634485 0.056306448 -0.073146842 0.021590509 -0.075495303 -0.000233519 0.996912360
1341845700.293641 0.056990385 0.054211687 -0.076804675 0.021134917 -0.075406931 0.000947311 0.996928394
1341845700.325714 0.054266553 0.053136677 -0.075922914 0.021191569 -0.074895211 0.001400588 0.996965230
1341845700.357742 0.054112289 0.056879021 -0.072298169 0.021873750 -0.074434713 0.000945066 0.996985555
1341845700.393681 0.059564613 0.057585396 -0.074401304 0.021498984 -0.074176222 -0.000095016 0.997013390
1341845700.425997 0.057660520 0.058899470 -0.071422629 0.021430226 -0.073790528 -0.000320558 0.997043431
1341845700.461682 0.056647774 0.057432316 -0.071115293 0.021139424 -0.073444791 -0.000458395 0.997075140
1341845700.493808 0.055208430 0.061182015 -0.069764704 0.021528285 -0.073087849 -0.000617099 0.997092962
1341845700.526106 0.055624910 0.055569239 -0.067524336 0.020440044 -0.073062100 -0.000951896 0.997117460
1341845700.562458 0.053488594 0.054906230 -0.074070267 0.020006390 -0.072292708 -0.001139815 0.997182131
1341845700.626137 0.058161475 0.057575848 -0.069321856 0.019993544 -0.073461771 0.000034786 0.997097611
1341845700.661872 0.057996616 0.058744937 -0.067366019 0.019883603 -0.072617121 -0.000955949 0.997161210
1341845700.693861 0.054819111 0.058449548 -0.072141893 0.019273231 -0.071600407 -0.001975313 0.997245193
1341845700.732394 0.056274373 0.057184279 -0.072190329 0.019302359 -0.072589852 -0.000827565 0.997174740
1341845700.767794 0.054897267 0.055254806 -0.063299738 0.019658888 -0.072823271 -0.000197159 0.997151077
1341845700.799058 0.057155572 0.055221826 -0.070365556 0.019585654 -0.072602868 -0.000147890 0.997168601
1341845700.867749 0.055925392 0.055495679 -0.067908980 0.019912867 -0.072118819 -0.001490850 0.997196138
1341845700.930007 0.055714477 0.055815756 -0.068103738 0.020914186 -0.072823726 -0.000989849 0.997125030
1341845700.961797 0.060701188 0.058315687 -0.071188845 0.021239830 -0.073344275 -0.001356169 0.997079551
1341845700.997752 0.063101545 0.057638880 -0.076703094 0.020837098 -0.073483810 -0.001902470 0.997076929
1341845701.029597 0.058732800 0.059337486 -0.071712151 0.021372855 -0.073485605 -0.001972581 0.997065306
1341845701.061618 0.056572679 0.053056479 -0.074671485 0.020805953 -0.073340990 -0.002043133 0.997087777
1341845701.097561 0.059934422 0.056553025 -0.073036812 0.021489315 -0.074165024 -0.002005849 0.997012436
1341845701.129741 0.055427976 0.057990853 -0.070031226 0.021893742 -0.073347494 -0.002082711 0.997063935
1341845701.165734 0.056407753 0.058887444 -0.070252702 0.021639138 -0.073348209 -0.001926377 0.997069776
1341845701.197714 0.054185577 0.054086193 -0.073319577 0.021477204 -0.073322624 -0.001996796 0.997075021
1341845701.230497 0.058573972 0.055764198 -0.073965885 0.021936521 -0.074220285 -0.002175490 0.996998191
1341845701.265852 0.059706233 0.055020519 -0.072714552 0.022060152 -0.074758969 -0.001886380 0.996955812
1341845701.297730 0.055123914 0.053060591 -0.071141258 0.022896813 -0.075042672 -0.002517126 0.996914268
1341845701.329611 0.060749680 0.057588682 -0.071810789 0.023511825 -0.075696975 -0.003233550 0.996848404
1341845701.365791 0.056945346 0.055306993 -0.070652947 0.022542279 -0.074761637 -0.003419593 0.996940732
1341845701.397757 0.056152888 0.061023209 -0.069857530 0.023106745 -0.074592754 -0.003939543 0.996938527
1341845701.433542 0.063776523 0.059287116 -0.075439073 0.022434602 -0.074949719 -0.003183121 0.996929824
1341845701.465617 0.061395440 0.058288660 -0.074800737 0.022401266 -0.074732825 -0.001701311 0.996950507
1341845701.497704 0.056902971 0.057118338 -0.071543455 0.022148097 -0.074274570 -0.001671412 0.996990442
1341845701.533597 0.059883956 0.058817964 -0.071358487 0.022061275 -0.074738584 -0.001553316 0.996957898
1341845701.597762 0.055806734 0.059013452 -0.073976524 0.021839328 -0.073203966 -0.002496917 0.997074723
1341845701.633825 0.053573474 0.054804895 -0.070172913 0.021858428 -0.073420331 -0.002684313 0.997057915
1341845701.665709 0.061782397 0.056967966 -0.067538224 0.022742519 -0.074432559 -0.002137654 0.996964395
1341845701.701676 0.057754114 0.055074297 -0.069721907 0.023331407 -0.073433347 -0.002560365 0.997023880
1341845701.733527 0.057073615 0.054613572 -0.072099179 0.023602262 -0.073192693 -0.003198133 0.997033358
1341845701.765764 0.057864860 0.055605747 -0.067512281 0.023771413 -0.073547184 -0.002895451 0.997004211
1341845701.801701 0.062043235 0.058282215 -0.069418967 0.024189500 -0.073807828 -0.002641654 0.996975601
1341845701.833700 0.062396474 0.055258617 -0.070867129 0.023854906 -0.073725305 -0.002433016 0.996990263
1341845701.865775 0.064064816 0.058394089 -0.066144124 0.024619306 -0.074231312 -0.001657039 0.996935725
1341845701.901711 0.061888061 0.057009377 -0.068459593 0.024300860 -0.073685199 -0.002549876 0.996982157
1341845701.933585 0.061894920 0.057531200 -0.069305375 0.024069928 -0.073151037 -0.002570351 0.997027099
1341845701.969726 0.061714992 0.057691112 -0.070950575 0.023679387 -0.073071137 -0.003101907 0.997040749
1341845702.002544 0.060972638 0.057769738 -0.067812137 0.023791207 -0.072964378 -0.002617720 0.997047305
1341845702.034379 0.059099250 0.055860285 -0.068545528 0.023763930 -0.072401352 -0.003598362 0.997085929
1341845702.101809 0.058539271 0.054370809 -0.070538476 0.024123365 -0.072582006 -0.004277366 0.997061491
1341845702.137663 0.057017390 0.052877706 -0.067943379 0.024222575 -0.072851203 -0.004095759 0.997040212
1341845702.169629 0.058948286 0.052696876 -0.070706621 0.024779506 -0.073092520 -0.004455423 0.997007310
1341845702.201769 0.063288435 0.055125114 -0.071309403 0.025339345 -0.073204562 -0.005372907 0.996980548
1341845702.237691 0.061855651 0.055194713 -0.069652423 0.025327189 -0.072834224 -0.005160416 0.997009099
1341845702.269760 0.060066022 0.054008860 -0.072354302 0.025351016 -0.072361439 -0.005744825 0.997039676
1341845702.301761 0.062618218 0.057003707 -0.069028147 0.025996076 -0.072574392 -0.006175364 0.997005045
1341845702.337713 0.059641436 0.056081481 -0.068697415 0.025671137 -0.071813546 -0.006593963 0.997065842
1341845702.369720 0.060349666 0.055199247 -0.067553468 0.025268178 -0.072423689 -0.005854581 0.997036636
1341845702.405655 0.058958527 0.053509105 -0.069445126 0.025062744 -0.072050937 -0.005721443 0.997069597
1341845702.469691 0.059050221 0.050708950 -0.071559452 0.024766842 -0.070982642 -0.006025596 0.997151792
1341845702.506265 0.060776215 0.052590292 -0.070429385 0.025139021 -0.071367614 -0.005928715 0.997115612
1341845702.569753 0.062531315 0.054336060 -0.069150142 0.025166335 -0.072012089 -0.003604538 0.997079670
1341845702.605685 0.061544869 0.056023210 -0.068022363 0.025082672 -0.072159298 -0.003429160 0.997071803
1341845702.637718 0.060103327 0.052616939 -0.069435284 0.024062254 -0.071731664 -0.004212546 0.997124791
1341845702.673733 0.060717229 0.053644497 -0.070007540 0.023964226 -0.071689464 -0.004671197 0.997128129
1341845702.705735 0.062937208 0.057619777 -0.071301080 0.023992140 -0.071324348 -0.004847663 0.997152805
1341845702.737648 0.058369156 0.055362642 -0.069010735 0.022848951 -0.069982037 -0.006153779 0.997267544
1341845702.773644 0.065980531 0.062581562 -0.071540214 0.022087377 -0.070422590 -0.007321784 0.997245789
1341845702.805893 0.056202896 0.051547714 -0.070791788 0.019339163 -0.068252683 -0.008417663 0.997445107
1341845702.837969 0.060575161 0.059908174 -0.071618021 0.019326188 -0.068225428 -0.008292158 0.997448266
1341845702.874009 0.060525004 0.056719631 -0.071369454 0.017079135 -0.067481481 -0.008758418 0.997535884
1341845702.908704 0.059405621 0.056311242 -0.062445171 0.016751517 -0.067345299 -0.008454222 0.997553229
1341845702.941673 0.059316050 0.051601689 -0.062627673 0.016854281 -0.067773297 -0.007629179 0.997529209
1341845702.973595 0.055495396 0.049836136 -0.068455413 0.018680919 -0.067925856 -0.007178816 0.997489631
1341845703.005769 0.059657402 0.052729391 -0.064234719 0.020771153 -0.070259862 -0.004782604 0.997300982
1341845703.041648 0.059371926 0.053651903 -0.071185507 0.021986352 -0.070818260 -0.004640410 0.997236073
1341845703.073714 0.068206772 0.061868012 -0.071307331 0.022419201 -0.071901932 -0.004980618 0.997147262
1341845703.109699 0.064200982 0.057944760 -0.071454898 0.019507788 -0.069527350 -0.007387188 0.997361898
1341845703.142006 0.064317301 0.057420589 -0.069909520 0.018178241 -0.068228096 -0.008576641 0.997467220
1341845703.173706 0.062696025 0.059855115 -0.067323007 0.017239118 -0.067562945 -0.008864082 0.997526705
1341845703.209732 0.057261843 0.056934994 -0.067321189 0.016617849 -0.066869341 -0.009126806 0.997581601
1341845703.242050 0.059767351 0.052014921 -0.069447659 0.017019406 -0.067393363 -0.008953455 0.997541130
1341845703.273874 0.059506636 0.054797795 -0.072685868 0.018053133 -0.067912005 -0.007988220 0.997495949
1341845703.309758 0.059110876 0.054711796 -0.071389571 0.018933672 -0.068827376 -0.006846640 0.997425377
1341845703.341850 0.061091162 0.055380743 -0.069470935 0.019564446 -0.069147341 -0.006687080 0.997392178
1341845703.377702 0.062913835 0.055372313 -0.067618743 0.020266093 -0.068785600 -0.007155006 0.997399926
1341845703.409585 0.060596537 0.056462366 -0.068845414 0.020678513 -0.068226762 -0.007296044 0.997428834
1341845703.441629 0.062964015 0.058369439 -0.064543337 0.020848636 -0.068992503 -0.008427097 0.997363687
1341845703.477741 0.063465670 0.055714037 -0.064423345 0.020408222 -0.069105268 -0.008805237 0.997361720
1341845703.509995 0.065448970 0.055293161 -0.062955581 0.020748459 -0.069375612 -0.008884888 0.997335255
1341845703.541800 0.064595945 0.056972455 -0.062990606 0.021744596 -0.069071345 -0.009807361 0.997326493
1341845703.577765 0.065341629 0.057010040 -0.063161753 0.021865495 -0.069456786 -0.010281886 0.997292280
1341845703.609650 0.063175045 0.054981045 -0.060184292 0.022032987 -0.069438674 -0.010812809 0.997284293
1341845703.651761 0.067525268 0.057157278 -0.063362248 0.022599686 -0.070223473 -0.010386088 0.997221172
1341845703.709916 0.067922987 0.062104393 -0.067366123 0.023109209 -0.071519919 -0.010070714 0.997120559
1341845703.745719 0.069253780 0.064210169 -0.069553673 0.022281097 -0.071226500 -0.010732811 0.997153521
1341845703.777733 0.069216244 0.059856277 -0.064299315 0.020498505 -0.070231706 -0.011656151 0.997251928
1341845703.809711 0.064353734 0.057710897 -0.067983165 0.019683870 -0.068915531 -0.012030926 0.997355700
1341845703.845769 0.061933450 0.056312591 -0.069740005 0.019575750 -0.068776011 -0.011608633 0.997372448
1341845703.877728 0.064956985 0.058320519 -0.069330312 0.019622268 -0.069168530 -0.011776024 0.997342467
1341845703.913808 0.065133758 0.057756267 -0.061578460 0.019283714 -0.069252722 -0.011047104 0.997351587
1341845703.945653 0.067135170 0.054194942 -0.061196696 0.018965898 -0.069152318 -0.011655943 0.997357666
1341845703.977870 0.061345667 0.052611426 -0.062767334 0.019261939 -0.067904159 -0.012279246 0.997430325
1341845704.013637 0.063222975 0.055363543 -0.066951357 0.020251358 -0.068373509 -0.012003563 0.997381985
1341845704.045703 0.065391891 0.054535534 -0.063875720 0.021369314 -0.069132097 -0.011506053 0.997312248
1341845704.077666 0.066342771 0.056370769 -0.059375755 0.022139529 -0.069635577 -0.009964067 0.997277021
1341845704.113706 0.065745898 0.055930894 -0.061071575 0.022072406 -0.069085971 -0.010446281 0.997311771
1341845704.145681 0.067775726 0.058922667 -0.068606384 0.021811578 -0.068757445 -0.010404838 0.997340679
1341845704.181785 0.064190909 0.058047507 -0.069355644 0.021326894 -0.067650162 -0.011572003 0.997413993
1341845704.213778 0.064600781 0.057066627 -0.061904043 0.021185178 -0.067896485 -0.011495432 0.997401178
1341845704.245863 0.064775459 0.060348146 -0.060410332 0.021632208 -0.067995302 -0.010629984 0.997394443
1341845704.281578 0.071535833 0.062564433 -0.060791537 0.021760911 -0.068477541 -0.010418989 0.997360885
1341845704.313707 0.071599066 0.059569560 -0.064253658 0.020354839 -0.067998484 -0.010085671 0.997426748
1341845704.349873 0.072964348 0.057753716 -0.065527558 0.019603565 -0.066717058 -0.010450653 0.997524559
1341845704.381729 0.070251018 0.058852378 -0.056469411 0.019017704 -0.064895056 -0.010666835 0.997653842
1341845704.413817 0.069191501 0.058394112 -0.056812540 0.018934146 -0.063375190 -0.010461884 0.997755289
1341845704.449837 0.074704826 0.060041491 -0.062428433 0.019050526 -0.062412575 -0.010341588 0.997815013
1341845704.481600 0.071408048 0.058846053 -0.062065423 0.017787321 -0.060195047 -0.011331707 0.997963786
1341845704.513671 0.067747585 0.052052565 -0.055433020 0.017848395 -0.059163459 -0.011275687 0.998025000
1341845704.549869 0.066490501 0.048017658 -0.059564374 0.021674622 -0.060068496 -0.008735952 0.997920692
1341845704.581901 0.061599374 0.051672455 -0.056333467 0.026390156 -0.061648302 -0.006659545 0.997726738
1341845704.617838 0.062687896 0.056748349 -0.063027054 0.028639968 -0.062468626 -0.006913873 0.997611940
1341845704.650477 0.066000625 0.057756014 -0.063520491 0.029245960 -0.062943891 -0.008160721 0.997555077
1341845704.681708 0.062281422 0.054498933 -0.062488206 0.030060180 -0.062758774 -0.008936608 0.997535884
1341845704.717704 0.060259141 0.055076174 -0.063224599 0.031395420 -0.063840672 -0.009092988 0.997424662
1341845704.749702 0.061432835 0.057231277 -0.069104612 0.031840954 -0.064086810 -0.010390214 0.997382104
1341845704.781791 0.060563244 0.055986304 -0.067010641 0.030904982 -0.063411802 -0.012297140 0.997433007
1341845704.817744 0.053957660 0.048639949 -0.066697799 0.030305212 -0.063236631 -0.012949014 0.997454286
1341845704.849705 0.059755832 0.051733259 -0.074156873 0.032366153 -0.065630227 -0.013340246 0.997229755
1341845704.885675 0.061053652 0.055896562 -0.069418795 0.033067960 -0.066688448 -0.013791456 0.997130334
1341845704.917742 0.058689598 0.054833736 -0.073037073 0.032335352 -0.067077339 -0.013635188 0.997130454
1341845704.949746 0.059682839 0.054997802 -0.072336324 0.031653117 -0.067736976 -0.015026027 0.997087777
1341845704.985761 0.056037746 0.056135140 -0.070933543 0.031057190 -0.067573100 -0.016090307 0.997101009
1341845705.017537 0.054490630 0.058840990 -0.067469135 0.030814838 -0.067713737 -0.015913578 0.997101843
1341845705.049660 0.061080046 0.060492396 -0.071673237 0.030083032 -0.069028452 -0.016741348 0.997020483
1341845705.085710 0.055821337 0.056551665 -0.067675374 0.029208895 -0.068903469 -0.017004773 0.997050643
1341845705.117831 0.057620309 0.058220591 -0.071880989 0.029428782 -0.069936298 -0.017438658 0.996964753
1341845705.154005 0.059983958 0.063375808 -0.067408167 0.028854223 -0.070304416 -0.017802114 0.996949255
1341845705.185648 0.054723967 0.057269238 -0.066510305 0.027220080 -0.069305994 -0.018311655 0.997055888
1341845705.217695 0.059416905 0.060894445 -0.066815913 0.027573766 -0.069512576 -0.017816782 0.997040749
1341845705.253735 0.059301160 0.063369833 -0.066821799 0.027415521 -0.069153711 -0.018123817 0.997064531
1341845705.285554 0.058441404 0.059105448 -0.065971091 0.026493624 -0.069257848 -0.017712029 0.997089624
1341845705.321646 0.061208729 0.060114883 -0.066952795 0.027073488 -0.069961838 -0.017037917 0.997036636
1341845705.353674 0.060517333 0.061745312 -0.064270683 0.027424265 -0.070402831 -0.015648399 0.997018814
1341845705.385774 0.059063442 0.056825072 -0.068175718 0.027165446 -0.070296369 -0.016864436 0.997013569
1341845705.421801 0.060188569 0.056723781 -0.063192703 0.028166439 -0.069986291 -0.016737381 0.997009754
1341845705.453568 0.058533642 0.056929071 -0.060714949 0.030492596 -0.070031092 -0.016397132 0.996943831
1341845705.485749 0.062323108 0.060152236 -0.065080188 0.032822005 -0.071594290 -0.014442440 0.996789038
1341845705.521655 0.062892571 0.057314683 -0.061118536 0.033729952 -0.072235189 -0.014299123 0.996714532
1341845705.553548 0.063058399 0.060021274 -0.067051426 0.034860935 -0.072146520 -0.012726500 0.996703386
1341845705.589775 0.061799798 0.064519010 -0.063944191 0.035079975 -0.071858935 -0.013083966 0.996711850
1341845705.621894 0.058433086 0.061107870 -0.068899117 0.034677524 -0.071375616 -0.012952067 0.996762395
1341845705.653569 0.051066816 0.060145203 -0.065843053 0.034612410 -0.072884522 -0.011654370 0.996671438
1341845705.689868 0.064651564 0.061620574 -0.060765732 0.035392970 -0.076477185 -0.012045952 0.996370137
1341845705.721810 0.059935868 0.059755847 -0.064111114 0.035012774 -0.074785165 -0.012940400 0.996500790
1341845705.753738 0.058780748 0.058907621 -0.062898882 0.034773860 -0.074050128 -0.013735614 0.996553421
1341845705.789861 0.064378150 0.061716255 -0.065275148 0.035170972 -0.073697165 -0.013670666 0.996566534
1341845705.821704 0.057581253 0.060443237 -0.061489142 0.034675531 -0.072216533 -0.012911282 0.996702373
1341845705.863629 0.057855230 0.057295859 -0.063808031 0.034900989 -0.073034823 -0.012958109 0.996634305
1341845705.895623 0.057441168 0.054477725 -0.064526640 0.036207698 -0.074579909 -0.011061520 0.996496081
1341845705.931726 0.052746259 0.059323665 -0.066844799 0.038185399 -0.076342128 -0.009273965 0.996307075
1341845705.963641 0.058065191 0.064234279 -0.069657110 0.038802955 -0.078745410 -0.010835943 0.996080339
1341845705.995677 0.064302571 0.066779464 -0.062866524 0.037576888 -0.079086699 -0.015131989 0.996044338
1341845706.031837 0.066294074 0.070280448 -0.061049443 0.035698697 -0.077407323 -0.016255004 0.996227622
1341845706.063631 0.054071411 0.063656539 -0.059297290 0.033885416 -0.076633297 -0.016288426 0.996350229
1341845706.095737 0.058619995 0.065276183 -0.061750080 0.034372598 -0.078779042 -0.017574389 0.996144354
1341845706.131716 0.061839066 0.068608858 -0.058392588 0.033590920 -0.078543834 -0.018959751 0.996164203
1341845706.163718 0.058477357 0.061180059 -0.057556018 0.032131251 -0.076693423 -0.017809613 0.996377707
1341845706.195662 0.061490435 0.066833571 -0.056709759 0.033572659 -0.077694654 -0.016633399 0.996272922
1341845706.231610 0.066843599 0.071414791 -0.054102067 0.033157580 -0.078129947 -0.016405884 0.996256590
1341845706.263724 0.066604324 0.068923749 -0.054421399 0.031665586 -0.076158985 -0.015546200 0.996471465
1341845706.299838 0.061761271 0.067578413 -0.060500007 0.030478062 -0.074871704 -0.014448399 0.996622562
1341845706.331753 0.065080658 0.069240928 -0.056132730 0.030212244 -0.076258980 -0.015057396 0.996516466
1341845706.363574 0.064337365 0.065831132 -0.053699378 0.029405434 -0.075925052 -0.014959577 0.996567547
1341845706.399690 0.060425200 0.068017967 -0.050211806 0.029924715 -0.075844541 -0.014776035 0.996560991
1341845706.431735 0.063999586 0.068075575 -0.049176663 0.030326573 -0.076063342 -0.014744819 0.996532619
1341845706.463612 0.062277496 0.063170671 -0.051068120 0.029679170 -0.074686714 -0.013271749 0.996676922
1341845706.499655 0.062790252 0.063994981 -0.052486043 0.030429138 -0.075553909 -0.011543214 0.996610522
1341845706.531782 0.064533852 0.065886617 -0.048009478 0.031545050 -0.076542035 -0.011943305 0.996495664
1341845706.563559 0.074433900 0.063550845 -0.048604261 0.031389713 -0.075481124 -0.012015081 0.996580601
1341845706.599529 0.065079264 0.058286045 -0.047719672 0.031800613 -0.072872601 -0.011963155 0.996762335
1341845706.631786 0.064553358 0.058948703 -0.046745852 0.033649627 -0.074183337 -0.012884879 0.996593475
1341845706.667647 0.073853821 0.061435711 -0.053032983 0.034557186 -0.074511327 -0.012092608 0.996547878
1341845706.700732 0.069449097 0.060942639 -0.046108663 0.034770004 -0.071653493 -0.012216658 0.996748507
1341845706.732115 0.065933771 0.057442453 -0.048186414 0.034948997 -0.070737720 -0.012041366 0.996809781
1341845706.768143 0.070978805 0.060245261 -0.045720369 0.036035325 -0.071367294 -0.010233956 0.996746421
1341845706.800357 0.073423900 0.057177104 -0.052499618 0.035971187 -0.070687987 -0.008470121 0.996813715
1341845706.832602 0.069162466 0.058770787 -0.051355932 0.036260277 -0.070195623 -0.008646420 0.996836483
1341845706.869449 0.070954375 0.062076960 -0.051431436 0.036102530 -0.070207223 -0.008368920 0.996843755
1341845706.933651 0.069709830 0.055519547 -0.051370677 0.034333259 -0.070706747 -0.008195098 0.996872425
1341845706.994021 0.072421730 0.061037734 -0.053973451 0.033961419 -0.070655152 -0.005858318 0.996905267
1341845707.029674 0.070392549 0.056886636 -0.049985681 0.034024768 -0.070854597 -0.005364862 0.996891737
1341845707.061864 0.075774960 0.054639764 -0.049542241 0.034316927 -0.071313567 -0.005278466 0.996849477
1341845707.097704 0.079182744 0.055498756 -0.045282979 0.034756292 -0.070725515 -0.003712138 0.996883214
1341845707.129770 0.075627588 0.053077564 -0.042694833 0.036705140 -0.070304289 -0.002639686 0.996846557
1341845707.161817 0.076836914 0.053446077 -0.047468644 0.038967025 -0.071004674 -0.002710833 0.996710896
1341845707.197721 0.081472628 0.052440699 -0.048115484 0.039663959 -0.070319511 -0.003010827 0.996731102
1341845707.229795 0.077932417 0.052079055 -0.047764126 0.040306710 -0.068824269 -0.003671186 0.996807456
1341845707.261851 0.081789844 0.052593268 -0.045320611 0.040876683 -0.069317199 -0.002137233 0.996754587
1341845707.297710 0.080963321 0.052600127 -0.047082834 0.040943947 -0.068095602 -0.002629445 0.996834815
1341845707.329761 0.084778443 0.051633883 -0.045256864 0.040235810 -0.067085519 -0.003438026 0.996929705
1341845707.365850 0.084358558 0.050378442 -0.041892633 0.040596049 -0.065584108 -0.002229674 0.997018397
1341845707.397796 0.082421996 0.045870863 -0.042394407 0.041111059 -0.065390497 0.000036132 0.997012496
1341845707.429752 0.084278300 0.045143139 -0.042466428 0.042102356 -0.065659724 0.001127418 0.996952832
1341845707.465767 0.089542016 0.044638395 -0.039176591 0.043027919 -0.064735040 0.000215492 0.996974409
1341845707.497642 0.089205585 0.045669463 -0.042364068 0.043577645 -0.062951721 0.000559098 0.997064590
1341845707.533665 0.090604767 0.043349680 -0.043093231 0.044174489 -0.061990492 0.001129847 0.997098088
1341845707.565754 0.092393808 0.043859210 -0.043902371 0.045243420 -0.060143329 0.000944061 0.997163415
1341845707.597603 0.094809391 0.045289174 -0.043389227 0.045725655 -0.058421947 0.001134396 0.997243583
1341845707.633748 0.092802763 0.046227418 -0.034752093 0.046324294 -0.058138467 0.002425965 0.997230232
1341845707.665870 0.096284762 0.046598006 -0.035752624 0.046959419 -0.058784738 0.003312428 0.997160077
1341845707.698455 0.099372603 0.047131971 -0.041174464 0.046323914 -0.058365058 0.003151046 0.997214973
1341845707.734303 0.094752118 0.049558800 -0.039752696 0.045973845 -0.057198066 0.001862062 0.997301996
1341845707.766259 0.092751294 0.043957379 -0.035695683 0.045378942 -0.057291135 0.001465478 0.997324586
1341845707.836344 0.095159471 0.046591453 -0.036056828 0.047470372 -0.057572983 0.001539961 0.997210860
1341845707.866230 0.096436538 0.047806274 -0.034240589 0.047464289 -0.058349673 0.001262233 0.997166395
1341845707.901694 0.098231316 0.045843471 -0.038069684 0.046616971 -0.058685996 0.002071112 0.997185290
1341845707.933640 0.093236797 0.042812124 -0.034148261 0.046449557 -0.058842260 0.002757840 0.997182250
1341845707.965831 0.096366711 0.043357227 -0.036712606 0.046848312 -0.059329875 0.002018618 0.997136474
1341845708.001954 0.099112667 0.046351340 -0.033953376 0.047266345 -0.059101343 0.002723110 0.997128665
1341845708.034393 0.095240526 0.045614380 -0.038654316 0.047330629 -0.059353087 0.002360896 0.997111559
1341845708.069946 0.097136699 0.048647385 -0.035394188 0.047422364 -0.059725411 0.002025580 0.997085690
1341845708.101700 0.092813857 0.047209207 -0.034358528 0.046681050 -0.059001405 0.002289142 0.997163236
1341845708.133697 0.094415091 0.042505898 -0.034402046 0.046525095 -0.060058221 0.001272008 0.997109234
1341845708.169675 0.096448191 0.043763574 -0.033719499 0.046635445 -0.060939111 0.001547224 0.997050226
1341845708.201793 0.093997873 0.043296602 -0.034649257 0.046273552 -0.060254756 0.000642526 0.997109711
1341845708.233744 0.092982024 0.043744117 -0.037552625 0.046587158 -0.060860310 0.000339237 0.997058451
1341845708.269711 0.095518112 0.043150119 -0.032057568 0.047285244 -0.062107928 0.000407898 0.996948600
1341845708.301629 0.095346071 0.046529021 -0.035937104 0.048011903 -0.062724702 -0.000226224 0.996875346
1341845708.337612 0.096277192 0.047583532 -0.033675727 0.047572367 -0.062561758 -0.002041922 0.996904552
1341845708.369900 0.096598536 0.046352945 -0.035596311 0.046896975 -0.062226523 -0.002591113 0.996956289
1341845708.401883 0.095513321 0.044825077 -0.036156740 0.047005083 -0.062831394 -0.002900565 0.996912420
1341845708.443610 0.097130783 0.047251634 -0.037233919 0.047630128 -0.063161783 -0.003180345 0.996860981
1341845708.501776 0.097565904 0.046395350 -0.037618700 0.046730950 -0.064534530 -0.002246946 0.996818185
1341845708.543852 0.095943727 0.048214503 -0.036519624 0.047484983 -0.066276610 -0.001287431 0.996669948
1341845708.605675 0.098116077 0.050583597 -0.036997192 0.046877556 -0.067767367 -0.004606614 0.996588647
1341845708.637641 0.094237924 0.052379347 -0.036945447 0.047329877 -0.069168091 -0.004705210 0.996470511
1341845708.669692 0.097068921 0.055408806 -0.033411033 0.047798909 -0.071290933 -0.006121202 0.996290803
1341845708.705736 0.095274702 0.055866964 -0.036839049 0.046835989 -0.070643745 -0.007184984 0.996375561
1341845708.738027 0.090947486 0.052849464 -0.038387876 0.046005491 -0.070729762 -0.008265619 0.996399760
1341845708.773829 0.092376739 0.056388233 -0.037959184 0.046605967 -0.073051393 -0.008346699 0.996203661
1341845708.805763 0.096031778 0.058166645 -0.040287044 0.045922872 -0.073673375 -0.008885912 0.996184886
1341845708.838653 0.090391926 0.054526195 -0.043823119 0.045090701 -0.073383018 -0.010489296 0.996228755
1341845708.873912 0.091410078 0.056319848 -0.043996476 0.045466084 -0.074846298 -0.011421569 0.996092558
1341845708.905735 0.089254729 0.056095373 -0.043827929 0.045032520 -0.074757174 -0.012148939 0.996110380
1341845708.938426 0.090479851 0.058170430 -0.047259808 0.045215420 -0.075411789 -0.013649498 0.996033311
1341845708.973642 0.086168379 0.056019105 -0.046501726 0.044986695 -0.075907230 -0.013464879 0.996008515
1341845709.005742 0.089797020 0.057897564 -0.048534103 0.044859078 -0.077198908 -0.013800343 0.995910406
1341845709.041686 0.088422470 0.058517743 -0.047025971 0.045057788 -0.077488005 -0.015313490 0.995856881
1341845709.073656 0.089868017 0.058198784 -0.048833981 0.044571333 -0.078303769 -0.016105717 0.995802462
1341845709.105658 0.085287467 0.058086120 -0.046245422 0.044410065 -0.078558788 -0.016629612 0.995781004
1341845709.141741 0.087817438 0.059346050 -0.047352444 0.044645030 -0.080166034 -0.017536644 0.995626807
1341845709.173646 0.088106133 0.058503646 -0.049848635 0.043777332 -0.079976939 -0.017122421 0.995687723
1341845709.205765 0.085960239 0.062259369 -0.047493670 0.044035837 -0.079956867 -0.017189832 0.995676756
1341845709.241765 0.086837128 0.061655488 -0.048137024 0.043208994 -0.079940066 -0.017609512 0.995707035
1341845709.273754 0.084868975 0.060737863 -0.046874493 0.042808317 -0.079493649 -0.017255358 0.995766282
1341845709.309890 0.086533844 0.059760641 -0.049144763 0.042654246 -0.079838000 -0.015836582 0.995768905
1341845709.341728 0.088193022 0.062129121 -0.052817568 0.042316530 -0.080153979 -0.015377351 0.995765150
1341845709.373776 0.088830933 0.065082461 -0.053709801 0.041452158 -0.080182590 -0.014639731 0.995810270
1341845709.409657 0.089491040 0.066142343 -0.054160785 0.039853804 -0.080198281 -0.013877461 0.995885193
1341845709.442072 0.085950673 0.067131706 -0.054974213 0.037823658 -0.080142722 -0.011512412 0.995998979
1341845709.473660 0.087276340 0.067353733 -0.052036393 0.036315914 -0.080865607 -0.011161364 0.996000648
1341845709.509632 0.086579487 0.069451787 -0.054411776 0.034753677 -0.080529071 -0.010723535 0.996088505
1341845709.541673 0.080610611 0.069227196 -0.053561397 0.032634269 -0.080780193 -0.010056408 0.996146798
1341845709.578645 0.084380992 0.069045208 -0.051253326 0.031635121 -0.082454301 -0.010061087 0.996041834
1341845709.609672 0.082786635 0.067708783 -0.049911059 0.031217543 -0.083688796 -0.011100975 0.995940983
1341845709.642057 0.082012706 0.066194333 -0.050752386 0.030797452 -0.084584646 -0.010862218 0.995881021
1341845709.709730 0.085381508 0.068408586 -0.052136622 0.029903807 -0.086234219 -0.011735824 0.995756865
1341845709.745593 0.082690604 0.070147350 -0.054187872 0.029579042 -0.085651599 -0.011769012 0.995816469
1341845709.777709 0.080401428 0.068272673 -0.052274425 0.028880790 -0.085683882 -0.011028099 0.995842636
1341845709.809687 0.084157296 0.067793109 -0.054908544 0.028918326 -0.086227790 -0.011921884 0.995784283
1341845709.845686 0.085510172 0.069364302 -0.048771378 0.029200366 -0.084908120 -0.013855476 0.995864451
1341845709.878752 0.085781440 0.067707196 -0.051667910 0.028693279 -0.082977548 -0.014849363 0.996027589
1341845709.909693 0.080124490 0.062604561 -0.052069295 0.028893741 -0.081721582 -0.014251274 0.996134341
1341845709.945663 0.082552388 0.062393155 -0.054128330 0.030604767 -0.083261043 -0.013225900 0.995969892
1341845709.977698 0.085056342 0.063689433 -0.053781122 0.032221176 -0.083823554 -0.013152200 0.995872676
1341845710.013739 0.086006843 0.063037597 -0.054126844 0.032700740 -0.083179869 -0.013869706 0.995901287
1341845710.045754 0.083435372 0.062503837 -0.056017712 0.033332739 -0.082274996 -0.014419723 0.995947719
1341845710.077705 0.085963920 0.064635836 -0.055611704 0.033697639 -0.083074957 -0.014535685 0.995867312
1341845710.113730 0.087014124 0.063604340 -0.055361804 0.033604328 -0.082880750 -0.014558959 0.995886326
1341845710.145759 0.081243351 0.065455794 -0.056598268 0.033867877 -0.082164563 -0.014251198 0.995941162
1341845710.177824 0.082387350 0.061943658 -0.056329280 0.033974960 -0.083126113 -0.014116817 0.995859683
1341845710.213581 0.084595218 0.064349160 -0.055588134 0.034742784 -0.083520599 -0.014009045 0.995801687
1341845710.245636 0.078385219 0.058913212 -0.053459246 0.034755688 -0.082928948 -0.014695651 0.995840788
1341845710.281582 0.079707392 0.060468197 -0.056348376 0.036949981 -0.084918566 -0.016087636 0.995572567
1341845710.313617 0.081435353 0.062387206 -0.058361575 0.037654109 -0.085445508 -0.016717430 0.995490730
1341845710.345643 0.079756387 0.060179520 -0.058025885 0.037246697 -0.084691882 -0.015392454 0.995591819
1341845710.381860 0.077470027 0.059387919 -0.059769221 0.038014397 -0.085017718 -0.015707575 0.995530128
1341845710.413817 0.082486808 0.062649295 -0.057189379 0.038741197 -0.086141728 -0.015444121 0.995409548
1341845710.445824 0.083293140 0.061590407 -0.061085824 0.037886340 -0.085350074 -0.014420552 0.995526016
1341845710.481794 0.081294604 0.061172381 -0.058061447 0.037807439 -0.086024769 -0.014911080 0.995463729
1341845710.513650 0.083035909 0.061925437 -0.055395577 0.037973586 -0.086371601 -0.014546352 0.995432794
1341845710.549635 0.078071393 0.058514029 -0.057575449 0.038113352 -0.085792445 -0.013560545 0.995491385
1341845710.581654 0.082002111 0.058977887 -0.060358323 0.039146636 -0.086795889 -0.013860928 0.995360196
1341845710.613694 0.081861511 0.061836142 -0.056359973 0.039566733 -0.086304046 -0.012818548 0.995400310
1341845710.649564 0.079230785 0.056872312 -0.057164084 0.039144501 -0.085965447 -0.012281785 0.995453060
1341845710.681648 0.082897805 0.060780320 -0.060715377 0.040548116 -0.086492576 -0.012898712 0.995343447
1341845710.713728 0.084892459 0.059697926 -0.058494408 0.040521111 -0.086251587 -0.012198066 0.995374262
1341845710.749785 0.082749322 0.055562399 -0.060860518 0.040186126 -0.085257240 -0.011382606 0.995483160
1341845710.781816 0.081246793 0.058571324 -0.059178408 0.041258629 -0.085297115 -0.011786263 0.995431185
1341845710.817567 0.083576731 0.060396358 -0.059063632 0.041512512 -0.084884405 -0.012632403 0.995445490
1341845710.850205 0.085796073 0.061315395 -0.060565270 0.041163862 -0.084358409 -0.011500347 0.995518446
1341845710.882136 0.083934985 0.059745051 -0.061477907 0.040694144 -0.084619746 -0.010309320 0.995528638
1341845710.917631 0.086479314 0.061855063 -0.056692701 0.041075736 -0.085198231 -0.010726140 0.995459199
1341845710.950281 0.085919052 0.060520247 -0.058879983 0.040613145 -0.084025316 -0.010762176 0.995577455
1341845710.985647 0.082444124 0.056656186 -0.061444849 0.041368708 -0.084394835 -0.010406489 0.995518863
1341845711.017722 0.083623372 0.059253503 -0.057718664 0.043201908 -0.086057939 -0.012330536 0.995276630
1341845711.049965 0.091569714 0.063875437 -0.063472606 0.042312697 -0.085123636 -0.013828918 0.995375514
1341845711.085583 0.084276184 0.056894436 -0.058755782 0.040523719 -0.081772238 -0.014006446 0.995728374
1341845711.117670 0.079119660 0.056834511 -0.060588624 0.041310210 -0.082217924 -0.013267567 0.995669425
1341845711.149770 0.084723026 0.060471565 -0.055604320 0.041915666 -0.083500415 -0.012668582 0.995545208
1341845711.191691 0.091606140 0.060562890 -0.054907683 0.040879522 -0.082864754 -0.012581174 0.995642483
1341845711.253627 0.081611790 0.060503446 -0.058935937 0.041993942 -0.083887458 -0.012158837 0.995515704
1341845711.285627 0.085351214 0.061704259 -0.055449765 0.041218199 -0.084693938 -0.013092202 0.995468020
1341845711.317874 0.086466521 0.062240329 -0.053850085 0.040579304 -0.083870627 -0.013261481 0.995561719
1341845711.353756 0.092432819 0.066738360 -0.053353548 0.039891850 -0.084073842 -0.014248943 0.995558739
1341845711.385687 0.090492144 0.061567079 -0.054345582 0.037434038 -0.081837729 -0.015258528 0.995825529
1341845711.417635 0.082932279 0.057669874 -0.055652067 0.036612406 -0.080342688 -0.014334294 0.995991528
1341845711.485895 0.085905164 0.059705894 -0.052403893 0.038827125 -0.083123192 -0.012574410 0.995703220
1341845711.521704 0.089634903 0.059234560 -0.053125076 0.039200515 -0.082907706 -0.011796227 0.995716035
1341845711.553696 0.089477323 0.061212655 -0.051724851 0.040013213 -0.082669079 -0.011666628 0.995705128
1341845711.585708 0.090108849 0.065294579 -0.053017452 0.039535493 -0.081983611 -0.012198676 0.995774508
1341845711.621659 0.091305159 0.061137278 -0.051762190 0.038456306 -0.080871627 -0.012422111 0.995904922
1341845711.653731 0.086369507 0.060084306 -0.054059345 0.038490050 -0.080543533 -0.012766675 0.995925844
1341845711.685758 0.087274320 0.062008966 -0.049431566 0.038832575 -0.080946222 -0.011657833 0.995893478
1341845711.721850 0.089007616 0.060104251 -0.054250635 0.038889755 -0.080706283 -0.011064332 0.995917499
1341845711.754323 0.085309304 0.060886748 -0.056264054 0.039315965 -0.081200726 -0.010102390 0.995870769
1341845711.789716 0.087451227 0.061444513 -0.051113464 0.039654922 -0.082282066 -0.010337792 0.995766163
1341845711.821820 0.088538542 0.060172949 -0.051941596 0.039522864 -0.082238749 -0.010046012 0.995778024
1341845711.854173 0.085949406 0.061700840 -0.049560957 0.040268134 -0.081893452 -0.011179230 0.995764494
1341845711.889875 0.094184525 0.062481873 -0.050393410 0.039700333 -0.081377327 -0.012278987 0.995816648
1341845711.923959 0.092616715 0.062602565 -0.053296946 0.038813379 -0.079006881 -0.012530116 0.996039391
1341845711.957595 0.089717150 0.062004983 -0.057229564 0.037961602 -0.078182794 -0.013777034 0.996120751
1341845711.989820 0.091561578 0.065417744 -0.048295889 0.037880201 -0.077939384 -0.014926688 0.996126354
1341845712.057899 0.088099673 0.063494056 -0.056133125 0.036398131 -0.077052817 -0.012360365 0.996285737
1341845712.090038 0.092485748 0.066380657 -0.046128005 0.036042683 -0.076893225 -0.015580381 0.996265829
1341845712.127587 0.093114927 0.066624030 -0.051225092 0.034683466 -0.074314177 -0.016458638 0.996495664
1341845712.195638 0.088567950 0.062615715 -0.053874921 0.036064863 -0.078638785 -0.014019737 0.996151984
1341845712.257830 0.091083169 0.063436188 -0.051906928 0.034582965 -0.075687416 -0.016617829 0.996393144
1341845712.289935 0.087696955 0.063983202 -0.054999806 0.035101384 -0.075872891 -0.015977731 0.996371388
