1341845688.561749 0.000000000 0.000000000 0.000000000 0.000000000 0.000000000 0.000000000 1.000000000
1341845688.593654 -0.005090843 -0.003697779 -0.000446444 0.000342569 -0.002552929 0.003954624 0.999988854
1341845688.629688 -0.002894893 0.002748184 -0.005419774 0.002580686 -0.008071830 0.008469428 0.999928236
1341845688.663680 -0.005182343 -0.003995081 -0.004517912 0.003408924 -0.013242615 0.013087900 0.999820828
1341845688.697719 -0.008558112 -0.008442960 -0.014405267 0.005853841 -0.017859057 0.018879874 0.999645114
1341845688.729899 -0.013905324 -0.005493234 -0.013565151 0.010653967 -0.023600459 0.020393997 0.999456644
1341845688.761762 -0.003837168 0.000603738 -0.013615664 0.013994731 -0.028298510 0.019756190 0.999306262
1341845688.797687 -0.000057282 -0.002643392 -0.024503063 0.014307190 -0.027535016 0.018224742 0.999352276
1341845688.829892 -0.002775790 0.007330735 -0.020687971 0.015867695 -0.025095629 0.016447093 0.999423802
1341845688.865774 -0.009637525 0.007451426 -0.026184857 0.015194176 -0.023885112 0.016695436 0.999459803
1341845688.929779 -0.018276773 0.015103877 -0.037064057 0.016390668 -0.029219789 0.019996857 0.999238551
1341845688.965631 -0.008632493 0.016170638 -0.030759120 0.016251603 -0.034079921 0.019945465 0.999087870
1341845688.997750 -0.011618178 0.025714045 -0.040324461 0.016033491 -0.032698262 0.013938712 0.999239445
1341845689.029751 -0.007644506 0.028374277 -0.054085363 0.012037878 -0.030339405 0.008564940 0.999430478
1341845689.065755 -0.015549942 0.027073666 -0.055209909 0.007673024 -0.027676482 0.007823779 0.999556839
1341845689.097725 -0.019540191 0.022193104 -0.054464575 0.003241765 -0.026416466 0.010329222 0.999592364
1341845689.133718 -0.011998487 0.026814362 -0.053857382 0.001418898 -0.026643241 0.014462321 0.999539375
1341845689.165884 -0.014597754 0.041465823 -0.054108113 0.001100470 -0.025513031 0.016860239 0.999531686
1341845689.198264 -0.010565883 0.035090651 -0.052338954 -0.003762920 -0.026199270 0.020618675 0.999436975
1341845689.234322 -0.014794081 0.030251497 -0.056908369 -0.007060239 -0.024198456 0.021861127 0.999443173
1341845689.265745 -0.016271528 0.024662711 -0.059614446 -0.009071296 -0.023665642 0.023393229 0.999405026
1341845689.297769 -0.021560300 0.028764009 -0.060540885 -0.009740714 -0.022954214 0.022533813 0.999435067
1341845689.333650 -0.016576756 0.023016352 -0.060622152 -0.011760435 -0.022932334 0.023916319 0.999381721
1341845689.365881 -0.020505697 0.023584722 -0.061751239 -0.011272329 -0.021963011 0.023771787 0.999412537
1341845689.401592 -0.018760437 0.023396175 -0.066516839 -0.010286895 -0.022935957 0.023137011 0.999416232
1341845689.433744 -0.018084880 0.029803669 -0.060083497 -0.008642473 -0.024144474 0.023361832 0.999398112
1341845689.465651 -0.031254888 0.018215144 -0.058180146 -0.007304861 -0.023288792 0.022455318 0.999449849
1341845689.501840 -0.027311696 0.033509456 -0.057519902 -0.001108014 -0.027589776 0.020145489 0.999415696
1341845689.533687 -0.018762894 0.031119509 -0.059089709 0.000276542 -0.030804906 0.015304382 0.999408185
1341845689.565814 -0.015986940 0.032229245 -0.058108196 0.002966454 -0.031271756 0.011710356 0.999437928
1341845689.601682 -0.021416623 0.028631032 -0.057761103 0.005408175 -0.032333784 0.009406921 0.999418199
1341845689.633591 -0.021973584 0.036470279 -0.059322067 0.008542188 -0.035220798 0.004669366 0.999332130
1341845689.669672 -0.024172887 0.030778082 -0.062673330 0.008443874 -0.036324449 0.003245230 0.999299109
1341845689.701700 -0.024852077 0.034364380 -0.060097396 0.010245908 -0.038989406 0.003512699 0.999180913
1341845689.733773 -0.027215032 0.037922841 -0.064734370 0.010838624 -0.041265808 0.002019678 0.999087393
1341845689.769822 -0.022680977 0.035163097 -0.064553007 0.010743320 -0.043488171 0.000339042 0.998996139
1341845689.802003 -0.029845053 0.034989823 -0.062296748 0.010950468 -0.044126034 -0.000490204 0.998965859
1341845689.833757 -0.028188249 0.034933776 -0.063996993 0.011816423 -0.047417741 -0.002182700 0.998802841
1341845689.869861 -0.029436011 0.035692442 -0.066268690 0.012916645 -0.049412340 -0.003675529 0.998688161
1341845689.901825 -0.027684679 0.032465164 -0.061974838 0.012457453 -0.051325440 -0.002553026 0.998601019
1341845689.937674 -0.031186759 0.031471401 -0.068510279 0.013263122 -0.053050138 -0.003277011 0.998498380
1341845689.969679 -0.022330359 0.035372395 -0.065890037 0.013934319 -0.055693146 -0.003291385 0.998345256
1341845690.003830 -0.023293359 0.036341950 -0.069722705 0.013973878 -0.055452436 -0.003828718 0.998356164
1341845690.037686 -0.027036438 0.035294227 -0.069348253 0.013835318 -0.055078626 -0.005157640 0.998372853
1341845690.069636 -0.021793865 0.035269994 -0.066609055 0.014253675 -0.055719137 -0.004331079 0.998335361
1341845690.106587 -0.021440100 0.035637707 -0.069220521 0.014215223 -0.056194842 -0.004128397 0.998310089
1341845690.138859 -0.021560922 0.035857633 -0.067431249 0.013988294 -0.056625947 -0.005802965 0.998280585
1341845690.169919 -0.020486658 0.036822710 -0.067234017 0.014424146 -0.056132060 -0.004759253 0.998307824
1341845690.206103 -0.021987801 0.044230659 -0.073889531 0.015024400 -0.055835977 -0.003718075 0.998319983
1341845690.237700 -0.027495978 0.035461947 -0.068928652 0.012884522 -0.055614110 -0.004523688 0.998358965
1341845690.269981 -0.023747059 0.038523167 -0.069367096 0.014245273 -0.057456557 -0.005026156 0.998233736
1341845690.306143 -0.024986016 0.039783936 -0.067556053 0.014734308 -0.058561128 -0.006301743 0.998155177
1341845690.338646 -0.026572887 0.041959640 -0.074087828 0.014334143 -0.058160212 -0.005516512 0.998189092
1341845690.373833 -0.025663761 0.036554374 -0.071847819 0.012214205 -0.058939192 -0.005779171 0.998170137
1341845690.405976 -0.023597790 0.036749352 -0.071415678 0.012453884 -0.059239093 -0.006926882 0.998142064
1341845690.437908 -0.024557803 0.033996962 -0.068815440 0.012190970 -0.058752783 -0.007323900 0.998171270
1341845690.473654 -0.023475628 0.038711719 -0.070076205 0.012769263 -0.059674636 -0.005021187 0.998123586
1341845690.505978 -0.030002469 0.031700507 -0.070499271 0.012434973 -0.060200945 -0.005356959 0.998094440
1341845690.537884 -0.022211285 0.034160372 -0.075718105 0.012941938 -0.061295167 -0.007954396 0.998004079
1341845690.573708 -0.022710772 0.040727284 -0.070083030 0.013120596 -0.060009498 -0.006453945 0.998090684
1341845690.605848 -0.025074350 0.038416494 -0.068145789 0.012797582 -0.059160963 -0.005172981 0.998153031
1341845690.641747 -0.019121718 0.031314135 -0.068176679 0.012465334 -0.060713209 -0.005667377 0.998061299
1341845690.673751 -0.014331217 0.037267976 -0.071538813 0.013330214 -0.060534716 -0.005928151 0.998059452
1341845690.706003 -0.020232471 0.034294430 -0.065896519 0.013298300 -0.058295067 -0.006329918 0.998190761
1341845690.741684 -0.020044552 0.038148027 -0.068875216 0.014667766 -0.057768296 -0.006967724 0.998197913
1341845690.773770 -0.013006930 0.035357747 -0.065162584 0.014475427 -0.058229104 -0.006093093 0.998179674
1341845690.805715 -0.014465842 0.036386352 -0.069129422 0.014929489 -0.056935605 -0.005367472 0.998251796
1341845690.841674 -0.015233614 0.036347937 -0.065122522 0.015171231 -0.056169234 -0.005056416 0.998293161
1341845690.873770 -0.010316847 0.038422141 -0.064206548 0.015229224 -0.056201831 -0.005751923 0.998286724
1341845690.909837 -0.017260695 0.036163721 -0.062339518 0.014560659 -0.054300454 -0.004653282 0.998407602
1341845690.941576 -0.013450297 0.035232812 -0.063890859 0.014181858 -0.054794967 -0.004124537 0.998388410
1341845690.973879 -0.013215054 0.030998042 -0.062161922 0.013628945 -0.054304317 -0.005542690 0.998416007
1341845691.011558 -0.012702011 0.036683444 -0.065218315 0.014315295 -0.053373236 -0.003636122 0.998465419
1341845691.077986 -0.008732749 0.032715403 -0.063285254 0.014158447 -0.054292440 -0.004535261 0.998414397
1341845691.109685 -0.005580435 0.032486588 -0.064793706 0.014606304 -0.053872671 -0.005321545 0.998426795
1341845691.141759 -0.010008087 0.034351103 -0.064752690 0.015389784 -0.052047778 -0.004274805 0.998516858
1341845691.177729 -0.013453332 0.033325203 -0.064540766 0.016120587 -0.051895697 -0.006166952 0.998503327
1341845691.209644 -0.010322738 0.035865352 -0.067319736 0.016222833 -0.052513674 -0.007478308 0.998460412
1341845691.241757 -0.010335541 0.029076464 -0.067407280 0.015025095 -0.051083080 -0.008344130 0.998546541
1341845691.277595 -0.014953030 0.033289887 -0.060316220 0.016898258 -0.050830852 -0.005523822 0.998549044
1341845691.310138 -0.019496027 0.038598996 -0.067639299 0.017955320 -0.051848743 -0.007606695 0.998464525
1341845691.345620 -0.007198503 0.033307180 -0.070649885 0.016965702 -0.052999400 -0.009224922 0.998407781
1341845691.378062 -0.013002605 0.036876503 -0.066390790 0.018178206 -0.049876120 -0.009745508 0.998542428
1341845691.451922 -0.010795346 0.040634293 -0.066944465 0.019048557 -0.049872912 -0.010652261 0.998517096
1341845691.509739 -0.014862772 0.036109615 -0.064208195 0.017701933 -0.047781039 -0.010671632 0.998643935
1341845691.545833 -0.011263681 0.046420652 -0.063218020 0.019604184 -0.048601002 -0.012583115 0.998546600
1341845691.578399 -0.010916807 0.040127058 -0.063184068 0.017515486 -0.047429487 -0.015069221 0.998607337
1341845691.613857 -0.003993041 0.034370780 -0.065411590 0.016975399 -0.045416895 -0.019009130 0.998642981
1341845691.645632 -0.009614727 0.037801463 -0.062283009 0.018768461 -0.041656047 -0.021096820 0.998732924
1341845691.677793 -0.015391818 0.036270898 -0.066167772 0.019218767 -0.040701203 -0.018433532 0.998816431
1341845691.713727 -0.014079025 0.039951302 -0.065138780 0.020279489 -0.042813111 -0.015745899 0.998753130
1341845691.746050 -0.010130228 0.041834418 -0.060039420 0.021123961 -0.043117747 -0.019419381 0.998657823
1341845691.778411 -0.007149627 0.047909815 -0.065041035 0.020776711 -0.040858846 -0.019628579 0.998755991
1341845691.813646 -0.007094876 0.036988694 -0.066099010 0.017691795 -0.039940000 -0.017041249 0.998900056
1341845691.845603 -0.007405460 0.039747287 -0.066411771 0.018355856 -0.040958166 -0.016058318 0.998863161
1341845691.881595 -0.009028063 0.043078769 -0.060179684 0.019132657 -0.041628320 -0.018042648 0.998786986
1341845691.913600 -0.005830058 0.041121401 -0.059234522 0.018975329 -0.041143976 -0.018229935 0.998806655
1341845691.945997 -0.008773820 0.039330214 -0.064836428 0.019240908 -0.041393649 -0.013930997 0.998860478
1341845691.981657 -0.011917066 0.036659192 -0.069879591 0.020833898 -0.045374922 -0.012163362 0.998678684
1341845692.013904 -0.010121215 0.037632372 -0.063799784 0.022752482 -0.049605578 -0.011384760 0.998444796
1341845692.049676 -0.002234441 0.042381588 -0.066360049 0.023813412 -0.051497005 -0.009797804 0.998341084
1341845692.081862 -0.002658309 0.040963057 -0.064877413 0.024264205 -0.052364744 -0.009721699 0.998285830
1341845692.113695 -0.003108300 0.042690493 -0.061714429 0.025013575 -0.053440470 -0.010295196 0.998204589
1341845692.149736 -0.001958745 0.042829607 -0.060300235 0.024678135 -0.052704226 -0.011478373 0.998239219
1341845692.182123 0.002663119 0.037670847 -0.060631555 0.024782375 -0.052585766 -0.009578601 0.998262882
1341845692.213661 0.001882786 0.042828299 -0.064706258 0.026609341 -0.052845452 -0.009163044 0.998206079
1341845692.249828 0.002272192 0.043808006 -0.064308286 0.026562542 -0.052547950 -0.010013650 0.998214841
1341845692.282146 0.002553334 0.042507652 -0.065804057 0.025746375 -0.051915452 -0.009935908 0.998270094
1341845692.317711 0.000114142 0.042775434 -0.065286122 0.025633730 -0.052276779 -0.010377759 0.998249590
1341845692.349688 0.000160899 0.039942786 -0.063909881 0.025811680 -0.053395461 -0.010789977 0.998181462
1341845692.381560 0.003202316 0.039234936 -0.062983952 0.026954954 -0.053952526 -0.011488730 0.998113513
1341845692.417776 0.002064837 0.039394125 -0.065494411 0.028071035 -0.053284008 -0.013203941 0.998097420
1341845692.449672 0.002619522 0.040057518 -0.065767899 0.028668446 -0.053396646 -0.013814875 0.998066127
1341845692.481594 0.000619142 0.040026966 -0.065557979 0.029643750 -0.053409968 -0.014809553 0.998022676
1341845692.517778 0.009350901 0.028500384 -0.069260776 0.029029973 -0.055233330 -0.016691413 0.997911811
1341845692.549744 0.002511332 0.033276148 -0.071524404 0.031427141 -0.053939141 -0.016245330 0.997917295
1341845692.585822 0.008322265 0.036639895 -0.072607152 0.032061443 -0.054854590 -0.017026467 0.997834206
1341845692.617836 0.003147173 0.036941700 -0.068370946 0.032670431 -0.053090759 -0.016271597 0.997922480
1341845692.649770 0.003026531 0.036352929 -0.076614588 0.033148590 -0.052914660 -0.016497442 0.997912347
1341845692.685749 0.000481133 0.037975203 -0.072463877 0.033711344 -0.053821355 -0.015635841 0.997858882
1341845692.717676 0.007915878 0.041886255 -0.069515713 0.034589346 -0.054591626 -0.016391728 0.997774839
1341845692.749897 0.002753430 0.040292356 -0.074272282 0.034238953 -0.052306373 -0.015398463 0.997925162
1341845692.785833 0.001446538 0.038647905 -0.078049250 0.035006765 -0.052893445 -0.015913172 0.997859478
1341845692.817657 -0.001173047 0.039305151 -0.076384880 0.036262646 -0.053210098 -0.019914057 0.997725964
1341845692.853833 0.000255297 0.035916571 -0.076824382 0.036671933 -0.051855955 -0.021846328 0.997741878
1341845692.885614 -0.001438942 0.038618207 -0.077846304 0.038675927 -0.051756598 -0.021177026 0.997685790
1341845692.917728 -0.001842212 0.039140761 -0.078342386 0.039557043 -0.052471597 -0.023058979 0.997572184
1341845692.953573 0.001963473 0.036865506 -0.077098228 0.040126290 -0.052227810 -0.022788586 0.997568429
1341845692.985667 0.000799144 0.035781424 -0.082724415 0.041226245 -0.051544607 -0.022812089 0.997558534
1341845693.017585 0.001719173 0.039172154 -0.084693797 0.041649796 -0.051775996 -0.023037288 0.997523844
1341845693.053684 0.000905025 0.035873488 -0.081607759 0.041178290 -0.051064909 -0.023571100 0.997567534
1341845693.086059 -0.002616217 0.034874015 -0.084735028 0.041857895 -0.050444331 -0.022426251 0.997597277
1341845693.121690 -0.001718433 0.039078128 -0.089341871 0.042572156 -0.051712982 -0.020328730 0.997547030
1341845693.153852 0.000880646 0.040752925 -0.086502276 0.042000610 -0.053028092 -0.021626504 0.997474909
1341845693.185655 0.004065498 0.037387930 -0.081414446 0.040885389 -0.051744547 -0.021973461 0.997581065
1341845693.221687 -0.002016726 0.037758783 -0.087191992 0.040880054 -0.050393201 -0.019249972 0.997706771
1341845693.254518 -0.005110984 0.037078660 -0.085953206 0.041393235 -0.053144880 -0.017354887 0.997577548
1341845693.289735 0.007534921 0.041998353 -0.087408639 0.042007543 -0.055099979 -0.018406779 0.997426927
1341845693.321741 0.012823561 0.038610030 -0.084489413 0.041132204 -0.051303405 -0.019620873 0.997642756
1341845693.353715 0.007503623 0.037275154 -0.081495687 0.041230101 -0.047222491 -0.017270848 0.997883618
1341845693.421993 0.008168357 0.037343603 -0.084606618 0.041662864 -0.044295784 -0.017882487 0.997989118
1341845693.453700 0.003769356 0.036308143 -0.085015520 0.041647200 -0.041942086 -0.020230956 0.998046577
1341845693.489783 0.004808610 0.032479361 -0.079270966 0.042283121 -0.040582925 -0.020822302 0.998063922
1341845693.522084 0.002214205 0.032483384 -0.085483275 0.044091150 -0.041035000 -0.019480422 0.997994244
1341845693.557666 0.002133582 0.036426686 -0.079710148 0.046522304 -0.042422153 -0.020456325 0.997806370
1341845693.589792 0.006041773 0.037770271 -0.081401639 0.047578290 -0.043458529 -0.021990260 0.997679293
1341845693.622158 0.008135108 0.039374847 -0.078622058 0.048040174 -0.042704407 -0.022474537 0.997678995
1341845693.689929 0.007839022 0.041351080 -0.084920578 0.047014028 -0.041282788 -0.021453856 0.997810125
1341845693.721602 0.013850182 0.042008217 -0.090726949 0.044659566 -0.040634397 -0.022201881 0.997928560
1341845693.757636 0.007592247 0.043495819 -0.087952264 0.043134954 -0.038948182 -0.022328779 0.998060048
1341845693.789776 0.003818101 0.043542888 -0.082506455 0.042519424 -0.039319731 -0.022220997 0.998074293
1341845693.825637 0.007183650 0.046314806 -0.087025933 0.041199114 -0.040265996 -0.021348039 0.998110950
1341845693.857724 0.006453688 0.039292511 -0.079165243 0.039499797 -0.040249396 -0.020606518 0.998195887
1341845693.889741 0.006353145 0.043822549 -0.081962571 0.040636659 -0.039792381 -0.019734906 0.998186231
1341845693.925573 0.005704441 0.041970588 -0.079980224 0.039875548 -0.039523162 -0.018709445 0.998247325
1341845693.957722 0.006154851 0.040402863 -0.083113492 0.040089425 -0.039085530 -0.017436115 0.998279095
1341845693.990410 0.006763751 0.041161001 -0.079707526 0.041148070 -0.038248170 -0.017458394 0.998268008
1341845694.025740 0.010679088 0.043199804 -0.081155702 0.041827541 -0.037308127 -0.018267225 0.998260915
1341845694.057728 0.005850275 0.041915737 -0.079017453 0.042292934 -0.035789482 -0.018373821 0.998294950
1341845694.093631 0.004775456 0.038839713 -0.078144066 0.043502893 -0.035858680 -0.018726390 0.998233914
1341845694.125598 0.005516919 0.037791502 -0.080327652 0.044622254 -0.036084983 -0.018897658 0.998173118
1341845694.157890 0.006374314 0.039069783 -0.082088597 0.045338895 -0.035513680 -0.019401109 0.998151660
1341845694.193528 0.007538489 0.036858488 -0.079954028 0.046067584 -0.035161711 -0.019598844 0.998126864
1341845694.226254 0.007195941 0.037608214 -0.081775650 0.047355559 -0.035225779 -0.019151432 0.998073041
1341845694.261793 0.008835962 0.041212637 -0.082045317 0.048464678 -0.034977213 -0.018299678 0.998044491
1341845694.293655 0.007384098 0.039586112 -0.080591522 0.048723616 -0.035044197 -0.016742043 0.998056889
1341845694.325844 0.006723891 0.036117923 -0.081008770 0.049469575 -0.036548175 -0.014338887 0.998003662
1341845694.361761 0.006074919 0.038886327 -0.079846129 0.051328927 -0.038741708 -0.012283817 0.997854471
1341845694.393754 0.008397499 0.040336993 -0.084254451 0.052486926 -0.040892091 -0.012071187 0.997711003
1341845694.425809 0.005267269 0.042301733 -0.081862591 0.052699279 -0.041933712 -0.012192666 0.997655094
1341845694.461731 0.009766037 0.042673398 -0.082649104 0.052469451 -0.043934245 -0.012419161 0.997578323
1341845694.493931 0.014524489 0.044312514 -0.087580837 0.051047340 -0.044205971 -0.014117186 0.997617543
1341845694.529694 0.012110572 0.041778840 -0.087960288 0.049460463 -0.043454673 -0.015061205 0.997716665
1341845694.561652 0.011072126 0.039441615 -0.086785637 0.049085621 -0.044589091 -0.014849157 0.997688293
1341845694.595586 0.009490705 0.038335081 -0.084394991 0.049878504 -0.045754056 -0.014214756 0.997605443
1341845694.629850 0.008302676 0.037218481 -0.082895942 0.051046517 -0.047460530 -0.013494162 0.997476637
1341845694.661659 0.016244551 0.041230753 -0.080874480 0.053102490 -0.049098082 -0.012166446 0.997307122
1341845694.693720 0.035165921 0.043424200 -0.093574941 0.052646823 -0.047555897 -0.010280487 0.997427225
1341845694.735664 0.038380679 0.045359246 -0.092816487 0.051096644 -0.040970966 -0.010250048 0.997800350
1341845694.767988 0.033216208 0.046174217 -0.086709514 0.049325559 -0.034683745 -0.008055680 0.998147845
1341845694.803611 0.029497152 0.043038789 -0.082185529 0.046952493 -0.028983990 -0.007144960 0.998450994
1341845694.835585 0.024458973 0.040460635 -0.079326004 0.045725219 -0.024444642 -0.006238963 0.998635471
1341845694.867728 0.026318992 0.048136719 -0.073677398 0.046372969 -0.021941062 -0.005026381 0.998670518
1341845694.903566 0.023728762 0.048291624 -0.072784878 0.044625171 -0.018862894 -0.004779970 0.998814225
1341845694.935679 0.020313609 0.043650869 -0.068918407 0.043939311 -0.016518069 -0.004365530 0.998888075
1341845694.967669 0.024432760 0.043714616 -0.068411358 0.044411916 -0.016137956 -0.003159079 0.998877943
1341845695.003730 0.030345947 0.042731736 -0.072041176 0.044272542 -0.014731260 -0.001880492 0.998909056
1341845695.035689 0.030390142 0.038742833 -0.076410614 0.043388642 -0.011216476 -0.001696924 0.998993874
1341845695.072465 0.026095223 0.040302970 -0.073878929 0.043936733 -0.008992705 -0.000915851 0.998993397
1341845695.103895 0.026514132 0.041403409 -0.074088737 0.044402581 -0.010717888 0.000453741 0.998956144
1341845695.135680 0.027149970 0.036820773 -0.073284581 0.044744104 -0.014127544 0.001302163 0.998897731
1341845695.172193 0.028445665 0.033383220 -0.085926346 0.047175676 -0.019924700 0.000998520 0.998687327
1341845695.203618 0.024030598 0.030790916 -0.086447544 0.049190272 -0.026898278 0.001566023 0.998425901
1341845695.235612 0.025526255 0.029274009 -0.085057929 0.052684199 -0.034481570 0.002211452 0.998013258
1341845695.271738 0.026907811 0.034335632 -0.083941311 0.056255717 -0.040430263 0.001595984 0.997596204
1341845695.303569 0.030932542 0.035500359 -0.084070250 0.058153413 -0.045322113 0.000270603 0.997278333
1341845695.335657 0.027244266 0.034731176 -0.086853214 0.058660477 -0.047735669 -0.002662784 0.997132480
1341845695.371706 0.023999427 0.030696517 -0.093451634 0.058267701 -0.050250620 -0.004932280 0.997023284
1341845695.403745 0.025686029 0.032259114 -0.093503423 0.059003010 -0.053483669 -0.007252913 0.996797621
1341845695.435657 0.022808881 0.029548967 -0.090380304 0.060025897 -0.056616712 -0.007190822 0.996563971
1341845695.471720 0.020094506 0.032776017 -0.094956793 0.062022861 -0.060323913 -0.008049767 0.996217549
1341845695.503710 0.019879391 0.037074018 -0.091575779 0.062667765 -0.063729487 -0.008609869 0.995960414
1341845695.539693 0.024406910 0.035729129 -0.086695030 0.062118329 -0.066766441 -0.010296464 0.995779872
1341845695.603908 0.027033962 0.037537929 -0.088130549 0.063063987 -0.069631137 -0.012277503 0.995501757
1341845695.665980 0.025913829 0.039286789 -0.087706551 0.062710546 -0.072522543 -0.013615638 0.995300174
1341845695.701693 0.025697580 0.037203316 -0.088118270 0.062355317 -0.073499702 -0.013120841 0.995257497
1341845695.733686 0.028219454 0.038283203 -0.090547428 0.062009849 -0.074566118 -0.012014381 0.995213687
1341845695.769679 0.027565368 0.039269414 -0.088039286 0.061846811 -0.074680299 -0.012027165 0.995215118
1341845695.801697 0.027736763 0.041612603 -0.088910729 0.060741141 -0.074353695 -0.012009904 0.995307922
1341845695.833635 0.028159833 0.038375072 -0.086912714 0.059372634 -0.074371919 -0.011385923 0.995396435
1341845695.869766 0.028971186 0.037735663 -0.089310281 0.059006393 -0.073845506 -0.010236201 0.995469868
1341845695.901827 0.027291365 0.041995153 -0.090468131 0.058631834 -0.073522136 -0.009592094 0.995522380
1341845695.933900 0.023875784 0.040572423 -0.090028480 0.056923088 -0.073134147 -0.009578365 0.995650232
1341845695.969774 0.029809801 0.041547593 -0.086700946 0.056415699 -0.073344499 -0.008529928 0.995673180
1341845696.001940 0.031932384 0.040476408 -0.086108260 0.055549677 -0.072722428 -0.007766104 0.995773792
1341845696.037778 0.030005235 0.043288924 -0.089652792 0.054938387 -0.071791537 -0.005836374 0.995888412
1341845696.069962 0.026941538 0.039983023 -0.087654479 0.053542864 -0.071547426 -0.003778293 0.995991886
1341845696.102048 0.026643716 0.040309552 -0.085431151 0.053584639 -0.072357632 -0.001781272 0.995936692
1341845696.137759 0.029468616 0.042083852 -0.086459331 0.053198263 -0.073113941 -0.001576488 0.995902538
1341845696.169934 0.031443544 0.039115772 -0.087657630 0.051968955 -0.073582701 -0.001571806 0.995932877
1341845696.201602 0.028796485 0.042989656 -0.088886619 0.051733106 -0.073334076 -0.002955733 0.995960355
1341845696.237582 0.027243514 0.045782644 -0.090932421 0.050244149 -0.072859392 -0.004283026 0.996066630
1341845696.269654 0.029499164 0.042634703 -0.087982677 0.048744172 -0.073975757 -0.004400788 0.996058345
1341845696.305713 0.030328983 0.041720949 -0.089641668 0.048247393 -0.074952312 -0.004025673 0.996011078
1341845696.337790 0.029652053 0.040909413 -0.088345818 0.047719296 -0.075456470 -0.002592436 0.996003211
1341845696.369780 0.028841160 0.042991422 -0.087383918 0.047726694 -0.075955398 -0.002282926 0.995965719
1341845696.406019 0.032352917 0.044981580 -0.088476919 0.046647657 -0.076897711 -0.001892159 0.995945334
1341845696.437910 0.033321161 0.045138817 -0.086813159 0.044790316 -0.077179663 -0.001733601 0.996009111
1341845696.473667 0.034560755 0.045156062 -0.086421646 0.043613616 -0.076595567 -0.002128872 0.996105611
1341845696.505801 0.036102511 0.045374740 -0.087471001 0.041913707 -0.075973570 -0.001957433 0.996226609
1341845696.537879 0.032994367 0.042318139 -0.088255338 0.040816862 -0.075589053 -0.000276590 0.996303260
1341845696.573790 0.032088406 0.042589013 -0.085599340 0.040723618 -0.076311983 0.000450758 0.996251881
1341845696.611644 0.031749636 0.042235799 -0.086135648 0.040381383 -0.076980822 0.000390070 0.996214390
1341845696.648592 0.030861231 0.043554556 -0.085359350 0.040006246 -0.077326544 0.000681461 0.996202588
1341845696.705640 0.037353937 0.042777527 -0.090196379 0.037380207 -0.077126056 0.000676763 0.996320128
1341845696.741801 0.035046834 0.040023774 -0.087671392 0.036524575 -0.075554281 0.000841391 0.996472180
1341845696.773765 0.033497471 0.043536834 -0.089683756 0.036698803 -0.074253418 0.001261200 0.996563137
1341845696.805698 0.033761319 0.046021748 -0.085261174 0.035812281 -0.074326493 0.002838287 0.996586680
1341845696.841908 0.033448692 0.041788440 -0.086999372 0.034678426 -0.073794149 0.003406431 0.996664524
1341845696.873637 0.034851007 0.046114251 -0.081776999 0.034656286 -0.072883874 0.003665087 0.996731400
1341845696.905693 0.034041073 0.047567088 -0.080654532 0.033426892 -0.072015256 0.003763614 0.996836126
1341845696.941841 0.040694829 0.050096206 -0.085109785 0.032390818 -0.072039135 0.005222654 0.996862054
1341845696.973560 0.037902568 0.046338387 -0.085392281 0.030943474 -0.071341924 0.007051557 0.996946871
1341845697.009723 0.037017055 0.048944179 -0.087075174 0.030290302 -0.070947073 0.007594571 0.996991158
1341845697.041678 0.041065097 0.045849472 -0.082118854 0.028948646 -0.070233956 0.007173967 0.997084618
1341845697.073636 0.039024174 0.043511096 -0.082764678 0.028835395 -0.068650633 0.006154740 0.997204959
1341845697.109770 0.039789785 0.046900127 -0.083276808 0.029628931 -0.068236247 0.005808393 0.997212231
1341845697.141787 0.040353358 0.047538809 -0.081605345 0.029130591 -0.068016104 0.005560955 0.997243345
1341845697.173791 0.040629376 0.045079615 -0.081348315 0.028748987 -0.067938760 0.006765192 0.997252226
1341845697.209803 0.038201619 0.046111509 -0.081671342 0.029128522 -0.067315869 0.006773922 0.997283399
1341845697.241685 0.041199986 0.049300902 -0.079090737 0.029163616 -0.067320243 0.007302335 0.997278333
1341845697.277780 0.041844133 0.047841813 -0.083088823 0.028405862 -0.067108467 0.008083501 0.997308493
1341845697.309575 0.040917620 0.047023583 -0.082621872 0.028362038 -0.067331754 0.007757671 0.997297287
1341845697.342252 0.039455514 0.045586959 -0.082976058 0.027857231 -0.067424767 0.007515638 0.997307062
1341845697.377604 0.040806945 0.043653909 -0.083489627 0.027915061 -0.067495167 0.007419242 0.997301400
1341845697.409528 0.038233988 0.046415810 -0.079969727 0.028223015 -0.066880107 0.006163339 0.997342706
1341845697.441666 0.038600653 0.042800393 -0.081396133 0.027669132 -0.066657603 0.006217622 0.997372806
1341845697.477718 0.038078740 0.044125874 -0.080457151 0.028904272 -0.066849664 0.006710943 0.997321725
1341845697.509822 0.040662728 0.045930292 -0.081076451 0.029105097 -0.067265823 0.006286483 0.997290671
1341845697.545892 0.040012624 0.045892112 -0.082820609 0.029044094 -0.067448154 0.006450444 0.997279108
1341845697.577742 0.039747380 0.044834431 -0.082652092 0.029595817 -0.068252809 0.006441171 0.997208178
1341845697.609653 0.039435450 0.045012895 -0.084026352 0.029529713 -0.068677597 0.006746540 0.997178912
1341845697.645769 0.042335145 0.045777362 -0.082839906 0.029343991 -0.069647670 0.007478025 0.997111917
1341845697.677795 0.042080209 0.045265358 -0.079440951 0.029002663 -0.069481008 0.007295414 0.997134924
1341845697.713520 0.041226827 0.046829913 -0.077815078 0.028713515 -0.069079369 0.007149110 0.997172236
1341845697.745975 0.041407462 0.046259575 -0.080844477 0.028110024 -0.069526978 0.008308948 0.997149348
1341845697.777683 0.041034371 0.047130432 -0.078012422 0.028055115 -0.069920376 0.008480962 0.997121930
1341845697.813673 0.043835696 0.046916083 -0.077562161 0.027301110 -0.070191808 0.008423782 0.997124255
1341845697.845793 0.047373254 0.051090818 -0.083901457 0.026493328 -0.070122413 0.008310135 0.997151852
1341845697.877887 0.043722287 0.050287321 -0.075550862 0.025496501 -0.069869205 0.008638858 0.997192860
1341845697.913637 0.043667745 0.047367200 -0.082175516 0.024638364 -0.069789991 0.007750832 0.997227311
1341845697.945734 0.041817516 0.050099067 -0.074064702 0.024671333 -0.069793411 0.006972643 0.997231960
1341845697.981763 0.042315498 0.046067793 -0.075655051 0.023715632 -0.069656529 0.006389598 0.997268617
1341845698.013639 0.042805281 0.047396831 -0.069693811 0.024140090 -0.069663428 0.006294546 0.997258544
1341845698.045700 0.044338014 0.048170730 -0.079683736 0.024435086 -0.069748491 0.006503606 0.997244120
1341845698.081804 0.041094862 0.047098994 -0.082004733 0.024127511 -0.069901101 0.006023107 0.997243881
1341845698.113733 0.044667363 0.048709407 -0.076695591 0.024507079 -0.071021169 0.005701844 0.997157395
1341845698.145605 0.040639799 0.046808008 -0.078973711 0.024655981 -0.070679583 0.005047048 0.997181535
1341845698.181637 0.042162564 0.047558554 -0.077303328 0.024835007 -0.070803598 0.004563059 0.997170627
1341845698.213981 0.038914889 0.045632567 -0.081792109 0.024601316 -0.071292304 0.005067213 0.997139156
1341845698.249641 0.043039750 0.051754273 -0.077987075 0.026281958 -0.072959073 0.004763197 0.996977210
1341845698.281737 0.046134531 0.051471714 -0.079888418 0.025027649 -0.073661409 0.004443378 0.996959269
1341845698.313940 0.045283556 0.048249904 -0.079077750 0.024399288 -0.073734976 0.003896164 0.996971726
1341845698.349629 0.045539759 0.048071906 -0.076079756 0.024702791 -0.073792726 0.002644980 0.996964097
1341845698.381667 0.041530766 0.046276756 -0.082932681 0.024303321 -0.073684588 0.002835282 0.996981382
1341845698.413724 0.043946896 0.048588313 -0.077418283 0.025143823 -0.075574398 0.003587616 0.996816635
1341845698.449543 0.044243321 0.051093858 -0.081687346 0.025741670 -0.076884195 0.004428246 0.996697843
1341845698.481693 0.043330051 0.051119793 -0.082906589 0.025667775 -0.077991687 0.004000379 0.996615529
1341845698.517644 0.045032971 0.046570946 -0.083448395 0.025145633 -0.078869663 0.003484958 0.996561646
1341845698.549633 0.044902388 0.049064871 -0.073378384 0.026291603 -0.079701170 0.002036236 0.996469915
1341845698.581773 0.045786854 0.046952829 -0.081084110 0.026706418 -0.080096409 -0.000170312 0.996429265
1341845698.617608 0.046301410 0.048865315 -0.079522476 0.027229408 -0.080501601 -0.000503130 0.996382356
1341845698.649887 0.045214932 0.045411203 -0.079125665 0.027208468 -0.080855720 -0.000761863 0.996354103
1341845698.685838 0.047036901 0.047380917 -0.081051782 0.028572742 -0.081348315 -0.000917596 0.996275663
1341845698.717744 0.049887214 0.051246263 -0.081169836 0.028735779 -0.081499621 -0.001318228 0.996258140
1341845698.749680 0.048659787 0.046604719 -0.083855316 0.027560590 -0.080958933 -0.000792627 0.996336043
1341845698.785826 0.047692221 0.048644979 -0.085358143 0.027680999 -0.080660708 -0.000144309 0.996357143
1341845698.817603 0.049440831 0.050061721 -0.084149063 0.027306903 -0.080861419 -0.000684929 0.996351004
1341845698.849705 0.048964620 0.051397040 -0.081015833 0.026478834 -0.080850154 -0.000494958 0.996374369
1341845698.885714 0.049891766 0.049450208 -0.083440237 0.025938381 -0.080899596 -0.000575765 0.996384501
1341845698.917723 0.051660411 0.049215976 -0.083925620 0.025212560 -0.080949880 -0.001320469 0.996398330
1341845698.953706 0.050462082 0.047963623 -0.083373740 0.024330856 -0.080321752 -0.001368555 0.996471047
1341845698.985694 0.050031692 0.049952984 -0.083805703 0.024076926 -0.080193311 -0.001257464 0.996487737
1341845699.017571 0.049487542 0.051679306 -0.085603796 0.023429763 -0.080463126 -0.000504429 0.996482015
1341845699.053593 0.049003627 0.051282078 -0.083120592 0.022149287 -0.080565989 -0.001006265 0.996502638
1341845699.086340 0.050652649 0.056403842 -0.083989546 0.021018319 -0.080580465 -0.000132971 0.996526480
1341845699.117688 0.049769569 0.054227930 -0.082734928 0.018983820 -0.080377840 -0.000647493 0.996583462
1341845699.153695 0.050035082 0.054513343 -0.080104597 0.017632591 -0.080310360 -0.001001024 0.996613443
1341845699.185845 0.052037682 0.053755518 -0.081887640 0.016461905 -0.079945892 -0.001797973 0.996661663
1341845699.221973 0.048508521 0.052338570 -0.079819009 0.015148917 -0.079112902 -0.001480497 0.996749461
1341845699.253571 0.044043232 0.051566701 -0.078040659 0.014954045 -0.079088911 -0.001154877 0.996754766
1341845699.285622 0.046183061 0.048167974 -0.081327960 0.015353980 -0.080461293 -0.000764036 0.996639192
1341845699.321906 0.046127155 0.052444581 -0.080018185 0.016601883 -0.081524141 0.000132412 0.996533096
1341845699.354916 0.048629150 0.051882092 -0.080433056 0.016525950 -0.082444586 0.000382218 0.996458590
1341845699.385859 0.049706507 0.050692443 -0.079546742 0.016531464 -0.082721673 0.000173765 0.996435583
1341845699.421535 0.049386099 0.050090540 -0.079868674 0.017160736 -0.082097754 -0.001048117 0.996475995
1341845699.454093 0.050541371 0.053044815 -0.078303330 0.017571595 -0.081628367 -0.002263108 0.996505380
1341845699.489836 0.051934022 0.052555807 -0.078978181 0.016967321 -0.081167720 -0.001575876 0.996554792
1341845699.522001 0.048045620 0.049308032 -0.079615377 0.016771408 -0.081174836 -0.001205226 0.996558011
1341845699.556281 0.051042959 0.048783787 -0.078837439 0.017597141 -0.082019620 -0.000759744 0.996475041
1341845699.595416 0.049537431 0.049717754 -0.078362957 0.018110784 -0.081455886 -0.000891049 0.996511996
1341845699.628631 0.054323327 0.051592302 -0.079314455 0.018023433 -0.081196450 -0.001019933 0.996534646
1341845699.663810 0.048165374 0.046960413 -0.076047473 0.017365318 -0.079406433 -0.000870180 0.996690691
1341845699.696113 0.052374627 0.050252240 -0.079158485 0.018646950 -0.079801530 0.001103847 0.996635735
1341845699.727683 0.052240159 0.057108592 -0.081055701 0.018207045 -0.079273559 0.001005648 0.996686101
1341845699.789808 0.050558574 0.049441125 -0.079234734 0.015453104 -0.078058891 -0.000479837 0.996828854
1341845699.821737 0.049856231 0.050894354 -0.077058747 0.015715929 -0.077311292 -0.000539673 0.996882975
1341845699.857825 0.049624372 0.050855260 -0.081626967 0.015427975 -0.077261262 -0.000265873 0.996891439
1341845699.889686 0.051588465 0.050121132 -0.081438780 0.015499494 -0.077966183 -0.000295113 0.996835470
1341845699.925749 0.051437099 0.049374551 -0.077986985 0.015836868 -0.077517129 -0.000933121 0.996864796
1341845699.957536 0.050972138 0.046931200 -0.079819426 0.016082164 -0.077002548 -0.000296999 0.996901155
1341845699.989671 0.048389841 0.048113957 -0.074023470 0.017337820 -0.077329628 0.001202551 0.996854067
1341845700.025810 0.052825723 0.048659533 -0.077432692 0.018550802 -0.077831678 0.001187561 0.996793211
1341845700.058133 0.051796816 0.049122166 -0.075723536 0.019211149 -0.077234291 0.000353204 0.996827781
1341845700.090754 0.052384332 0.051731046 -0.073328525 0.019747503 -0.076863974 0.000064712 0.996846020
1341845700.125852 0.053575382 0.050174322 -0.073373795 0.019597936 -0.077111177 -0.000222547 0.996829867
1341845700.157773 0.054602433 0.051992681 -0.073399216 0.020610573 -0.077253453 -0.000602154 0.996798217
1341845700.193533 0.056491774 0.051798098 -0.072726808 0.020864839 -0.076842122 -0.001243765 0.996824145
1341845700.225771 0.058107547 0.049663059 -0.074188747 0.020516083 -0.076244898 -0.001579095 0.996876776
1341845700.257669 0.057669323 0.051318459 -0.073363274 0.020829532 -0.075834021 -0.000555773 0.996902704
1341845700.293641 0.056780256 0.049769051 -0.072434671 0.020591764 -0.075398430 0.000446917 0.996940732
1341845700.325714 0.055840597 0.048949502 -0.074886441 0.020595891 -0.075224862 0.001105079 0.996953249
1341845700.357742 0.057973176 0.051525377 -0.071353793 0.021144629 -0.075059645 0.000864864 0.996954441
1341845700.393681 0.060473304 0.052091695 -0.072017811 0.020652248 -0.074424490 -0.000009576 0.997012794
1341845700.425997 0.058810756 0.053539466 -0.072745264 0.020600395 -0.073741138 -0.000664296 0.997064412
1341845700.461682 0.059355527 0.051970512 -0.071055353 0.020311369 -0.073800378 -0.001107665 0.997065544
1341845700.493808 0.059043482 0.052871704 -0.073799826 0.020334061 -0.073429435 -0.001615131 0.997091770
1341845700.526106 0.060244918 0.051977083 -0.073334351 0.019712420 -0.073532857 -0.001264435 0.997097135
1341845700.562458 0.061218102 0.053091414 -0.072906561 0.019680826 -0.073411986 -0.000971160 0.997107029
1341845700.626137 0.063415900 0.051686928 -0.071320377 0.019126607 -0.073986679 -0.000845545 0.997075438
1341845700.661872 0.059918202 0.053670257 -0.068769693 0.019195164 -0.072828844 -0.002092751 0.997157514
1341845700.693861 0.059585091 0.051184446 -0.072730564 0.018152816 -0.072311834 -0.002182583 0.997214496
1341845700.732394 0.056563295 0.050708801 -0.070515588 0.018201830 -0.072590463 -0.001528489 0.997194529
1341845700.767794 0.057580840 0.050383661 -0.069052748 0.018698508 -0.073007219 -0.001119048 0.997155488
1341845700.799058 0.058505654 0.050616346 -0.070365638 0.019014958 -0.072836846 -0.001018408 0.997162044
1341845700.867749 0.059891794 0.051534578 -0.071157441 0.019264437 -0.072597310 -0.001699102 0.997173786
1341845700.930007 0.057951726 0.051303755 -0.068842359 0.020275557 -0.073222697 -0.001252818 0.997108698
1341845700.961797 0.062160552 0.055118594 -0.068771034 0.020791968 -0.073590621 -0.001747555 0.997070193
1341845700.997752 0.062705182 0.052871760 -0.073331900 0.020135079 -0.073509932 -0.002258305 0.997088671
1341845701.029597 0.061864413 0.054846488 -0.068322025 0.020619513 -0.074104361 -0.002135060 0.997035027
1341845701.061618 0.059487209 0.051555607 -0.072248682 0.020451659 -0.073881000 -0.002825596 0.997053325
1341845701.097561 0.059769213 0.051166192 -0.070584089 0.020753313 -0.074314021 -0.002677817 0.997015297
1341845701.129741 0.059883270 0.053409778 -0.070239343 0.021072896 -0.073920809 -0.002717265 0.997037768
1341845701.165734 0.059504427 0.052728817 -0.072226375 0.020713372 -0.073626682 -0.002424429 0.997067809
1341845701.197714 0.056979001 0.048898160 -0.073099464 0.020727666 -0.073722094 -0.002356304 0.997060597
1341845701.230497 0.062292680 0.052515451 -0.076364219 0.021393159 -0.074648671 -0.002505452 0.996977210
1341845701.265852 0.062008172 0.052726150 -0.071068950 0.021744575 -0.075251758 -0.001678846 0.996926069
1341845701.297730 0.058781635 0.050403841 -0.072500430 0.022360073 -0.075544640 -0.003064136 0.996886969
1341845701.329611 0.062396135 0.054894023 -0.071963273 0.022868991 -0.075892031 -0.003443257 0.996847808
1341845701.365791 0.061606113 0.052703362 -0.070285998 0.022104265 -0.075464748 -0.003650089 0.996896744
1341845701.397757 0.063073024 0.056144189 -0.070717692 0.022346532 -0.075423121 -0.004164380 0.996892512
1341845701.433542 0.062093578 0.053989708 -0.073811367 0.021691844 -0.074743114 -0.003553189 0.996960521
1341845701.465617 0.062461603 0.053363845 -0.074584596 0.021695422 -0.074882723 -0.002002213 0.996954322
1341845701.497704 0.059717186 0.052227352 -0.072311528 0.021430975 -0.074744225 -0.001612814 0.996971130
1341845701.533597 0.060164813 0.056117550 -0.069600046 0.021630453 -0.074893095 -0.001707032 0.996955514
1341845701.597762 0.060577027 0.055083767 -0.069155164 0.021147249 -0.074070200 -0.002721819 0.997025073
1341845701.633825 0.059561066 0.053297147 -0.071125165 0.021613639 -0.074153505 -0.002831835 0.997008562
1341845701.665709 0.063814491 0.054253895 -0.070892908 0.022286296 -0.074558504 -0.002594199 0.996964216
1341845701.701676 0.062026668 0.051822904 -0.070720151 0.022644166 -0.073973589 -0.002638796 0.996999562
1341845701.733527 0.061905656 0.048818447 -0.076272696 0.022723312 -0.073704481 -0.003183918 0.997016132
1341845701.765764 0.062177062 0.048611060 -0.074205086 0.022659454 -0.073830865 -0.003544929 0.997007012
1341845701.801701 0.065183975 0.051629301 -0.069845781 0.023129750 -0.074240237 -0.003057181 0.996967435
1341845701.833700 0.064292282 0.051418375 -0.068524860 0.023202255 -0.074054562 -0.002284750 0.996981621
1341845701.865775 0.064955138 0.052129198 -0.075469442 0.023650097 -0.073888689 -0.002311096 0.996983349
1341845701.901711 0.067273840 0.053669490 -0.073499501 0.023600729 -0.074159116 -0.002306164 0.996964455
1341845701.933585 0.064303286 0.052069131 -0.071389325 0.023199704 -0.073345520 -0.003182799 0.997031629
1341845701.969726 0.062985480 0.050499108 -0.071671844 0.022707632 -0.073230326 -0.003633793 0.997049928
1341845702.002544 0.061869971 0.050287552 -0.069625005 0.022767965 -0.072857708 -0.003792673 0.997075200
1341845702.034379 0.062394716 0.051424120 -0.069178917 0.023098763 -0.072759755 -0.004362956 0.997072458
1341845702.101809 0.062999874 0.050513823 -0.072818153 0.023409938 -0.072940469 -0.004292382 0.997052252
1341845702.137663 0.062788770 0.050337434 -0.070748761 0.023534685 -0.073556885 -0.004329532 0.997003913
1341845702.169629 0.065542899 0.049527321 -0.071001768 0.024176029 -0.074030176 -0.004927149 0.996950746
1341845702.201769 0.065942414 0.051000584 -0.071862511 0.024669595 -0.073575772 -0.005895092 0.996967018
1341845702.237691 0.061047882 0.049481738 -0.068997711 0.024521921 -0.072551355 -0.006080751 0.997044623
1341845702.269760 0.063452490 0.049877778 -0.073449977 0.024808928 -0.072820902 -0.005992271 0.997018397
1341845702.301761 0.065929644 0.051569548 -0.071401209 0.025143037 -0.072926916 -0.006350838 0.997000098
1341845702.337713 0.058997408 0.050158348 -0.070431583 0.024655148 -0.071534604 -0.007173280 0.997107565
1341845702.369720 0.060491320 0.051037990 -0.069651507 0.024595154 -0.072314277 -0.006265421 0.997058928
1341845702.405655 0.063551418 0.051839143 -0.071494177 0.024682749 -0.072603412 -0.005939837 0.997037768
1341845702.469691 0.063583441 0.048058685 -0.070616640 0.024350710 -0.071597591 -0.006335588 0.997116148
1341845702.506265 0.064410135 0.048737828 -0.069550164 0.024478650 -0.071887635 -0.005660086 0.997096241
1341845702.569753 0.063836448 0.049125534 -0.064327739 0.024429007 -0.072365634 -0.004247377 0.997069895
1341845702.605685 0.064751953 0.053879667 -0.064628370 0.024705445 -0.072568633 -0.003971415 0.997049510
1341845702.637718 0.064864956 0.048398796 -0.068237618 0.023354048 -0.072409622 -0.004398127 0.997091830
1341845702.673733 0.063812412 0.050636742 -0.068540461 0.023468243 -0.072015502 -0.004842742 0.997115612
1341845702.705735 0.065542012 0.052752435 -0.069069326 0.023261668 -0.071724854 -0.004898678 0.997141123
1341845702.737648 0.065217994 0.053406540 -0.068924129 0.022499418 -0.070997462 -0.006507879 0.997201443
1341845702.773644 0.064152285 0.057123791 -0.070312835 0.021227144 -0.070168748 -0.007446633 0.997281492
1341845702.805893 0.060968988 0.050257601 -0.067210540 0.019153243 -0.069013767 -0.008819590 0.997392833
1341845702.837969 0.063455619 0.055778977 -0.072822981 0.018664703 -0.068580166 -0.008968679 0.997430682
1341845702.874009 0.067471638 0.054352377 -0.072052106 0.016689634 -0.068438403 -0.009067591 0.997474551
1341845702.908704 0.060482301 0.051236115 -0.067452006 0.015807215 -0.067278296 -0.009295398 0.997565746
1341845702.941673 0.063005522 0.048070852 -0.065072857 0.016256336 -0.068202801 -0.008207062 0.997505248
1341845702.973595 0.059482880 0.046927854 -0.067480907 0.018106408 -0.068661369 -0.007054720 0.997450769
1341845703.005769 0.059025284 0.049299929 -0.071890421 0.020038322 -0.069922552 -0.005478727 0.997336090
1341845703.041648 0.064265989 0.049393874 -0.070284791 0.021367269 -0.071565725 -0.004735888 0.997195721
1341845703.073714 0.069013193 0.057785474 -0.074924156 0.021654407 -0.071897723 -0.005309241 0.997162759
1341845703.109699 0.067226246 0.055478968 -0.068882987 0.019077914 -0.070090286 -0.007617242 0.997329116
1341845703.142006 0.064328685 0.054015275 -0.068622701 0.017598134 -0.068247959 -0.009191341 0.997470796
1341845703.173706 0.066519454 0.055085056 -0.068009645 0.016411660 -0.068074770 -0.009460055 0.997500360
1341845703.209732 0.061639104 0.052773986 -0.067054525 0.016002225 -0.067383438 -0.010052843 0.997548163
1341845703.242050 0.064602084 0.049893945 -0.070062198 0.016599342 -0.068018787 -0.009130819 0.997504115
1341845703.273874 0.064608179 0.049624354 -0.071831837 0.017215380 -0.068747461 -0.008319187 0.997450829
1341845703.309758 0.063786000 0.050934650 -0.071635164 0.018271217 -0.069330141 -0.007553291 0.997397840
1341845703.341850 0.065249972 0.051422931 -0.071980156 0.018833373 -0.069679148 -0.007863096 0.997360647
1341845703.377702 0.065669954 0.053389162 -0.072195090 0.019640600 -0.069019489 -0.007878565 0.997390866
1341845703.409585 0.063306019 0.052357409 -0.070525087 0.019908054 -0.068623066 -0.008231294 0.997410059
1341845703.441629 0.064601429 0.056309864 -0.070319027 0.020269545 -0.069068737 -0.008877386 0.997366428
1341845703.477741 0.065657631 0.054026969 -0.069768086 0.019916568 -0.069394149 -0.009069691 0.997349262
1341845703.509995 0.064143270 0.052677732 -0.064698413 0.020145282 -0.069225781 -0.009318088 0.997354031
1341845703.541800 0.064235970 0.052137859 -0.071596570 0.020766731 -0.068770818 -0.010375923 0.997362375
1341845703.577765 0.064579107 0.052899607 -0.068325996 0.021087822 -0.069139242 -0.011109839 0.997322202
1341845703.609650 0.064104870 0.051941402 -0.064913593 0.021320548 -0.069429465 -0.011404561 0.997293770
1341845703.651761 0.066140667 0.052891202 -0.069726750 0.021692438 -0.069867276 -0.010736631 0.997262597
1341845703.709916 0.068180315 0.057371825 -0.068145141 0.022367308 -0.071422771 -0.010425632 0.997140825
1341845703.745719 0.069844872 0.060238060 -0.069843955 0.021672007 -0.071238548 -0.011093304 0.997162104
1341845703.777733 0.066934139 0.056147709 -0.065025233 0.019837404 -0.069953173 -0.012191319 0.997278512
1341845703.809711 0.066687152 0.053052519 -0.067454614 0.019111216 -0.069283821 -0.012273690 0.997338414
1341845703.845769 0.065966740 0.053147152 -0.067529604 0.019205051 -0.069286630 -0.012258388 0.997336566
1341845703.877728 0.065118484 0.055189852 -0.067962833 0.019298885 -0.069067135 -0.012153255 0.997351289
1341845703.913808 0.066688210 0.055405680 -0.065109298 0.018895540 -0.069403619 -0.011379739 0.997344732
1341845703.945653 0.067839265 0.052235417 -0.063228898 0.018509658 -0.069219790 -0.012143747 0.997355759
1341845703.977870 0.066151887 0.053021338 -0.065878578 0.019144157 -0.068472296 -0.012428582 0.997391880
1341845704.013637 0.066205911 0.051201921 -0.068492949 0.019588267 -0.068719171 -0.012391077 0.997366726
1341845704.045703 0.065483920 0.048493885 -0.068578131 0.020210795 -0.068872280 -0.012009839 0.997348428
1341845704.077666 0.068143018 0.053981647 -0.065019660 0.021553997 -0.069714300 -0.010752520 0.997276127
1341845704.113706 0.067915127 0.054854531 -0.065126866 0.021714265 -0.069216013 -0.011461686 0.997299492
1341845704.145681 0.067718841 0.054203741 -0.066326238 0.021138730 -0.068743803 -0.011266542 0.997346699
1341845704.181785 0.068022206 0.054732516 -0.063933559 0.020925473 -0.068450913 -0.012024373 0.997362554
1341845704.213778 0.067687012 0.051635902 -0.069005646 0.020231947 -0.068093523 -0.012275334 0.997398257
1341845704.245863 0.067029685 0.055545814 -0.063462660 0.020790396 -0.068209663 -0.011603858 0.997386873
1341845704.281578 0.067955717 0.057836857 -0.063773893 0.020842550 -0.068054609 -0.011204675 0.997400939
1341845704.313707 0.069903955 0.056112841 -0.065057747 0.019735668 -0.067748547 -0.010800800 0.997448742
1341845704.349873 0.072915688 0.057205826 -0.065003708 0.019308319 -0.066705823 -0.010757710 0.997527838
1341845704.381729 0.072190389 0.055649716 -0.060403254 0.018338282 -0.064958282 -0.011552625 0.997652590
1341845704.413817 0.070644997 0.052519787 -0.063266873 0.017828388 -0.063302815 -0.011621187 0.997767448
1341845704.449837 0.071514547 0.055235699 -0.066933297 0.018194918 -0.061661214 -0.011485643 0.997865200
1341845704.481600 0.072752587 0.056686308 -0.063836172 0.017317744 -0.060443614 -0.011247310 0.997958004
1341845704.513671 0.065799654 0.045093417 -0.066918567 0.016602684 -0.058757868 -0.011458364 0.998068452
1341845704.549869 0.064661346 0.043936901 -0.061012812 0.020889614 -0.060167890 -0.008323427 0.997934937
1341845704.581901 0.062912039 0.050061181 -0.058386706 0.025892377 -0.061747734 -0.006690931 0.997733414
1341845704.617838 0.067550905 0.054658245 -0.059838757 0.028409246 -0.063286804 -0.007561923 0.997562289
1341845704.650477 0.065799490 0.052976850 -0.063672811 0.028605867 -0.062678821 -0.008920540 0.997583866
1341845704.681708 0.062274773 0.048315868 -0.064708859 0.029074296 -0.062716484 -0.009315486 0.997564316
1341845704.717704 0.065881453 0.050900921 -0.063523650 0.030670198 -0.064657919 -0.009522718 0.997390568
1341845704.749702 0.068241045 0.056332193 -0.066104285 0.031606652 -0.065308809 -0.009911917 0.997315168
1341845704.781791 0.066364966 0.054402325 -0.065374322 0.030492967 -0.064270146 -0.012972001 0.997382224
1341845704.817744 0.063176200 0.047815699 -0.068922505 0.030195763 -0.064333655 -0.013282285 0.997383058
1341845704.849705 0.062472273 0.050777555 -0.072494097 0.032173317 -0.066099077 -0.014151269 0.997193813
1341845704.885675 0.064184055 0.053531844 -0.067424856 0.032610130 -0.067312807 -0.014071967 0.997099578
1341845704.917742 0.063917965 0.053672884 -0.070801303 0.032119531 -0.067779236 -0.014318485 0.997080386
1341845704.949746 0.064898469 0.054404575 -0.071043871 0.031491313 -0.068447188 -0.015108271 0.997043133
1341845704.985761 0.060989242 0.054475840 -0.068151154 0.030734049 -0.068297565 -0.016389711 0.997056782
1341845705.017537 0.061263192 0.055563431 -0.066358522 0.030346820 -0.068839133 -0.016655913 0.997026980
1341845705.049660 0.065171376 0.056980673 -0.070479706 0.029604180 -0.069591023 -0.016873172 0.996993482
1341845705.085710 0.060796522 0.053279053 -0.066716306 0.028700886 -0.069524810 -0.017714534 0.997009933
1341845705.117831 0.061918009 0.056519184 -0.069673836 0.029054742 -0.070388898 -0.017806726 0.996937394
1341845705.154005 0.065960519 0.060364965 -0.067475647 0.028336374 -0.071162738 -0.018147737 0.996896982
1341845705.185648 0.061457627 0.054908160 -0.067440473 0.026823593 -0.070181303 -0.019115981 0.996990323
1341845705.217695 0.063934341 0.055757400 -0.067068920 0.026816126 -0.070171528 -0.018215468 0.997008085
1341845705.253735 0.061675232 0.059690293 -0.065036528 0.026763665 -0.069412038 -0.018432697 0.997058630
1341845705.285554 0.059985764 0.054949395 -0.064840652 0.025790252 -0.069367103 -0.018110726 0.997093320
1341845705.321646 0.062004104 0.055359982 -0.065956250 0.026368571 -0.070035733 -0.017348280 0.997044981
1341845705.353674 0.059531439 0.054852217 -0.063516207 0.026407765 -0.070257813 -0.016758475 0.997038424
1341845705.385774 0.061714198 0.053792935 -0.063473448 0.026748398 -0.070614919 -0.016974159 0.997000456
1341845705.421801 0.062353902 0.052897885 -0.059860874 0.027756700 -0.070418648 -0.017129729 0.996984124
1341845705.453568 0.058170918 0.051713556 -0.060324211 0.029684439 -0.069948882 -0.017175172 0.996960878
1341845705.485749 0.063049711 0.054428980 -0.062232580 0.031951290 -0.071836866 -0.014949150 0.996792376
1341845705.521655 0.063204624 0.052056376 -0.065604374 0.033011429 -0.072099023 -0.014794638 0.996741235
1341845705.553548 0.063457899 0.054145124 -0.071198128 0.033834051 -0.072103977 -0.013681107 0.996729195
1341845705.589775 0.065004356 0.056147531 -0.068650976 0.033727922 -0.072152264 -0.014131509 0.996722996
1341845705.621894 0.060561579 0.054886188 -0.071993850 0.033637516 -0.071641780 -0.013504828 0.996771574
1341845705.653569 0.058592699 0.055233039 -0.070438713 0.033664271 -0.073954366 -0.012233502 0.996618211
1341845705.689868 0.065704763 0.053867310 -0.062652946 0.034191146 -0.076523319 -0.012863733 0.996398330
1341845705.721810 0.066331394 0.056482747 -0.064951502 0.034380592 -0.075722069 -0.013561934 0.996443808
1341845705.753738 0.063508555 0.054653253 -0.064563908 0.034014713 -0.074756682 -0.014701827 0.996513069
1341845705.789861 0.065514661 0.055663768 -0.063208044 0.034238283 -0.073987894 -0.014282850 0.996568859
1341845705.821704 0.060846407 0.056771349 -0.064041823 0.034008510 -0.072562613 -0.013487612 0.996692598
1341845705.863629 0.063736878 0.052529972 -0.067258909 0.033929329 -0.073871590 -0.013550679 0.996598303
1341845705.895623 0.060274899 0.050242372 -0.063241206 0.035328455 -0.075071722 -0.011932877 0.996480703
1341845705.931726 0.058726948 0.052273598 -0.065736070 0.037079837 -0.077336773 -0.010027870 0.996264815
1341845705.963641 0.061547428 0.060424659 -0.063175976 0.038123384 -0.079321541 -0.011442386 0.996054113
1341845705.995677 0.066578910 0.063172624 -0.062218912 0.036949374 -0.079594277 -0.015426180 0.996022880
1341845706.031837 0.069586501 0.064018987 -0.060313646 0.034738969 -0.077987738 -0.016789604 0.996207416
1341845706.063631 0.057736587 0.056760494 -0.062598817 0.032853726 -0.077051207 -0.016546935 0.996348321
1341845706.095737 0.058965173 0.059940573 -0.059023980 0.033495784 -0.078988776 -0.017636368 0.996156514
1341845706.131716 0.067603663 0.064958163 -0.054058608 0.033157732 -0.079565749 -0.018775418 0.996101081
1341845706.163718 0.063549265 0.057495821 -0.053573329 0.031419381 -0.077727385 -0.017919166 0.996318340
1341845706.195662 0.062984474 0.061863821 -0.054911222 0.032790180 -0.078118138 -0.016944120 0.996260643
1341845706.231610 0.065148056 0.064623944 -0.049043588 0.032135785 -0.077985175 -0.016631721 0.996297657
1341845706.263724 0.070589915 0.063863277 -0.050204895 0.030948378 -0.076769717 -0.015257228 0.996451616
1341845706.299838 0.063684016 0.059796039 -0.055948257 0.029263837 -0.075315841 -0.014982349 0.996617615
1341845706.331753 0.065353639 0.062993921 -0.051674325 0.029262368 -0.076270916 -0.015861208 0.996531427
1341845706.363574 0.066789173 0.057575926 -0.052410766 0.028018588 -0.076147117 -0.015565082 0.996581316
1341845706.399690 0.065519363 0.058412049 -0.049799982 0.028470296 -0.076447971 -0.015286177 0.996549785
1341845706.431735 0.070278354 0.059133135 -0.047839709 0.028821381 -0.076908886 -0.015142490 0.996506393
1341845706.463612 0.067534402 0.057927813 -0.046349462 0.028840350 -0.075640038 -0.013723633 0.996623576
1341845706.499655 0.067912117 0.056996595 -0.050087400 0.029303046 -0.076392531 -0.011632495 0.996579230
1341845706.531782 0.068174601 0.058878336 -0.048474558 0.030352250 -0.077034391 -0.011909401 0.996495128
1341845706.563559 0.072471038 0.057238970 -0.040485632 0.030447688 -0.075577073 -0.012713532 0.996593893
1341845706.599529 0.067766286 0.052730568 -0.046240732 0.030865584 -0.073301658 -0.012634372 0.996752024
1341845706.631786 0.068323910 0.054413345 -0.049073778 0.032781161 -0.074755557 -0.013313927 0.996573985
1341845706.667647 0.073678374 0.054115530 -0.050216097 0.033430554 -0.074587591 -0.012337477 0.996577561
1341845706.700732 0.071608379 0.055844430 -0.043712132 0.033930693 -0.072012194 -0.013131795 0.996739924
1341845706.732115 0.072151095 0.053911876 -0.047444724 0.034225870 -0.071814127 -0.011831469 0.996760428
1341845706.768143 0.073967211 0.052662864 -0.048603296 0.034729939 -0.071629666 -0.010751214 0.996768475
1341845706.800357 0.074947335 0.050982881 -0.051275276 0.035083372 -0.070916913 -0.009054872 0.996823907
1341845706.832602 0.074472733 0.054655727 -0.052433036 0.035571799 -0.070979156 -0.009539991 0.996797681
1341845706.869449 0.077426456 0.057437073 -0.050240465 0.035352450 -0.071312591 -0.009267978 0.996784270
1341845706.933651 0.073815666 0.056208666 -0.042615220 0.034498077 -0.071583882 -0.008610654 0.996800661
1341845706.994021 0.077070363 0.055561509 -0.053331379 0.032995865 -0.071349166 -0.006500249 0.996884286
1341845707.029674 0.073992908 0.053131543 -0.046266712 0.033340681 -0.071397528 -0.005619952 0.996874750
1341845707.061864 0.076452486 0.055173013 -0.047548845 0.034227196 -0.071586050 -0.005110370 0.996833920
1341845707.097704 0.078282602 0.049844906 -0.045689851 0.033763200 -0.070577547 -0.005046666 0.996921957
1341845707.129770 0.079942375 0.050435573 -0.044117067 0.036144570 -0.070910789 -0.003975145 0.996819615
1341845707.161817 0.077875488 0.052915096 -0.046803951 0.038878758 -0.071168512 -0.003517124 0.996700108
1341845707.197721 0.082591593 0.049217872 -0.049927186 0.039147343 -0.070396289 -0.004264660 0.996741533
1341845707.229795 0.081174523 0.048643250 -0.046197500 0.039804384 -0.069349766 -0.004967684 0.996785581
1341845707.261851 0.080490366 0.047612499 -0.044130486 0.040105939 -0.069096312 -0.003732220 0.996796489
1341845707.297710 0.083048724 0.049872041 -0.048461888 0.040441964 -0.068396591 -0.003757080 0.996831119
1341845707.329761 0.083951160 0.047710162 -0.043039847 0.039643668 -0.067064933 -0.004543649 0.996950328
1341845707.365850 0.084861636 0.044832341 -0.042870808 0.039611649 -0.065598249 -0.003573404 0.997053146
1341845707.397796 0.082308188 0.043112032 -0.041714232 0.040653173 -0.065417893 -0.000980413 0.997029006
1341845707.429752 0.084643528 0.042827185 -0.043103028 0.041716356 -0.065542668 -0.000348267 0.996977329
1341845707.465767 0.088005044 0.040654242 -0.041016523 0.042291090 -0.064543411 -0.001154048 0.997017682
1341845707.497642 0.090200365 0.042646229 -0.044944063 0.043157522 -0.063060127 -0.000641548 0.997075915
1341845707.533665 0.095137045 0.041521944 -0.043241035 0.043788344 -0.062791899 0.000754982 0.997065306
1341845707.565754 0.096146435 0.039345939 -0.044531189 0.044409130 -0.060589582 -0.000520791 0.997174203
1341845707.597603 0.097212918 0.042054038 -0.042389095 0.045192264 -0.058896076 -0.000160038 0.997240663
1341845707.633748 0.092939503 0.043488357 -0.035577338 0.045991555 -0.058242101 0.000653056 0.997242272
1341845707.665870 0.096231706 0.043012008 -0.039876308 0.046303552 -0.058740802 0.001904402 0.997197032
1341845707.698455 0.102369219 0.045354921 -0.039464988 0.045965590 -0.059041772 0.002373523 0.997193873
1341845707.734303 0.098443486 0.043469608 -0.042210683 0.045098312 -0.057721157 0.000543354 0.997313440
1341845707.766259 0.098439269 0.041869905 -0.036114618 0.045035146 -0.058200348 0.000667478 0.997288346
1341845707.836344 0.097236432 0.041936506 -0.036404841 0.046754364 -0.058012292 0.000552593 0.997220278
1341845707.866230 0.100425109 0.046703007 -0.033356365 0.047275618 -0.059136689 0.000562864 0.997129679
1341845707.901694 0.099552467 0.043761536 -0.036618225 0.046305213 -0.059233736 0.001595680 0.997168303
1341845707.933640 0.096152261 0.040388528 -0.034486890 0.046009544 -0.059349447 0.001662603 0.997175038
1341845707.965831 0.098846927 0.041791692 -0.035510246 0.046692725 -0.059799232 0.000407068 0.997117698
1341845708.001954 0.099978298 0.042818505 -0.036576647 0.046668950 -0.059254307 0.001721187 0.997149944
1341845708.034393 0.095508866 0.041466147 -0.039058063 0.046778813 -0.059393104 0.000982057 0.997137547
1341845708.069946 0.099251680 0.045291208 -0.035255957 0.046939768 -0.060000788 0.000734127 0.997093797
1341845708.101700 0.101990812 0.043224659 -0.034424268 0.046053864 -0.060450681 0.001368405 0.997107267
1341845708.133697 0.096547045 0.041040998 -0.038365822 0.046249267 -0.060323857 0.000310268 0.997106791
1341845708.169675 0.099026136 0.042417482 -0.037197847 0.046469521 -0.061291166 0.000327531 0.997037530
1341845708.201793 0.096301168 0.038774047 -0.037953530 0.045620762 -0.060511548 -0.001177219 0.997123718
1341845708.233744 0.096615121 0.039816074 -0.038044177 0.046139978 -0.061345641 -0.001464122 0.997048438
1341845708.269711 0.097125083 0.041001923 -0.037424307 0.046858478 -0.062380582 -0.000699636 0.996951580
1341845708.301629 0.096408755 0.042766262 -0.040692005 0.047373723 -0.062781364 -0.001555601 0.996901095
1341845708.337612 0.099566609 0.042851206 -0.038896397 0.046788618 -0.062892236 -0.003436696 0.996917009
1341845708.369900 0.096388303 0.043080326 -0.038096976 0.046402145 -0.062065069 -0.004146414 0.996984243
1341845708.401883 0.100087628 0.041871153 -0.040225826 0.046361078 -0.063449495 -0.003742032 0.996900558
1341845708.443610 0.101398073 0.044115964 -0.040375907 0.047100857 -0.063649774 -0.004457321 0.996850252
1341845708.501776 0.100800648 0.043445978 -0.042056978 0.046237797 -0.064935572 -0.003368007 0.996811926
1341845708.543852 0.098054804 0.046837676 -0.038608406 0.047148779 -0.066471227 -0.002744553 0.996669948
1341845708.605675 0.099982634 0.047364980 -0.040517699 0.046331163 -0.067974657 -0.005799385 0.996593833
1341845708.637641 0.094238162 0.049141187 -0.039522700 0.046700537 -0.069068454 -0.006008564 0.996500134
1341845708.669692 0.098321214 0.050613791 -0.039254144 0.047004133 -0.071405239 -0.006840668 0.996315777
1341845708.705736 0.098216973 0.050668310 -0.041704521 0.045971680 -0.070903316 -0.008334221 0.996388435
1341845708.738027 0.090898521 0.047362451 -0.044082388 0.045115668 -0.070497908 -0.009705116 0.996443868
1341845708.773829 0.094564348 0.052372701 -0.041383058 0.045979287 -0.073265180 -0.009821055 0.996203601
1341845708.805763 0.097593419 0.052572232 -0.044783946 0.044991713 -0.073736563 -0.010235385 0.996209741
1341845708.838653 0.092776462 0.050232973 -0.042354979 0.044461351 -0.073735327 -0.011534677 0.996219456
1341845708.873912 0.092482693 0.051626727 -0.044272415 0.044715155 -0.074958421 -0.012685331 0.996102810
1341845708.905735 0.089453593 0.052597962 -0.043801535 0.044549678 -0.074694537 -0.013470382 0.996119738
1341845708.938426 0.089817792 0.053422648 -0.044503625 0.044525292 -0.075436458 -0.015343904 0.996037841
1341845708.973642 0.088155210 0.051899049 -0.045217566 0.044398338 -0.076140709 -0.014940815 0.995996058
1341845709.005742 0.089397609 0.052473959 -0.050627671 0.043850061 -0.077055506 -0.014976362 0.995949447
1341845709.041686 0.088394091 0.053723592 -0.050239310 0.044130538 -0.077350743 -0.016281016 0.995893717
1341845709.073656 0.090932392 0.052029748 -0.051777933 0.043485016 -0.078339003 -0.017268823 0.995828211
1341845709.105658 0.085155979 0.052447896 -0.046352804 0.043474652 -0.078510232 -0.017945264 0.995803237
1341845709.141741 0.088774368 0.052939367 -0.047213193 0.043472786 -0.080506071 -0.018237533 0.995638609
1341845709.173646 0.090477653 0.055647325 -0.046804253 0.043416455 -0.080483280 -0.018249864 0.995642662
1341845709.205765 0.087786481 0.056185298 -0.049819343 0.042870287 -0.080248661 -0.018113231 0.995687783
1341845709.241765 0.091813467 0.056868691 -0.048239455 0.042349976 -0.080833524 -0.017952217 0.995665669
1341845709.273754 0.090555586 0.054170266 -0.047092345 0.041563556 -0.080427639 -0.018017281 0.995730460
1341845709.309890 0.091341421 0.052640285 -0.048141778 0.041382615 -0.080708496 -0.016567830 0.995740473
1341845709.341728 0.091002487 0.055241957 -0.049305573 0.041159857 -0.080966391 -0.015667062 0.995743334
1341845709.373776 0.088318259 0.060762662 -0.051581286 0.040781766 -0.080304533 -0.015249674 0.995818973
1341845709.409657 0.091247164 0.060989492 -0.052255224 0.039057650 -0.080605589 -0.014801356 0.995870531
1341845709.442072 0.089490451 0.060938004 -0.056160446 0.036757551 -0.080649436 -0.012415217 0.995987177
1341845709.473660 0.088808224 0.060858410 -0.053844322 0.035079949 -0.081107251 -0.011715252 0.996018946
1341845709.509632 0.091168150 0.062582001 -0.054663811 0.033503138 -0.081352964 -0.011605254 0.996054530
1341845709.541673 0.086552769 0.062327914 -0.057167355 0.031298511 -0.081629768 -0.010773342 0.996112883
1341845709.578645 0.085190415 0.062178858 -0.052296299 0.030527096 -0.082420774 -0.011673460 0.996061563
1341845709.609672 0.084788635 0.060312890 -0.050381169 0.029937916 -0.083918303 -0.012181784 0.995948315
1341845709.642057 0.085409991 0.059207611 -0.053055011 0.029602163 -0.085101634 -0.011625683 0.995864570
1341845709.709730 0.087201834 0.062327448 -0.049706418 0.028904544 -0.086357355 -0.012619496 0.995764852
1341845709.745593 0.085723780 0.063682877 -0.051069520 0.028571824 -0.086168185 -0.012316626 0.995794654
1341845709.777709 0.084637880 0.060961250 -0.054622676 0.027564028 -0.086175084 -0.012299600 0.995822668
1341845709.809687 0.086529084 0.061454918 -0.053495895 0.027848173 -0.086724505 -0.012563876 0.995763779
1341845709.845686 0.088103317 0.064465515 -0.051262408 0.028198479 -0.085158370 -0.014827125 0.995857954
1341845709.878752 0.085168250 0.062045477 -0.050800018 0.027686909 -0.082937017 -0.015762441 0.996045411
1341845709.909693 0.083407015 0.058175493 -0.053590767 0.028162370 -0.082204081 -0.015063385 0.996103644
1341845709.945663 0.082946554 0.056277853 -0.051840335 0.029573198 -0.083474420 -0.013893099 0.995974123
1341845709.977698 0.085867077 0.061109986 -0.047214419 0.031707134 -0.084318496 -0.013355670 0.995844722
1341845710.013739 0.084055051 0.057769194 -0.051695380 0.031795874 -0.083077319 -0.014799180 0.995925784
1341845710.045754 0.083451293 0.059029400 -0.053175934 0.032768279 -0.082397975 -0.015334930 0.995942593
1341845710.077705 0.085443012 0.062048931 -0.055957370 0.033238530 -0.083113551 -0.015282393 0.995868325
1341845710.113730 0.084692381 0.059858706 -0.054491583 0.032988653 -0.082597658 -0.015767073 0.995912015
1341845710.145759 0.084037431 0.058607262 -0.058943767 0.032776527 -0.082577519 -0.014996452 0.995932579
1341845710.177824 0.083076812 0.056467317 -0.057330351 0.032953225 -0.083214745 -0.014973836 0.995874047
1341845710.213581 0.085682176 0.056833569 -0.057834290 0.033416867 -0.083639652 -0.015165475 0.995820105
1341845710.245636 0.082715146 0.054155253 -0.057261132 0.033870246 -0.083511263 -0.015529089 0.995809972
1341845710.281582 0.081682369 0.054756828 -0.057997968 0.036000170 -0.085166104 -0.016962819 0.995571673
1341845710.313617 0.084687501 0.057623573 -0.060652088 0.036898758 -0.085918322 -0.017380606 0.995466948
1341845710.345643 0.081484877 0.056474533 -0.058098949 0.036636431 -0.084944881 -0.016461670 0.995575786
1341845710.381860 0.079951987 0.058003042 -0.058117263 0.037682224 -0.085326336 -0.016531179 0.995502949
1341845710.413817 0.085286073 0.059920523 -0.054677565 0.038250308 -0.086594500 -0.016188731 0.995377421
1341845710.445824 0.084216736 0.057112526 -0.062860377 0.037091635 -0.085495107 -0.015742615 0.995523453
1341845710.481794 0.082119830 0.058883417 -0.058644406 0.037340011 -0.086153440 -0.015528983 0.995460749
1341845710.513650 0.082538292 0.055139873 -0.059296381 0.036799923 -0.086163640 -0.015741035 0.995476663
1341845710.549635 0.083257981 0.057600580 -0.055773731 0.037914112 -0.086600997 -0.014039746 0.995422363
1341845710.581654 0.083637483 0.055637747 -0.059841730 0.038617361 -0.086909138 -0.014730144 0.995358467
1341845710.613694 0.081836574 0.056025878 -0.057341769 0.038532712 -0.086313650 -0.013770089 0.995427310
1341845710.649564 0.080943815 0.052716229 -0.060126942 0.038354963 -0.085989282 -0.013098061 0.995471358
1341845710.681648 0.084211148 0.055717718 -0.058070987 0.039659653 -0.086779140 -0.013583840 0.995345116
1341845710.713728 0.086205848 0.053719889 -0.056880116 0.039494783 -0.086516276 -0.012874551 0.995384037
1341845710.749785 0.086231716 0.051643018 -0.057972025 0.039492268 -0.085823432 -0.012432517 0.995449722
1341845710.781816 0.085090220 0.053048331 -0.057872422 0.040343378 -0.085806251 -0.012875317 0.995411456
1341845710.817567 0.088283584 0.054404408 -0.058826502 0.040483367 -0.085641220 -0.013344619 0.995413780
1341845710.850205 0.089336693 0.054524284 -0.060195450 0.040030997 -0.085048229 -0.012515813 0.995493710
1341845710.882136 0.084245019 0.052950904 -0.062651418 0.039473332 -0.084661603 -0.011516212 0.995560944
1341845710.917631 0.087420963 0.052837994 -0.060462244 0.039523847 -0.085235052 -0.012359295 0.995499909
1341845710.950281 0.085881576 0.054531958 -0.056655236 0.039682329 -0.084132820 -0.011812222 0.995594025
1341845710.985647 0.082807541 0.049682442 -0.060495462 0.040142037 -0.084476799 -0.011346111 0.995551884
1341845711.017722 0.084712036 0.055981599 -0.058745887 0.042607032 -0.086345233 -0.013425560 0.995263219
1341845711.049965 0.092078082 0.058596261 -0.060719334 0.041505817 -0.085384242 -0.014542024 0.995376945
1341845711.085583 0.087050617 0.052335087 -0.057285909 0.039733157 -0.082332559 -0.014692680 0.995704174
1341845711.117670 0.082673147 0.051412735 -0.061500203 0.040381443 -0.082748272 -0.014497852 0.995646477
1341845711.149770 0.087676004 0.055860035 -0.056406565 0.041130535 -0.084064290 -0.013098443 0.995524943
1341845711.191691 0.089167736 0.055513166 -0.053518500 0.039995898 -0.082600132 -0.013689393 0.995685756
1341845711.253627 0.084010385 0.053926930 -0.059624545 0.040833816 -0.084201187 -0.013623240 0.995518565
1341845711.285627 0.086991116 0.055484205 -0.053476624 0.040140163 -0.084982894 -0.013296789 0.995484710
1341845711.317874 0.087197192 0.056912348 -0.053725526 0.039517969 -0.083998263 -0.013987962 0.995583713
1341845711.353756 0.089246631 0.059668224 -0.055270575 0.038683884 -0.083601981 -0.015483215 0.995627701
1341845711.385687 0.090206087 0.057128720 -0.055522416 0.036638718 -0.081807591 -0.016079092 0.995844662
1341845711.417635 0.087586910 0.052514452 -0.057519417 0.035722375 -0.080988549 -0.015405538 0.995955527
1341845711.485895 0.088180698 0.054320138 -0.054900266 0.037798852 -0.083429858 -0.013508886 0.995704889
1341845711.521704 0.091091827 0.054762445 -0.054941244 0.038315620 -0.083099507 -0.012777366 0.995722413
1341845711.553696 0.090372816 0.055847853 -0.054196991 0.039034948 -0.082727373 -0.013031604 0.995722115
1341845711.585708 0.092573799 0.062121440 -0.050301738 0.038997158 -0.082410119 -0.012793928 0.995753050
1341845711.621659 0.090744220 0.056821663 -0.050211370 0.037637539 -0.080855414 -0.013264592 0.995926619
1341845711.653731 0.086044230 0.057509683 -0.050076902 0.038047031 -0.080652378 -0.013203640 0.995928347
1341845711.685758 0.089538038 0.055646185 -0.049644459 0.037759595 -0.081227511 -0.012562985 0.995900810
1341845711.721850 0.092980124 0.053055543 -0.056525584 0.037693691 -0.081327304 -0.011841225 0.995904028
1341845711.754323 0.088901244 0.056191988 -0.054980379 0.038519513 -0.081770502 -0.011054543 0.995845199
1341845711.789716 0.089697815 0.056987714 -0.051283315 0.038952705 -0.082688048 -0.011529576 0.995747149
1341845711.821820 0.088489547 0.055500474 -0.055445399 0.038653232 -0.082153529 -0.011493945 0.995803475
1341845711.854173 0.088222556 0.056951873 -0.050994612 0.039356302 -0.082112372 -0.012375169 0.995768785
1341845711.889875 0.094557121 0.057069786 -0.051076017 0.038773391 -0.081437767 -0.013538723 0.995831966
1341845711.923959 0.092461981 0.057763316 -0.052822005 0.037974257 -0.079016492 -0.013367205 0.996060073
1341845711.957595 0.086781241 0.057859782 -0.049590759 0.037395518 -0.078036137 -0.014842437 0.996138334
1341845711.989820 0.093253106 0.060843773 -0.049162727 0.037067585 -0.078314550 -0.015558371 0.996117830
1341845712.057899 0.089495398 0.057603221 -0.056793105 0.035379793 -0.077203378 -0.013466174 0.996296406
1341845712.090038 0.096382648 0.061043732 -0.053415965 0.034986570 -0.077195331 -0.016362434 0.996267557
1341845712.127587 0.093293391 0.061325621 -0.051720489 0.033672862 -0.074463546 -0.016673665 0.996515572
1341845712.195638 0.088931911 0.060350195 -0.052522901 0.035646416 -0.078970030 -0.014521852 0.996133626
1341845712.257830 0.092562273 0.057122476 -0.052515697 0.033471610 -0.075981706 -0.017231746 0.996398270
1341845712.289935 0.086189605 0.057532564 -0.056946319 0.033976797 -0.075649895 -0.016683154 0.996415734
