1341846361.788774 0.000000000 0.000000000 0.000000000 0.000000000 0.000000000 0.000000000 1.000000000
1341846361.824112 -0.013493754 0.000760511 0.008705731 -0.002277036 0.003799944 -0.004895612 0.999978185
1341846361.856016 -0.022057474 0.015280459 0.015367774 -0.005531998 0.005206502 -0.010273136 0.999918401
1341846361.887871 -0.032228649 -0.015464610 0.017117277 -0.018737735 0.007931637 -0.013842087 0.999697149
1341846361.923930 -0.049361601 -0.034025684 0.023580641 -0.020775553 0.012086822 -0.010864471 0.999652028
1341846361.955927 -0.067811042 -0.028464383 0.024396041 -0.014089328 0.011887833 -0.004589299 0.999819517
1341846361.991999 -0.067697786 -0.026426993 0.057773806 -0.009200022 0.006106977 -0.001935514 0.999937177
1341846362.023994 -0.066766150 -0.024350176 0.063063607 -0.004917108 0.003077158 -0.000731079 0.999982953
1341846362.056118 -0.070329592 -0.014162467 0.059534587 -0.002114209 0.003165950 0.000937449 0.999992311
1341846362.091992 -0.085180573 -0.014760372 0.057076104 -0.003577044 0.003741141 0.001122790 0.999985993
1341846362.123929 -0.090998411 -0.026856931 0.069121271 -0.004774451 0.002338902 0.002878214 0.999981761
1341846362.156058 -0.099693969 -0.031809587 0.067151256 -0.001653770 0.002466116 0.005112133 0.999982536
1341846362.191987 -0.117264740 -0.030694986 0.052379593 0.000861089 0.003123554 0.008659397 0.999957263
1341846362.224138 -0.123869091 -0.037667189 0.060285304 0.004344332 0.001301604 0.011455105 0.999924123
1341846362.260011 -0.126823768 -0.033670526 0.050602693 0.009717822 0.002770528 0.010891091 0.999889612
1341846362.291979 -0.134868205 -0.035504617 0.048493691 0.011986597 0.006658117 0.010963817 0.999845922
1341846362.323947 -0.151069030 -0.035088472 0.055692267 0.014502014 0.010671196 0.009038289 0.999797046
1341846362.359889 -0.157624468 -0.031577468 0.058534276 0.017038357 0.014024373 0.006675139 0.999734163
1341846362.392021 -0.174744666 -0.029238787 0.050493192 0.018218601 0.019752966 0.009039743 0.999598026
1341846362.423868 -0.191247985 -0.030796798 0.058724843 0.019484878 0.023020204 0.009837318 0.999496698
1341846362.459968 -0.202569708 -0.031669345 0.062672578 0.022674080 0.024391485 0.010768225 0.999387324
1341846362.491924 -0.217440411 -0.031663120 0.057564136 0.024709500 0.024464395 0.013123433 0.999309123
1341846362.523976 -0.222789884 -0.032731362 0.057743609 0.026152505 0.023909304 0.015470409 0.999252260
1341846362.559933 -0.230854809 -0.035369311 0.061653357 0.027955033 0.024957893 0.016596921 0.999159753
1341846362.592338 -0.245209605 -0.033591326 0.068439960 0.029341059 0.025802517 0.016135432 0.999106050
1341846362.628177 -0.254312128 -0.032339692 0.062193912 0.029051112 0.025053281 0.016733337 0.999123812
1341846362.660128 -0.262968093 -0.031763643 0.065018877 0.028588373 0.025290167 0.015651630 0.999148726
1341846362.691901 -0.276823878 -0.031486042 0.068759337 0.027016060 0.024356414 0.014499175 0.999233067
1341846362.727993 -0.289017856 -0.038660876 0.061700266 0.024737926 0.021269204 0.013581113 0.999375403
1341846362.759942 -0.292893648 -0.038535122 0.069908023 0.024561260 0.018440101 0.011698759 0.999459743
1341846362.792002 -0.301597327 -0.034756381 0.066268750 0.024260903 0.017073657 0.009285077 0.999516726
1341846362.827965 -0.310280055 -0.037792221 0.068640888 0.022682458 0.014907404 0.006757384 0.999608755
1341846362.859959 -0.317598760 -0.040798802 0.069380954 0.021986544 0.013808792 0.003934276 0.999655187
1341846362.891861 -0.330322564 -0.037081756 0.072265051 0.022931855 0.014267546 0.003034287 0.999630630
1341846362.928098 -0.338705003 -0.043042030 0.071548447 0.022437617 0.012178600 0.003939216 0.999666333
1341846362.959894 -0.344148964 -0.048744250 0.076642141 0.024778301 0.011241591 0.005933214 0.999612153
1341846362.995909 -0.358217746 -0.048206441 0.071284845 0.028787013 0.010286269 0.008894708 0.999493062
1341846363.028072 -0.363928288 -0.052800622 0.085480325 0.030521676 0.008050868 0.009955355 0.999452114
1341846363.059896 -0.365319759 -0.057881102 0.084615521 0.034769427 0.008265892 0.007449326 0.999333441
1341846363.096102 -0.373949587 -0.047113895 0.084280901 0.038930822 0.011153535 0.006052751 0.999161303
1341846363.127992 -0.382072628 -0.049007915 0.085737355 0.037981149 0.012514422 0.003360230 0.999194443
1341846363.159870 -0.383697242 -0.054376498 0.084895469 0.038840082 0.015481341 0.000144532 0.999125481
1341846363.195966 -0.398205787 -0.052616555 0.090464763 0.041515015 0.020093666 0.002351054 0.998933017
1341846363.227902 -0.412190616 -0.058588929 0.094510593 0.042940933 0.018625004 0.006518744 0.998882711
1341846363.259977 -0.412993550 -0.057537362 0.092262127 0.045777794 0.016184304 0.010766963 0.998762488
1341846363.296031 -0.419041961 -0.056506366 0.085229367 0.049609449 0.018420113 0.014060685 0.998499811
1341846363.328065 -0.433055580 -0.053157274 0.081344597 0.050331969 0.019152962 0.016830700 0.998407006
1341846363.364023 -0.449011624 -0.058201808 0.079718500 0.048469577 0.016247278 0.018625556 0.998518825
1341846363.395985 -0.457811445 -0.059167150 0.082099974 0.047840733 0.011915674 0.018550653 0.998611629
1341846363.427955 -0.461922288 -0.057870485 0.084021308 0.047413867 0.008375397 0.015474332 0.998720348
1341846363.463979 -0.472770691 -0.057883058 0.083667196 0.045512982 0.005899315 0.015675807 0.998823345
1341846363.495986 -0.478635132 -0.056288145 0.092946291 0.043788858 0.001441776 0.018295152 0.998872221
1341846363.527941 -0.483852118 -0.053337257 0.095900744 0.041717041 -0.001788433 0.020183969 0.998923957
1341846363.564057 -0.489599317 -0.054220360 0.101060718 0.037842743 -0.003955731 0.024919387 0.998965085
1341846363.596025 -0.497027576 -0.062997892 0.107390247 0.033251137 -0.007653455 0.028081371 0.999023139
1341846363.632058 -0.501229644 -0.069968261 0.105947040 0.034122024 -0.014921467 0.031378794 0.998813510
1341846363.663931 -0.503961742 -0.061256699 0.100099176 0.036114391 -0.016538560 0.029145256 0.998785615
1341846363.695998 -0.509386003 -0.057709713 0.103335589 0.035003848 -0.018290784 0.024144769 0.998928010
1341846363.732007 -0.513868868 -0.059632838 0.103828549 0.032212652 -0.023651637 0.017294914 0.999051452
1341846363.794060 -0.513038754 -0.057311904 0.103472248 0.035896357 -0.037234694 0.020342611 0.998454392
1341846363.826406 -0.501108587 -0.053648047 0.107916407 0.037172154 -0.040292960 0.018630916 0.998322368
1341846363.861897 -0.488809079 -0.053426035 0.113759026 0.038240861 -0.040890548 0.017503552 0.998278141
1341846363.893984 -0.486439258 -0.048466619 0.109052882 0.038653214 -0.040388364 0.016936949 0.998292446
1341846363.926076 -0.480053335 -0.046283331 0.103092246 0.036868453 -0.040306505 0.016995160 0.998362303
1341846363.962090 -0.470415533 -0.042009950 0.101399869 0.035841066 -0.038983498 0.018016452 0.998434305
1341846363.994287 -0.467112273 -0.047020365 0.097153433 0.034379471 -0.038048420 0.020698203 0.998469830
1341846364.025993 -0.452602655 -0.050656047 0.097961947 0.033233698 -0.038050789 0.021147111 0.998499095
1341846364.061809 -0.443781078 -0.050476395 0.093635619 0.031753071 -0.035534393 0.020478658 0.998653948
1341846364.094209 -0.432993352 -0.058168773 0.098099083 0.031617831 -0.033432040 0.020988639 0.998720229
1341846364.130022 -0.425087422 -0.064919807 0.100084141 0.032667797 -0.033339977 0.021381032 0.998681188
1341846364.162231 -0.411903203 -0.079054564 0.101163641 0.035038084 -0.035781398 0.020423671 0.998536348
1341846364.194049 -0.394868314 -0.075550757 0.101946913 0.040316775 -0.037756730 0.017752247 0.998315513
1341846364.230023 -0.380650997 -0.069703497 0.096590266 0.043457717 -0.039291181 0.015859330 0.998156369
1341846364.262044 -0.371123821 -0.075808726 0.085976698 0.047002923 -0.039398279 0.012908974 0.998034000
1341846364.294059 -0.351880550 -0.061803419 0.092007630 0.052245207 -0.035598263 0.008896519 0.997959912
1341846364.330003 -0.340316504 -0.058812965 0.090721302 0.051792670 -0.032392520 0.006650100 0.998110235
1341846364.362052 -0.322186232 -0.070301026 0.091188423 0.050060149 -0.030106530 0.006463741 0.998271406
1341846364.397902 -0.309646189 -0.065275989 0.091123365 0.051866889 -0.023303688 0.003363548 0.998376429
1341846364.430108 -0.299791992 -0.061169311 0.084849805 0.052533012 -0.018760480 0.003010929 0.998438418
1341846364.462063 -0.284702808 -0.062648423 0.080003522 0.051845696 -0.015687620 0.001081926 0.998531282
1341846364.498091 -0.273214459 -0.061843634 0.083000019 0.051552679 -0.010830062 -0.001120083 0.998610914
1341846364.530058 -0.263224453 -0.067111611 0.090547666 0.050532714 -0.008093469 -0.002907537 0.998685360
1341846364.561952 -0.245372176 -0.066137820 0.082867846 0.050716951 -0.005155975 -0.006766100 0.998676836
1341846364.597928 -0.234506398 -0.064387344 0.081902973 0.049306836 -0.001878414 -0.008919654 0.998742044
1341846364.629950 -0.224401280 -0.074931100 0.078492284 0.047727887 0.000182983 -0.008556588 0.998823702
1341846364.665991 -0.221992582 -0.075571373 0.072952613 0.049222313 0.000419195 -0.007780627 0.998757482
1341846364.698004 -0.211498022 -0.071485177 0.073059082 0.049653277 -0.002009545 -0.006339487 0.998744369
1341846364.730097 -0.193876356 -0.075895943 0.071030863 0.049487699 -0.002950307 -0.005386644 0.998755813
1341846364.766057 -0.188617945 -0.070733674 0.064299785 0.051502500 -0.001769725 -0.005122902 0.998658180
1341846364.798632 -0.176344007 -0.067936644 0.057617892 0.051166046 -0.002284941 -0.005728564 0.998671114
1341846364.833901 -0.155584350 -0.073036909 0.051770080 0.049778834 -0.001186945 -0.007460401 0.998731673
1341846364.865923 -0.146920845 -0.071108110 0.052457873 0.050935283 0.002558628 -0.010472912 0.998643756
1341846364.897970 -0.143643796 -0.069754146 0.053819753 0.050742608 0.001387605 -0.007747603 0.998680770
1341846364.934019 -0.123926155 -0.075535052 0.043411441 0.050053053 -0.001684007 -0.005395636 0.998730600
1341846364.966047 -0.108360641 -0.066596240 0.040047400 0.051466841 0.000452293 -0.008347056 0.998639762
1341846364.998055 -0.097194128 -0.060890537 0.037977044 0.048514236 0.001928367 -0.008308032 0.998786092
1341846365.034125 -0.093038045 -0.066903315 0.021331254 0.041953344 0.000218034 -0.005867703 0.999102294
1341846365.066106 -0.079932921 -0.069958121 0.029775156 0.037858926 -0.002249222 -0.008519079 0.999244273
1341846365.101953 -0.054923456 -0.070454851 0.006374904 0.036763776 0.000183258 -0.016831586 0.999182165
1341846365.133922 -0.052678641 -0.061845157 0.031079622 0.034408662 0.005943834 -0.022196786 0.999143660
1341846365.165953 -0.045134738 -0.066413343 0.028959181 0.031107394 0.008916066 -0.024356999 0.999179423
1341846365.201856 -0.023233334 -0.078738414 0.029121827 0.029882785 0.010418329 -0.027035728 0.999133408
1341846365.234093 0.002793981 -0.082493939 0.038072407 0.030368205 0.013772335 -0.024513099 0.999143243
1341846365.266094 0.006653605 -0.089034699 0.043359790 0.033156797 0.019877689 -0.019086130 0.999070168
1341846365.302078 0.018511375 -0.088580161 0.030077506 0.039582983 0.023861013 -0.014573665 0.998825073
1341846365.334027 0.030586269 -0.080414996 0.030786725 0.045350116 0.027987629 -0.013613494 0.998486221
1341846365.369945 0.057789046 -0.086339600 0.016920973 0.047628310 0.033213284 -0.011666913 0.998244584
1341846365.401963 0.062559530 -0.084305614 0.021630421 0.048809748 0.038733866 -0.009616657 0.998010457
1341846365.434082 0.079756528 -0.079713613 0.019291798 0.049168464 0.041485813 -0.011705946 0.997859895
1341846365.469939 0.105253607 -0.058880188 0.011776389 0.046503626 0.046920359 -0.014103941 0.997715831
1341846365.502100 0.100300461 -0.069701031 0.031833947 0.038566295 0.053348638 -0.014563262 0.997724652
1341846365.533844 0.101500101 -0.089530885 0.019299528 0.034602512 0.053357333 -0.009180708 0.997933567
1341846365.569876 0.119556263 -0.087554313 0.013642957 0.036484856 0.050378218 -0.005516110 0.998048365
1341846365.601930 0.131705806 -0.083108932 0.010059877 0.035497416 0.048957564 -0.001280116 0.998169065
1341846365.637899 0.142238796 -0.084512927 0.020113695 0.034614276 0.049399279 0.000584818 0.998178959
1341846365.669890 0.145955995 -0.076612554 0.004042565 0.034973111 0.050876290 0.001602203 0.998091161
1341846365.701977 0.158208847 -0.073296346 0.016179213 0.032119382 0.049679901 0.002650382 0.998245060
1341846365.738098 0.172243923 -0.083295777 0.021455966 0.030922718 0.051688321 0.001969864 0.998182476
1341846365.770026 0.175134137 -0.087309867 0.015129439 0.032822192 0.054284133 0.002536932 0.997982740
1341846365.805834 0.185134068 -0.086379625 0.010727054 0.035445426 0.052227117 0.005300620 0.997991920
1341846365.837937 0.194625199 -0.088232599 0.006398465 0.036539014 0.049400289 0.006993848 0.998085976
1341846365.869952 0.204271182 -0.085142165 0.004966271 0.038697578 0.049642041 0.005640899 0.998001158
1341846365.906411 0.211240381 -0.072918452 0.000460264 0.038840339 0.048907939 0.004410054 0.998038054
1341846365.938000 0.223302409 -0.082202807 0.013169661 0.035240997 0.047680628 0.008033969 0.998208404
1341846365.970022 0.226854146 -0.083545215 0.010318189 0.036662515 0.047456227 0.014069651 0.998101115
1341846366.006126 0.237429798 -0.078096785 0.005567800 0.038965922 0.046803538 0.019233726 0.997958481
1341846366.043876 0.246033698 -0.072915584 0.006053785 0.039239053 0.047496222 0.023005864 0.997835219
1341846366.076490 0.258639961 -0.067184836 0.003287435 0.038464800 0.048763037 0.025429845 0.997745395
1341846366.111888 0.273351490 -0.055599384 -0.002901097 0.035938624 0.052442495 0.025527362 0.997650504
1341846366.143907 0.283484191 -0.055599827 0.005239415 0.030461326 0.057261791 0.028991096 0.997473180
1341846366.176044 0.288511783 -0.057246782 0.015943058 0.026598118 0.059480075 0.033793975 0.997302711
1341846366.212022 0.291058719 -0.058994837 0.015195041 0.024856813 0.060174033 0.037932247 0.997157156
1341846366.243981 0.305343658 -0.056686625 0.007827117 0.023458621 0.061271615 0.040657490 0.997016788
1341846366.280032 0.302819848 -0.044108916 0.009837194 0.021768121 0.063790977 0.041127626 0.996877789
1341846366.344115 0.330776960 -0.047772419 0.003547499 0.013171338 0.061878044 0.041566424 0.997130811
1341846366.406057 0.341759413 -0.049646746 0.004782279 0.011803758 0.063519232 0.044729043 0.996907890
1341846366.442042 0.352236718 -0.044699863 0.006376966 0.012818338 0.062813260 0.045452468 0.996907353
1341846366.506117 0.363818616 -0.042699467 0.007682851 0.013137377 0.064952217 0.048426066 0.996626079
1341846366.542004 0.373402119 -0.035118818 0.005173154 0.014117220 0.063880689 0.047149558 0.996743143
1341846366.573848 0.382353336 -0.029840721 0.003397822 0.013130980 0.065459058 0.046955198 0.996663392
1341846366.610058 0.379412979 -0.029739093 0.004599945 0.011012931 0.067468531 0.047518618 0.996528327
1341846366.642206 0.394549578 -0.031247741 0.002094578 0.008865429 0.066446528 0.048088375 0.996591091
1341846366.674164 0.397582591 -0.028027024 0.003710983 0.007909075 0.068776436 0.048556712 0.996418357
1341846366.710207 0.398513973 -0.017846715 0.001492762 0.006492218 0.069169320 0.049594138 0.996350288
1341846366.741976 0.404403776 -0.021530541 -0.002286926 0.002917040 0.069923587 0.048287071 0.996378720
1341846366.773916 0.418443084 -0.026382532 0.000727329 0.001361945 0.072367787 0.047868665 0.996227682
1341846366.810122 0.411543459 -0.022470210 0.004644224 0.001672117 0.075204924 0.051316682 0.995845377
1341846366.841893 0.415889114 -0.026169337 -0.000025270 0.001540411 0.073986702 0.053074151 0.995844722
1341846366.878062 0.430530846 -0.024346348 0.001353635 0.002934707 0.073234096 0.052378640 0.995934069
1341846366.909933 0.436983973 -0.016764622 -0.005761115 0.004721839 0.074448645 0.053728413 0.995765209
1341846366.941941 0.440937251 -0.011167288 -0.005953858 0.004074409 0.074642085 0.054538254 0.995709598
1341846366.977906 0.449259579 -0.012949239 -0.012198376 0.002919361 0.076094806 0.053066652 0.995683193
1341846367.009852 0.457024962 -0.008916171 -0.014985484 0.002647161 0.079964124 0.054704286 0.995292008
1341846367.045944 0.463924497 -0.014720945 -0.022535363 0.002342697 0.083403096 0.056153394 0.994929731
1341846367.077914 0.476362765 -0.017104242 -0.030177731 0.003831927 0.088106528 0.054271989 0.994624078
1341846367.110077 0.482529819 -0.011466915 -0.033073105 0.005275959 0.093508467 0.054967318 0.994085968
1341846367.145997 0.476271063 -0.012510420 -0.031444717 0.004990221 0.097973362 0.057672989 0.993503988
1341846367.177894 0.479440928 -0.014961335 -0.033150084 0.006826840 0.101102486 0.057959769 0.993162811
1341846367.209903 0.500058115 -0.008270386 -0.032755934 0.009942559 0.104794882 0.061396282 0.992547095
1341846367.245970 0.494230986 0.000932249 -0.032056514 0.008908665 0.110641584 0.064614922 0.991717696
1341846367.277966 0.499530226 -0.004481744 -0.020734061 0.007157002 0.112636350 0.068268143 0.991262436
1341846367.314058 0.511225760 -0.005249387 -0.035124429 0.008862840 0.113999136 0.069551282 0.991003633
1341846367.346333 0.522767425 0.010837751 -0.034900803 0.010375022 0.117721237 0.069696434 0.990543544
1341846367.378615 0.514502645 0.010538145 -0.035590474 0.007921183 0.121206909 0.072708398 0.989929080
1341846367.413946 0.516938567 0.006907548 -0.035761341 0.006312771 0.121477447 0.074111260 0.989803493
1341846367.446060 0.530921340 0.014438851 -0.035451453 0.006147906 0.123000510 0.074857764 0.989560187
1341846367.478095 0.528924942 0.013586815 -0.038745336 0.003844553 0.126758263 0.077705890 0.988877833
1341846367.514115 0.541695535 0.006218434 -0.037773933 0.003139665 0.124605395 0.083642565 0.988669574
1341846367.546096 0.545191467 0.010308787 -0.041304592 0.007315802 0.124445386 0.085065395 0.988546252
1341846367.581982 0.550288141 0.023860082 -0.050900072 0.009944441 0.124830127 0.087090984 0.988298357
1341846367.613951 0.547964394 0.024467830 -0.051183023 0.007734296 0.124360755 0.089688987 0.988144994
1341846367.645894 0.558318794 0.022923114 -0.058218669 0.006588796 0.123313867 0.087632917 0.988468885
1341846367.682223 0.564371526 0.021813102 -0.055415824 0.006685787 0.125974312 0.087668426 0.988129556
1341846367.714019 0.569779694 0.019683909 -0.055262424 0.007409423 0.127092451 0.090563960 0.987720013
1341846367.745904 0.568367302 0.022289503 -0.058432110 0.009018857 0.128849640 0.090640754 0.987471879
1341846367.781973 0.574681520 0.025268946 -0.061100598 0.010375390 0.130250931 0.090451755 0.987291992
1341846367.813986 0.588018954 0.023951570 -0.067336887 0.009256039 0.130123064 0.093589306 0.987027526
1341846367.850189 0.589009166 0.021294903 -0.071277604 0.008405695 0.132807985 0.092287891 0.986800015
1341846367.881960 0.585716367 0.028663820 -0.066634156 0.008246136 0.134291023 0.092437483 0.986586630
1341846367.914064 0.586207807 0.034319900 -0.065265857 0.005543114 0.133998662 0.093831286 0.986513734
1341846367.950095 0.590615034 0.022355303 -0.063426971 0.002692877 0.134952739 0.093467511 0.986430109
1341846367.981916 0.592175543 0.022092752 -0.063956700 0.004095344 0.137568325 0.091846116 0.986216247
1341846368.017965 0.586159647 0.027926266 -0.059923109 0.003952183 0.138955086 0.094308212 0.985789955
1341846368.050897 0.582583904 0.023949189 -0.055260111 0.002932467 0.137691274 0.094344899 0.985967338
1341846368.082322 0.582472682 0.023673411 -0.058273941 0.003137189 0.137597457 0.091979466 0.986203253
1341846368.118029 0.578302324 0.027140595 -0.055330448 0.003283586 0.137869895 0.092339404 0.986131072
1341846368.150026 0.573656261 0.024777215 -0.049526807 0.001852694 0.136558980 0.094458610 0.986116529
1341846368.181952 0.568826556 0.014631761 -0.050679345 0.002566656 0.136109442 0.092498831 0.986362815
1341846368.217882 0.565926373 0.026199616 -0.052906387 0.004895144 0.136227340 0.092268839 0.986359298
1341846368.250223 0.562357366 0.027105026 -0.053428158 0.002763676 0.135941654 0.093555123 0.986285806
1341846368.286003 0.557032943 0.017922524 -0.048046567 0.000473152 0.136379659 0.091952562 0.986379802
1341846368.317994 0.548620045 0.023616085 -0.045098003 0.000592648 0.135507613 0.090994403 0.986588776
1341846368.350010 0.543541849 0.033649378 -0.041352578 -0.001620569 0.132471621 0.091061279 0.986993670
1341846368.385949 0.532530606 0.025260104 -0.039128702 -0.005886093 0.130113438 0.089254893 0.987456024
1341846368.417845 0.530218959 0.015987793 -0.037296932 -0.007963930 0.127588794 0.085657403 0.988089323
1341846368.450062 0.522826016 0.021628104 -0.025071776 -0.008866102 0.125408247 0.086560562 0.988282025
1341846368.485968 0.514800608 0.015882134 -0.025242433 -0.010488153 0.121722072 0.085124046 0.988851666
1341846368.517939 0.514910281 0.007617089 -0.023492018 -0.010836962 0.118180834 0.083932735 0.989379168
1341846368.554171 0.505424798 0.008818357 -0.023402378 -0.009071751 0.116921142 0.082239740 0.989688754
1341846368.618123 0.493574739 0.008097256 -0.022002231 -0.010602015 0.110639207 0.078065149 0.990733266
1341846368.654302 0.492610008 0.002969872 -0.016150611 -0.011350640 0.109199233 0.075474612 0.991085410
1341846368.685914 0.482786000 -0.001612094 -0.006840215 -0.010378411 0.107047603 0.073824838 0.991454959
1341846368.717980 0.474287301 -0.004924698 -0.012118290 -0.009316939 0.104889944 0.069796704 0.991987765
1341846368.786190 0.460573345 -0.010243895 -0.016443599 -0.005622522 0.103760719 0.068869978 0.992199123
1341846368.821968 0.461438328 -0.008164747 -0.016923035 -0.003701795 0.099541254 0.068400159 0.992672801
1341846368.853991 0.458968341 -0.004888386 -0.016356207 -0.004111948 0.099769399 0.064463831 0.992911637
1341846368.885978 0.448252320 -0.015238123 -0.011380753 -0.005606622 0.100767367 0.061484817 0.992992461
1341846368.923221 0.440568000 -0.017325733 -0.009107078 -0.003298301 0.099156298 0.061137151 0.993186474
1341846368.953942 0.432931483 -0.015266858 -0.010860523 -0.000284259 0.097345501 0.058582194 0.993524969
1341846368.986016 0.427719921 -0.014114909 -0.012737987 0.000939405 0.095568664 0.057093106 0.993783772
1341846369.021938 0.420519382 -0.013818514 -0.008272779 0.001159987 0.094525136 0.056031518 0.993943691
1341846369.053927 0.415350109 -0.017819185 -0.012532495 0.001264214 0.094961755 0.051605079 0.994141638
1341846369.090047 0.409904778 -0.020991320 -0.008407341 0.001609917 0.096001446 0.047802411 0.994231403
1341846369.121845 0.399054796 -0.027057856 -0.003219024 0.003566084 0.096009836 0.048689667 0.994182408
1341846369.154351 0.390660346 -0.033694863 -0.004994437 0.007228408 0.094494529 0.049092080 0.994287968
1341846369.189885 0.389252901 -0.024719434 -0.012716408 0.011173704 0.093767442 0.047189258 0.994412363
1341846369.222188 0.382472515 -0.023355698 -0.012628712 0.010201233 0.095430210 0.044721887 0.994378686
1341846369.257947 0.371569574 -0.031667847 -0.007092915 0.009631899 0.097076185 0.043639932 0.994273126
1341846369.289994 0.365974665 -0.036979251 -0.006078775 0.011717694 0.096413895 0.044045802 0.994297266
1341846369.322196 0.361717284 -0.034787055 -0.012573530 0.014603592 0.096504353 0.044784803 0.994217277
1341846369.357830 0.347410977 -0.034479253 -0.008201886 0.014586557 0.099242382 0.042975236 0.994027793
1341846369.390267 0.342606217 -0.035734709 -0.007635863 0.014954514 0.099518895 0.041847374 0.994042814
1341846369.422057 0.333045959 -0.035300933 -0.007301807 0.015464238 0.100017153 0.040993098 0.994020641
1341846369.457950 0.316362292 -0.041480564 -0.001078527 0.014905077 0.101365402 0.040803619 0.993900359
1341846369.490144 0.311151922 -0.044443730 -0.004741640 0.017282259 0.098273493 0.041944418 0.994124889
1341846369.526405 0.301147968 -0.038117159 -0.006042251 0.019140981 0.095896721 0.042181786 0.994312882
1341846369.557969 0.283434272 -0.046891473 -0.003061429 0.018342329 0.094581135 0.042015530 0.994461000
1341846369.590093 0.273420274 -0.050586112 -0.000011618 0.019744886 0.091189727 0.043080028 0.994705319
1341846369.625895 0.264080793 -0.045125868 0.002996688 0.021570375 0.088720448 0.043875769 0.994855940
1341846369.657961 0.260653973 -0.043211129 -0.000735127 0.021104967 0.086577907 0.044152264 0.995042443
1341846369.690135 0.247889936 -0.049394444 0.000637221 0.021101277 0.085067198 0.045734577 0.995101333
1341846369.726074 0.232697368 -0.049628686 -0.004972629 0.023170274 0.081964158 0.048219346 0.995198429
1341846369.757962 0.220313162 -0.045054950 0.000743039 0.024854504 0.079062760 0.048786066 0.995364904
1341846369.793964 0.213681415 -0.042293966 0.003215053 0.025105054 0.076748312 0.049118925 0.995523393
1341846369.826161 0.201119706 -0.044535793 -0.002160526 0.024082134 0.074050739 0.050059028 0.995706081
1341846369.858015 0.189453483 -0.047188316 -0.002474097 0.023928955 0.070947073 0.049696527 0.995953918
1341846369.893954 0.180627033 -0.044196866 0.011052527 0.024429398 0.068447746 0.050381519 0.996082246
1341846369.926051 0.167943314 -0.045999642 0.007714300 0.023451596 0.066408291 0.049998097 0.996263087
1341846369.958062 0.147056326 -0.047403131 0.001197369 0.023270570 0.063055143 0.047631215 0.996601105
1341846369.994037 0.149032533 -0.047695484 0.006406691 0.022919059 0.057713848 0.046859372 0.996969402
1341846370.026058 0.136645213 -0.050086059 0.013254163 0.023599137 0.056326076 0.046813652 0.997035086
1341846370.062000 0.114525609 -0.044318937 0.001578267 0.024395160 0.052973326 0.047459960 0.997169137
1341846370.094135 0.112012193 -0.042782165 0.010742821 0.023076063 0.048135940 0.048198115 0.997410357
1341846370.126153 0.115580991 -0.047693141 0.017507577 0.022508897 0.046547491 0.047589339 0.997527897
1341846370.162082 0.101240098 -0.045635514 0.016234832 0.023640163 0.047668181 0.049253140 0.997368038
1341846370.194044 0.091147654 -0.050356682 0.016840380 0.022868985 0.046399113 0.051538505 0.997330368
1341846370.230152 0.084369771 -0.050273832 0.018740011 0.025090586 0.045961201 0.052101254 0.997268021
1341846370.262175 0.081074424 -0.048264973 0.018955942 0.026194304 0.046537351 0.051307056 0.997254133
1341846370.294216 0.068355627 -0.050488133 0.018283041 0.026608827 0.048542716 0.047590885 0.997331798
1341846370.329892 0.054646809 -0.047704153 0.019012813 0.026917273 0.047073480 0.042914417 0.997606099
1341846370.361939 0.051337682 -0.049533918 0.026857354 0.027650425 0.044666648 0.039277546 0.997846484
1341846370.394073 0.035777465 -0.046387825 0.022106471 0.028710602 0.042778444 0.039511580 0.997890055
1341846370.429985 0.027255852 -0.038031638 0.019281399 0.029232392 0.036534995 0.038373984 0.998167396
1341846370.462095 0.019993527 -0.033674594 0.016829800 0.027030712 0.031126963 0.037602536 0.998442054
1341846370.498034 0.019185856 -0.032551520 0.027354700 0.023568686 0.026347678 0.037790552 0.998660207
1341846370.530176 0.012795833 -0.031030700 0.026970794 0.020413730 0.023811188 0.038045004 0.998783708
1341846370.561949 0.000830987 -0.024879793 0.025211643 0.017512158 0.020627713 0.038945574 0.998874903
1341846370.597989 -0.000905243 -0.021461237 0.024909362 0.012508215 0.017185707 0.040406018 0.998957217
1341846370.629913 -0.003971636 -0.029461410 0.033513121 0.007520839 0.017463578 0.041065224 0.998975515
1341846370.662062 -0.012740638 -0.031010889 0.028757259 0.006391308 0.017070506 0.040494639 0.999013484
1341846370.697981 -0.013526862 -0.026779443 0.031467993 0.004209891 0.015713539 0.040572621 0.999044180
1341846370.730015 -0.013308083 -0.038765807 0.030409032 0.000707839 0.015693853 0.038108807 0.999150097
1341846370.766182 -0.013220018 -0.044781867 0.030971175 0.001162003 0.018299067 0.034889746 0.999222934
1341846370.797966 -0.017198611 -0.039164301 0.022303900 -0.000442363 0.020804083 0.033314187 0.999228299
1341846370.830023 -0.021083577 -0.058019489 0.023641560 -0.004574967 0.021995757 0.030880628 0.999270558
1341846370.866186 -0.018626506 -0.068640932 0.020959148 -0.002452161 0.022025745 0.031409733 0.999260843
1341846370.897994 -0.023689024 -0.064341456 0.019588182 -0.002217756 0.024522198 0.032909535 0.999154985
1341846370.929983 -0.026639476 -0.083543308 0.018062565 -0.004817711 0.025478406 0.034708608 0.999061048
1341846370.971974 -0.019627726 -0.095704071 0.013791423 -0.001637436 0.025780790 0.034835026 0.999059141
1341846371.034127 -0.022100490 -0.111982986 0.009851290 0.003657021 0.032067563 0.036937270 0.998796225
1341846371.066883 -0.022099467 -0.105396323 0.007502287 0.005962974 0.034889892 0.035613719 0.998738587
1341846371.098209 -0.025118489 -0.113132931 0.002615208 0.003479068 0.039315011 0.032281429 0.998699248
1341846371.134068 -0.020990344 -0.122590125 0.003637882 0.001435969 0.041939378 0.031072466 0.998635828
1341846371.165993 -0.024714647 -0.125321791 0.004854105 -0.001028371 0.044987440 0.031304248 0.998496413
1341846371.197951 -0.027388941 -0.137472108 0.002113610 -0.004550087 0.045758605 0.032612205 0.998409688
1341846371.233950 -0.021943796 -0.145976663 0.000315088 -0.005296580 0.046326291 0.032745037 0.998375475
1341846371.266433 -0.019427493 -0.138053581 -0.010921317 -0.007587119 0.049192023 0.033662770 0.998193085
1341846371.302051 -0.021648008 -0.142437235 -0.013103248 -0.014374483 0.052214824 0.034775507 0.997926652
1341846371.334010 -0.020397771 -0.152957007 -0.022850620 -0.021335300 0.055884179 0.032563839 0.997677982
1341846371.366198 -0.017310098 -0.160462126 -0.019393265 -0.025871541 0.061216969 0.029881414 0.997341573
1341846371.402482 -0.023858028 -0.177637726 -0.008603062 -0.029523127 0.064462379 0.031001907 0.997001469
1341846371.434055 -0.024132557 -0.191042423 -0.009728825 -0.028818337 0.063592494 0.033303622 0.997003675
1341846371.469998 -0.016981550 -0.200243637 -0.014484841 -0.026846195 0.063284554 0.031427149 0.997139275
1341846371.501933 -0.019586653 -0.205268547 -0.016568538 -0.024791393 0.065806873 0.028891334 0.997105896
1341846371.534269 -0.026727354 -0.209963799 -0.023493532 -0.024369974 0.066821061 0.028651204 0.997055709
1341846371.570100 -0.026733318 -0.222485974 -0.021440106 -0.025297945 0.064600527 0.025828013 0.997256100
1341846371.602162 -0.018813999 -0.233138099 -0.024662180 -0.023494421 0.062988617 0.023355152 0.997464299
1341846371.634012 -0.026014660 -0.237169102 -0.028582096 -0.022000672 0.064840801 0.021683937 0.997417390
1341846371.669927 -0.033493247 -0.244158760 -0.027897475 -0.021687374 0.062740192 0.020288020 0.997587979
1341846371.702051 -0.022684366 -0.247707710 -0.036026202 -0.021698888 0.059960164 0.018121742 0.997800350
1341846371.737891 -0.023339378 -0.262402505 -0.033980820 -0.023296747 0.062808834 0.014037943 0.997654855
1341846371.769979 -0.032032587 -0.265040845 -0.030701386 -0.022015421 0.062800355 0.013981145 0.997685313
1341846371.802101 -0.031200441 -0.268514633 -0.032890063 -0.022103660 0.059742063 0.016022930 0.997840464
1341846371.837951 -0.028597223 -0.272358358 -0.033523001 -0.022082541 0.057583243 0.017876668 0.997936368
1341846371.870043 -0.018298607 -0.268008947 -0.043306496 -0.022554647 0.056569871 0.020045623 0.997942567
1341846371.902330 -0.020233108 -0.266125828 -0.043144468 -0.026397299 0.059179738 0.019969108 0.997698426
1341846371.938165 -0.017105300 -0.276841402 -0.041766450 -0.032779574 0.060020231 0.017018544 0.997513652
1341846371.969938 -0.006021737 -0.280452311 -0.037903260 -0.036414899 0.062574901 0.014547273 0.997269630
1341846372.005861 -0.015490239 -0.298561722 -0.024300879 -0.040196575 0.068537809 0.011359982 0.996773660
1341846372.038440 -0.014812469 -0.300857246 -0.022962581 -0.036231909 0.068161882 0.013066282 0.996930540
1341846372.070518 -0.009931562 -0.302706301 -0.026709339 -0.033959389 0.066831306 0.012307534 0.997110248
1341846372.111944 -0.010776941 -0.311761379 -0.025674805 -0.033582047 0.067995161 0.009602301 0.997074068
1341846372.143876 -0.009781101 -0.317460656 -0.021152504 -0.030995347 0.068518408 0.005824811 0.997151256
1341846372.179919 -0.020529216 -0.318397939 -0.024305122 -0.027313016 0.069113210 0.003708347 0.997227967
1341846372.212119 -0.026381213 -0.330742061 -0.023951622 -0.025033498 0.067308761 0.002359636 0.997415304
1341846372.244067 -0.022942329 -0.343405724 -0.031715162 -0.021121185 0.063291244 -0.000655786 0.997771323
1341846372.279961 -0.025583610 -0.352070689 -0.032493431 -0.015571366 0.061491948 -0.003199873 0.997980952
1341846372.312076 -0.023829920 -0.354428023 -0.030009108 -0.009559720 0.058732048 -0.005937898 0.998210371
1341846372.347910 -0.020998728 -0.359758705 -0.031159826 -0.005670916 0.056232866 -0.007855847 0.998370647
1341846372.379906 -0.019896578 -0.364353120 -0.023622898 -0.002167860 0.052373398 -0.009254114 0.998582363
1341846372.412137 -0.010001447 -0.367311209 -0.023649916 0.001277604 0.048752684 -0.009902008 0.998760998
1341846372.447783 -0.010462246 -0.376033455 -0.021450127 0.003156875 0.048028160 -0.008240313 0.998807013
1341846372.479920 -0.020714460 -0.385760576 -0.014996368 0.006311409 0.046136808 -0.006702170 0.998892725
1341846372.516195 -0.006438662 -0.381936550 -0.013607572 0.009977412 0.040922239 -0.003725179 0.999105573
1341846372.547915 0.005106520 -0.374625504 -0.016353335 0.010106673 0.040510781 -0.004365135 0.999118447
1341846372.579923 0.002057861 -0.381957263 -0.009680581 0.007871824 0.041372266 -0.006850605 0.999089301
1341846372.616037 0.004885981 -0.390371680 -0.010113657 0.006698323 0.039740041 -0.004955305 0.999175310
1341846372.647968 0.008931526 -0.387312174 -0.008658225 0.006357909 0.039584406 -0.004888142 0.999184012
1341846372.679953 0.016701760 -0.394117683 -0.009938125 0.004292744 0.040164877 -0.007754481 0.999153733
1341846372.716073 0.015265114 -0.396694779 -0.014593135 0.003534909 0.041755814 -0.007513595 0.999093354
1341846372.747919 0.010271786 -0.403575003 -0.011573469 0.003237163 0.042438708 -0.005788957 0.999077082
1341846372.783912 0.016695492 -0.407150984 -0.015207279 0.004456022 0.040918488 -0.003895620 0.999144971
1341846372.816131 0.026532903 -0.405213237 -0.015997129 0.005634071 0.042262584 -0.002357444 0.999087870
1341846372.848115 0.020626405 -0.408052057 -0.016206495 0.005245923 0.044924896 0.000281496 0.998976588
1341846372.884003 0.021873910 -0.412283331 -0.019584170 0.004902417 0.045595966 -0.001032237 0.998947382
1341846372.948016 0.023516638 -0.420118332 -0.009480135 0.005134142 0.051971339 -0.001610332 0.998634100
1341846373.010206 0.028657336 -0.435146004 -0.014173478 0.010388304 0.047471717 0.001878423 0.998816788
1341846373.041934 0.039528936 -0.434951425 -0.019153431 0.013195791 0.048410784 0.001874872 0.998738587
1341846373.078079 0.036108337 -0.440890074 -0.015512981 0.014276833 0.051515620 0.002386107 0.998567283
1341846373.110028 0.033114772 -0.443346679 -0.015656790 0.017005295 0.052330822 0.000967887 0.998484552
1341846373.142204 0.039291412 -0.447969079 -0.014612553 0.019544236 0.052303720 0.001656739 0.998438597
1341846373.178121 0.040072873 -0.450761557 -0.021362098 0.021679102 0.053610876 0.002521582 0.998323381
1341846373.210218 0.045070965 -0.460819393 -0.025183551 0.023877384 0.054879799 0.001667272 0.998206019
1341846373.246073 0.043566845 -0.468806237 -0.021976620 0.027960032 0.056551758 0.001273181 0.998007298
1341846373.277962 0.048635244 -0.470922798 -0.027803795 0.033176217 0.057722315 0.002464227 0.997778237
1341846373.310189 0.053601131 -0.469082981 -0.038851719 0.036693700 0.059698097 0.001064627 0.997541249
1341846373.346051 0.057795864 -0.468338639 -0.044309251 0.037084077 0.062869601 -0.001636950 0.997331202
1341846373.377993 0.051813416 -0.474876404 -0.035762113 0.036194120 0.066130072 -0.002496163 0.997151256
1341846373.410038 0.051722635 -0.478219599 -0.034815561 0.036325108 0.066809170 -0.001772691 0.997102737
1341846373.446109 0.052728321 -0.481077701 -0.037313197 0.036200829 0.067034148 -0.003681909 0.997086942
1341846373.478409 0.050151058 -0.486329764 -0.028625552 0.036518257 0.067188524 -0.002325740 0.997069061
1341846373.514006 0.045338489 -0.493420899 -0.033659294 0.038276553 0.066628411 0.000357062 0.997043371
1341846373.546097 0.049814887 -0.487958699 -0.035978027 0.040216304 0.063866921 0.000992369 0.997147262
1341846373.578079 0.062074486 -0.485715151 -0.041375253 0.040491778 0.064101331 0.000170564 0.997121572
1341846373.613978 0.052019488 -0.479572535 -0.035700459 0.040708814 0.066629305 -0.000833614 0.996946692
1341846373.646060 0.049663886 -0.471492827 -0.033916887 0.040517509 0.064834297 -0.000748263 0.997072875
1341846373.682101 0.060398467 -0.463496208 -0.036780905 0.039297156 0.064211704 -0.000814218 0.997161925
1341846373.713942 0.057682164 -0.454552859 -0.033850294 0.036348123 0.067668624 -0.000718348 0.997045279
1341846373.746309 0.047785774 -0.446841449 -0.034930967 0.032626532 0.069518223 -0.001300629 0.997046173
1341846373.782079 0.043512288 -0.444159240 -0.027624125 0.029598808 0.068633839 -0.001416257 0.997201741
1341846373.814899 0.052924614 -0.441774458 -0.030663235 0.028548038 0.068021551 -0.002766423 0.997271478
1341846373.846131 0.043692369 -0.428778082 -0.027353320 0.028833849 0.070376277 -0.005904412 0.997086227
1341846373.882197 0.034112360 -0.417681366 -0.027169207 0.027728111 0.068652675 -0.007177401 0.997229397
1341846373.914066 0.031481437 -0.407938421 -0.024286043 0.025548555 0.065346837 -0.003613184 0.997528970
1341846373.949976 0.037344325 -0.397805303 -0.020356225 0.023060273 0.063343413 -0.000442238 0.997725248
1341846373.982090 0.031610772 -0.389534205 -0.022711139 0.020357277 0.063355662 0.000549749 0.997783244
1341846374.014518 0.022016859 -0.382012814 -0.026022395 0.016550120 0.061563712 0.003963503 0.997958064
1341846374.050082 0.023163423 -0.371804178 -0.017228857 0.013528386 0.057960059 0.006848634 0.998203754
1341846374.082248 0.025675409 -0.375173628 -0.017098410 0.009959592 0.056163114 0.006757815 0.998349071
1341846374.114063 0.023520404 -0.361510396 -0.020656612 0.008286300 0.056790814 0.007739736 0.998321712
1341846374.150230 0.013538550 -0.362824172 -0.012064597 0.005568944 0.056764990 0.007703268 0.998342335
1341846374.181949 0.011316316 -0.360409975 -0.012448971 0.006457281 0.054566190 0.008237464 0.998455286
1341846374.217985 0.015741179 -0.350812942 -0.014404032 0.008376104 0.052847087 0.011979816 0.998495638
1341846374.250018 0.014915564 -0.334919870 -0.017070303 0.009166051 0.053605698 0.012740600 0.998438835
1341846374.281921 0.009977623 -0.317957997 -0.016257575 0.007204005 0.054698478 0.012020409 0.998404562
1341846374.318502 0.011489016 -0.312919974 -0.017280964 0.003957150 0.054906249 0.011488640 0.998417616
1341846374.350047 0.010241563 -0.298609257 -0.015891429 0.001233516 0.056355957 0.012179493 0.998335719
1341846374.382011 0.000254447 -0.296273440 -0.010678776 -0.002617065 0.057059962 0.011016971 0.998306513
1341846374.418020 -0.004404310 -0.287851095 -0.007934476 -0.003941103 0.055462603 0.010989984 0.998392522
1341846374.450160 -0.006264884 -0.279915661 -0.006336647 -0.005893497 0.053806685 0.011181496 0.998471379
1341846374.486170 -0.002008566 -0.268508077 -0.007664268 -0.007812423 0.052933522 0.011349766 0.998502970
1341846374.524087 -0.006643382 -0.258937836 -0.007018546 -0.010836915 0.053265162 0.010839683 0.998462737
1341846374.586056 -0.009414348 -0.244824871 -0.002319619 -0.015353792 0.048197448 0.010819458 0.998661220
1341846374.617848 -0.015578496 -0.244476900 0.003628114 -0.017416101 0.046278052 0.011957701 0.998705208
1341846374.654133 -0.017463442 -0.237771749 0.007663276 -0.016817756 0.043340888 0.014108073 0.998819172
1341846374.685940 -0.017164920 -0.224747136 0.008139076 -0.015674289 0.040362734 0.016900567 0.998919189
1341846374.718159 -0.019945474 -0.217113733 0.008716632 -0.015537513 0.038370084 0.020590147 0.998930633
1341846374.754050 -0.019214870 -0.209957153 0.010768835 -0.014558740 0.034977127 0.022112254 0.999037385
1341846374.786226 -0.019913157 -0.199136734 0.008802650 -0.013827922 0.032999773 0.022706460 0.999101698
1341846374.818164 -0.022171786 -0.200016871 0.010685902 -0.013772112 0.032200009 0.021960298 0.999145269
1341846374.854017 -0.026200317 -0.192015827 0.012861623 -0.010679791 0.030901736 0.020977896 0.999245167
1341846374.886253 -0.032124389 -0.189176977 0.014641894 -0.008054411 0.027763562 0.022578675 0.999327004
1341846374.921999 -0.029041206 -0.180708051 0.010465435 -0.005345105 0.025337687 0.022783244 0.999405026
1341846374.953860 -0.031466682 -0.173687100 0.011732160 -0.003696590 0.023905883 0.023881264 0.999422073
1341846374.985929 -0.035168324 -0.166675687 0.010661199 -0.002802482 0.021752995 0.024506815 0.999459028
1341846375.022029 -0.032243185 -0.166420847 0.015288551 -0.000877731 0.019291131 0.026299518 0.999467552
1341846375.053968 -0.032441780 -0.161222383 0.007512911 0.003738867 0.017565602 0.030736437 0.999366164
1341846375.085937 -0.033745542 -0.155071989 0.005685810 0.006812692 0.016698264 0.032112684 0.999321520
1341846375.122015 -0.031519949 -0.134598061 0.010618564 0.008615829 0.016587412 0.029495774 0.999390125
1341846375.190345 -0.030666552 -0.132735565 0.011011048 0.003889868 0.022404600 0.024073677 0.999451518
1341846375.222041 -0.037229270 -0.132801846 0.013247550 0.004334677 0.022873014 0.021479204 0.999498188
1341846375.254127 -0.031103147 -0.126597270 0.013872723 0.006488982 0.022265723 0.022400858 0.999480009
1341846375.289892 -0.031989276 -0.123607323 0.015507614 0.009681018 0.024461672 0.022431934 0.999402165
1341846375.322192 -0.040727165 -0.111061543 0.008737052 0.013165973 0.025217818 0.023435613 0.999320507
1341846375.354172 -0.036244571 -0.088518269 0.009545294 0.013504478 0.024542047 0.023742063 0.999325573
1341846375.390033 -0.028825004 -0.077347204 0.010327451 0.009105339 0.025469450 0.021014400 0.999413192
1341846375.422976 -0.037018452 -0.072856314 0.014261533 0.003188036 0.028812008 0.017804347 0.999421179
1341846375.458036 -0.043505274 -0.061747998 0.009897946 -0.001390971 0.027968381 0.015287551 0.999490917
1341846375.489941 -0.036808249 -0.065679170 0.016386876 -0.006449708 0.026947793 0.016084598 0.999486625
1341846375.521981 -0.039288081 -0.071586736 0.019263241 -0.007580082 0.028081561 0.016581647 0.999439359
1341846375.557947 -0.044620134 -0.065453619 0.019053841 -0.005419790 0.027254859 0.019748893 0.999418736
1341846375.590116 -0.041856453 -0.064512499 0.023266535 -0.003516432 0.023420261 0.025113760 0.999404013
1341846375.622399 -0.032537870 -0.054272618 0.026274864 0.000447687 0.022194611 0.027152030 0.999384820
1341846375.658264 -0.035704777 -0.052375473 0.024703423 0.003908847 0.024206825 0.028674005 0.999288023
1341846375.690116 -0.038766406 -0.044068903 0.029631237 0.009174808 0.023473984 0.032701463 0.999147356
1341846375.726080 -0.031855792 -0.044530664 0.027923997 0.016097542 0.021099377 0.039531779 0.998865843
1341846375.757947 -0.033399265 -0.036838014 0.027142877 0.023671165 0.020845732 0.043021228 0.998576164
1341846375.789914 -0.034627326 -0.028221348 0.030052209 0.029725490 0.019010680 0.046445940 0.998297453
1341846375.826111 -0.035606973 -0.005497501 0.033186313 0.034071565 0.017558886 0.045087725 0.998247385
1341846375.858282 -0.046478853 0.025689604 0.032827884 0.033100389 0.016550671 0.040340312 0.998500407
1341846375.893889 -0.048070200 0.044956099 0.035978865 0.024776148 0.013869211 0.038492743 0.998855412
1341846375.926121 -0.035932530 0.040951997 0.047417250 0.015691908 0.011971281 0.037649084 0.999096096
1341846375.958089 -0.037881527 0.049755327 0.049315996 0.010514048 0.012816867 0.038038488 0.999138772
1341846375.994060 -0.034514409 0.057418019 0.057063341 0.006195121 0.012561779 0.039388075 0.999125838
1341846376.026115 -0.030661296 0.060295518 0.061703619 0.004371183 0.014165305 0.041150253 0.999042988
1341846376.057999 -0.036859673 0.071691625 0.068563275 0.005991737 0.016819259 0.042332578 0.998943985
1341846376.094015 -0.034115940 0.087663583 0.071394458 0.006303827 0.018718882 0.043881301 0.998841465
1341846376.126126 -0.032703552 0.095399916 0.070202485 0.005896139 0.022564815 0.043196607 0.998794317
1341846376.162125 -0.039098918 0.110309854 0.071770601 0.004259359 0.027019912 0.042146336 0.998736918
1341846376.194033 -0.042951856 0.114477076 0.077902906 0.000825480 0.028578378 0.043031804 0.998664558
1341846376.226110 -0.043250121 0.120556772 0.080766037 -0.001597278 0.028136995 0.045316301 0.998575091
1341846376.262088 -0.045497771 0.122395717 0.087928951 -0.002586782 0.027250584 0.048925448 0.998427272
1341846376.293911 -0.043090157 0.127662957 0.092977546 -0.000607245 0.027176112 0.051142406 0.998321354
1341846376.326088 -0.044108465 0.134536609 0.092535034 0.001765689 0.027529860 0.053144492 0.998205721
1341846376.362076 -0.049590979 0.145888790 0.091811232 0.002797875 0.026401160 0.054645427 0.998152792
1341846376.393924 -0.043599106 0.151873201 0.096681945 0.002546370 0.024984086 0.053104479 0.998273134
1341846376.429909 -0.043610852 0.160515875 0.098120846 0.002878122 0.027386013 0.048402864 0.998448253
1341846376.462224 -0.048031881 0.163624778 0.098972045 0.000672695 0.029120941 0.044846490 0.998569131
1341846376.494092 -0.050142348 0.166697457 0.107594386 -0.000699233 0.028317576 0.044505939 0.998607457
1341846376.529992 -0.047665168 0.175681964 0.110519089 0.000264393 0.027971528 0.044569362 0.998614609
1341846376.562034 -0.048030976 0.182486549 0.105454817 -0.000014766 0.029570080 0.042535253 0.998657286
1341846376.594092 -0.049307179 0.190275550 0.106480263 -0.000601210 0.030680111 0.042252459 0.998635590
1341846376.630016 -0.045988597 0.195983037 0.109145880 -0.002049086 0.030698981 0.041549742 0.998662591
1341846376.662132 -0.042881336 0.200058803 0.112931214 -0.003191015 0.032854017 0.039183892 0.998686671
1341846376.697981 -0.047665015 0.207965136 0.115624785 -0.003448504 0.035296958 0.039542310 0.998588324
1341846376.730128 -0.047094379 0.212846279 0.119047672 -0.003577391 0.036155332 0.039511304 0.998558402
1341846376.762061 -0.048715714 0.224495247 0.116082273 -0.003467482 0.037117418 0.039307468 0.998531520
1341846376.797939 -0.048215002 0.238471225 0.118027456 -0.005248429 0.036830802 0.038125440 0.998580158
1341846376.829920 -0.046209455 0.240217611 0.119650438 -0.009263355 0.037548147 0.039849378 0.998456955
1341846376.866170 -0.050000291 0.249125853 0.120349728 -0.011707518 0.037847377 0.043044198 0.998287380
1341846376.898026 -0.041441265 0.255266100 0.119514361 -0.016154388 0.035123505 0.044811912 0.998247087
1341846376.930139 -0.036614828 0.270776331 0.122095235 -0.019625343 0.036132604 0.041134585 0.998307168
1341846376.966511 -0.038778100 0.279643655 0.123234741 -0.026028153 0.039525691 0.040458303 0.998059809
1341846376.997919 -0.040085353 0.282849282 0.128094807 -0.032168269 0.041098546 0.042104080 0.997749150
1341846377.030079 -0.039966851 0.287467510 0.135207415 -0.035492882 0.041952610 0.041591577 0.997622371
1341846377.066212 -0.041855127 0.296093941 0.134438828 -0.038502302 0.043006703 0.043196410 0.997397661
1341846377.097918 -0.040753726 0.304570079 0.139612779 -0.042120460 0.041916858 0.043042801 0.997304440
1341846377.134079 -0.045422886 0.306856245 0.137779966 -0.045740575 0.041303977 0.043000646 0.997172356
1341846377.166160 -0.044155460 0.303033113 0.137138009 -0.050768863 0.036167830 0.045840442 0.997002006
1341846377.197925 -0.044400554 0.316598058 0.139276013 -0.050434433 0.031618670 0.046167228 0.997158587
1341846377.233952 -0.045725297 0.336691737 0.140493006 -0.050558750 0.029942723 0.043666478 0.997316658
1341846377.266486 -0.042599920 0.332826555 0.150287852 -0.055277091 0.031231241 0.042480752 0.997077942
1341846377.298068 -0.044039704 0.334834903 0.141788960 -0.059226181 0.032121789 0.044847481 0.996719182
1341846377.334109 -0.042277757 0.334961683 0.143993109 -0.063471176 0.030636825 0.046327602 0.996436894
1341846377.366029 -0.040953360 0.332643509 0.149597853 -0.065785818 0.030666273 0.044276524 0.996379137
1341846377.401870 -0.039989434 0.334285736 0.145481735 -0.066831648 0.031345382 0.042225882 0.996377409
1341846377.434052 -0.042308778 0.321522415 0.149961486 -0.069814712 0.031110244 0.041698914 0.996202409
1341846377.466127 -0.041037142 0.316329837 0.147303209 -0.068146311 0.031359076 0.041100226 0.996335030
1341846377.502027 -0.038629696 0.319898665 0.142421678 -0.065540545 0.031692795 0.037312359 0.996648252
1341846377.534114 -0.038794890 0.319073230 0.144221529 -0.064732969 0.034355000 0.034718350 0.996706605
1341846377.566085 -0.047218781 0.304366648 0.143593103 -0.064118564 0.037341096 0.035987638 0.996593893
1341846377.602113 -0.039134011 0.306500047 0.146102533 -0.060968120 0.035088364 0.037814662 0.996805787
1341846377.633912 -0.041324049 0.289462507 0.149448767 -0.056049082 0.036616892 0.034132883 0.997172296
1341846377.676329 -0.038153965 0.291427106 0.137474686 -0.050938416 0.037491791 0.033322379 0.997441351
1341846377.743964 -0.043393936 0.274112314 0.147485748 -0.043237969 0.035641246 0.030068846 0.997976005
1341846377.802535 -0.040322587 0.259200424 0.129703388 -0.041865561 0.034877803 0.030321829 0.998053789
1341846377.835932 -0.040841661 0.244353548 0.134473190 -0.036436159 0.036328088 0.032690056 0.998140275
1341846377.872063 -0.047811244 0.219737843 0.108624466 -0.037976712 0.034331840 0.040709306 0.997858644
1341846377.902201 -0.035415538 0.224911511 0.128512502 -0.035620078 0.026838938 0.040104214 0.998199642
1341846377.939383 -0.030140631 0.220663741 0.123317651 -0.030618269 0.030440314 0.030629532 0.998597860
1341846377.970635 -0.040585048 0.211741135 0.108232416 -0.033425625 0.033363979 0.032987587 0.998339295
1341846378.002401 -0.035595182 0.197251141 0.112408318 -0.037472159 0.026482927 0.034661725 0.998345137
1341846378.038883 -0.030186800 0.183787063 0.114622191 -0.034559887 0.026653031 0.031930450 0.998536766
1341846378.106524 -0.033334821 0.168189421 0.101420619 -0.037118170 0.027119011 0.028951667 0.998523235
1341846378.138114 -0.031025538 0.165467530 0.108975507 -0.034062017 0.027699135 0.023382975 0.998762131
1341846378.170157 -0.032461263 0.160489783 0.100778230 -0.032921769 0.029704683 0.015384902 0.998897970
1341846378.206045 -0.033757214 0.146730855 0.100752950 -0.035718493 0.030805064 0.010803591 0.998828590
1341846378.238081 -0.034826316 0.122772463 0.109402850 -0.036717478 0.030964561 0.009413411 0.998801470
1341846378.275916 -0.029313175 0.116544843 0.101104118 -0.033137228 0.030722952 0.007672688 0.998948991
1341846378.312389 -0.025149219 0.106804967 0.093648925 -0.032656364 0.032824531 0.004432401 0.998917639
1341846378.344267 -0.029357180 0.090420574 0.104958609 -0.032297738 0.035894781 0.003397349 0.998827755
1341846378.376036 -0.029225403 0.079082198 0.093622439 -0.028273825 0.037180942 0.003633602 0.998901904
1341846378.411936 -0.025125882 0.073297031 0.088323921 -0.026649648 0.038033858 0.001656308 0.998919666
1341846378.444079 -0.026646353 0.060955528 0.089246549 -0.025695257 0.041018683 -0.002572251 0.998824596
1341846378.480041 -0.029021407 0.047820766 0.072612308 -0.025514761 0.041556161 -0.004124316 0.998801827
1341846378.512023 -0.027687252 0.040232208 0.079727031 -0.025433913 0.039395228 -0.005415699 0.998885274
1341846378.543975 -0.021982197 0.035456557 0.085343175 -0.021580851 0.040866990 -0.011841122 0.998861313
1341846378.579973 -0.026533794 0.019979315 0.075744614 -0.020879284 0.043731172 -0.013394669 0.998735309
1341846378.612676 -0.025300745 0.010048959 0.079295881 -0.018520482 0.043727007 -0.014495334 0.998766661
1341846378.643945 -0.023398181 -0.003849711 0.072871007 -0.015289196 0.046433244 -0.015168937 0.998689175
1341846378.679954 -0.028242987 -0.010008099 0.066595420 -0.011731307 0.048130181 -0.015712490 0.998648584
1341846378.742199 -0.010838365 -0.025483331 0.063705511 -0.006776589 0.049970124 -0.019307112 0.998541057
1341846378.774089 -0.019086536 -0.033720113 0.065097943 -0.002000654 0.054789659 -0.020882182 0.998277485
1341846378.805994 -0.022309031 -0.041606590 0.066300213 0.001135914 0.055286370 -0.019681130 0.998275876
1341846378.842121 -0.016492555 -0.040749881 0.060107954 0.003793373 0.055633217 -0.021508221 0.998212397
1341846378.874022 -0.012288269 -0.061537169 0.041414097 0.005456256 0.058427364 -0.026835127 0.997915983
1341846378.911788 -0.012699123 -0.062941976 0.045134965 0.008375590 0.059981458 -0.024932720 0.997852921
1341846378.974034 -0.008155640 -0.087394804 0.039984804 0.010874585 0.061066136 -0.027331965 0.997700155
1341846379.009977 -0.009720306 -0.083102971 0.040772971 0.014141434 0.063744053 -0.026134290 0.997523785
1341846379.041991 -0.007732219 -0.089896053 0.044843253 0.015611154 0.064328894 -0.025930060 0.997469664
1341846379.078155 -0.007547705 -0.100040875 0.042750899 0.016551467 0.066419534 -0.031770185 0.997148514
1341846379.109871 -0.011607455 -0.111173593 0.031982079 0.016669601 0.067473739 -0.032454759 0.997053683
1341846379.142034 -0.008504432 -0.124077953 0.024777776 0.015795466 0.067211524 -0.032490801 0.997084498
1341846379.178080 -0.007440278 -0.140061542 0.039421473 0.018431183 0.069451191 -0.037183199 0.996721745
1341846379.209979 -0.005821974 -0.151820883 0.034250602 0.024495529 0.070068046 -0.037954900 0.996518850
1341846379.242047 -0.013066095 -0.164904073 0.050380997 0.030521549 0.067840643 -0.035885252 0.996583343
1341846379.278304 -0.009206936 -0.179969996 0.053675216 0.035403047 0.066238679 -0.040029269 0.996371806
1341846379.310076 -0.006149456 -0.198295698 0.026944023 0.041948210 0.070085712 -0.045051537 0.995639861
1341846379.346166 -0.004720531 -0.193276837 0.030611835 0.050974611 0.071878932 -0.040456556 0.995288014
1341846379.377944 -0.008652485 -0.210176602 0.023297329 0.056895252 0.072371423 -0.041457001 0.994890273
1341846379.409974 -0.002705862 -0.209248900 0.022670440 0.066706121 0.073836498 -0.040931262 0.994194686
1341846379.446065 -0.001848712 -0.201162323 0.029633114 0.072570845 0.075262748 -0.039245840 0.993744791
1341846379.478631 0.007409833 -0.205348909 0.023589650 0.073147185 0.073282562 -0.034816597 0.994015574
1341846379.511214 0.016249798 -0.216448501 0.018227560 0.070958078 0.074173331 -0.037137330 0.994024217
1341846379.546204 0.004597466 -0.221442923 0.025554331 0.072702803 0.076916382 -0.036393352 0.993717134
1341846379.578217 -0.006306720 -0.212291002 0.030553721 0.074460782 0.073396951 -0.033909637 0.993940949
1341846379.614096 0.007891378 -0.219969004 0.020368163 0.071644500 0.069802605 -0.032414071 0.994456589
1341846379.646030 0.010333126 -0.215637729 0.023484822 0.070323803 0.071826488 -0.032742653 0.994395971
1341846379.678830 0.000875919 -0.216374278 0.017955083 0.067652516 0.071712352 -0.029934449 0.994678020
1341846379.714071 0.000491044 -0.211796477 0.028072430 0.066258013 0.068310514 -0.027187098 0.995090127
1341846379.746082 0.011879442 -0.212293625 0.025157642 0.064304605 0.067506976 -0.026484206 0.995292068
1341846379.778087 0.000783632 -0.196871772 0.030108148 0.062971167 0.069932587 -0.023979796 0.995273352
1341846379.813931 -0.007507975 -0.192141309 0.030864125 0.058396146 0.067792691 -0.021243460 0.995762408
1341846379.845927 0.002383812 -0.189700574 0.030404368 0.053899836 0.065478422 -0.019517068 0.996206045
1341846379.881893 -0.003564085 -0.175442055 0.029258747 0.049979787 0.066587090 -0.017310314 0.996377707
1341846379.913954 -0.009026018 -0.164533347 0.026739219 0.042941358 0.065565407 -0.013861894 0.996827483
1341846379.946050 -0.008214965 -0.163565427 0.036040217 0.035100184 0.063387461 -0.011997978 0.997299373
1341846379.981969 -0.011322680 -0.163436756 0.039016522 0.029953804 0.062076125 -0.009180149 0.997579575
1341846380.013935 -0.017764838 -0.151991770 0.041331768 0.026106054 0.059429966 -0.005045430 0.997878253
1341846380.046124 -0.011870493 -0.139172480 0.048526485 0.020177649 0.056005452 -0.000025189 0.998226523
1341846380.082142 -0.006451773 -0.132902756 0.046154335 0.014259730 0.055491187 -0.000899247 0.998356938
1341846380.114330 -0.011744281 -0.132178247 0.058192495 0.009275591 0.057001051 0.001032118 0.998330474
1341846380.150278 -0.017343936 -0.132554546 0.064367250 0.007023658 0.055726036 0.004129877 0.998412848
1341846380.182030 -0.012298660 -0.123030484 0.063043274 0.008301489 0.053781074 0.006525669 0.998496950
1341846380.213908 -0.012458374 -0.099104099 0.058255423 0.008204728 0.053779896 0.006417571 0.998498499
1341846380.250090 -0.013451794 -0.076603569 0.067520723 0.001327200 0.055333499 0.001180378 0.998466372
1341846380.281996 -0.003596136 -0.069424577 0.070205547 -0.007006697 0.058725335 0.001164504 0.998248935
1341846380.318009 -0.009663686 -0.057173431 0.069450207 -0.011483201 0.063140348 0.001677944 0.997937202
1341846380.350031 -0.010994945 -0.056233630 0.068328902 -0.017878974 0.063978665 0.007966247 0.997759342
1341846380.382297 -0.006125308 -0.047084436 0.076384015 -0.021962624 0.064296529 0.010454486 0.997634351
1341846380.418020 -0.008818981 -0.038073827 0.076373376 -0.025666747 0.065704755 0.011774380 0.997439504
1341846380.450059 -0.018328819 -0.012357549 0.083746478 -0.031344984 0.062873647 0.021205077 0.997303724
1341846380.481987 -0.014527500 -0.001707202 0.095782772 -0.039767765 0.056084793 0.026645789 0.997277796
1341846380.518026 0.002490186 -0.000180426 0.098892160 -0.045766868 0.050876766 0.027814869 0.997267902
1341846380.549973 -0.007834431 0.002006198 0.101454929 -0.048722573 0.051666200 0.026424818 0.997125089
1341846380.585876 -0.009539614 0.004584535 0.098041169 -0.049441710 0.047299437 0.027358260 0.997281194
1341846380.617833 -0.000476456 0.001245603 0.097424135 -0.049255230 0.043266796 0.026864551 0.997486949
1341846380.650010 -0.001298489 0.008104077 0.096759431 -0.045213029 0.042863689 0.025152111 0.997740388
1341846380.686058 -0.002489902 0.016951287 0.093080506 -0.041416150 0.041341633 0.023866933 0.998000979
1341846380.718154 -0.006586697 0.010468339 0.092855901 -0.040461984 0.040421650 0.022343045 0.998113036
1341846380.750063 0.001711486 0.000365846 0.084870830 -0.036606755 0.039685950 0.021161716 0.998317122
1341846380.785897 0.001599109 0.026616542 0.088988885 -0.027993264 0.039816715 0.025011264 0.998501599
1341846380.818263 -0.005174396 0.033165965 0.086911775 -0.026366334 0.036783263 0.026460374 0.998624861
1341846380.854055 -0.003791802 0.019765040 0.090040818 -0.027318824 0.034269575 0.023716073 0.998757660
1341846380.886150 0.002060530 0.031304710 0.099132121 -0.021746488 0.033023980 0.023802955 0.998934388
1341846380.918124 -0.008927231 0.045096058 0.107489377 -0.020109795 0.029954137 0.026046116 0.999009490
1341846380.954125 -0.002870365 0.029311661 0.104889192 -0.022832742 0.023984294 0.024762247 0.999144733
1341846380.985985 0.003029803 0.024050301 0.108100697 -0.022520754 0.025171800 0.021769674 0.999192297
1341846381.018098 -0.001069347 0.029967973 0.116486669 -0.020468559 0.026718820 0.021879489 0.999193907
1341846381.054072 0.004647261 0.026149297 0.124867998 -0.019917650 0.022584263 0.023673058 0.999266148
1341846381.086074 0.018883578 0.019222438 0.133870855 -0.015333883 0.020920947 0.024177948 0.999371111
1341846381.122035 0.015140135 0.027381012 0.136814669 -0.012220745 0.023009554 0.025509620 0.999334991
1341846381.159808 0.012573349 0.025226999 0.137815669 -0.012755131 0.023730626 0.022498012 0.999383807
1341846381.222118 0.025430569 0.033870757 0.156426519 -0.011394370 0.026457099 0.025374692 0.999262869
1341846381.254198 0.037036899 0.026152804 0.165567577 -0.014799768 0.029027520 0.024156747 0.999177098
1341846381.289977 0.051905677 0.025269421 0.181307167 -0.013907469 0.034245845 0.024976615 0.999004483
1341846381.322365 0.038907953 0.039794464 0.198803276 -0.011910216 0.039278179 0.030580139 0.998689234
1341846381.353963 0.044161409 0.034296725 0.209115207 -0.015143901 0.039959628 0.034602962 0.998487115
1341846381.389983 0.060240615 0.037515312 0.203174755 -0.016411643 0.042546209 0.034325104 0.998369813
1341846381.421973 0.053050384 0.041447423 0.225350037 -0.020430511 0.049952697 0.038314123 0.997807264
1341846381.454108 0.056118820 0.032856941 0.242774919 -0.024639031 0.051257879 0.038895328 0.997623563
1341846381.489891 0.063836113 0.020978145 0.249283716 -0.023397846 0.054290883 0.039689284 0.997461677
1341846381.521988 0.066659838 0.029582852 0.261940509 -0.016702466 0.058274474 0.046603873 0.997072339
1341846381.558072 0.071466319 0.026884060 0.272707939 -0.014401882 0.060943842 0.049014326 0.996833026
1341846381.589879 0.074379690 0.027448216 0.276269823 -0.013276713 0.065033384 0.046955824 0.996689320
1341846381.622018 0.080545299 0.029998457 0.295038491 -0.013964128 0.068387091 0.044878386 0.996551096
1341846381.657894 0.084570520 0.026166465 0.308127403 -0.014435285 0.071496964 0.042881262 0.996414065
1341846381.689870 0.090189494 0.022017352 0.332525194 -0.010188093 0.074363850 0.041888975 0.996298909
1341846381.722338 0.102240480 0.033649694 0.335372984 -0.005903094 0.075052485 0.042839084 0.996241450
1341846381.758166 0.104842328 0.032851290 0.350357622 -0.005869166 0.076929212 0.042381793 0.996118069
1341846381.790889 0.110870488 0.028211236 0.359423578 -0.004329320 0.078228228 0.040503804 0.996102929
1341846381.826591 0.118575774 0.032796912 0.369271189 -0.001057242 0.080416851 0.039810486 0.995965421
1341846381.859589 0.110563248 0.030198179 0.384291261 -0.000461690 0.081167154 0.040795185 0.995865166
1341846381.890538 0.115549296 0.029990600 0.393468082 0.001314289 0.076050565 0.043325517 0.996161401
1341846381.926191 0.120110460 0.033848457 0.403945684 0.002455732 0.073844135 0.039903630 0.996468127
1341846381.958121 0.109626703 0.048162021 0.418264031 0.000791569 0.072748922 0.039509442 0.996567130
1341846381.990050 0.107984364 0.040752664 0.425021052 -0.005204858 0.065078340 0.039826486 0.997071505
1341846382.026007 0.125430882 0.041620135 0.440850586 -0.008543201 0.058797769 0.036528099 0.997564793
1341846382.059217 0.126012892 0.045198306 0.455298543 -0.013545206 0.059084401 0.031848170 0.997652888
1341846382.094090 0.121903040 0.038794812 0.470981359 -0.019548826 0.057614829 0.031571742 0.997648001
1341846382.126195 0.136267275 0.029798334 0.488268346 -0.021678261 0.052972738 0.032980043 0.997815728
1341846382.158170 0.143458560 0.029866019 0.484777391 -0.020969657 0.052926805 0.034802057 0.997771442
1341846382.194097 0.144274577 0.028678106 0.498006493 -0.022095477 0.053923458 0.035583936 0.997666180
1341846382.226010 0.148630649 0.025128651 0.507980645 -0.022322368 0.053405698 0.037493300 0.997619092
1341846382.258172 0.151824191 0.023326922 0.517125726 -0.022381179 0.053888623 0.037401315 0.997595191
1341846382.294020 0.153672114 0.024244059 0.527136624 -0.022175593 0.056136884 0.035402466 0.997548759
1341846382.325957 0.145562485 0.023619764 0.538023949 -0.023347339 0.057014778 0.033506613 0.997537732
1341846382.361974 0.148660004 0.017031772 0.553552330 -0.024988975 0.055191141 0.031590160 0.997663021
1341846382.393888 0.146912843 0.015603069 0.564102888 -0.023722002 0.054211102 0.030136596 0.997792661
1341846382.425972 0.148060948 0.021427039 0.576200604 -0.022418607 0.053020604 0.026227025 0.997997165
1341846382.462037 0.144091949 0.020617075 0.586150706 -0.023546392 0.052025516 0.021131231 0.998144448
1341846382.494003 0.140917063 0.017398240 0.601690054 -0.025836440 0.049829531 0.016946280 0.998279691
1341846382.530148 0.141588673 0.012762277 0.613354445 -0.026338015 0.047750447 0.013895771 0.998415291
1341846382.562400 0.141280159 0.010853802 0.620723128 -0.025980914 0.047495652 0.013246281 0.998445630
1341846382.593981 0.138866276 0.007536992 0.631770313 -0.025461804 0.047988292 0.012782930 0.998441517
1341846382.629905 0.140072748 0.005266625 0.645087302 -0.021405157 0.048621614 0.015610554 0.998465896
1341846382.661966 0.136419281 0.011128237 0.648936331 -0.017634513 0.049372040 0.019388551 0.998436511
1341846382.693976 0.138307109 0.009133371 0.656475663 -0.019009247 0.048702680 0.019986697 0.998432398
1341846382.730021 0.142631590 0.009322222 0.665179074 -0.017919863 0.049128406 0.018814014 0.998454452
1341846382.762004 0.135129243 0.022019334 0.672779262 -0.014817213 0.051236518 0.020148816 0.998373330
1341846382.798112 0.133499011 0.019673701 0.677734196 -0.018365569 0.049586136 0.018441496 0.998430669
1341846382.829949 0.139094412 0.014700595 0.678390086 -0.021341750 0.049727716 0.012184367 0.998460412
1341846382.861875 0.138430491 0.014270511 0.685520053 -0.022103161 0.051109735 0.009539079 0.998402834
1341846382.897967 0.138897121 0.014497376 0.691871285 -0.022190675 0.051309053 0.010752355 0.998378336
1341846382.930017 0.141339898 0.010861566 0.692810237 -0.021115078 0.052040793 0.011108829 0.998359919
1341846382.962121 0.144434869 0.025385579 0.699034274 -0.016432114 0.054444667 0.009893567 0.998332560
1341846382.997950 0.140579060 0.017642705 0.701230526 -0.018004784 0.056097869 0.011115466 0.998201013
1341846383.029927 0.146175519 0.022095619 0.706663370 -0.015896952 0.054733586 0.012920159 0.998290837
1341846383.104184 0.153500080 0.026090287 0.706294775 -0.018439135 0.058658101 0.003724673 0.998100877
1341846383.172122 0.154472962 0.015982946 0.712026596 -0.023144549 0.057460252 0.003977211 0.998071551
1341846383.236935 0.149618685 0.015400959 0.714848638 -0.024448086 0.066786446 0.003898508 0.997460127
1341846383.272112 0.153974995 0.011583976 0.722087383 -0.023829566 0.064393178 0.008366274 0.997604966
1341846383.303955 0.157003239 0.008351553 0.717254519 -0.024126602 0.065286219 0.010039516 0.997524321
1341846383.336133 0.157167614 0.012468943 0.708223879 -0.026948005 0.065964669 0.010738435 0.997400165
1341846383.398119 0.162938803 0.004335743 0.706565976 -0.029762860 0.064128086 0.013557059 0.997405648
1341846383.433991 0.164370298 0.003290141 0.703019500 -0.030589093 0.065646447 0.014961998 0.997261763
1341846383.466087 0.161243021 0.001428191 0.699521005 -0.030709170 0.066196837 0.015515088 0.997213244
1341846383.501974 0.156020895 -0.001445159 0.693327904 -0.030553505 0.065325633 0.018239615 0.997229338
1341846383.533975 0.156470209 0.000029998 0.689341843 -0.029610109 0.062852897 0.017504878 0.997429848
1341846383.565981 0.152901486 0.002566282 0.681778312 -0.029880697 0.062489968 0.015479592 0.997478068
1341846383.602253 0.146085620 0.002968899 0.677287579 -0.029959718 0.060822632 0.015416645 0.997579753
1341846383.634175 0.129678056 0.007971711 0.670078516 -0.028182253 0.057716176 0.016441818 0.997799754
1341846383.665988 0.135176852 -0.000836457 0.658932507 -0.031021420 0.051884867 0.014380055 0.998067558
1341846383.702104 0.127519995 0.000662587 0.653432846 -0.030978335 0.050333031 0.010999223 0.998191357
1341846383.734131 0.119022243 0.003490982 0.648050547 -0.030443804 0.046451997 0.010992995 0.998395979
1341846383.770067 0.115808181 -0.005426696 0.636162221 -0.032129992 0.041139428 0.014506964 0.998531282
1341846383.802027 0.114943475 0.001052990 0.627355933 -0.030134251 0.037016887 0.014220223 0.998758972
1341846383.870067 0.093427040 0.004622118 0.607584834 -0.030003976 0.034014605 0.015377105 0.998852491
1341846383.901854 0.098635979 0.008243803 0.600068986 -0.029374216 0.028999913 0.016768385 0.999006987
1341846383.934301 0.092667334 0.015857402 0.587718606 -0.030711330 0.028198997 0.015645029 0.999007940
1341846383.969997 0.086927801 0.007710231 0.577802002 -0.033144765 0.026682248 0.015665984 0.998971522
1341846384.001936 0.087364107 0.005070365 0.566520512 -0.031419177 0.022995040 0.019119995 0.999058783
1341846384.038092 0.079767682 0.018062685 0.551799238 -0.027835742 0.018377911 0.020251280 0.999238372
1341846384.070104 0.083773077 0.013122136 0.543638885 -0.030319873 0.016315442 0.016754203 0.999266624
1341846384.102008 0.076934859 0.004124888 0.531031013 -0.030243160 0.017023038 0.015873624 0.999271512
1341846384.138265 0.067549817 0.011062242 0.521413445 -0.027598370 0.014457039 0.017482234 0.999361634
1341846384.170093 0.073593013 0.013785359 0.510715187 -0.027991299 0.010560000 0.017575247 0.999397874
1341846384.202188 0.068657838 0.013964315 0.501581967 -0.027354214 0.012573240 0.014847640 0.999436438
1341846384.237844 0.063149214 0.016316148 0.487892866 -0.027489979 0.013422152 0.014916625 0.999420643
1341846384.269968 0.063557215 0.010701847 0.479026854 -0.028093055 0.011395841 0.016661378 0.999401450
1341846384.306015 0.065986775 0.015801964 0.469484121 -0.025648374 0.010737504 0.016308812 0.999480307
1341846384.337907 0.057766333 0.020044066 0.457257122 -0.025468994 0.012210211 0.016068112 0.999471903
1341846384.369865 0.056915756 0.021251606 0.447011501 -0.026672229 0.011165881 0.015281907 0.999465048
1341846384.406199 0.059135899 0.018426256 0.437266141 -0.026522530 0.011232702 0.013041169 0.999500036
1341846384.437788 0.051053789 0.025506152 0.427196085 -0.025826821 0.012168167 0.011995008 0.999520421
1341846384.469882 0.050416283 0.027742358 0.415500015 -0.028324155 0.011019239 0.010216054 0.999485850
1341846384.506115 0.049084954 0.023269616 0.405902386 -0.030323764 0.012444803 0.006959854 0.999438405
1341846384.537970 0.047343928 0.027519401 0.398749441 -0.031357590 0.015052971 0.006181390 0.999375761
1341846384.573994 0.040439669 0.024408642 0.394241005 -0.032841202 0.015763069 0.008595166 0.999299288
1341846384.606493 0.037503805 0.023930013 0.386397719 -0.030645261 0.014284046 0.012601672 0.999348819
1341846384.637999 0.039261144 0.029700685 0.377331108 -0.028215269 0.012679942 0.015227072 0.999405444
1341846384.674068 0.031720955 0.030098299 0.368245095 -0.029051777 0.012395956 0.014164204 0.999400675
1341846384.705921 0.029214537 0.031302262 0.360232115 -0.027988104 0.011563967 0.012520286 0.999462962
1341846384.742045 0.025352031 0.040619493 0.352306396 -0.026957024 0.008917927 0.011175603 0.999534309
1341846384.774082 0.024396878 0.041029289 0.341774225 -0.030057678 0.006690324 0.007855233 0.999494910
1341846384.805987 0.020593295 0.038284883 0.333805740 -0.031878985 0.006772720 0.002359485 0.999466002
1341846384.842025 0.012790545 0.042810921 0.326000631 -0.031978168 0.006115192 0.001063028 0.999469280
1341846384.874081 0.010647737 0.041092828 0.317045659 -0.033517949 0.003990378 0.003568641 0.999423802
1341846384.905998 0.012051148 0.040029436 0.306083858 -0.031655993 0.003343279 0.006119741 0.999474525
1341846384.942014 0.006340412 0.046413660 0.296957791 -0.030827511 0.004023893 0.009278676 0.999473572
1341846384.974049 0.003558261 0.043495446 0.288194120 -0.032292522 0.003861040 0.011668628 0.999402881
1341846385.009917 0.006377233 0.040618531 0.283428609 -0.030344483 0.003614119 0.016280584 0.999400377
1341846385.042211 -0.000383325 0.048180889 0.272646248 -0.028517812 0.005059046 0.018214535 0.999414504
1341846385.073967 -0.003912423 0.046088010 0.268186480 -0.030452443 0.006296426 0.017546613 0.999362350
1341846385.110157 -0.005156434 0.041475691 0.260668814 -0.030006852 0.007355260 0.017949952 0.999361455
1341846385.141931 -0.008455766 0.040028214 0.255803525 -0.028463302 0.007920539 0.019981261 0.999363720
1341846385.173929 -0.015596454 0.040465645 0.247066081 -0.027107630 0.007068851 0.019423312 0.999418795
1341846385.210052 -0.017092654 0.036081564 0.237450540 -0.026666883 0.006738327 0.013800863 0.999526381
1341846385.242941 -0.023938050 0.037907563 0.233366817 -0.025103446 0.007957049 0.007350985 0.999626160
1341846385.278001 -0.027951894 0.037012916 0.227151990 -0.024803683 0.007163516 0.004552851 0.999656320
1341846385.311234 -0.033041470 0.030756511 0.218034565 -0.023283461 0.006641277 0.004003996 0.999698818
1341846385.342936 -0.036258161 0.034726758 0.210819736 -0.019633146 0.005214367 0.002736731 0.999789894
1341846385.378101 -0.040545017 0.041540004 0.204655543 -0.018427672 0.005264397 0.001140614 0.999815702
1341846385.410048 -0.053719886 0.047740825 0.204833999 -0.017330660 0.005842404 -0.001393025 0.999831796
1341846385.442088 -0.069142178 0.041130632 0.199594826 -0.017946495 0.005049489 -0.001538317 0.999825001
1341846385.477970 -0.070675828 0.050007645 0.189221531 -0.017160416 0.000632202 -0.001431695 0.999851525
1341846385.510109 -0.073509976 0.048194174 0.180160105 -0.018049093 -0.001262145 -0.001187074 0.999835610
1341846385.545989 -0.086555414 0.053208604 0.175272986 -0.017747127 -0.003389542 -0.001875591 0.999835014
1341846385.577939 -0.092388920 0.056929596 0.167737260 -0.018624391 -0.008214515 -0.001751797 0.999791265
1341846385.609948 -0.103947669 0.039440140 0.161029994 -0.022723557 -0.009520169 -0.001346408 0.999695599
1341846385.646024 -0.114766628 0.044855259 0.152070567 -0.022326618 -0.012416544 -0.000149402 0.999673605
1341846385.678122 -0.124625079 0.042823318 0.144559264 -0.024651421 -0.018274812 0.001715231 0.999527633
1341846385.713966 -0.119763464 0.041838199 0.139727429 -0.025005477 -0.021978905 0.001789414 0.999444067
1341846385.745986 -0.126887709 0.044037908 0.133025259 -0.023879560 -0.021542240 0.002597400 0.999479353
1341846385.778024 -0.135984704 0.048213273 0.127494395 -0.023513779 -0.023486245 0.005536765 0.999432266
1341846385.814480 -0.133638069 0.050559964 0.117532566 -0.023830608 -0.025434516 0.004806215 0.999380887
1341846385.846594 -0.133714125 0.053590786 0.108774997 -0.023866622 -0.023044681 0.001788120 0.999447942
1341846385.884072 -0.147509664 0.055160273 0.098822698 -0.024894832 -0.019774280 0.004025145 0.999486387
1341846385.920282 -0.152184695 0.057283986 0.097238094 -0.025275839 -0.021698054 0.005249063 0.999431252
1341846385.951967 -0.145139307 0.055175655 0.076629378 -0.025584307 -0.020500047 0.003288126 0.999457061
1341846385.983828 -0.153230757 0.055527195 0.076276109 -0.025103711 -0.016506296 0.003184910 0.999543548
1341846386.019954 -0.160183579 0.056929603 0.072009124 -0.024554869 -0.016088100 0.005118694 0.999555945
1341846386.053153 -0.163075298 0.053670645 0.066779539 -0.023644429 -0.017671991 0.005203483 0.999550700
1341846386.087964 -0.158358440 0.053975157 0.048597768 -0.020810951 -0.016362431 0.001485580 0.999648452
1341846386.120298 -0.165616885 0.056100421 0.046938851 -0.019245574 -0.012882224 -0.002172834 0.999729455
1341846386.152323 -0.173389122 0.047680456 0.041705921 -0.017901532 -0.012696617 -0.002719060 0.999755442
1341846386.187922 -0.176097468 0.048027053 0.033175036 -0.015164335 -0.013947187 -0.005717240 0.999771416
1341846386.220214 -0.170584574 0.047816779 0.019960342 -0.013191880 -0.014013147 -0.010848357 0.999755919
1341846386.251878 -0.171782658 0.044409439 0.007673439 -0.010356896 -0.012887856 -0.013743417 0.999768853
1341846386.287926 -0.178668052 0.041684844 -0.004362401 -0.007889722 -0.014223054 -0.013725837 0.999773502
1341846386.320048 -0.174815997 0.044500843 -0.015156197 -0.005223357 -0.016175160 -0.016838050 0.999713778
1341846386.351806 -0.171069890 0.047273856 -0.026459485 -0.003019429 -0.014399057 -0.021714423 0.999655962
1341846386.387904 -0.179809064 0.043812837 -0.046170961 -0.001628813 -0.012735941 -0.021648932 0.999683201
1341846386.420158 -0.184811294 0.045500085 -0.062314767 0.000308028 -0.014670479 -0.020458363 0.999683022
1341846386.488011 -0.170660183 0.055159807 -0.096546844 0.002118853 -0.019733837 -0.023547987 0.999525666
1341846386.550203 -0.184936509 0.047510713 -0.128397569 0.003322338 -0.018671712 -0.022994630 0.999555707
1341846386.582265 -0.181030914 0.058329675 -0.146228939 0.004881136 -0.022427069 -0.021403270 0.999507427
1341846386.618055 -0.171877965 0.062163416 -0.169147089 0.004390734 -0.023127435 -0.023297235 0.999451399
1341846386.651032 -0.174167827 0.064747721 -0.188002691 0.003040590 -0.021639530 -0.024473889 0.999461651
1341846386.682220 -0.175937042 0.067667864 -0.203045234 0.000750344 -0.023081802 -0.022573084 0.999478459
1341846386.718071 -0.168511152 0.060941320 -0.215653434 -0.000642321 -0.024558529 -0.019689320 0.999504268
1341846386.750071 -0.164712593 0.074319594 -0.235838309 0.003149833 -0.021749729 -0.019740637 0.999563575
1341846386.786100 -0.173598468 0.081887558 -0.252050877 0.004309383 -0.018377889 -0.016263662 0.999689579
1341846386.817967 -0.175845742 0.080093287 -0.265030712 0.005093485 -0.018559188 -0.014220331 0.999713659
1341846386.850155 -0.163897172 0.085480101 -0.284089535 0.006222952 -0.018148946 -0.014180483 0.999715388
1341846386.886034 -0.163950264 0.086911052 -0.296088636 0.006046804 -0.015112916 -0.012559382 0.999788642
1341846386.918050 -0.166452333 0.086685747 -0.311014056 0.006319233 -0.013262740 -0.008737206 0.999853909
1341846386.954005 -0.168865964 0.091348320 -0.322863042 0.007167825 -0.012057608 -0.006958835 0.999877393
1341846386.986155 -0.158507735 0.092460759 -0.342111439 0.006719974 -0.011401349 -0.006609754 0.999890566
1341846387.018027 -0.156958699 0.089265756 -0.350668907 0.006095532 -0.006893804 -0.005087905 0.999944746
1341846387.054058 -0.167469352 0.090028480 -0.361698508 0.007752336 -0.004299986 -0.002985905 0.999956250
1341846387.086157 -0.166194409 0.095369719 -0.367690623 0.008691899 -0.004223693 -0.002910347 0.999949038
1341846387.118350 -0.156196088 0.091059782 -0.375052482 0.008992447 -0.002080613 -0.003972639 0.999949515
1341846387.153927 -0.167282388 0.089208074 -0.391826779 0.010184007 0.001176140 -0.004119889 0.999938965
1341846387.185953 -0.172669187 0.102211833 -0.403219789 0.010873083 0.000668377 -0.003901886 0.999933064
1341846387.222042 -0.166738838 0.109108709 -0.407874495 0.009468004 -0.000617077 -0.006249884 0.999935448
1341846387.253968 -0.164083585 0.099502943 -0.425450325 0.007416608 0.001082505 -0.007532381 0.999943554
1341846387.286046 -0.172097147 0.103751205 -0.435993254 0.006533157 0.001834882 -0.005644138 0.999961019
1341846387.322002 -0.167424098 0.104600474 -0.443997383 0.004539987 0.000321366 -0.004931138 0.999977469
1341846387.353879 -0.160635650 0.107250564 -0.455173999 0.003923191 0.001682268 -0.005717398 0.999974549
1341846387.386177 -0.173028633 0.106892526 -0.462365746 0.003665979 0.003081403 -0.002824234 0.999984562
1341846387.422132 -0.164137080 0.108071558 -0.474066287 0.004090997 0.000724346 -0.000220432 0.999991357
1341846387.454043 -0.158550411 0.114101201 -0.487939090 0.004705368 0.001918668 -0.002047587 0.999984980
1341846387.490166 -0.168670535 0.115288362 -0.494033188 0.004085571 0.003585718 -0.001918657 0.999983370
1341846387.522009 -0.167358175 0.110427640 -0.505212307 0.003811997 0.001259258 0.002999429 0.999987423
1341846387.554619 -0.161592633 0.120972842 -0.514772832 0.005030544 0.000224710 0.003996699 0.999979317
1341846387.590257 -0.161972225 0.133638486 -0.522617459 0.004106365 0.001524906 0.002981835 0.999985933
1341846387.622301 -0.161523625 0.131545022 -0.528477132 0.000917513 0.002757904 0.003826689 0.999988437
1341846387.654151 -0.167156890 0.129542083 -0.535513401 -0.001014052 0.002761204 0.004044163 0.999987483
1341846387.690110 -0.167259619 0.133528203 -0.545834601 -0.001779760 0.000571156 0.003188347 0.999993205
1341846387.722109 -0.165094003 0.133325681 -0.551531315 -0.004381659 -0.000645305 0.002822705 0.999986231
1341846387.758177 -0.166656539 0.126830131 -0.558842301 -0.006327014 -0.001130784 0.003874287 0.999971867
1341846387.790191 -0.173112914 0.128029183 -0.561655819 -0.005619830 -0.002337000 0.006644963 0.999959409
1341846387.822157 -0.168600038 0.135534614 -0.570861042 -0.004257927 -0.004838292 0.006983980 0.999954879
1341846387.858179 -0.167705253 0.137799472 -0.580790937 -0.005019532 -0.006066107 0.010800222 0.999910653
1341846387.890013 -0.171376511 0.137730867 -0.583981037 -0.005160873 -0.008452712 0.012152470 0.999877095
1341846387.926103 -0.165337503 0.142224342 -0.591157377 -0.004759707 -0.010132736 0.012046763 0.999864757
1341846387.958426 -0.170502812 0.142239735 -0.598255992 -0.005579779 -0.010171341 0.014249165 0.999831140
1341846387.990086 -0.175014496 0.140817657 -0.602530062 -0.006455244 -0.012371682 0.016263030 0.999770343
1341846388.026158 -0.168413162 0.133015305 -0.587344289 -0.005651257 -0.016664416 0.015112248 0.999730945
1341846388.058060 -0.166558534 0.130287692 -0.589148819 -0.000824859 -0.018452436 0.021120865 0.999606311
1341846388.089974 -0.168629035 0.134320930 -0.588487148 0.004484449 -0.021238979 0.025141452 0.999448180
1341846388.126088 -0.164803475 0.149898112 -0.597080648 0.007897034 -0.023098027 0.023822417 0.999418139
1341846388.158090 -0.153199345 0.165965483 -0.603618383 0.005863445 -0.022099478 0.020520587 0.999527931
1341846388.194068 -0.157807156 0.149649307 -0.581950247 -0.000139568 -0.019538617 0.018224245 0.999642968
1341846388.225961 -0.159005120 0.144103825 -0.574371874 -0.001087536 -0.020119643 0.016691854 0.999657631
1341846388.257928 -0.154496655 0.152339265 -0.572490573 -0.001738037 -0.020546194 0.017544933 0.999633431
1341846388.294066 -0.155543759 0.140623450 -0.559719861 -0.003531787 -0.020611456 0.017625952 0.999625921
1341846388.325954 -0.151776120 0.146211848 -0.556530058 -0.001951094 -0.021123832 0.015842900 0.999649405
1341846388.357936 -0.151779950 0.150118142 -0.548535466 -0.003181002 -0.019654267 0.014184660 0.999701142
1341846388.394202 -0.154847860 0.142563000 -0.533514917 -0.004713556 -0.019968981 0.012511606 0.999711215
1341846388.425957 -0.148989350 0.142528310 -0.535245001 -0.005112503 -0.021141086 0.009564980 0.999717653
1341846388.462012 -0.149083361 0.140252367 -0.517795801 -0.006123657 -0.019032169 0.006968626 0.999775827
1341846388.493961 -0.155159190 0.133232772 -0.500257611 -0.005594283 -0.019562412 0.006570610 0.999771416
1341846388.526293 -0.149654225 0.132362753 -0.494358361 -0.003867486 -0.021620348 0.006403990 0.999738276
1341846388.562293 -0.142914534 0.128250346 -0.487754524 -0.002537611 -0.020421332 0.005288418 0.999774218
1341846388.594090 -0.148466945 0.130605400 -0.474867374 -0.001496793 -0.018363524 0.004528457 0.999819994
1341846388.626030 -0.148525223 0.127773613 -0.458256662 -0.001858737 -0.019058067 0.003807348 0.999809444
1341846388.662009 -0.141750693 0.118749864 -0.447432756 -0.000966066 -0.018399475 0.001249018 0.999829471
1341846388.694110 -0.144766957 0.126443326 -0.435336798 0.001193589 -0.017031986 0.000913347 0.999853790
1341846388.730239 -0.144367576 0.122414060 -0.420753926 -0.000802803 -0.017967092 0.000379589 0.999838173
1341846388.762131 -0.137574196 0.111219168 -0.407417744 -0.001353618 -0.017193614 -0.002527849 0.999848068
1341846388.794087 -0.141531080 0.120572060 -0.396394491 0.000597785 -0.014881002 -0.001903363 0.999887288
1341846388.830117 -0.144402668 0.120471627 -0.373887062 -0.001699305 -0.015969930 0.000048428 0.999871016
1341846388.868548 -0.134484440 0.105293930 -0.368622124 -0.003061943 -0.017136941 0.000167000 0.999848425
1341846388.900942 -0.138050616 0.118241809 -0.348744690 -0.001404914 -0.015279009 -0.000107730 0.999882281
1341846388.937157 -0.140640631 0.121751904 -0.327855408 -0.004300710 -0.016470669 0.000115677 0.999855101
1341846388.970712 -0.137849718 0.106824666 -0.309880733 -0.007114930 -0.017038446 0.000007613 0.999829531
1341846389.001153 -0.138008237 0.110817976 -0.299421698 -0.006492133 -0.016995184 -0.000762525 0.999834180
1341846389.036956 -0.142144307 0.118081637 -0.279188126 -0.008315622 -0.016812490 -0.002700771 0.999820411
1341846389.069208 -0.137122095 0.095849246 -0.268058419 -0.012968370 -0.018140275 -0.001364002 0.999750435
1341846389.168276 -0.139430732 0.086458653 -0.226499543 -0.013203998 -0.017062385 -0.001341873 0.999766350
1341846389.230639 -0.148670614 0.085687146 -0.191723347 -0.009713176 -0.015648210 -0.000117479 0.999830365
1341846389.266034 -0.144009858 0.083224736 -0.174687177 -0.008703728 -0.017607478 -0.001819572 0.999805450
1341846389.298760 -0.135480180 0.078561157 -0.166887492 -0.007557801 -0.015966758 -0.002669152 0.999840379
1341846389.329980 -0.143442780 0.081130348 -0.142769903 -0.005609131 -0.013263755 -0.003015197 0.999891758
1341846389.366022 -0.139871389 0.082929738 -0.127672881 -0.005035048 -0.013802099 -0.002815909 0.999888062
1341846389.397969 -0.132917881 0.076948196 -0.120478012 -0.004947328 -0.011499817 -0.002646125 0.999918163
1341846389.433982 -0.133702114 0.080052570 -0.104480758 -0.001281830 -0.007540029 -0.002027832 0.999968708
1341846389.466033 -0.137553364 0.085511118 -0.093582116 -0.001213413 -0.006482214 0.000055903 0.999978244
1341846389.498030 -0.130823180 0.077921949 -0.077656902 -0.002587997 -0.007344117 0.000109013 0.999969661
1341846389.534085 -0.126368716 0.085328005 -0.069682039 -0.001208296 -0.004432372 -0.001935092 0.999987602
1341846389.565875 -0.130012453 0.090456851 -0.061747473 -0.002923272 -0.002399750 -0.001818900 0.999991179
1341846389.597960 -0.127774954 0.084799767 -0.047601353 -0.007693433 -0.003576333 -0.002244364 0.999961495
1341846389.634116 -0.123795718 0.083692931 -0.034920715 -0.008847453 -0.004511350 -0.002389955 0.999947846
1341846389.665950 -0.120943286 0.093864508 -0.032669343 -0.010670780 -0.003372281 -0.004529207 0.999927104
1341846389.702127 -0.124291629 0.086300433 -0.009376182 -0.015547930 -0.001770374 -0.007197356 0.999851644
1341846389.734086 -0.121503279 0.080885909 0.003089600 -0.015622679 -0.004088413 -0.004663873 0.999858737
1341846389.765898 -0.116492093 0.089064889 0.012112846 -0.014785360 -0.005193827 -0.004889953 0.999865234
1341846389.802126 -0.112911709 0.083520211 0.026229221 -0.016460795 -0.005302927 -0.006360962 0.999830246
1341846389.834063 -0.108621120 0.079803221 0.037535515 -0.014965460 -0.005237794 -0.005385026 0.999859810
1341846389.866260 -0.106014408 0.078927390 0.049214441 -0.012388986 -0.005887221 -0.001373113 0.999904990
1341846389.902002 -0.101851806 0.081150405 0.055707473 -0.010832203 -0.007145575 -0.002421670 0.999912858
1341846389.934117 -0.097497307 0.080153391 0.059490368 -0.010276015 -0.005171904 -0.004078548 0.999925494
1341846389.970116 -0.096532889 0.079697698 0.070284672 -0.010163204 -0.003012405 -0.003720477 0.999936879
1341846390.002129 -0.098718368 0.078021787 0.081134088 -0.010623863 -0.004634084 -0.001460874 0.999931753
1341846390.034099 -0.092564821 0.079332635 0.092593186 -0.009060179 -0.007682258 -0.002932203 0.999925137
1341846390.070024 -0.086527124 0.079894125 0.097605184 -0.008899536 -0.007144493 -0.005875540 0.999917626
1341846390.101910 -0.084627844 0.075937703 0.107953295 -0.010631375 -0.007574765 -0.006293969 0.999894977
1341846390.137924 -0.080822475 0.073612146 0.116558768 -0.009614275 -0.009922106 -0.005042126 0.999891877
1341846390.170038 -0.071851477 0.079340704 0.115305558 -0.007518583 -0.010171244 -0.006029705 0.999901831
1341846390.202115 -0.070894636 0.080061421 0.122491442 -0.010464328 -0.008790549 -0.008001896 0.999874592
1341846390.238117 -0.067904405 0.073196970 0.134007737 -0.011711988 -0.010082669 -0.006566297 0.999859035
1341846390.270052 -0.064086057 0.075675897 0.140745878 -0.010795524 -0.013315300 -0.000009814 0.999853075
1341846390.302085 -0.053708564 0.076531492 0.146676898 -0.012286798 -0.014493735 0.002106832 0.999817252
1341846390.338496 -0.047159094 0.075225808 0.161057740 -0.012292650 -0.013288331 0.003872096 0.999828637
1341846390.370105 -0.050328150 0.079297580 0.164675996 -0.011736421 -0.014493724 0.008458020 0.999790311
1341846390.438106 -0.038023818 0.076415442 0.182760045 -0.017383130 -0.021118863 0.006497960 0.999604702
1341846390.505984 -0.034212824 0.083008640 0.205751449 -0.021245731 -0.029555839 0.009915485 0.999288142
1341846390.538495 -0.020351281 0.082505420 0.206413627 -0.022251010 -0.032323059 0.005818198 0.999212801
1341846390.606055 -0.017905243 0.087989390 0.229004040 -0.024527162 -0.034748025 0.012606535 0.999015510
1341846390.638031 -0.009637218 0.087791890 0.226018369 -0.024469519 -0.037106816 0.014011122 0.998913407
1341846390.673954 0.000971134 0.092241801 0.230474904 -0.023931431 -0.034651302 0.011429805 0.999047518
1341846390.705937 -0.004210934 0.100244217 0.238418087 -0.026322663 -0.032326203 0.010455689 0.999075949
1341846390.737965 0.002471106 0.093563244 0.251562655 -0.029320760 -0.034283675 0.010212649 0.998929739
1341846390.774135 0.018189903 0.093007326 0.250645101 -0.027681911 -0.033804718 0.009295173 0.999001801
1341846390.806067 0.017632389 0.102870584 0.263566077 -0.026678262 -0.028735459 0.010241831 0.999178469
1341846390.838026 0.014589570 0.103603527 0.269677579 -0.028475055 -0.027305355 0.012297418 0.999145806
1341846390.874116 0.027597189 0.112279914 0.276776016 -0.028381266 -0.028782418 0.013997152 0.999084651
1341846390.906067 0.028478829 0.109387912 0.274158388 -0.030960320 -0.026910389 0.017847443 0.998998880
1341846390.942137 0.032102149 0.109709129 0.285538822 -0.033213146 -0.027299911 0.022039410 0.998832226
1341846390.974052 0.039902791 0.097618647 0.289226919 -0.033936054 -0.029805040 0.027534114 0.998599946
1341846391.006164 0.040457554 0.109976716 0.284504324 -0.030919146 -0.031297553 0.029418333 0.998598516
1341846391.042303 0.041227914 0.107957177 0.287107348 -0.033843368 -0.031673454 0.026366832 0.998577118
1341846391.074134 0.043222763 0.106025688 0.291138947 -0.033758409 -0.033050556 0.023678051 0.998602688
1341846391.106097 0.042433154 0.109047942 0.286640823 -0.032861423 -0.035095241 0.024061710 0.998553693
1341846391.142154 0.048615631 0.104914047 0.287930846 -0.034162924 -0.038157906 0.026302181 0.998341203
1341846391.174124 0.050761107 0.104101211 0.286064029 -0.033916559 -0.038742363 0.026769159 0.998314619
1341846391.209961 0.045568835 0.105209544 0.283043832 -0.033427391 -0.037123870 0.026976174 0.998387039
1341846391.241977 0.045192335 0.100753494 0.288021356 -0.033462912 -0.038829040 0.030011579 0.998234332
1341846391.273984 0.050295722 0.103981540 0.283723146 -0.030954301 -0.041370843 0.029426986 0.998230577
1341846391.309946 0.049382146 0.103485726 0.282704443 -0.030149385 -0.040230919 0.028093742 0.998340249
1341846391.342018 0.040432122 0.101596326 0.281140506 -0.030416319 -0.040258139 0.026068009 0.998385966
1341846391.378060 0.044848926 0.100413911 0.281432360 -0.030138139 -0.044362940 0.024484245 0.998260558
1341846391.410037 0.049871050 0.096675709 0.275554717 -0.030795464 -0.045353513 0.021299614 0.998269022
1341846391.442052 0.045573439 0.093038760 0.274623811 -0.030192448 -0.043723226 0.022832705 0.998326302
1341846391.478040 0.040175505 0.094166435 0.270708084 -0.028589435 -0.044645235 0.027381752 0.998218238
1341846391.510072 0.042795282 0.098994076 0.266989082 -0.028156737 -0.047068361 0.029252935 0.998066127
1341846391.542159 0.044979062 0.097086169 0.266765654 -0.029174516 -0.046530697 0.029026471 0.998068750
1341846391.578010 0.044880625 0.094854303 0.270288229 -0.029151618 -0.045981843 0.030337505 0.998055875
1341846391.610169 0.042109981 0.092135780 0.271616548 -0.028547846 -0.047067083 0.032355290 0.997959375
1341846391.645942 0.043223288 0.090866238 0.268250763 -0.027280878 -0.049214721 0.033114705 0.997866273
1341846391.677959 0.043925799 0.092766084 0.267799944 -0.025803063 -0.049365938 0.031573318 0.997948110
1341846391.710022 0.041044749 0.086332150 0.266326398 -0.025131810 -0.049620934 0.033094525 0.997903287
1341846391.745846 0.038879585 0.084955774 0.270977110 -0.022741687 -0.051661290 0.032340057 0.997881770
1341846391.778020 0.039574217 0.083743379 0.268917978 -0.020997092 -0.051784486 0.030491333 0.997971833
1341846391.810026 0.035353612 0.079775646 0.265254915 -0.019557454 -0.051014084 0.030541865 0.998039186
1341846391.846013 0.036904268 0.075639002 0.265833080 -0.017846718 -0.051876899 0.032462824 0.997966170
1341846391.877984 0.036245011 0.078050114 0.265022337 -0.014543282 -0.051504564 0.033580687 0.998002052
1341846391.914033 0.036170106 0.075801678 0.266105682 -0.013099900 -0.050932437 0.034757573 0.998011112
1341846391.945996 0.034308974 0.072862938 0.262362808 -0.012137062 -0.051299483 0.034979321 0.997996747
1341846391.978037 0.034918655 0.075838499 0.260646433 -0.011423253 -0.051307801 0.032097474 0.998101592
1341846392.014187 0.036409784 0.072160356 0.265812248 -0.011300831 -0.050993294 0.031139620 0.998149455
1341846392.046054 0.035145249 0.071056202 0.260865688 -0.010119726 -0.051229384 0.032301761 0.998113096
1341846392.078061 0.034337196 0.074608847 0.258183748 -0.009250629 -0.051662236 0.032963786 0.998077571
1341846392.114010 0.035129860 0.077889353 0.258838236 -0.009055230 -0.051861223 0.031606380 0.998112917
1341846392.145989 0.037852660 0.075608097 0.257670224 -0.009257222 -0.052128702 0.030666461 0.998126447
1341846392.181959 0.029617285 0.080941312 0.256202728 -0.009976288 -0.052993242 0.030824060 0.998069167
1341846392.213917 0.038190227 0.073870346 0.256457448 -0.012066439 -0.056397077 0.028672075 0.997923672
1341846392.246105 0.042953931 0.076516025 0.254348248 -0.010244162 -0.054756433 0.023456240 0.998171628
1341846392.282032 0.040658992 0.077311464 0.260556310 -0.010289376 -0.053798597 0.023457974 0.998223186
1341846392.314025 0.042987525 0.071001358 0.260969490 -0.010091843 -0.056621704 0.026990768 0.997979760
1341846392.349981 0.048127379 0.075297482 0.259438574 -0.007126661 -0.056619424 0.027296457 0.997997165
1341846392.382103 0.048702259 0.076191045 0.254460543 -0.006529042 -0.054932285 0.027897425 0.998078942
1341846392.414056 0.049863067 0.074541569 0.255241930 -0.006373266 -0.055848960 0.030214507 0.997961581
1341846392.450136 0.053354856 0.073106349 0.256175369 -0.005032265 -0.056524847 0.033779524 0.997816861
1341846392.482091 0.053432696 0.069815643 0.255962819 -0.003127081 -0.056841295 0.035222620 0.997756779
1341846392.514096 0.055380791 0.072094217 0.249356166 -0.001711897 -0.056682590 0.033768997 0.997819543
1341846392.550030 0.051803108 0.068718381 0.249922246 -0.002213689 -0.056783203 0.034705698 0.997780681
1341846392.582053 0.056030776 0.062172588 0.247992054 -0.001562761 -0.058639351 0.038232416 0.997545600
1341846392.617983 0.055472851 0.063051395 0.247018471 0.000635649 -0.058654692 0.038510978 0.997535050
1341846392.649909 0.058917224 0.061114047 0.242557257 0.001430837 -0.058849964 0.037327550 0.997567654
1341846392.682128 0.055850714 0.058653671 0.246393755 0.001925155 -0.058622055 0.035661474 0.997641206
1341846392.718019 0.052977849 0.053993165 0.242326349 0.003169365 -0.060370997 0.037690628 0.997459114
1341846392.749829 0.054917134 0.054332271 0.243139923 0.005302620 -0.062180504 0.038102243 0.997323275
1341846392.782107 0.059563503 0.057082426 0.238721669 0.006127642 -0.062800504 0.037636921 0.997297347
1341846392.818251 0.058258720 0.053916357 0.241457671 0.006244647 -0.062120598 0.038155682 0.997319520
1341846392.852165 0.059608221 0.051594250 0.241781354 0.007924709 -0.062849335 0.039010983 0.997228801
1341846392.885913 0.062891744 0.051834293 0.240516961 0.009130404 -0.062556602 0.037043277 0.997311950
1341846392.917882 0.063578263 0.050969806 0.243467912 0.010610561 -0.061137609 0.037107136 0.997382939
1341846392.950023 0.065318480 0.048777826 0.246726930 0.012259683 -0.061100427 0.038119063 0.997328103
