1341846361.788774 0.000000000 0.000000000 0.000000000 0.000000000 0.000000000 0.000000000 1.000000000
1341846361.824112 -0.013163982 0.000787533 0.008852229 -0.002269799 0.003758917 -0.004842334 0.999978602
1341846361.856016 -0.029871030 0.031318862 0.012255976 -0.003932933 0.005703975 -0.008321217 0.999941349
1341846361.887871 -0.038299393 0.002146179 0.022649471 -0.016248742 0.008477394 -0.014305663 0.999729693
1341846361.923930 -0.058033898 -0.013987444 0.030127522 -0.017868714 0.013076523 -0.011314534 0.999690771
1341846361.955927 -0.064988032 -0.010280199 0.042863686 -0.010589413 0.010579800 -0.003453074 0.999881983
1341846361.991999 -0.078451961 -0.016970078 0.033856668 -0.008486266 0.006444696 0.002698423 0.999939561
1341846362.023994 -0.079439253 -0.014543741 0.039529700 -0.004114967 0.003386909 0.004188066 0.999977052
1341846362.056118 -0.086526982 -0.005655448 0.031477172 -0.001584647 0.004019156 0.006140022 0.999971807
1341846362.091992 -0.094927013 -0.008644944 0.033396930 -0.003422019 0.003467626 0.008411585 0.999952734
1341846362.123929 -0.098605365 -0.023341306 0.042201161 -0.005029223 0.001906189 0.009301065 0.999942243
1341846362.156058 -0.106635027 -0.025236798 0.040018763 -0.001442540 0.002082550 0.011289601 0.999933064
1341846362.191987 -0.123098999 -0.024249287 0.046780132 0.001441119 0.002677095 0.013867582 0.999899209
1341846362.224138 -0.128894866 -0.031318806 0.049846288 0.004966027 0.000703192 0.017037142 0.999842286
1341846362.260011 -0.134990200 -0.027545856 0.040596139 0.010408574 0.002630100 0.016209507 0.999810994
1341846362.291979 -0.145662546 -0.025833614 0.051867388 0.013319862 0.007176429 0.015815288 0.999760449
1341846362.323947 -0.156938076 -0.026044860 0.052466005 0.015706541 0.010517194 0.014487516 0.999716341
1341846362.359889 -0.160441473 -0.027142843 0.051269669 0.017416894 0.013360440 0.013499307 0.999667943
1341846362.392021 -0.174023375 -0.026994186 0.051235732 0.018559543 0.018845560 0.013159109 0.999563515
1341846362.423868 -0.191990644 -0.031081805 0.061294205 0.019409511 0.022362005 0.013700007 0.999467611
1341846362.459968 -0.203547210 -0.034244310 0.064346761 0.022259265 0.023619391 0.014079473 0.999374032
1341846362.491924 -0.215981767 -0.034917276 0.059109922 0.024310965 0.023397561 0.016976221 0.999286413
1341846362.523976 -0.223237872 -0.035361353 0.059112415 0.025909787 0.023201186 0.019124132 0.999212027
1341846362.559933 -0.231771514 -0.036656521 0.060367733 0.027879469 0.024337661 0.020616269 0.999102294
1341846362.592338 -0.245250627 -0.035374932 0.060616661 0.029286712 0.025140220 0.020920446 0.999035835
1341846362.628177 -0.256445378 -0.032998051 0.062890068 0.029180979 0.024669522 0.020718461 0.999054849
1341846362.660128 -0.261077821 -0.028620068 0.067481905 0.029278997 0.024457639 0.018398529 0.999102652
1341846362.691901 -0.273543119 -0.029861117 0.068667769 0.027613647 0.022961879 0.017961280 0.999193490
1341846362.727993 -0.289853036 -0.033403587 0.067908078 0.025727574 0.020562969 0.015978267 0.999329746
1341846362.759942 -0.294485748 -0.035759300 0.066805542 0.025220660 0.017879538 0.014444370 0.999417603
1341846362.792002 -0.306848943 -0.032767296 0.065175213 0.024929356 0.017154451 0.011716237 0.999473333
1341846362.827965 -0.313802332 -0.036805626 0.065998077 0.023242205 0.014753547 0.009324135 0.999577522
1341846362.859959 -0.320437193 -0.034924500 0.075066186 0.023421349 0.013398070 0.006284029 0.999616146
1341846362.891861 -0.331793904 -0.034052178 0.072841190 0.023979478 0.013541606 0.005788512 0.999603987
1341846362.928098 -0.341261894 -0.037306949 0.075106934 0.023911178 0.011937152 0.005561801 0.999627352
1341846362.959894 -0.348846942 -0.047063574 0.075106867 0.025787717 0.011099401 0.008253910 0.999571741
1341846362.995909 -0.358587652 -0.043623477 0.078239545 0.029835027 0.009804556 0.011023874 0.999445915
1341846363.028072 -0.364825279 -0.048226167 0.069641955 0.031619709 0.007302942 0.013743713 0.999378800
1341846363.059896 -0.364588886 -0.051950227 0.076563612 0.036081992 0.007412164 0.012378460 0.999244630
1341846363.096102 -0.376400024 -0.043608632 0.073498741 0.040046308 0.010535710 0.008937463 0.999102235
1341846363.127992 -0.384291112 -0.044148594 0.075270817 0.039258245 0.011982894 0.006093519 0.999138653
1341846363.159870 -0.384623230 -0.050387952 0.081119679 0.040074416 0.014576610 0.002792105 0.999086440
1341846363.195966 -0.398819715 -0.049262781 0.082753114 0.042563729 0.019292576 0.005061033 0.998894632
1341846363.227902 -0.415328205 -0.053489223 0.086607389 0.044107210 0.018172968 0.009205395 0.998819113
1341846363.259977 -0.417197824 -0.056668241 0.080754556 0.046363570 0.015789906 0.013669610 0.998706281
1341846363.296031 -0.411951035 -0.054279733 0.096350878 0.050641809 0.017146422 0.016786717 0.998428583
1341846363.328065 -0.426204205 -0.050366558 0.092578277 0.051618561 0.018030753 0.019736556 0.998309016
1341846363.364023 -0.446351707 -0.053735364 0.075653657 0.049762886 0.014673742 0.021875434 0.998413622
1341846363.395985 -0.450676113 -0.058132157 0.075868651 0.048700362 0.009616023 0.022776101 0.998507380
1341846363.427955 -0.457226574 -0.050113067 0.084796526 0.049070161 0.007268833 0.018555956 0.998596489
1341846363.463979 -0.467323929 -0.046419084 0.089152016 0.047834262 0.004957836 0.018073741 0.998679459
1341846363.495986 -0.482290119 -0.052397367 0.083999030 0.044834524 0.001055349 0.021143716 0.998770058
1341846363.527941 -0.482535928 -0.047643214 0.086020738 0.043008134 -0.002596579 0.023133162 0.998803496
1341846363.564057 -0.493795663 -0.047539257 0.079635523 0.039083701 -0.004080538 0.026766710 0.998869061
1341846363.596025 -0.498031706 -0.059640169 0.094827406 0.034137361 -0.008546166 0.030710315 0.998908639
1341846363.632058 -0.501782417 -0.067343079 0.103392184 0.034813177 -0.015635394 0.034725212 0.998667955
1341846363.663931 -0.505428374 -0.053590879 0.095925704 0.037550237 -0.017666589 0.031907909 0.998628914
1341846363.695998 -0.515278697 -0.050509218 0.096202850 0.036161564 -0.019244384 0.026305946 0.998814285
1341846363.732007 -0.517954528 -0.052684117 0.097944804 0.033566885 -0.024587542 0.020145811 0.998930812
1341846363.794060 -0.514233828 -0.054550949 0.092668846 0.036858745 -0.038179751 0.023809791 0.998306990
1341846363.826406 -0.504361689 -0.048126817 0.084659912 0.038477331 -0.040741086 0.020741519 0.998213112
1341846363.861897 -0.497500032 -0.044591475 0.088752002 0.039605923 -0.040857755 0.019618703 0.998186886
1341846363.893984 -0.496304840 -0.037427615 0.087980032 0.040329274 -0.040248487 0.018909400 0.998196423
1341846363.926076 -0.483500391 -0.038269237 0.081463933 0.038126960 -0.040756956 0.018884920 0.998262763
1341846363.962090 -0.469641507 -0.043035470 0.085641421 0.036042761 -0.040212043 0.021437410 0.998310745
1341846363.994287 -0.463875264 -0.044286661 0.087100670 0.035226222 -0.039378840 0.024212062 0.998309672
1341846364.025993 -0.453348100 -0.047148541 0.086288676 0.034112953 -0.039089922 0.024438962 0.998354137
1341846364.061809 -0.442865133 -0.046049260 0.084689565 0.032714840 -0.036833070 0.023907024 0.998499632
1341846364.094209 -0.430192232 -0.056033827 0.084528841 0.032391343 -0.034835026 0.024501454 0.998567462
1341846364.130022 -0.425401777 -0.056997273 0.093132988 0.033964086 -0.034398500 0.024302989 0.998535216
1341846364.162231 -0.401312947 -0.071710378 0.092511043 0.035372049 -0.037815567 0.024596496 0.998355567
1341846364.194049 -0.387929201 -0.069681838 0.085390046 0.040574238 -0.039328292 0.021433070 0.998172164
1341846364.230023 -0.383973837 -0.062966086 0.090411775 0.044409715 -0.039969772 0.018802585 0.998036385
1341846364.262044 -0.360752851 -0.070020221 0.099780723 0.048127096 -0.040993139 0.015926659 0.997872591
1341846364.294059 -0.345163226 -0.058459718 0.084343225 0.052421302 -0.037295733 0.012827807 0.997845948
1341846364.330003 -0.337060899 -0.056112941 0.084227279 0.051943433 -0.033871215 0.010877535 0.998016179
1341846364.362052 -0.316346914 -0.059509967 0.091543622 0.051763568 -0.031205034 0.009092789 0.998130322
1341846364.397902 -0.300355136 -0.063543990 0.081882998 0.052227821 -0.025250701 0.007156097 0.998290241
1341846364.430108 -0.293894708 -0.062346771 0.081861958 0.052421160 -0.020196222 0.006700129 0.998398304
1341846364.462063 -0.279321253 -0.063121736 0.076196983 0.051750183 -0.017061470 0.004696378 0.998503268
1341846364.498091 -0.270365834 -0.062466070 0.073936820 0.051712651 -0.012031094 0.002133861 0.998587251
1341846364.530058 -0.262353092 -0.063418068 0.079450428 0.051517110 -0.008672296 0.000336783 0.998634398
1341846364.561952 -0.247521520 -0.064549185 0.072026394 0.051279798 -0.005872562 -0.003199231 0.998661935
1341846364.597928 -0.240324065 -0.061701961 0.070627727 0.050055794 -0.001903728 -0.006612662 0.998722732
1341846364.629950 -0.231459141 -0.071628198 0.070925102 0.048650503 0.000246733 -0.006065289 0.998797417
1341846364.665991 -0.228391409 -0.068726078 0.062372092 0.050266203 0.000283699 -0.005086937 0.998722851
1341846364.698004 -0.215611100 -0.065326251 0.065200828 0.050529353 -0.002502669 -0.003214004 0.998714268
1341846364.730097 -0.196531445 -0.071125187 0.062197749 0.050402321 -0.003403522 -0.002470688 0.998720109
1341846364.766057 -0.197756171 -0.066924609 0.077997327 0.052747693 -0.002028960 -0.002564616 0.998602509
1341846364.798632 -0.184752554 -0.063680127 0.074425653 0.052250180 -0.002832096 -0.002942838 0.998625696
1341846364.833901 -0.162186086 -0.067189887 0.063700251 0.050886691 -0.001738849 -0.004568143 0.998692453
1341846364.865923 -0.154912263 -0.070098579 0.060106516 0.051809601 0.001963955 -0.007175172 0.998629272
1341846364.897970 -0.150557503 -0.070368581 0.056378983 0.051056769 0.000823824 -0.004020644 0.998687327
1341846364.934019 -0.133056641 -0.072165072 0.050098788 0.051203895 -0.002169872 -0.002485278 0.998682797
1341846364.966047 -0.117618367 -0.060213078 0.057739936 0.053011246 -0.000233567 -0.004429730 0.998584092
1341846364.998055 -0.107254528 -0.057367656 0.055185154 0.049684267 0.001193283 -0.003987438 0.998756289
1341846365.034125 -0.100455083 -0.056639642 0.039123598 0.043528318 -0.000418578 -0.002680012 0.999048531
1341846365.066106 -0.079247579 -0.060946241 0.028282570 0.038510311 -0.003185140 -0.004079379 0.999244809
1341846365.101953 -0.052436929 -0.063633345 0.006391405 0.036704388 -0.001179882 -0.010769914 0.999267399
1341846365.133922 -0.050238755 -0.058035992 0.027919577 0.034130972 0.004941298 -0.017836185 0.999245942
1341846365.165953 -0.040680896 -0.061481297 0.027127372 0.031462029 0.007873856 -0.020668693 0.999260187
1341846365.201856 -0.025303038 -0.068882078 0.028914137 0.030949913 0.010059536 -0.023496335 0.999194086
1341846365.234093 0.004620382 -0.073334076 0.037419856 0.032149304 0.013596170 -0.021716667 0.999154627
1341846365.266094 0.009987870 -0.080359384 0.042794257 0.034936909 0.019602874 -0.016108761 0.999067426
1341846365.302078 0.015867414 -0.079558946 0.035671651 0.041113701 0.024032529 -0.012032717 0.998792946
1341846365.334027 0.033577729 -0.077783413 0.027828947 0.045999046 0.027482590 -0.010309388 0.998510122
1341846365.369945 0.059437353 -0.081358299 0.019453950 0.048403975 0.032485142 -0.009328497 0.998255789
1341846365.401963 0.062867634 -0.077175170 0.017967537 0.050100364 0.038382333 -0.007452713 0.997978568
1341846365.434082 0.071589142 -0.064861767 0.033589520 0.050482795 0.041426796 -0.007270365 0.997838914
1341846365.469939 0.095105007 -0.045880347 0.022874150 0.047519632 0.046715379 -0.009167937 0.997735202
1341846365.502100 0.092532516 -0.060372371 0.048658032 0.039102599 0.052571729 -0.008874482 0.997811794
1341846365.533844 0.084710032 -0.073348276 0.055323623 0.036335237 0.053569570 -0.004901788 0.997890770
1341846365.569876 0.105500057 -0.073000617 0.033391014 0.037564419 0.051074017 -0.001627697 0.997986794
1341846365.601930 0.118775330 -0.065962620 0.027733361 0.037061669 0.049814623 0.002145197 0.998068273
1341846365.637899 0.135768950 -0.072675750 0.027309069 0.034869298 0.049321197 0.005752879 0.998157501
1341846365.669890 0.140863255 -0.065765366 0.020584729 0.035016291 0.050325677 0.006930900 0.998094738
1341846365.701977 0.149784341 -0.059219517 0.033700526 0.033013701 0.049515106 0.007619533 0.998198509
1341846365.738098 0.164447397 -0.072183430 0.025025656 0.031010570 0.051549122 0.007113360 0.998163521
1341846365.770026 0.166863948 -0.075413607 0.033008248 0.033216897 0.054147433 0.006833315 0.997956932
1341846365.805834 0.169585571 -0.071240507 0.029112659 0.036170803 0.052902158 0.010595129 0.997888148
1341846365.837937 0.183070078 -0.071260393 0.032295205 0.037891116 0.049701143 0.011644944 0.997977197
1341846365.869952 0.196534947 -0.064905405 0.021264026 0.040211543 0.049940221 0.010999812 0.997881770
1341846365.906411 0.205596074 -0.054189350 0.011902399 0.040033750 0.048884738 0.009763711 0.997954011
1341846365.938000 0.213574141 -0.064340420 0.023617147 0.036662582 0.048121341 0.012424780 0.998091102
1341846365.970022 0.220753446 -0.066795945 0.030634204 0.038290545 0.047584843 0.017395006 0.997981429
1341846366.006126 0.236630440 -0.062771656 0.024242474 0.040154502 0.046317618 0.023193303 0.997849882
1341846366.043876 0.241907403 -0.059995439 0.022806512 0.040216692 0.047538247 0.026377060 0.997710884
1341846366.076490 0.253341615 -0.051860586 0.014261902 0.039711189 0.048820287 0.029168379 0.997591496
1341846366.111888 0.269491971 -0.043353979 0.002465005 0.036658749 0.052026730 0.030388121 0.997509837
1341846366.143907 0.280615032 -0.046836145 0.006094175 0.031623431 0.056645069 0.032062925 0.997378170
1341846366.176044 0.285921246 -0.048756871 0.013533705 0.027318293 0.058978278 0.037219856 0.997191012
1341846366.212022 0.294395179 -0.049675561 0.012671653 0.025389729 0.058911927 0.042155851 0.997049451
1341846366.243981 0.308698446 -0.045862608 0.006896751 0.024438510 0.059809774 0.044325288 0.996925712
1341846366.280032 0.302981913 -0.036572989 0.001300513 0.022127848 0.062877536 0.044294845 0.996792197
1341846366.344115 0.320879638 -0.040227327 0.003596060 0.013302883 0.061969530 0.043793105 0.997028053
1341846366.406057 0.333976895 -0.042783476 0.009840064 0.011897821 0.063015655 0.047131490 0.996828020
1341846366.442042 0.344053507 -0.037155300 0.006278256 0.013008744 0.062446788 0.047853004 0.996815562
1341846366.506117 0.351056695 -0.035815760 0.008904435 0.013696856 0.065194793 0.049678255 0.996541083
1341846366.542004 0.362158388 -0.030137565 -0.000314407 0.014089988 0.063988462 0.049891427 0.996603131
1341846366.573848 0.373400122 -0.022585781 -0.001689776 0.013444054 0.065319784 0.049258687 0.996557176
1341846366.610058 0.369311392 -0.024607785 -0.003675551 0.011062982 0.067481518 0.049947549 0.996408105
1341846366.642206 0.384717703 -0.023848059 -0.001138230 0.009342191 0.066703983 0.051220685 0.996413469
1341846366.674164 0.384315223 -0.022096695 -0.001168140 0.008332147 0.069532454 0.051215008 0.996229291
1341846366.710207 0.388426185 -0.009811790 -0.002109720 0.006838449 0.069314860 0.053152986 0.996154368
1341846366.741976 0.395828426 -0.013043496 -0.009714221 0.003352996 0.069833040 0.051826354 0.996205866
1341846366.773916 0.409597844 -0.016264789 -0.007060076 0.002325302 0.072626851 0.049918387 0.996106505
1341846366.810122 0.399994791 -0.014064098 -0.004913572 0.002223625 0.075424403 0.054422569 0.995662808
1341846366.841893 0.405910969 -0.014352985 -0.007641229 0.002770847 0.074122436 0.055695228 0.995688796
1341846366.878062 0.415422469 -0.013398990 -0.009623289 0.004167494 0.074023038 0.054886434 0.995736241
1341846366.909933 0.418616951 -0.006530617 -0.010640968 0.005722276 0.075928576 0.057231728 0.995453000
1341846366.941941 0.414708316 -0.004328577 -0.014540596 0.004608198 0.077349111 0.057870161 0.995312512
1341846366.977906 0.429430902 -0.008551206 -0.018812632 0.002936180 0.078048818 0.056130905 0.995363772
1341846367.009852 0.453924358 -0.000963535 -0.018840684 0.002922555 0.079392843 0.058255538 0.995135427
1341846367.045944 0.464749336 0.000767880 -0.020604620 0.003567648 0.082095854 0.059665818 0.994830430
1341846367.077914 0.470298320 -0.001559633 -0.023333961 0.004580564 0.088479720 0.058998257 0.994318604
1341846367.110077 0.468637884 0.004876259 -0.024184788 0.006138445 0.095396668 0.057717901 0.993745685
1341846367.145997 0.470880926 0.002829529 -0.018532295 0.005826222 0.098885119 0.060891327 0.993216991
1341846367.177894 0.478531212 -0.000756927 -0.024478333 0.007397525 0.101040058 0.061988812 0.992921710
1341846367.209903 0.499225467 0.002538155 -0.043000057 0.010597363 0.103424177 0.064817853 0.992466509
1341846367.245970 0.499680817 0.012450392 -0.047408797 0.009657459 0.108277582 0.068885386 0.991684198
1341846367.277966 0.501363695 0.003838222 -0.035568967 0.007480734 0.110844083 0.072088182 0.991191685
1341846367.314058 0.511767387 0.009396565 -0.041099627 0.009963846 0.112479396 0.072890930 0.990926862
1341846367.346333 0.519045413 0.018642079 -0.045549486 0.010690389 0.116624855 0.073306397 0.990409255
1341846367.378615 0.510726869 0.017451532 -0.043898188 0.008112113 0.120163925 0.076739512 0.989750445
1341846367.413946 0.514469206 0.014245751 -0.051487990 0.006252136 0.120506503 0.077727012 0.989645183
1341846367.446060 0.527090847 0.022957275 -0.048830584 0.006189922 0.122165941 0.078627624 0.989370942
1341846367.478095 0.530003488 0.019424211 -0.044022698 0.003445933 0.125084132 0.082614832 0.988694549
1341846367.514115 0.537813544 0.016404197 -0.039294448 0.003766079 0.124037355 0.087203301 0.988431096
1341846367.546096 0.540839732 0.018106671 -0.043922842 0.007627134 0.123796225 0.088629559 0.988312244
1341846367.581982 0.543636799 0.033209644 -0.050050236 0.010490465 0.124545544 0.090244859 0.988045633
1341846367.613951 0.542379737 0.032628689 -0.051595222 0.008162593 0.124035567 0.093265988 0.987851202
1341846367.645894 0.557459533 0.030653901 -0.057398949 0.006812717 0.122062460 0.092095561 0.988216937
1341846367.682223 0.560307562 0.028443210 -0.055603322 0.006683141 0.125396878 0.091271721 0.987876713
1341846367.714019 0.565985143 0.030284051 -0.057551689 0.008101534 0.126521528 0.093999311 0.987466872
1341846367.745904 0.566279829 0.033369437 -0.056716364 0.009398570 0.128041416 0.094334304 0.987227499
1341846367.781973 0.578526497 0.032679938 -0.067275174 0.010144101 0.128460824 0.094991490 0.987102568
1341846367.813986 0.582211435 0.034736853 -0.073253609 0.009836298 0.130124897 0.096046664 0.986785591
1341846367.850189 0.581784010 0.030951345 -0.076071970 0.009020242 0.133044109 0.094290763 0.986573458
1341846367.881960 0.579247296 0.037119348 -0.074042216 0.008602717 0.134436101 0.094639987 0.986355007
1341846367.914064 0.579264164 0.042898424 -0.070702769 0.005770854 0.134063825 0.096392490 0.986256599
1341846367.950095 0.584873557 0.030969804 -0.068530872 0.003076191 0.135004133 0.095828347 0.986195385
1341846367.981916 0.584457457 0.034003112 -0.068253823 0.004961045 0.137784317 0.094112583 0.985968411
1341846368.017965 0.578047693 0.033283208 -0.067054167 0.003819402 0.139262259 0.096935764 0.985492229
1341846368.050897 0.576866508 0.033695921 -0.060338926 0.003670214 0.137543425 0.097003125 0.985727489
1341846368.082322 0.580061913 0.034126066 -0.064776503 0.003850997 0.137100935 0.094897129 0.985993445
1341846368.118029 0.578601837 0.036551621 -0.063028485 0.003773343 0.137023956 0.095510975 0.985945165
1341846368.150026 0.572821259 0.033812743 -0.055043843 0.002205474 0.135763288 0.097632542 0.985916495
1341846368.181952 0.565617919 0.026485499 -0.052932076 0.003618199 0.135671034 0.095120706 0.986170530
1341846368.217882 0.563384354 0.034851365 -0.056384958 0.005414708 0.135591820 0.094983272 0.986186445
1341846368.250223 0.559361100 0.036732916 -0.055456184 0.003395364 0.135437712 0.096556850 0.986063838
1341846368.286003 0.552745044 0.031477299 -0.046459645 0.001690541 0.135943413 0.094868667 0.986162484
1341846368.317994 0.543046236 0.035197243 -0.042744357 0.001674636 0.135439485 0.093256950 0.986385584
1341846368.350010 0.540696740 0.041595668 -0.038600400 -0.001511958 0.131891966 0.094316065 0.986765802
1341846368.385949 0.533105016 0.034265768 -0.032085259 -0.005507050 0.129111692 0.092911907 0.987252355
1341846368.417845 0.530744374 0.026866734 -0.035863746 -0.007235249 0.126311913 0.089886121 0.987883329
1341846368.450062 0.522241414 0.034568965 -0.026582552 -0.007580228 0.124529131 0.088822752 0.988203168
1341846368.485968 0.512281358 0.029288325 -0.020555587 -0.009190694 0.121266395 0.087639935 0.988700807
1341846368.517939 0.512554049 0.020925475 -0.021362601 -0.009351251 0.117597438 0.086304136 0.989259839
1341846368.554171 0.508115590 0.024628231 -0.018258808 -0.007452539 0.115442425 0.086607680 0.989503205
1341846368.618123 0.492741883 0.024291862 -0.019029032 -0.008778642 0.109843321 0.080586545 0.990637779
1341846368.654302 0.489691347 0.017043604 -0.012196727 -0.009900248 0.108854540 0.077474624 0.990984559
1341846368.685914 0.477719069 0.012548277 -0.001181887 -0.008811881 0.107091114 0.076077901 0.991295099
1341846368.717980 0.478242129 0.011539790 -0.007990412 -0.007538368 0.103311621 0.074117877 0.991855025
1341846368.786190 0.465648681 0.004803183 -0.007446698 -0.004195407 0.101747222 0.073665842 0.992070198
1341846368.821968 0.457191855 0.008468208 -0.012059710 -0.002166583 0.099082053 0.071772113 0.992485166
1341846368.853991 0.454727262 0.011674097 -0.013384799 -0.002562775 0.099332690 0.066967301 0.992794931
1341846368.885978 0.444011480 0.000118241 -0.006143831 -0.004138349 0.100345366 0.064313740 0.992863238
1341846368.923221 0.433017641 -0.010847309 -0.008808810 -0.003325418 0.099318705 0.063608550 0.993014932
1341846368.953942 0.426671654 -0.009985100 -0.009923738 -0.000442649 0.097265124 0.061547697 0.993353486
1341846368.986016 0.419792861 -0.004633228 -0.007384836 0.001287511 0.095645279 0.060260620 0.993588924
1341846369.021938 0.411155075 -0.006139995 -0.009677459 0.001327510 0.094796315 0.059452619 0.993718922
1341846369.053927 0.407961935 -0.003480174 -0.008043299 0.002599211 0.095030881 0.054686014 0.993967712
1341846369.090047 0.403563708 -0.005052580 -0.002800063 0.003148856 0.095949128 0.050775915 0.994085312
1341846369.121845 0.389047503 -0.021630475 -0.004323822 0.003268362 0.096446477 0.051723618 0.993987918
1341846369.154351 0.384449750 -0.024750032 -0.001946245 0.007366535 0.094489194 0.052344557 0.994121492
1341846369.189885 0.377993524 -0.016030343 -0.014495505 0.011383930 0.094105244 0.050350241 0.994223058
1341846369.222188 0.371050894 -0.013353548 -0.014755448 0.010602079 0.095881641 0.048324510 0.994162500
1341846369.257947 0.359841406 -0.026299143 -0.010390938 0.009320521 0.097640276 0.047013264 0.994067013
1341846369.289994 0.353776991 -0.029413041 -0.009064541 0.011707230 0.097230114 0.047282171 0.994069219
1341846369.322196 0.349202037 -0.027566003 -0.011239425 0.014610016 0.097294122 0.048067503 0.993986845
1341846369.357830 0.342232794 -0.023604305 -0.010483887 0.015431120 0.098746039 0.046483230 0.993906677
1341846369.390267 0.328567237 -0.026083857 -0.006163525 0.015263010 0.100457475 0.045074958 0.993802547
1341846369.422057 0.322807223 -0.029038319 -0.010311454 0.015316047 0.100365795 0.044845082 0.993821442
1341846369.457950 0.311428338 -0.031237738 -0.005054621 0.015734021 0.100989193 0.044500440 0.993767202
1341846369.490144 0.295047075 -0.034952678 -0.000885468 0.017564660 0.099552840 0.045184854 0.993850589
1341846369.526405 0.288006306 -0.028234225 -0.001582941 0.019516842 0.096734866 0.045834038 0.994062722
1341846369.557969 0.277408421 -0.033850104 -0.000678118 0.019260183 0.094404601 0.046165898 0.994276404
1341846369.590093 0.266772896 -0.035334237 0.006851515 0.021163667 0.090920657 0.047023438 0.994522154
1341846369.625895 0.255196899 -0.031776145 0.005149775 0.022695316 0.088662066 0.047423590 0.994673252
1341846369.657961 0.249975994 -0.031316493 0.005362667 0.022219449 0.086654045 0.047395535 0.994862318
1341846369.690135 0.236588985 -0.037068214 0.004680237 0.022077117 0.085423246 0.048618365 0.994912922
1341846369.726074 0.223646373 -0.035653599 0.004973153 0.024399240 0.081981637 0.051215269 0.995017946
1341846369.757962 0.213550076 -0.030008046 0.007645708 0.026319206 0.078824908 0.051937535 0.995186627
1341846369.793964 0.202632502 -0.028572211 0.006361751 0.026312111 0.077019371 0.052548487 0.995296121
1341846369.826161 0.188681602 -0.030752050 0.004466580 0.025359444 0.074644275 0.053132381 0.995470762
1341846369.858015 0.178267032 -0.033168063 0.006510166 0.025323316 0.071102306 0.052726563 0.995752513
1341846369.893954 0.172398955 -0.030271448 0.012273247 0.025789812 0.068458535 0.053646635 0.995876670
1341846369.926051 0.158686027 -0.032369383 0.008706736 0.024754351 0.066372290 0.053276561 0.996064007
1341846369.958062 0.141496196 -0.034204330 0.006512959 0.024581401 0.062473919 0.051420588 0.996417940
1341846369.994037 0.137366131 -0.032768242 0.016798068 0.024661990 0.058107048 0.049783848 0.996763229
1341846370.026058 0.125719324 -0.037182298 0.010031032 0.024962319 0.056642484 0.049703695 0.996844053
1341846370.062000 0.107862033 -0.033062052 0.010135452 0.025430812 0.052545659 0.051710110 0.996954501
1341846370.094135 0.108807668 -0.028849134 0.020255992 0.024150675 0.047546245 0.052658468 0.997187614
1341846370.126153 0.107803993 -0.032948349 0.024202572 0.023788230 0.046728607 0.051632781 0.997288644
1341846370.162082 0.093940154 -0.029366102 0.023064766 0.025034001 0.047472179 0.053389259 0.997130513
1341846370.194044 0.086352997 -0.034075160 0.026734827 0.024272347 0.045811944 0.056208163 0.997072101
1341846370.230152 0.084820457 -0.035625566 0.025789402 0.026015317 0.044827197 0.057033394 0.997026026
1341846370.262175 0.077709392 -0.032617353 0.025499538 0.027480196 0.046011001 0.055193223 0.997036338
1341846370.294216 0.066462919 -0.033458725 0.032501318 0.027886536 0.047606248 0.052410938 0.997100353
1341846370.329892 0.053010888 -0.033203349 0.024584418 0.027860250 0.046173669 0.047475420 0.997415602
1341846370.361939 0.045423459 -0.036465079 0.032231960 0.028572500 0.044472370 0.043624539 0.997648597
1341846370.394073 0.031037705 -0.033759482 0.027913241 0.029984189 0.042196814 0.043158460 0.997726262
1341846370.429985 0.023337690 -0.026776809 0.028732724 0.030336225 0.035438519 0.042248901 0.998017430
1341846370.462095 0.018214976 -0.021486850 0.030023059 0.028199941 0.030323070 0.041662470 0.998273253
1341846370.498034 0.012272073 -0.019736277 0.029148379 0.024974164 0.025859280 0.041584458 0.998488009
1341846370.530176 0.005470519 -0.020249790 0.030143222 0.021603379 0.023478663 0.041593902 0.998625040
1341846370.561949 -0.000687904 -0.017256886 0.014344911 0.018517155 0.020079440 0.042405561 0.998727024
1341846370.597989 -0.000199216 -0.013034712 0.020828735 0.013292843 0.016083298 0.044719562 0.998781621
1341846370.629913 -0.003984013 -0.020085763 0.027451143 0.008898348 0.016587332 0.043718703 0.998866558
1341846370.662062 -0.015204265 -0.021799846 0.026225105 0.007335541 0.015969254 0.043753766 0.998887777
1341846370.697981 -0.015586899 -0.016270956 0.031307053 0.005327920 0.014562404 0.043273795 0.998942912
1341846370.730015 -0.015130004 -0.028640598 0.030867431 0.001646375 0.014366183 0.041202284 0.999046147
1341846370.766182 -0.014235681 -0.036584284 0.016528292 0.002179670 0.017666537 0.038063541 0.999116778
1341846370.797966 -0.023113156 -0.030031284 0.011409473 0.000931831 0.020683242 0.035647787 0.999149919
1341846370.830023 -0.023748172 -0.050892364 0.015537232 -0.003631779 0.021222839 0.033985708 0.999190331
1341846370.866186 -0.018344466 -0.061688505 0.011685021 -0.001509801 0.021261333 0.034310501 0.999183893
1341846370.897994 -0.022255808 -0.056042224 0.008423046 -0.001115955 0.023594705 0.036261212 0.999063134
1341846370.929983 -0.029568648 -0.073171377 0.019555693 -0.003870399 0.024613049 0.037783340 0.998975337
1341846370.971974 -0.022367300 -0.087394468 0.012002360 -0.000754384 0.024904268 0.037426047 0.998988748
1341846371.034127 -0.025458662 -0.100439779 0.012558354 0.004901410 0.031384204 0.040293854 0.998682857
1341846371.066883 -0.024049817 -0.100046933 0.002884370 0.006737501 0.034346893 0.038446158 0.998647451
1341846371.098209 -0.026543047 -0.105107285 0.006774612 0.004116936 0.037955269 0.035442598 0.998642206
1341846371.134068 -0.024870174 -0.112448551 0.003721638 0.002413029 0.041087523 0.033863403 0.998578608
1341846371.165993 -0.030289564 -0.115651846 0.004769983 -0.000021648 0.044287860 0.033877511 0.998444259
1341846371.197951 -0.030663386 -0.129325137 -0.002796757 -0.003266193 0.045560159 0.034953579 0.998344541
1341846371.233950 -0.023659049 -0.137981102 -0.006852375 -0.004254518 0.045838092 0.035775587 0.998299003
1341846371.266433 -0.025749093 -0.128144786 -0.010546525 -0.006514302 0.048834674 0.036433522 0.998120904
1341846371.302051 -0.023244746 -0.133425385 -0.011790021 -0.013558519 0.051590461 0.037554648 0.997869849
1341846371.334010 -0.018130817 -0.141083956 -0.014803666 -0.019600483 0.054734565 0.034885760 0.997698843
1341846371.366198 -0.017406899 -0.149347156 -0.012543598 -0.024475461 0.060507670 0.032528162 0.997337282
1341846371.402482 -0.027531825 -0.163883805 -0.006360839 -0.027599351 0.064169519 0.033599559 0.996991277
1341846371.434055 -0.023681829 -0.176758245 -0.010370647 -0.026989171 0.062583394 0.035780612 0.997032940
1341846371.469998 -0.017978886 -0.183959350 -0.012667880 -0.024812290 0.062406138 0.034495268 0.997145891
1341846371.501933 -0.021442691 -0.191741973 -0.018972006 -0.022924472 0.065116562 0.031770073 0.997108281
1341846371.534269 -0.026741952 -0.194071978 -0.020186448 -0.022310957 0.065914840 0.031339161 0.997083426
1341846371.570100 -0.029034231 -0.205176726 -0.016105335 -0.022923602 0.063795500 0.028724145 0.997286081
1341846371.602162 -0.021582095 -0.216746226 -0.022258190 -0.021311006 0.062318239 0.026121231 0.997486830
1341846371.634012 -0.027146569 -0.221276090 -0.023364536 -0.019834118 0.063935168 0.024398657 0.997458577
1341846371.669927 -0.037123460 -0.231185704 -0.025093153 -0.019791080 0.061862569 0.023557361 0.997610331
1341846371.702051 -0.025908183 -0.236992285 -0.034125112 -0.020134695 0.058962379 0.021696271 0.997821271
1341846371.737891 -0.027864758 -0.247835115 -0.033388220 -0.021389753 0.062064063 0.017099854 0.997696400
1341846371.769979 -0.034581881 -0.250617594 -0.032379985 -0.019904386 0.061734691 0.016443960 0.997758567
1341846371.802101 -0.032329004 -0.249099597 -0.027118277 -0.019266661 0.058625970 0.019103670 0.997911215
1341846371.837951 -0.031727906 -0.256213188 -0.028287577 -0.019688159 0.056681518 0.020412127 0.997989416
1341846371.870043 -0.022123070 -0.251956999 -0.038786482 -0.019984037 0.055882778 0.023328291 0.997964680
1341846371.902330 -0.019497002 -0.252569526 -0.039758842 -0.024534861 0.057443760 0.023084085 0.997780204
1341846371.938165 -0.020756291 -0.258488476 -0.035530426 -0.030092888 0.059016176 0.020032266 0.997602224
1341846371.969938 -0.012910106 -0.269213080 -0.048363376 -0.034721602 0.062089406 0.017825844 0.997307122
1341846372.005861 -0.019281080 -0.283991992 -0.034024846 -0.037914131 0.067773677 0.015684262 0.996856689
1341846372.038440 -0.024155196 -0.295065075 -0.036443144 -0.035306927 0.067925669 0.016507808 0.996928751
1341846372.070518 -0.017861038 -0.295500666 -0.041123837 -0.032974135 0.066314839 0.015185883 0.997138083
1341846372.111944 -0.021239540 -0.303728461 -0.036343422 -0.032308701 0.068032682 0.012808025 0.997077525
1341846372.143876 -0.018583868 -0.308840930 -0.030964771 -0.029370017 0.068331890 0.009503435 0.997184992
1341846372.179919 -0.018686404 -0.310946345 -0.031705700 -0.025871843 0.067714840 0.007559504 0.997340560
1341846372.212119 -0.016121890 -0.312663496 -0.035034984 -0.022252185 0.064406618 0.006787316 0.997652531
1341846372.244067 -0.011988520 -0.317369610 -0.030626079 -0.017335277 0.060764622 0.004064186 0.997993290
1341846372.279961 -0.014476630 -0.331983745 -0.032204505 -0.012484135 0.058875684 0.001393759 0.998186290
1341846372.312076 -0.011751365 -0.332302719 -0.029647499 -0.006401806 0.056102462 -0.002305127 0.998401821
1341846372.347910 -0.016916409 -0.345915794 -0.023534432 -0.003927386 0.054957625 -0.004285728 0.998471797
1341846372.379906 -0.020402493 -0.353730679 -0.022887336 -0.000777116 0.052039169 -0.005826751 0.998627722
1341846372.412137 -0.006272684 -0.354604751 -0.022577664 0.002950496 0.047948711 -0.005795260 0.998828650
1341846372.447783 -0.009249522 -0.362497628 -0.021877795 0.004852815 0.047346424 -0.005174967 0.998853326
1341846372.479920 -0.017361727 -0.369146734 -0.022232080 0.008346856 0.045167401 -0.002889933 0.998940408
1341846372.516195 -0.004635345 -0.364879042 -0.014885268 0.011996130 0.040063649 0.000215556 0.999125123
1341846372.547915 0.008382684 -0.360428095 -0.019977247 0.012125075 0.039364275 -0.000797465 0.999151051
1341846372.579923 0.003509751 -0.366263360 -0.012326730 0.009959135 0.040665280 -0.003219844 0.999118030
1341846372.616037 0.007086074 -0.373029679 -0.013373983 0.008924975 0.039042566 -0.001504242 0.999196589
1341846372.647968 0.012758170 -0.372263610 -0.011488849 0.008223882 0.038595136 -0.001084919 0.999220490
1341846372.679953 0.016960703 -0.376127183 -0.011133229 0.006493262 0.039471038 -0.003446352 0.999193668
1341846372.716073 0.018432898 -0.381395787 -0.008504183 0.005576415 0.041119892 -0.003795504 0.999131441
1341846372.747919 0.011695393 -0.389987409 -0.010531140 0.005094369 0.041659486 -0.002728581 0.999115109
1341846372.783912 0.019669902 -0.393808722 -0.012464140 0.006293298 0.040009990 -0.000707852 0.999179184
1341846372.816131 0.030364739 -0.393444091 -0.011287466 0.007223875 0.041045882 0.001455659 0.999130070
1341846372.848115 0.024096232 -0.391419321 -0.008355161 0.007380735 0.043959681 0.004316926 0.998996675
1341846372.884003 0.026911249 -0.397443712 -0.016072128 0.006860322 0.044354901 0.002680633 0.998988688
1341846372.948016 0.030097973 -0.404799551 -0.002982666 0.006955018 0.050515443 0.002969817 0.998694658
1341846373.010206 0.032664765 -0.420433432 -0.012384237 0.012062240 0.046327934 0.006480027 0.998832405
1341846373.041934 0.042774580 -0.418722004 -0.011466653 0.015179485 0.047540866 0.006118032 0.998735189
1341846373.078079 0.039691102 -0.426268399 -0.016841436 0.016044546 0.050745275 0.006703660 0.998560250
1341846373.110028 0.038561847 -0.431255788 -0.021258634 0.018523071 0.051317241 0.005246862 0.998496830
1341846373.142204 0.043105740 -0.434217513 -0.019285370 0.021110682 0.051517379 0.005650303 0.998432934
1341846373.178121 0.044814285 -0.437757522 -0.021941086 0.023213984 0.052689083 0.006902753 0.998317242
1341846373.210218 0.048159186 -0.445219785 -0.029903635 0.025791703 0.054296654 0.005158009 0.998178363
1341846373.246073 0.047531672 -0.450901628 -0.024860539 0.030082505 0.055804055 0.004282454 0.997979224
1341846373.277962 0.050396498 -0.454756647 -0.028905533 0.035261802 0.057074055 0.005238889 0.997733295
1341846373.310189 0.054907981 -0.450175792 -0.036720369 0.039015207 0.059143875 0.004497845 0.997476637
1341846373.346051 0.060459048 -0.451533973 -0.039173841 0.039374840 0.062472563 0.001931099 0.997267783
1341846373.377993 0.052316196 -0.453992337 -0.035719916 0.038710434 0.065924995 0.001279222 0.997072577
1341846373.410038 0.050066084 -0.457329482 -0.035050578 0.038898174 0.066820651 0.001905396 0.997004688
1341846373.446109 0.049897432 -0.461165339 -0.037636239 0.038656637 0.067186579 0.000372014 0.996991217
1341846373.478409 0.049356591 -0.468158156 -0.030321015 0.038771208 0.067102179 0.001700636 0.996991038
1341846373.514006 0.044567082 -0.472970158 -0.033694524 0.040826179 0.066520900 0.004705493 0.996938348
1341846373.546097 0.050537731 -0.465165168 -0.033398740 0.042999446 0.063518167 0.005216006 0.997040272
1341846373.578079 0.061990902 -0.463677347 -0.039839040 0.043158602 0.063851379 0.004387213 0.997016072
1341846373.613978 0.049345199 -0.457183212 -0.034577109 0.043634158 0.066723332 0.002813477 0.996812999
1341846373.646060 0.047828227 -0.452428699 -0.033359252 0.043046322 0.064869270 0.003060743 0.996960163
1341846373.682101 0.059229564 -0.443457454 -0.037817013 0.041910090 0.064207442 0.003203258 0.997051001
1341846373.713942 0.055167150 -0.435877502 -0.034090325 0.038819864 0.067674212 0.003337466 0.996946394
1341846373.746309 0.045351952 -0.427833200 -0.032001857 0.035122745 0.069437951 0.002804609 0.996963859
1341846373.782079 0.042553876 -0.426521927 -0.024808506 0.031831745 0.068416610 0.002136569 0.997146606
1341846373.814899 0.051220506 -0.423023015 -0.027686255 0.031016242 0.067896537 0.000391585 0.997210026
1341846373.846131 0.040973496 -0.410592198 -0.024020707 0.031221114 0.070275068 -0.002482190 0.997035861
1341846373.882197 0.030090749 -0.401127934 -0.026470885 0.029934365 0.068711132 -0.004074539 0.997179031
1341846373.914066 0.027646009 -0.388567030 -0.020798400 0.028168719 0.065433048 -0.000971835 0.997458816
1341846373.949976 0.035182942 -0.380731344 -0.019148692 0.025446055 0.063121215 0.002550881 0.997678161
1341846373.982090 0.029134650 -0.369146436 -0.017861398 0.022781648 0.063234277 0.003569862 0.997732222
1341846374.014518 0.020103592 -0.364915073 -0.025436508 0.018618522 0.061253667 0.006436978 0.997927785
1341846374.050082 0.019635528 -0.354064286 -0.015316921 0.015623532 0.057839371 0.009695081 0.998156548
1341846374.082248 0.026383273 -0.354057133 -0.016318850 0.012459014 0.055626217 0.009966129 0.998324156
1341846374.114063 0.024513720 -0.342909217 -0.015571450 0.010680309 0.056229103 0.010595978 0.998304546
1341846374.150230 0.015429169 -0.345737278 -0.011701787 0.007753889 0.056027539 0.011116346 0.998337209
1341846374.181949 0.012365779 -0.343028486 -0.011951498 0.008584682 0.053795286 0.011840576 0.998444855
1341846374.217985 0.016208919 -0.333371401 -0.013537841 0.010623783 0.052202381 0.014463386 0.998475254
1341846374.250018 0.013949851 -0.315439701 -0.015999628 0.011493771 0.053174805 0.015527180 0.998398364
1341846374.281921 0.013234381 -0.298202544 -0.018044740 0.009626308 0.053758629 0.015172496 0.998392284
1341846374.318502 0.012548638 -0.293737561 -0.014925596 0.006234317 0.054225158 0.014414656 0.998405218
1341846374.350047 0.009279074 -0.279787123 -0.017391780 0.003294574 0.055907059 0.014876385 0.998319685
1341846374.382011 0.000275230 -0.278409868 -0.010779708 -0.000491708 0.056362849 0.014373527 0.998306751
1341846374.418020 -0.004136659 -0.270102948 -0.011700028 -0.001820777 0.054637324 0.014254076 0.998402834
1341846374.450160 -0.005373117 -0.263974011 -0.007296062 -0.003917406 0.053076778 0.014018690 0.998484313
1341846374.486170 -0.000796448 -0.251023442 -0.010081078 -0.005704897 0.052060667 0.014362056 0.998524368
1341846374.524087 -0.011118052 -0.244841620 -0.002779770 -0.009133787 0.052680604 0.013315932 0.998480856
1341846374.586056 -0.016915850 -0.230834916 0.003540118 -0.013497371 0.047970623 0.013201271 0.998670280
1341846374.617848 -0.021517839 -0.230005756 0.006651000 -0.015567384 0.046070494 0.014592879 0.998710275
1341846374.654133 -0.021333493 -0.223716870 0.009677893 -0.015087722 0.042741165 0.016944287 0.998828530
1341846374.685940 -0.022260325 -0.210324854 0.011845669 -0.013617639 0.039908480 0.019558579 0.998919070
1341846374.718159 -0.029469073 -0.202842534 0.015027666 -0.013568543 0.038394343 0.022775169 0.998910964
1341846374.754050 -0.029011508 -0.195730045 0.014687148 -0.012477034 0.035112023 0.024545830 0.999004006
1341846374.786226 -0.026462132 -0.185463697 0.009388497 -0.011720737 0.032569375 0.025554705 0.999073982
1341846374.818164 -0.029624270 -0.184910268 0.015305915 -0.011590661 0.032074589 0.024734177 0.999112189
1341846374.854017 -0.035256177 -0.178661555 0.018068407 -0.008788973 0.030809486 0.023763996 0.999204099
1341846374.886253 -0.039811622 -0.173294038 0.012627032 -0.005630117 0.027837912 0.025237966 0.999277949
1341846374.921999 -0.028967658 -0.166908950 0.018021049 -0.003556204 0.024211429 0.025143629 0.999384284
1341846374.953860 -0.033510376 -0.163105726 0.015747402 -0.002345448 0.023133328 0.026277002 0.999384224
1341846374.985929 -0.036235858 -0.155583620 0.014387409 -0.001473338 0.020676063 0.027249942 0.999413669
1341846375.022029 -0.031785667 -0.158658296 0.018123038 0.000011695 0.018109882 0.029393902 0.999403834
1341846375.053968 -0.032649893 -0.151914001 0.017407730 0.004694222 0.016483473 0.032898344 0.999311745
1341846375.085937 -0.032032568 -0.143359944 0.013378303 0.008328274 0.015327206 0.034816403 0.999241471
1341846375.122015 -0.032656260 -0.129366696 0.012060787 0.009295647 0.015500571 0.032808907 0.999298155
1341846375.190345 -0.031029155 -0.124013238 0.010746949 0.005062849 0.021152724 0.027509350 0.999384880
1341846375.222041 -0.034767278 -0.123850629 0.019178117 0.005474858 0.021483414 0.025521541 0.999428391
1341846375.254127 -0.028625943 -0.117960908 0.016970819 0.007538402 0.020748390 0.025779588 0.999423862
1341846375.289892 -0.029615970 -0.118294477 0.012639098 0.010297578 0.022825802 0.026550032 0.999333799
1341846375.322192 -0.033250477 -0.106253468 0.014259033 0.013979667 0.023209633 0.027838202 0.999245167
1341846375.354172 -0.042767432 -0.083164923 0.005519724 0.013901301 0.023989640 0.026863199 0.999254525
1341846375.390033 -0.037032321 -0.070138820 0.007629655 0.009483784 0.025071392 0.023842216 0.999356329
1341846375.422976 -0.046015464 -0.069087014 0.006997506 0.003405030 0.028288670 0.020370197 0.999386430
1341846375.458036 -0.048087101 -0.061365142 0.006095923 -0.001603639 0.027184315 0.019629152 0.999436378
1341846375.489941 -0.041869372 -0.065102093 0.013373884 -0.006760478 0.026030030 0.020342289 0.999431312
1341846375.521981 -0.044242963 -0.067696773 0.018441174 -0.007562491 0.027224502 0.020496652 0.999390602
1341846375.557947 -0.046355113 -0.061877541 0.018916318 -0.005193281 0.026130006 0.023675583 0.999364674
1341846375.590116 -0.042202473 -0.059476346 0.026297115 -0.003074070 0.022438016 0.028695714 0.999331594
1341846375.622399 -0.034741994 -0.051906329 0.025845308 0.000745046 0.021176834 0.030874161 0.999298632
1341846375.658264 -0.035274588 -0.048577469 0.028077930 0.004213383 0.022909215 0.032580853 0.999197602
1341846375.690116 -0.040714704 -0.042455282 0.030721830 0.009101926 0.022528658 0.036751799 0.999028981
1341846375.726080 -0.030360987 -0.040606651 0.033015311 0.016273994 0.020027129 0.041733302 0.998795450
1341846375.757947 -0.034113564 -0.028923573 0.032408040 0.024552982 0.020171631 0.045392375 0.998463690
1341846375.789914 -0.035135593 -0.021329151 0.036226511 0.030640045 0.018280515 0.048609581 0.998180389
1341846375.826111 -0.035841264 -0.000441124 0.037443727 0.034513436 0.016782865 0.047655255 0.998126328
1341846375.858282 -0.044311386 0.035642751 0.033042978 0.033762015 0.015246917 0.044295818 0.998331368
1341846375.893889 -0.039014231 0.042336646 0.038511086 0.022964090 0.011705684 0.042944022 0.998744905
1341846375.926121 -0.034865554 0.049386412 0.052695304 0.015664315 0.010658755 0.042395096 0.998921275
1341846375.958089 -0.038281385 0.059188411 0.052392256 0.010389595 0.011703365 0.041979827 0.998995900
1341846375.994060 -0.033441320 0.065930918 0.059434261 0.005975522 0.011230051 0.043562781 0.998969674
1341846376.026115 -0.036972653 0.064221583 0.066183701 0.005130873 0.014421066 0.042454753 0.998981118
1341846376.057999 -0.039175685 0.073520213 0.068627007 0.006167509 0.016431933 0.044891998 0.998837650
1341846376.094015 -0.037535373 0.085785955 0.072400868 0.006060030 0.018456984 0.046612382 0.998724163
1341846376.126126 -0.037209470 0.099108331 0.075249642 0.006193342 0.021926757 0.046090815 0.998677373
1341846376.162125 -0.040749207 0.111061357 0.077205800 0.004130466 0.026006956 0.044723883 0.998652279
1341846376.194033 -0.045129254 0.116932452 0.081869252 0.001053962 0.027754052 0.045224432 0.998590708
1341846376.226110 -0.047740739 0.121672153 0.084306091 -0.001728954 0.027509373 0.047904726 0.998471498
1341846376.262088 -0.046358068 0.124261104 0.091318212 -0.002407122 0.026134033 0.051525801 0.998326778
1341846376.293911 -0.045953117 0.132403240 0.093527935 -0.000092525 0.026403729 0.053582959 0.998214245
1341846376.326088 -0.047124058 0.137911767 0.093996711 0.002217568 0.026677556 0.055589508 0.998094797
1341846376.362076 -0.050437752 0.148551702 0.096495740 0.003184060 0.025240770 0.057169478 0.998040259
1341846376.393924 -0.046519682 0.153176695 0.099969603 0.002579857 0.024087498 0.055615984 0.998158336
1341846376.429909 -0.047839049 0.161774397 0.102320597 0.002979340 0.026460320 0.051640235 0.998310685
1341846376.462224 -0.054936014 0.168444008 0.104012914 0.001151462 0.028328883 0.048516467 0.998419881
1341846376.494092 -0.054366190 0.169147819 0.110465668 -0.000312212 0.027340613 0.048054140 0.998470426
1341846376.529992 -0.051431675 0.175269112 0.112031251 0.000203174 0.026928093 0.048190661 0.998475075
1341846376.562034 -0.051115349 0.181744918 0.112493165 -0.000336834 0.028344132 0.046501514 0.998515964
1341846376.594092 -0.054024927 0.189924806 0.115496337 -0.000867954 0.029757829 0.045879148 0.998503268
1341846376.630016 -0.051779296 0.196341544 0.117360897 -0.002261246 0.029901445 0.045476761 0.998515189
1341846376.662132 -0.049482893 0.200298533 0.122614793 -0.003338455 0.031911321 0.043058377 0.998557210
1341846376.697981 -0.054083277 0.206757456 0.124092162 -0.003661344 0.034657422 0.042567894 0.998485565
1341846376.730128 -0.052830685 0.214361519 0.125672370 -0.003471553 0.035385724 0.042927343 0.998445272
1341846376.762061 -0.053367913 0.228278622 0.125751197 -0.003008006 0.036191057 0.042887647 0.998419642
1341846376.797939 -0.052870709 0.234768316 0.125287652 -0.005827028 0.035889797 0.041475073 0.998477757
1341846376.829920 -0.051873427 0.241095394 0.129730821 -0.009095756 0.036635861 0.043197386 0.998353183
1341846376.866170 -0.053877193 0.250941277 0.130338967 -0.011366571 0.036612004 0.046421584 0.998186052
1341846376.898026 -0.051017664 0.270740211 0.125938728 -0.013775541 0.035235379 0.046210080 0.998215079
1341846376.930139 -0.047185529 0.281818837 0.131393194 -0.018165814 0.036360621 0.042586986 0.998265624
1341846376.966511 -0.047607265 0.291375011 0.131523699 -0.024540691 0.039458700 0.042308480 0.998023450
1341846376.997919 -0.048775852 0.297388762 0.136428133 -0.030003836 0.041024007 0.043825768 0.997745514
1341846377.030079 -0.047672436 0.304439723 0.142854631 -0.033065487 0.041690197 0.044021472 0.997612476
1341846377.066212 -0.051438924 0.312458813 0.141322538 -0.035883203 0.043199830 0.044631340 0.997423768
1341846377.097918 -0.050650388 0.317181587 0.143713057 -0.040171985 0.042127091 0.044783935 0.997299314
1341846377.134079 -0.053698037 0.322086513 0.147850111 -0.043485273 0.040691204 0.045892801 0.997169554
1341846377.166160 -0.052501094 0.315501183 0.145756394 -0.048416983 0.036115341 0.046479300 0.997091353
1341846377.197925 -0.058956239 0.327841401 0.151032612 -0.047955777 0.032746613 0.045480315 0.997276008
1341846377.233952 -0.053867005 0.348111033 0.150912613 -0.048171870 0.029626790 0.043846339 0.997436285
1341846377.266486 -0.049485393 0.345023453 0.153031334 -0.052515116 0.030732889 0.044122133 0.997171462
1341846377.298068 -0.051063813 0.347595394 0.149345160 -0.056594852 0.031230129 0.047586039 0.996773422
1341846377.334109 -0.052733712 0.351358652 0.153347507 -0.059933823 0.030246178 0.048172552 0.996580422
1341846377.366029 -0.050894868 0.354772329 0.156591371 -0.060992222 0.030243780 0.046440534 0.996598482
1341846377.401870 -0.053637147 0.352598190 0.153579816 -0.062856361 0.031546656 0.044170447 0.996545494
1341846377.434052 -0.052590616 0.347946882 0.158399075 -0.064332247 0.030697726 0.044230819 0.996475101
1341846377.466127 -0.052000772 0.344441503 0.156445950 -0.062110424 0.030898238 0.043978378 0.996621013
1341846377.502027 -0.051172126 0.344625771 0.154995278 -0.060541909 0.031530019 0.040321372 0.996852398
1341846377.534114 -0.048315596 0.340762228 0.157449543 -0.059960458 0.033692777 0.037251305 0.996936262
1341846377.566085 -0.047288671 0.328282565 0.154639050 -0.059170108 0.034658786 0.039129041 0.996878445
1341846377.602113 -0.045789994 0.322733849 0.151127100 -0.057213876 0.034093823 0.040149409 0.996971548
1341846377.633912 -0.042582121 0.307508141 0.158942893 -0.053084619 0.034698393 0.038205776 0.997255445
1341846377.676329 -0.044470046 0.307980537 0.145205721 -0.047601670 0.036476262 0.036522899 0.997531772
1341846377.743964 -0.041012459 0.280941725 0.147102058 -0.042112306 0.033649668 0.033725329 0.997976363
1341846377.802535 -0.041297492 0.263300657 0.133921385 -0.041043904 0.033318337 0.033747915 0.998031259
1341846377.835932 -0.044756301 0.247783780 0.139868125 -0.035313118 0.035429094 0.034416590 0.998154938
1341846377.872063 -0.054306421 0.242201880 0.116119139 -0.033129372 0.034297720 0.040217642 0.998052418
1341846377.902201 -0.041307550 0.231397897 0.126199067 -0.034185234 0.026165836 0.042951562 0.998149216
1341846377.939383 -0.040908948 0.232441545 0.132165194 -0.028082410 0.030457720 0.033422925 0.998582304
1341846377.970635 -0.042646840 0.220177978 0.112224482 -0.031835362 0.032151911 0.036716800 0.998300910
1341846378.002401 -0.038995463 0.198498860 0.123763137 -0.036987878 0.024849137 0.039323140 0.998232484
1341846378.038883 -0.034573391 0.190903485 0.118992895 -0.032940336 0.025704665 0.035319317 0.998502254
1341846378.106524 -0.038022570 0.174608126 0.110041879 -0.035391349 0.026281806 0.031780317 0.998522282
1341846378.138114 -0.034800656 0.164716855 0.109785393 -0.033875454 0.026919810 0.026793718 0.998704076
1341846378.170157 -0.036983315 0.160751417 0.104645930 -0.032781150 0.028928405 0.018757258 0.998867691
1341846378.206045 -0.038845349 0.149286300 0.107061692 -0.035395972 0.029838528 0.014515046 0.998822391
1341846378.238081 -0.037084457 0.125932395 0.111733705 -0.036444232 0.029655466 0.013161136 0.998808861
1341846378.275916 -0.031509191 0.116747506 0.104731001 -0.033310823 0.029447295 0.012074372 0.998938143
1341846378.312389 -0.029558722 0.112415522 0.101441026 -0.031978786 0.031704001 0.008579221 0.998948753
1341846378.344267 -0.028233230 0.092130177 0.100170173 -0.032333475 0.034332749 0.007605532 0.998858333
1341846378.376036 -0.029225688 0.078681022 0.091480009 -0.028533833 0.035838503 0.007189482 0.998924315
1341846378.411936 -0.026363304 0.074464418 0.088447496 -0.026488880 0.036712825 0.005382603 0.998960257
1341846378.444079 -0.024165839 0.062423963 0.087044917 -0.025761183 0.039295621 0.001918819 0.998893619
1341846378.480041 -0.028386928 0.049378794 0.078827165 -0.025320236 0.039917003 -0.000153237 0.998882115
1341846378.512023 -0.028166503 0.045408856 0.085151754 -0.024710411 0.038075417 -0.001538525 0.998968124
1341846378.543975 -0.019377107 0.032996219 0.084472053 -0.022395436 0.039048381 -0.006734951 0.998963594
1341846378.579973 -0.028202998 0.021798791 0.077019110 -0.020803958 0.042849138 -0.009887649 0.998815954
1341846378.612676 -0.027193209 0.012609499 0.085718937 -0.018391158 0.042546876 -0.010410350 0.998870909
1341846378.643945 -0.021697342 -0.000436522 0.075638495 -0.015157630 0.044859681 -0.010620321 0.998821855
1341846378.679954 -0.026511149 -0.002860412 0.070466883 -0.011000763 0.046609137 -0.011638016 0.998784840
1341846378.742199 -0.014853097 -0.022962099 0.069164887 -0.006514932 0.049255613 -0.016209578 0.998633385
1341846378.774089 -0.024835700 -0.029293980 0.069796339 -0.001400214 0.054550081 -0.018725213 0.998334467
1341846378.805994 -0.030199656 -0.033416826 0.067791007 0.002384451 0.055580806 -0.017485997 0.998298228
1341846378.842121 -0.015452845 -0.044939242 0.046641890 0.003958953 0.055496152 -0.020151785 0.998247683
1341846378.874022 -0.014193455 -0.058722530 0.036101680 0.005990995 0.058405615 -0.023947626 0.997987688
1341846378.911788 -0.015349087 -0.058168225 0.049642269 0.009042882 0.059664752 -0.021583647 0.997944117
1341846378.974034 -0.012496994 -0.073429786 0.042107653 0.012536978 0.060832392 -0.023753816 0.997786522
1341846379.009977 -0.017088896 -0.077817373 0.045186941 0.015109490 0.063483231 -0.022791509 0.997608185
1341846379.041991 -0.015642535 -0.082682990 0.048120152 0.016387967 0.064293668 -0.023554401 0.997518361
1341846379.078155 -0.009956582 -0.090919062 0.048617635 0.017537802 0.065846846 -0.028769307 0.997260690
1341846379.109871 -0.014240063 -0.097047463 0.041318677 0.018467680 0.066922888 -0.029342694 0.997155547
1341846379.142034 -0.007379082 -0.114267893 0.048378803 0.017280662 0.066356488 -0.028502205 0.997239113
1341846379.178080 -0.011092829 -0.123813175 0.026551232 0.019591158 0.068161495 -0.033478677 0.996919930
1341846379.209979 -0.011692745 -0.144710720 0.016503409 0.024321772 0.069031224 -0.034355648 0.996726036
1341846379.242047 -0.009048906 -0.153614908 0.044350348 0.031889804 0.066511974 -0.031392667 0.996781647
1341846379.278304 -0.001355780 -0.161061063 0.054573674 0.038127813 0.064352572 -0.032670423 0.996663272
1341846379.310076 0.002649374 -0.173785761 0.049185101 0.045952007 0.068117000 -0.036680430 0.995943248
1341846379.346166 0.001274936 -0.178830653 0.058515999 0.053120572 0.070523068 -0.033791654 0.995521367
1341846379.377944 0.001672401 -0.197536483 0.044044014 0.058997035 0.070391610 -0.033718862 0.995202184
1341846379.409974 0.004667069 -0.197618306 0.041013815 0.068206549 0.072199911 -0.034741465 0.994448662
1341846379.446065 0.007452785 -0.189293280 0.039972126 0.075057164 0.073189162 -0.031634632 0.993986428
1341846379.478631 0.008030061 -0.191694632 0.028648762 0.075060733 0.072236061 -0.030399006 0.994094431
1341846379.511214 0.015492301 -0.204307750 0.026649453 0.072777376 0.073524438 -0.032943759 0.994088709
1341846379.546204 0.002802754 -0.211430460 0.034324016 0.074217759 0.076341942 -0.032918502 0.993770599
1341846379.578217 -0.002662139 -0.207110837 0.036940973 0.075388126 0.072273619 -0.029135032 0.994104803
1341846379.614096 0.011445140 -0.211714819 0.031499431 0.072940305 0.068587139 -0.028100774 0.994578242
1341846379.646030 0.014168403 -0.208571464 0.033560924 0.071486816 0.070672832 -0.028252557 0.994533479
1341846379.678830 0.002621491 -0.208652690 0.033631444 0.068865053 0.070849963 -0.026389960 0.994756997
1341846379.714071 0.000326063 -0.207316920 0.039665826 0.067016326 0.067619383 -0.023157878 0.995188534
1341846379.746082 0.012186906 -0.205950528 0.038336974 0.065186523 0.066755340 -0.021973003 0.995395243
1341846379.778087 0.005166252 -0.192565396 0.041064311 0.063584842 0.068505913 -0.019087471 0.995439351
1341846379.813931 -0.004401595 -0.188261867 0.040724862 0.058914099 0.066733971 -0.016792882 0.995888412
1341846379.845927 0.002840128 -0.182336241 0.039611995 0.054951221 0.064500794 -0.015282218 0.996286333
1341846379.881893 0.003116171 -0.166008249 0.031797368 0.050795667 0.065241992 -0.012982742 0.996491194
1341846379.913954 -0.005188061 -0.154869795 0.050110586 0.043759309 0.064182952 -0.009022742 0.996937454
1341846379.946050 -0.005912358 -0.153629854 0.053805266 0.036591109 0.062404644 -0.008194990 0.997346282
1341846379.981969 -0.011137080 -0.151201665 0.053897999 0.031476609 0.061180800 -0.004986170 0.997617841
1341846380.013935 -0.015824864 -0.140263140 0.054757930 0.027426928 0.058146056 -0.000809158 0.997930944
1341846380.046124 -0.013069592 -0.133436874 0.061720870 0.020963300 0.055341672 0.002482033 0.998244345
1341846380.082142 -0.007379952 -0.126818806 0.062781379 0.015372613 0.054808348 0.002381146 0.998375714
1341846380.114330 -0.011850421 -0.124586545 0.057911467 0.010176498 0.056252889 0.004211632 0.998355806
1341846380.150278 -0.016578425 -0.123884656 0.062129159 0.008108351 0.054747723 0.007339221 0.998440325
1341846380.182030 -0.013121425 -0.116062582 0.064117230 0.009172720 0.053133171 0.009611407 0.998499036
1341846380.213908 -0.013075297 -0.091276065 0.058252148 0.008892833 0.053087767 0.010078460 0.998499393
1341846380.250090 -0.011146283 -0.059623249 0.064725243 0.003525505 0.053501446 0.008807827 0.998522699
1341846380.281996 -0.004727274 -0.060611654 0.076754823 -0.005465540 0.057232242 0.007734533 0.998315930
1341846380.318009 -0.009472518 -0.054695468 0.077319428 -0.010747349 0.061513782 0.007278727 0.998021841
1341846380.350031 -0.009403359 -0.039890900 0.088561781 -0.015867045 0.062139928 0.013228415 0.997853637
1341846380.382297 -0.004948971 -0.035802245 0.070508577 -0.020825999 0.063333981 0.013904754 0.997678161
1341846380.418020 -0.008782196 -0.025246873 0.072335079 -0.024442695 0.064942122 0.014779131 0.997480154
1341846380.450059 -0.025020100 -0.008669044 0.090364821 -0.031276852 0.062929779 0.023971878 0.997239649
1341846380.481987 -0.020028913 0.001824250 0.092122592 -0.039538249 0.055998717 0.028742509 0.997233570
1341846380.518026 -0.011717709 -0.000387161 0.086188875 -0.045561723 0.052482922 0.026416935 0.997232080
1341846380.549973 -0.016633630 0.004765536 0.093997978 -0.047809172 0.052081693 0.027266618 0.997125030
1341846380.585876 -0.010615808 0.007641586 0.098936699 -0.048295353 0.046699915 0.026537046 0.997387826
1341846380.617833 -0.010422192 0.007742003 0.094265334 -0.047662061 0.044168681 0.026930589 0.997523010
1341846380.650010 -0.004083082 0.011363069 0.092651397 -0.044038698 0.042710099 0.024921898 0.997805238
1341846380.686058 -0.008557030 0.013428804 0.086192816 -0.041349161 0.041711956 0.023211256 0.998003781
1341846380.718154 -0.011559799 0.012811646 0.087966464 -0.039420713 0.040585216 0.022410369 0.998146594
1341846380.750063 0.004716786 0.011011697 0.073837921 -0.034582570 0.038214680 0.023980062 0.998382986
1341846380.785897 -0.007034395 0.023550356 0.078018807 -0.027236430 0.040516563 0.025344308 0.998485982
1341846380.818263 -0.006443289 0.032559536 0.076636329 -0.025623400 0.036403831 0.026341725 0.998661220
1341846380.854055 -0.006379154 0.021064207 0.082940094 -0.026124664 0.034164898 0.023034019 0.998809099
1341846380.886150 -0.006063542 0.030213958 0.085948430 -0.020912845 0.033757478 0.023846610 0.998926640
1341846380.918124 -0.013442204 0.043786645 0.092667975 -0.018964130 0.029736543 0.026079910 0.999037504
1341846380.954125 -0.008086748 0.030875424 0.096538857 -0.021624168 0.024270687 0.024387658 0.999173939
1341846380.985985 0.001757857 0.028868532 0.097689778 -0.020597305 0.024615744 0.022033747 0.999241889
1341846381.018098 -0.000710681 0.036294281 0.106625497 -0.018588528 0.025980240 0.022252055 0.999241889
1341846381.054072 0.004755762 0.025243618 0.121060640 -0.019136926 0.022108952 0.023061913 0.999306321
1341846381.086074 0.013542699 0.019475782 0.126221210 -0.014473845 0.021174883 0.024627479 0.999367595
1341846381.122035 0.008353445 0.030532850 0.132714033 -0.010770609 0.023313589 0.025783528 0.999337614
1341846381.159808 0.007750426 0.024364011 0.140559629 -0.012457729 0.023341343 0.024569849 0.999347985
1341846381.222118 0.024269788 0.033738576 0.157695696 -0.010920160 0.025566038 0.026684821 0.999257267
1341846381.254198 0.030374156 0.035916135 0.166502923 -0.013453149 0.028381439 0.026544839 0.999154091
1341846381.289977 0.036973841 0.031113584 0.178281054 -0.012989876 0.035040259 0.026431983 0.998951852
1341846381.322365 0.039676949 0.048402805 0.203880623 -0.010634874 0.037897088 0.032525010 0.998695612
1341846381.353963 0.042754337 0.044158127 0.209858090 -0.013563648 0.038646344 0.037208911 0.998467863
1341846381.389983 0.055061992 0.043804307 0.207376018 -0.015809033 0.042040411 0.037523441 0.998285830
1341846381.421973 0.049002487 0.054808069 0.232680291 -0.018147180 0.049358606 0.039600160 0.997830749
1341846381.454108 0.053679220 0.047584511 0.250008166 -0.022263955 0.049996819 0.042206235 0.997608781
1341846381.489891 0.069921561 0.038770791 0.259886682 -0.020844638 0.051576819 0.043547578 0.997501373
1341846381.521988 0.065342680 0.032118049 0.271032691 -0.016725335 0.056975733 0.049027774 0.997030735
1341846381.558072 0.072561488 0.037549954 0.277569711 -0.012895403 0.059193689 0.052371338 0.996788383
1341846381.589879 0.072760954 0.041012187 0.287686706 -0.011091135 0.063405044 0.051067431 0.996618748
1341846381.622018 0.082407594 0.040176272 0.300665557 -0.012741666 0.066546589 0.049056780 0.996495187
1341846381.657894 0.086416841 0.037300311 0.318843275 -0.012899525 0.069804206 0.045855526 0.996422708
1341846381.689870 0.091164552 0.022322554 0.334567100 -0.010005747 0.072912417 0.043441206 0.996341586
1341846381.722338 0.090778597 0.034298956 0.342698276 -0.006454009 0.075823382 0.045195501 0.996075571
1341846381.758166 0.092264138 0.032883570 0.353655964 -0.006559974 0.077863544 0.044847649 0.995933235
1341846381.790889 0.100034349 0.028981254 0.361046165 -0.005053643 0.078858964 0.043387368 0.995928347
1341846381.826591 0.108197093 0.030919731 0.376768053 -0.002096249 0.081080087 0.042291291 0.995807767
1341846381.859589 0.099710062 0.032519154 0.390824407 -0.000780657 0.081586070 0.044016130 0.995693564
1341846381.890538 0.106675468 0.027911976 0.402602255 0.000250328 0.076405957 0.045792244 0.996024668
1341846381.926191 0.109914437 0.032248922 0.406132936 0.001496606 0.074539803 0.042817432 0.996297300
1341846381.958121 0.108415946 0.042569071 0.410970151 -0.000303058 0.071429409 0.041896578 0.996565342
1341846381.990050 0.105156220 0.037631959 0.428405285 -0.005591040 0.064035743 0.042330544 0.997033775
1341846382.026007 0.111809321 0.045706134 0.440310687 -0.007783363 0.059771262 0.037139434 0.997490585
1341846382.059217 0.111854412 0.048265193 0.453365952 -0.013386951 0.060377479 0.032628965 0.997552395
1341846382.094090 0.117623255 0.039258547 0.469776124 -0.019622561 0.056878995 0.034261886 0.997600079
1341846382.126195 0.130516276 0.026684172 0.480244756 -0.022501489 0.052504897 0.035675664 0.997729540
1341846382.158170 0.133914411 0.028250093 0.490382969 -0.021856623 0.053685129 0.036683172 0.997644484
1341846382.194097 0.133313358 0.028303554 0.501391888 -0.022651773 0.054775409 0.038130272 0.997513235
1341846382.226010 0.133869812 0.025899870 0.514079869 -0.022870934 0.054858487 0.040662166 0.997403681
1341846382.258172 0.141237438 0.022780947 0.521847785 -0.023262259 0.054613296 0.039919697 0.997438073
1341846382.294020 0.142071158 0.023894405 0.534286082 -0.023033449 0.057244364 0.038408950 0.997355163
1341846382.325957 0.134641707 0.026315060 0.550737441 -0.023252176 0.058035016 0.036104124 0.997390509
1341846382.361974 0.137290999 0.018902581 0.563770473 -0.025132136 0.056305181 0.034839250 0.997489035
1341846382.393888 0.138540789 0.016616372 0.573334336 -0.024070855 0.054548156 0.032950949 0.997676969
1341846382.425972 0.138173208 0.018673921 0.587585747 -0.023611253 0.053659562 0.029019650 0.997858226
1341846382.462037 0.126661137 0.022275448 0.598818779 -0.023919964 0.054471068 0.023772575 0.997945726
1341846382.494003 0.128095448 0.022046324 0.607787669 -0.025519978 0.050980654 0.019694192 0.998179317
1341846382.530148 0.133746043 0.022331135 0.624440789 -0.024767898 0.047783349 0.016786531 0.998409510
1341846382.562400 0.132375643 0.017996477 0.634589136 -0.024821702 0.047913093 0.015526114 0.998422325
1341846382.593981 0.136023879 0.008710228 0.644840896 -0.025844693 0.047136325 0.016246594 0.998421907
1341846382.629905 0.135756359 0.001472466 0.653765678 -0.022933945 0.048084915 0.019160438 0.998396099
1341846382.661966 0.131773829 0.016775373 0.660783470 -0.017060479 0.049156345 0.021459291 0.998414814
1341846382.693976 0.128521651 0.014942863 0.669853806 -0.018415583 0.049420793 0.022386393 0.998357356
1341846382.730021 0.132431835 0.009679213 0.676145196 -0.018592762 0.049701765 0.022105323 0.998346329
1341846382.762004 0.126423702 0.013485947 0.680880010 -0.017566850 0.051421959 0.023488864 0.998246193
1341846382.798112 0.128038824 0.020698749 0.688593984 -0.018664846 0.049087841 0.020536419 0.998408854
1341846382.829949 0.129703626 0.013286075 0.691579223 -0.022197427 0.050012488 0.014703063 0.998393655
1341846382.861875 0.131752849 0.016971977 0.697039008 -0.022035576 0.051137641 0.012273879 0.998373091
1341846382.897967 0.132341996 0.011859456 0.700052619 -0.023360606 0.050884850 0.014287110 0.998329103
1341846382.930017 0.133653030 0.012465622 0.705319941 -0.021325186 0.052157819 0.014164791 0.998310685
1341846382.962121 0.132588699 0.015534382 0.708223701 -0.019561337 0.055547196 0.012861378 0.998181581
1341846382.997950 0.125727281 0.014368267 0.710658073 -0.019508531 0.058055378 0.014598288 0.998016000
1341846383.029927 0.130405277 0.011594356 0.713943243 -0.019145342 0.056997400 0.015475928 0.998070776
1341846383.104184 0.137820318 0.021722406 0.715410888 -0.020149823 0.060429826 0.007897872 0.997937799
1341846383.172122 0.140699059 0.012104010 0.722184181 -0.024978483 0.058787052 0.006836428 0.997934580
1341846383.236935 0.143346846 0.014208407 0.726693392 -0.025425216 0.066620745 0.006430055 0.997433662
1341846383.272112 0.145472422 0.010773468 0.728281617 -0.024904950 0.064657338 0.011050532 0.997535527
1341846383.303955 0.149827018 0.011939100 0.721167386 -0.023952223 0.065213986 0.013005798 0.997499049
1341846383.336133 0.152450278 0.020294264 0.719851553 -0.025645129 0.065664515 0.012835175 0.997429609
1341846383.398119 0.157591790 0.012309188 0.717084169 -0.028346496 0.063861236 0.015091834 0.997441947
1341846383.433991 0.156394616 0.008693632 0.714181304 -0.029681794 0.066153340 0.015309517 0.997250438
1341846383.466087 0.154180214 0.008817788 0.711445451 -0.029455904 0.066445194 0.016005479 0.997226775
1341846383.501974 0.150604650 0.012008679 0.709335923 -0.027965931 0.065265261 0.019127309 0.997292638
1341846383.533975 0.150958851 0.011110102 0.698421180 -0.027655918 0.062682435 0.019278307 0.997464001
1341846383.565981 0.144434601 0.013500452 0.690802515 -0.027785810 0.062946402 0.017342692 0.997479320
1341846383.602253 0.133185327 0.008396511 0.690551281 -0.029104214 0.062017798 0.017278185 0.997501016
1341846383.634175 0.115269206 0.008143619 0.683117509 -0.028640103 0.059638578 0.017204663 0.997660756
1341846383.665988 0.123047814 0.017510874 0.673155308 -0.027095275 0.053286649 0.015916020 0.998084724
1341846383.702104 0.117545694 0.013657887 0.665950179 -0.028446734 0.051086295 0.012276121 0.998213530
1341846383.734131 0.109357320 0.009945392 0.659561276 -0.029314736 0.047161527 0.012414440 0.998379886
1341846383.770067 0.104595721 0.008474123 0.649438024 -0.029208375 0.042317621 0.015151931 0.998562217
1341846383.802027 0.102884993 0.012466009 0.639115334 -0.027911147 0.038424816 0.014904373 0.998760402
1341846383.870067 0.088207364 0.014094239 0.620105088 -0.028481321 0.033864941 0.016662979 0.998881578
1341846383.901854 0.092748679 0.023142286 0.611132503 -0.026432713 0.029074814 0.017392108 0.999076307
1341846383.934301 0.086361863 0.026996162 0.600438178 -0.028628362 0.028347900 0.016790794 0.999046981
1341846383.969997 0.083912946 0.017351655 0.595373392 -0.031505968 0.026023878 0.017231565 0.999016166
1341846384.001936 0.080188990 0.014807248 0.586409569 -0.029787034 0.023161802 0.020409746 0.999079466
1341846384.038092 0.076801546 0.021130849 0.570247829 -0.027564142 0.017929563 0.021835277 0.999220729
1341846384.070104 0.075645477 0.022689357 0.559440553 -0.028380137 0.016660795 0.018208822 0.999292493
1341846384.102008 0.070061527 0.016061360 0.547189891 -0.027911315 0.017212318 0.016998349 0.999317646
1341846384.138265 0.063117251 0.016140260 0.534555972 -0.026768422 0.014054350 0.019527832 0.999352098
1341846384.170093 0.064760573 0.023116395 0.524311066 -0.026330227 0.011132269 0.018750945 0.999415457
1341846384.202188 0.063295536 0.024448933 0.514412582 -0.025385236 0.012435227 0.016309164 0.999467373
1341846384.237844 0.058177318 0.024543425 0.501613438 -0.025914839 0.013180048 0.016299803 0.999444366
1341846384.269968 0.054547481 0.019355351 0.494636774 -0.026729576 0.011806468 0.018649084 0.999399006
1341846384.306015 0.055747177 0.025884327 0.484229356 -0.023980768 0.011373422 0.017395442 0.999496341
1341846384.337907 0.050411355 0.028575059 0.472015768 -0.024005525 0.012450160 0.017143572 0.999487281
1341846384.369865 0.047560517 0.023825761 0.459304273 -0.025817217 0.011876480 0.015125789 0.999481678
1341846384.406199 0.051052585 0.028093001 0.451314420 -0.024824196 0.011666946 0.014342700 0.999520898
1341846384.437788 0.040945884 0.033928953 0.437669843 -0.024379678 0.012817248 0.013089617 0.999534905
1341846384.469882 0.042656537 0.039545950 0.430545509 -0.026192460 0.011292597 0.010880217 0.999533951
1341846384.506115 0.041724976 0.034413818 0.420974553 -0.028250942 0.012726494 0.007839216 0.999489129
1341846384.537970 0.039017715 0.038039353 0.412029892 -0.029446209 0.015430734 0.007443001 0.999419570
1341846384.573994 0.036747985 0.034115482 0.408238351 -0.031197570 0.015200036 0.010027353 0.999347389
1341846384.606493 0.033710115 0.031689767 0.400021344 -0.029294856 0.013858333 0.014377556 0.999371350
1341846384.637999 0.027147830 0.032318324 0.388528168 -0.027459633 0.013728845 0.015679751 0.999405622
1341846384.674068 0.024295917 0.032188646 0.382620603 -0.028179899 0.012628662 0.014487141 0.999418080
1341846384.705921 0.020358879 0.033646639 0.371459842 -0.027255684 0.012118669 0.013010344 0.999470353
1341846384.742045 0.013285768 0.043308668 0.363796592 -0.026354227 0.010029289 0.011197504 0.999539673
1341846384.774082 0.016804952 0.051240217 0.355235904 -0.028377512 0.006880092 0.009148931 0.999531746
1341846384.805987 0.010414783 0.041160487 0.346363842 -0.031022344 0.007490761 0.003655054 0.999483943
1341846384.842025 0.007341440 0.050176390 0.338079304 -0.030753436 0.005691775 0.003536595 0.999504566
1341846384.874081 0.003893737 0.050050613 0.327838987 -0.031864692 0.004173322 0.004839407 0.999471784
1341846384.905998 0.005693139 0.052570920 0.325028062 -0.029408854 0.003476803 0.007960973 0.999529719
1341846384.942014 -0.002917520 0.050709471 0.312186539 -0.029738437 0.004817077 0.009724568 0.999498844
1341846384.974049 -0.001522977 0.052176103 0.305276096 -0.030791810 0.003722470 0.013635767 0.999425888
1341846385.009917 -0.002735964 0.050732791 0.300811589 -0.028688090 0.004131650 0.018447137 0.999409676
1341846385.042211 -0.008322914 0.058293018 0.285193175 -0.026848113 0.005306086 0.020230720 0.999420702
1341846385.073967 -0.009907098 0.056992698 0.281400234 -0.028710611 0.006218800 0.019226110 0.999383509
1341846385.110157 -0.011690067 0.051085968 0.271813422 -0.028456107 0.007532905 0.019575328 0.999374986
1341846385.141931 -0.020634096 0.044873353 0.266521871 -0.027462630 0.009152853 0.020173831 0.999377370
1341846385.173929 -0.027483342 0.041446418 0.258718103 -0.026703333 0.008057739 0.019665128 0.999417484
1341846385.210052 -0.026036581 0.044548132 0.249966785 -0.024844470 0.007237346 0.014738992 0.999556482
1341846385.242941 -0.032401774 0.042477783 0.244601727 -0.024150817 0.008375394 0.008788677 0.999634624
1341846385.278001 -0.036548957 0.041726612 0.238937750 -0.023825748 0.007585760 0.004933689 0.999675155
1341846385.311234 -0.040071517 0.034544069 0.230574802 -0.022490999 0.007077629 0.004275488 0.999712825
1341846385.342936 -0.045753118 0.036627676 0.221219584 -0.019040475 0.006006728 0.003103010 0.999795854
1341846385.378101 -0.052933436 0.041417312 0.210468054 -0.018079031 0.006462449 0.001105915 0.999815047
1341846385.410048 -0.061309423 0.038316682 0.207702488 -0.018755503 0.005960096 0.000610918 0.999806166
1341846385.442088 -0.068132371 0.044230036 0.198453337 -0.017429870 0.003607380 0.001794942 0.999839962
1341846385.477970 -0.077213898 0.042802285 0.191512078 -0.018334683 0.000933742 -0.000726151 0.999831200
1341846385.510109 -0.082497396 0.042741332 0.186209396 -0.018729657 -0.000839296 0.000072286 0.999824226
1341846385.545989 -0.087469429 0.050525814 0.180222794 -0.018446231 -0.004215854 0.001275919 0.999820173
1341846385.577939 -0.100816488 0.048502963 0.168954477 -0.019974528 -0.007951527 0.000206120 0.999768853
1341846385.609948 -0.105252542 0.044713430 0.169607431 -0.021201147 -0.010482879 0.001540325 0.999719083
1341846385.646024 -0.114609115 0.054907676 0.152855173 -0.020313671 -0.013837290 0.002446405 0.999694943
1341846385.678122 -0.120563298 0.058061648 0.149442151 -0.021768734 -0.020034304 0.004309929 0.999553025
1341846385.713966 -0.121588141 0.057486508 0.140722916 -0.022104522 -0.022986878 0.004131923 0.999482870
1341846385.745986 -0.127951026 0.058208413 0.133822069 -0.021226753 -0.022627516 0.004899613 0.999506593
1341846385.778024 -0.133659348 0.063625589 0.123654239 -0.020624220 -0.025167549 0.008043957 0.999438167
1341846385.814480 -0.132407412 0.064199463 0.119507499 -0.021231459 -0.026981400 0.007465960 0.999382555
1341846385.846594 -0.131637096 0.066102341 0.106093168 -0.021530850 -0.024641948 0.004694015 0.999453425
1341846385.884072 -0.143588617 0.069692008 0.102271870 -0.022095302 -0.021787247 0.006745045 0.999495685
1341846385.920282 -0.149871364 0.070811801 0.097714014 -0.022648934 -0.023521759 0.008315875 0.999432147
1341846385.951967 -0.146916777 0.069351122 0.073086761 -0.023098411 -0.021700319 0.005936467 0.999480069
1341846385.983828 -0.150903508 0.071728967 0.080696099 -0.022074074 -0.018127577 0.005352099 0.999577641
1341846386.019954 -0.161230788 0.071291603 0.075567767 -0.021854179 -0.017135007 0.007164320 0.999588668
1341846386.053153 -0.162751526 0.067834862 0.070497647 -0.020908730 -0.018797250 0.006812781 0.999581516
1341846386.087964 -0.157381296 0.071567982 0.057238512 -0.017453883 -0.017560797 0.003205909 0.999688327
1341846386.120298 -0.164492905 0.071511641 0.054223023 -0.016235499 -0.014216917 -0.000050826 0.999767125
1341846386.152323 -0.174648464 0.065204822 0.046580132 -0.014728170 -0.013668476 -0.000669550 0.999797881
1341846386.187922 -0.176269531 0.065391369 0.038237516 -0.011814211 -0.015114276 -0.003132987 0.999811113
1341846386.220214 -0.169455081 0.062021360 0.021675853 -0.010323144 -0.015476855 -0.008071747 0.999794364
1341846386.251878 -0.174907103 0.056568068 0.015144951 -0.007641168 -0.013277906 -0.011239082 0.999819517
1341846386.287926 -0.180847526 0.054330323 0.002673957 -0.005165087 -0.014888274 -0.011242431 0.999812663
1341846386.320048 -0.178392366 0.059206553 -0.007751239 -0.002111240 -0.016745374 -0.014155925 0.999757349
1341846386.351806 -0.177619055 0.060450304 -0.026113242 -0.000313372 -0.014300064 -0.019016605 0.999716878
1341846386.387904 -0.181861922 0.056100585 -0.040499482 0.001023378 -0.013311773 -0.019486779 0.999720991
1341846386.420158 -0.184513852 0.060416356 -0.051931202 0.003453750 -0.015389750 -0.018625902 0.999702156
1341846386.488011 -0.177142099 0.066890188 -0.091970764 0.004602954 -0.019754486 -0.020455435 0.999585032
1341846386.550203 -0.192316085 0.061590131 -0.123274937 0.006002992 -0.018581603 -0.020775232 0.999593496
1341846386.582265 -0.188008130 0.070412107 -0.146331578 0.007294017 -0.022425080 -0.018495847 0.999550819
1341846386.618055 -0.181645319 0.076017551 -0.158687904 0.007175949 -0.022808630 -0.020392237 0.999506116
1341846386.651032 -0.182567447 0.082769826 -0.180590644 0.006258822 -0.021201486 -0.021516709 0.999524057
1341846386.682220 -0.182914570 0.082968846 -0.197570086 0.003523437 -0.023059903 -0.019640481 0.999534965
1341846386.718071 -0.174962625 0.077078603 -0.208479464 0.002263517 -0.024482382 -0.017497580 0.999544561
1341846386.750071 -0.163876459 0.082567751 -0.226239800 0.004943476 -0.022717392 -0.016576812 0.999592304
1341846386.786100 -0.172743097 0.085521750 -0.241152167 0.005396598 -0.019303391 -0.013000433 0.999714613
1341846386.817967 -0.174615294 0.083831519 -0.247178212 0.005959539 -0.019873537 -0.011162214 0.999722421
1341846386.850155 -0.167517379 0.093405634 -0.263546228 0.007761553 -0.018801425 -0.011364987 0.999728560
1341846386.886034 -0.167955548 0.093601122 -0.275767297 0.007402848 -0.015730031 -0.009552238 0.999803245
1341846386.918050 -0.170975164 0.094913036 -0.292203903 0.007709168 -0.013762943 -0.005854605 0.999858439
1341846386.954005 -0.173258081 0.100055762 -0.304540485 0.008674314 -0.012592568 -0.004015680 0.999875009
1341846386.986155 -0.164398715 0.100160353 -0.322284251 0.008125509 -0.011627968 -0.003706343 0.999892533
1341846387.018027 -0.163115069 0.096278347 -0.329391748 0.007420683 -0.007165042 -0.001966163 0.999944866
1341846387.054058 -0.175398797 0.096980914 -0.344622493 0.009103540 -0.004354943 -0.000330965 0.999949038
1341846387.086157 -0.171197861 0.100969240 -0.354765296 0.010065430 -0.004738238 -0.000105675 0.999938130
1341846387.118350 -0.163197890 0.098196521 -0.365208268 0.010324574 -0.002324164 -0.001374344 0.999943078
1341846387.153927 -0.171942085 0.097969458 -0.378537834 0.011644521 0.000576286 -0.001504954 0.999930918
1341846387.185953 -0.178100407 0.109461151 -0.390333474 0.012321881 0.000048845 -0.001482708 0.999922991
1341846387.222042 -0.173052609 0.111906387 -0.398070782 0.010162794 -0.001128885 -0.003010952 0.999943197
1341846387.253968 -0.168458879 0.107270345 -0.409760088 0.008704556 0.000321551 -0.004616138 0.999951422
1341846387.286046 -0.178280786 0.112468049 -0.425277382 0.008063516 0.001364571 -0.003276385 0.999961138
1341846387.322002 -0.172050267 0.113985278 -0.433615237 0.006179584 -0.000282021 -0.002189570 0.999978483
1341846387.353879 -0.165867731 0.112633452 -0.442582548 0.004920779 0.000962187 -0.002601988 0.999984026
1341846387.386177 -0.174596190 0.110885963 -0.452600062 0.004565948 0.001957806 0.000187163 0.999987602
1341846387.422132 -0.169809952 0.113837160 -0.464296788 0.005122940 0.000039424 0.002929226 0.999982595
1341846387.454043 -0.159976974 0.118829407 -0.477841288 0.005615724 0.000679108 0.001354296 0.999983072
1341846387.490166 -0.171301410 0.119862631 -0.485561430 0.005001615 0.002469925 0.001582665 0.999983132
1341846387.522009 -0.170265242 0.117617004 -0.493234128 0.005006963 0.000126032 0.006623223 0.999965549
1341846387.554619 -0.163634658 0.124430574 -0.504357517 0.005883440 -0.000790232 0.007325451 0.999955535
1341846387.590257 -0.160871372 0.135084853 -0.516209602 0.004847233 -0.000012245 0.006827814 0.999964952
1341846387.622301 -0.161277309 0.132463992 -0.521590889 0.001467386 0.001321024 0.007769197 0.999967873
1341846387.654151 -0.169294819 0.131224036 -0.526685715 -0.000341394 0.001560811 0.007846425 0.999967933
1341846387.690110 -0.168586969 0.137374774 -0.537286878 -0.001016376 -0.000678557 0.006696221 0.999976814
1341846387.722109 -0.166191012 0.139181778 -0.542375624 -0.003233601 -0.001848844 0.006328739 0.999972999
1341846387.758177 -0.168330535 0.133319065 -0.549826026 -0.005173543 -0.002306817 0.007235609 0.999957740
1341846387.790191 -0.174234495 0.133677974 -0.555010796 -0.004643316 -0.003652432 0.010224356 0.999930263
1341846387.822157 -0.169438303 0.139484584 -0.565062046 -0.003491115 -0.006148783 0.010616783 0.999918640
1341846387.858179 -0.173206255 0.142846540 -0.572088778 -0.004030771 -0.006949042 0.014433498 0.999863505
1341846387.890013 -0.175314888 0.142529264 -0.576087117 -0.004214163 -0.009465038 0.015386778 0.999827921
1341846387.926103 -0.168557659 0.146675929 -0.582967043 -0.003862672 -0.011106266 0.015226491 0.999814928
1341846387.958426 -0.174432769 0.145482644 -0.587887168 -0.004905706 -0.011249113 0.018086843 0.999761105
1341846387.990086 -0.180156544 0.146994054 -0.593018711 -0.005402415 -0.013127853 0.019101413 0.999716759
1341846388.026158 -0.172099307 0.136498362 -0.579501808 -0.004836075 -0.017637663 0.018411117 0.999663234
1341846388.058060 -0.170947313 0.135918707 -0.577389657 0.000206085 -0.019386416 0.024634451 0.999508500
1341846388.089974 -0.172904313 0.137956411 -0.575610042 0.005403520 -0.022137333 0.029180709 0.999314368
1341846388.126088 -0.165890127 0.152230814 -0.584004343 0.008496192 -0.024416288 0.028235592 0.999266922
1341846388.158090 -0.156471908 0.171503454 -0.591587424 0.006835573 -0.023213200 0.025005883 0.999394417
1341846388.194068 -0.162721187 0.157969400 -0.572691500 0.001244355 -0.020376638 0.021393403 0.999562681
1341846388.225961 -0.163164943 0.152145982 -0.566961825 0.000148375 -0.021194551 0.019686121 0.999581516
1341846388.257928 -0.158867046 0.162408441 -0.562190711 -0.000221067 -0.021474218 0.020544132 0.999558270
1341846388.294066 -0.162514701 0.146799535 -0.550444186 -0.002282617 -0.021277471 0.021021549 0.999549985
1341846388.325954 -0.157318994 0.155046478 -0.547158897 -0.000533843 -0.022042761 0.018918270 0.999577880
1341846388.357936 -0.154009610 0.154343158 -0.540612638 -0.002353832 -0.020737503 0.017385947 0.999631047
1341846388.394202 -0.162109196 0.146298066 -0.527573049 -0.004066699 -0.020563742 0.015607219 0.999658465
1341846388.425957 -0.153770700 0.149398610 -0.529712975 -0.003915860 -0.021988470 0.012910750 0.999667168
1341846388.462012 -0.153880656 0.145976245 -0.511638999 -0.005111251 -0.019769747 0.010312287 0.999738276
1341846388.493961 -0.156354338 0.137220174 -0.489354193 -0.004678423 -0.020690929 0.009954876 0.999725401
1341846388.526293 -0.151332140 0.135695711 -0.487970889 -0.003159297 -0.022920243 0.010508100 0.999677062
1341846388.562293 -0.146285698 0.133952796 -0.477263361 -0.001545789 -0.021337846 0.008305955 0.999736607
1341846388.594090 -0.149865031 0.135063589 -0.466062039 -0.000681545 -0.019424375 0.007692564 0.999781489
1341846388.626030 -0.149433732 0.133248851 -0.448072493 -0.000837091 -0.020185698 0.006977308 0.999771535
1341846388.662009 -0.142252028 0.124800086 -0.435799062 0.000102740 -0.019585205 0.004586551 0.999797642
1341846388.694110 -0.145681530 0.131423533 -0.423888117 0.002257256 -0.018266657 0.004531490 0.999820352
1341846388.730239 -0.146736428 0.126430288 -0.414450228 0.000050051 -0.019095238 0.003934954 0.999809921
1341846388.762131 -0.136794299 0.114930615 -0.395615429 -0.000465988 -0.018492524 0.000988667 0.999828398
1341846388.794087 -0.142907143 0.124499410 -0.386652887 0.001441823 -0.015933603 0.001359636 0.999871075
1341846388.830117 -0.148006156 0.127746373 -0.360337883 -0.000423275 -0.016764436 0.002907467 0.999855161
1341846388.868548 -0.138375342 0.110558778 -0.362301886 -0.002069726 -0.017982999 0.003325052 0.999830604
1341846388.900942 -0.142645240 0.119828753 -0.345676214 -0.000789644 -0.016021088 0.002942175 0.999867022
1341846388.937157 -0.144632787 0.126053527 -0.319328994 -0.003380118 -0.017434487 0.003339226 0.999836743
1341846388.970712 -0.140350342 0.112207517 -0.298385710 -0.006128698 -0.018021345 0.003152617 0.999813855
1341846389.001153 -0.140269488 0.119175047 -0.283314228 -0.004918202 -0.017646756 0.001168006 0.999831498
1341846389.036956 -0.144109830 0.117859267 -0.276752204 -0.007930763 -0.018115604 0.001554500 0.999803245
1341846389.069208 -0.141569167 0.103854194 -0.250794321 -0.011269193 -0.018708106 0.000723229 0.999761224
1341846389.168276 -0.142662346 0.088739425 -0.221612290 -0.012571724 -0.017978821 0.002098053 0.999757171
1341846389.230639 -0.151441693 0.090168081 -0.184270501 -0.008823952 -0.016624654 0.003443319 0.999816954
1341846389.266034 -0.147220075 0.088084489 -0.169186339 -0.007776157 -0.018585458 0.002064046 0.999794900
1341846389.298760 -0.140033975 0.086761750 -0.157669067 -0.006233379 -0.016517248 -0.000149728 0.999844134
1341846389.329980 -0.145916343 0.087643109 -0.139785662 -0.004521652 -0.014366557 0.000733915 0.999886274
1341846389.366022 -0.140748948 0.087363780 -0.129163191 -0.004334410 -0.015147946 0.001436572 0.999874830
1341846389.397969 -0.134154305 0.080038823 -0.117237628 -0.004197716 -0.012753137 0.000921733 0.999909461
1341846389.433982 -0.137057170 0.083422914 -0.104090504 -0.000613829 -0.008457351 0.001510316 0.999962926
1341846389.466033 -0.139461920 0.086798348 -0.093726374 -0.000864749 -0.007693587 0.003878592 0.999962509
1341846389.498030 -0.135755345 0.083193958 -0.077460825 -0.001580990 -0.008106242 0.003200274 0.999960780
1341846389.534085 -0.126680285 0.086104847 -0.071444489 -0.000834146 -0.006001432 0.002017882 0.999979615
1341846389.565875 -0.133253291 0.092476629 -0.062606707 -0.002526553 -0.003415839 0.001252494 0.999990165
1341846389.597960 -0.132002279 0.087040007 -0.045369543 -0.007250636 -0.004674048 0.002352031 0.999960005
1341846389.634116 -0.126383170 0.085717894 -0.034327075 -0.008393200 -0.005744949 0.001840463 0.999946594
1341846389.665950 -0.124151826 0.099782027 -0.022087920 -0.009524697 -0.004456945 -0.001209517 0.999943972
1341846389.702127 -0.124575637 0.087731518 -0.004146767 -0.015238916 -0.003704238 -0.002807394 0.999873102
1341846389.734086 -0.123035900 0.085823067 0.012386151 -0.014666066 -0.005239502 -0.001666483 0.999877334
1341846389.765898 -0.119616948 0.091447078 0.019507224 -0.014164713 -0.006043984 -0.001947872 0.999879539
1341846389.802126 -0.115179785 0.087732561 0.032902405 -0.015781108 -0.006354482 -0.002703971 0.999851644
1341846389.834063 -0.111776918 0.083541244 0.042588532 -0.014467383 -0.006410259 -0.001379193 0.999873817
1341846389.866260 -0.110841863 0.081554413 0.056627110 -0.012059100 -0.006728407 0.002372223 0.999901831
1341846389.902002 -0.106706351 0.083222441 0.062826961 -0.010560356 -0.008122439 0.002283467 0.999908626
1341846389.934117 -0.100427270 0.083677478 0.066836104 -0.009615906 -0.006475236 -0.000077073 0.999932766
1341846389.970116 -0.098053567 0.082772046 0.080004930 -0.009539505 -0.004444718 -0.000060987 0.999944627
1341846390.002129 -0.101853125 0.081172563 0.090218127 -0.009932409 -0.005860063 0.002261816 0.999930918
1341846390.034099 -0.095984928 0.081734851 0.097116522 -0.008698787 -0.008831192 0.001131913 0.999922514
1341846390.070024 -0.089204438 0.084871508 0.105200440 -0.008005640 -0.008280696 -0.002186609 0.999931276
1341846390.101910 -0.090101741 0.081972383 0.115725949 -0.009537922 -0.008264014 -0.003028016 0.999915779
1341846390.137924 -0.084508918 0.077816620 0.123449326 -0.008736389 -0.010915641 -0.001995385 0.999900281
1341846390.170038 -0.077562876 0.083294749 0.121462010 -0.006720433 -0.010932850 -0.002599041 0.999914289
1341846390.202115 -0.076849081 0.086353965 0.133300439 -0.009291496 -0.009551446 -0.004948355 0.999898970
1341846390.238117 -0.074811444 0.079071291 0.146813527 -0.010552844 -0.010774640 -0.003063150 0.999881566
1341846390.270052 -0.069867715 0.083150804 0.148239359 -0.009501003 -0.013959729 0.002711059 0.999853730
1341846390.302085 -0.060685258 0.085594930 0.155023322 -0.010638722 -0.015049666 0.004998456 0.999817669
1341846390.338496 -0.052528992 0.080029830 0.165938020 -0.011350233 -0.014065562 0.007120966 0.999811292
1341846390.370105 -0.057994232 0.081813313 0.173895165 -0.011021187 -0.015093573 0.011840827 0.999755204
1341846390.438106 -0.045686487 0.083141945 0.188625842 -0.015911831 -0.021558918 0.009214154 0.999598503
1341846390.505984 -0.039944902 0.089928091 0.211030632 -0.019945389 -0.030234795 0.013127019 0.999257565
1341846390.538495 -0.028997147 0.087104768 0.211525500 -0.021354834 -0.032701004 0.009195747 0.999194682
1341846390.606055 -0.022883978 0.088935800 0.235842735 -0.024229690 -0.035709038 0.016509686 0.998932064
1341846390.638031 -0.013032001 0.092469543 0.233718410 -0.023361834 -0.038343031 0.017588304 0.998836696
1341846390.673954 -0.001645144 0.098572314 0.237707525 -0.022752795 -0.036228999 0.015120334 0.998970032
1341846390.705937 -0.005610671 0.106247716 0.246438444 -0.025051009 -0.034219939 0.014160366 0.998999953
1341846390.737965 0.001111881 0.097707242 0.256378561 -0.028630933 -0.036046900 0.013476836 0.998848975
1341846390.774135 0.014888360 0.100873619 0.257770807 -0.026131855 -0.035392720 0.013768396 0.998936892
1341846390.806067 0.019060656 0.108980492 0.269219756 -0.025459884 -0.031313829 0.014698463 0.999077141
1341846390.838026 0.018256007 0.110389963 0.277360439 -0.027265806 -0.030249283 0.016492145 0.999034345
1341846390.874116 0.030371146 0.114578143 0.284957051 -0.027836991 -0.031546891 0.018384622 0.998945415
1341846390.906067 0.027840594 0.113987885 0.284599751 -0.029973540 -0.028891029 0.020893354 0.998914599
1341846390.942137 0.028961824 0.112801544 0.285719037 -0.032678850 -0.028746629 0.025523087 0.998726308
1341846390.974052 0.030034378 0.107049949 0.296251595 -0.032250885 -0.030025575 0.030272771 0.998569906
1341846391.006164 0.029920248 0.119697399 0.291545212 -0.029102424 -0.031407777 0.031726446 0.998579025
1341846391.042303 0.038216434 0.114061914 0.293549418 -0.032488883 -0.033347309 0.029646400 0.998475611
1341846391.074134 0.036402702 0.109395400 0.296223313 -0.032963753 -0.033937335 0.026563134 0.998526931
1341846391.106097 0.036163036 0.112972200 0.295459926 -0.031982280 -0.036098104 0.026706498 0.998479247
1341846391.142154 0.041503303 0.109648734 0.296220213 -0.033072665 -0.039003812 0.029218687 0.998264074
1341846391.174124 0.042523853 0.110066131 0.291063964 -0.032768678 -0.039471556 0.029744415 0.998240232
1341846391.209961 0.042159896 0.109883502 0.288432717 -0.032604214 -0.038640842 0.030585075 0.998252690
1341846391.241977 0.042150088 0.103364006 0.295763642 -0.032745164 -0.040541355 0.033560812 0.998077035
1341846391.273984 0.040098112 0.106266119 0.285736591 -0.030496869 -0.041548386 0.032876242 0.998129666
1341846391.309946 0.042987686 0.105088711 0.282807469 -0.029927002 -0.041098066 0.031114476 0.998222053
1341846391.342018 0.033024959 0.099528976 0.281328589 -0.030695667 -0.041040868 0.030287957 0.998226464
1341846391.378060 0.037017941 0.104276590 0.283002913 -0.029366408 -0.044874914 0.028097702 0.998165488
1341846391.410037 0.045877457 0.103167534 0.281008691 -0.029668335 -0.046649076 0.024974752 0.998158276
1341846391.442052 0.044879492 0.094711922 0.278677046 -0.029984990 -0.045787126 0.027224774 0.998129904
1341846391.478040 0.038761925 0.098240949 0.275556296 -0.027853146 -0.046584647 0.031832572 0.998018384
1341846391.510072 0.039748546 0.102851041 0.270602882 -0.027422454 -0.048614755 0.033738818 0.997870862
1341846391.542159 0.038954701 0.104691319 0.269683033 -0.027893830 -0.047463384 0.032477420 0.997955084
1341846391.578010 0.040593445 0.102169767 0.276117295 -0.027906671 -0.047223259 0.033551361 0.997930586
1341846391.610169 0.038888786 0.096817888 0.278088540 -0.027790498 -0.048468281 0.036020245 0.997788072
1341846391.645942 0.039092168 0.095527142 0.273921758 -0.026521178 -0.050449703 0.037036009 0.997687221
1341846391.677959 0.040050320 0.095453180 0.273469567 -0.025346663 -0.050573155 0.035599116 0.997763813
1341846391.710022 0.035402838 0.092139289 0.272417367 -0.024046924 -0.050631121 0.036846563 0.997747719
1341846391.745846 0.032259576 0.089449368 0.272593498 -0.021945294 -0.052506361 0.036389261 0.997716069
1341846391.778020 0.036079608 0.087214060 0.269225448 -0.020309942 -0.053212713 0.034624055 0.997776091
1341846391.810026 0.033382244 0.082017049 0.269167662 -0.019011380 -0.052515801 0.035207849 0.997818172
1341846391.846013 0.034430828 0.077066183 0.265653878 -0.017624130 -0.053497884 0.037208043 0.997718871
1341846391.877984 0.033830013 0.078092642 0.264532715 -0.014338007 -0.053115137 0.038255468 0.997752309
1341846391.914033 0.033550639 0.080134772 0.270802975 -0.012278541 -0.052267220 0.038725410 0.997806489
1341846391.945996 0.032160670 0.076062426 0.264643997 -0.011446861 -0.052789491 0.039215397 0.997769713
1341846391.978037 0.032642372 0.076669075 0.259361595 -0.011166910 -0.053043753 0.037620991 0.997820795
1341846392.014187 0.033881024 0.077989362 0.267388612 -0.010285436 -0.052431926 0.035243332 0.997949421
1341846392.046054 0.032366492 0.077551216 0.264173239 -0.009036096 -0.052547287 0.035607576 0.997942507
1341846392.078061 0.030110266 0.080675058 0.259546310 -0.008315102 -0.052737743 0.036582682 0.997903466
1341846392.114010 0.032179192 0.077458858 0.259812027 -0.009127792 -0.053177949 0.036277346 0.997884154
1341846392.145989 0.033932351 0.078273594 0.259657770 -0.008684948 -0.053308278 0.034867138 0.997931421
1341846392.181959 0.025509618 0.083127439 0.256965816 -0.009433032 -0.054040708 0.034494311 0.997898161
1341846392.213917 0.034708064 0.079371646 0.255713344 -0.011060138 -0.057669539 0.032477267 0.997746050
1341846392.246105 0.038549576 0.082393117 0.255662978 -0.009134070 -0.055803683 0.027065381 0.998033047
1341846392.282032 0.037270073 0.082690090 0.261539906 -0.009366348 -0.055109031 0.027430160 0.998059571
1341846392.314025 0.037747987 0.075255029 0.256608665 -0.009369783 -0.057518795 0.030422637 0.997836769
1341846392.349981 0.045563333 0.081714220 0.252666950 -0.006030917 -0.058218498 0.031197101 0.997798085
1341846392.382103 0.042846985 0.081874572 0.255867630 -0.005586913 -0.055847801 0.031556226 0.997924864
1341846392.414056 0.039949186 0.081477903 0.255231947 -0.005353407 -0.055919763 0.032887828 0.997879088
1341846392.450136 0.046487685 0.076617725 0.253593087 -0.004471260 -0.057379294 0.037623778 0.997633278
1341846392.482091 0.045446515 0.073411137 0.254299581 -0.002431504 -0.057290375 0.038842380 0.997598708
1341846392.514096 0.046128187 0.077849105 0.242778003 -0.000815730 -0.057178069 0.038049269 0.997638345
1341846392.550030 0.048198018 0.073817439 0.249902382 -0.001357928 -0.057963844 0.038851652 0.997561514
1341846392.582053 0.045024402 0.068051897 0.238212764 -0.000570935 -0.058572810 0.041045155 0.997438788
1341846392.617983 0.048656743 0.068327501 0.240337372 0.001329621 -0.059499767 0.042839307 0.997307777
1341846392.649909 0.051118653 0.066235125 0.238308191 0.002298455 -0.059362743 0.040703334 0.997403681
1341846392.682128 0.050210893 0.064421199 0.242310122 0.002980179 -0.059594497 0.039160941 0.997449756
1341846392.718019 0.048420936 0.059667896 0.241258934 0.004094891 -0.061433777 0.041988935 0.997219205
1341846392.749829 0.051567916 0.059484430 0.239442825 0.006103006 -0.063362300 0.042076305 0.997084558
1341846392.782107 0.054050021 0.061301086 0.243102983 0.006929660 -0.063577898 0.041521620 0.997088671
1341846392.818251 0.052443963 0.059168916 0.244297624 0.007024751 -0.062809393 0.042336278 0.997102439
1341846392.852165 0.054463468 0.055958409 0.246712819 0.008688346 -0.063695945 0.042958252 0.997006476
1341846392.885913 0.057235386 0.054930385 0.243403599 0.009759764 -0.063207380 0.040987343 0.997110605
1341846392.917882 0.059523735 0.052406881 0.239232525 0.010822684 -0.062121294 0.041300301 0.997155011
1341846392.950023 0.058132313 0.051799402 0.246202603 0.012826362 -0.061458316 0.041703921 0.997155547
