1341846361.788774 0.000000000 0.000000000 0.000000000 0.000000000 0.000000000 0.000000000 1.000000000
1341846361.824112 -0.013116650 0.000809802 0.008847577 -0.002257663 0.003745682 -0.004848195 0.999978662
1341846361.856016 -0.020115577 0.021033579 0.013518142 -0.006199147 0.004303346 -0.006830751 0.999948204
1341846361.887871 -0.032164827 0.002915107 0.022891071 -0.015706507 0.007968484 -0.014999333 0.999732375
1341846361.923930 -0.051789220 -0.013918075 0.030645071 -0.017427027 0.012458350 -0.012177998 0.999696314
1341846361.955927 -0.064690500 -0.011564540 0.027305109 -0.011260710 0.011269975 -0.005206199 0.999859512
1341846361.991999 -0.072329894 -0.019399783 0.040533602 -0.009007880 0.006302701 0.000941469 0.999939144
1341846362.023994 -0.069847360 -0.016559226 0.046095207 -0.004685195 0.003035432 0.002295413 0.999981761
1341846362.056118 -0.075857639 -0.004361209 0.044269424 -0.001525051 0.003446616 0.004388006 0.999983251
1341846362.091992 -0.093526557 -0.005384548 0.047626995 -0.002925525 0.004378764 0.004052912 0.999977887
1341846362.123929 -0.099783421 -0.016010845 0.053683430 -0.004022645 0.003201206 0.005300703 0.999972701
1341846362.156058 -0.106053226 -0.021493955 0.052896518 -0.000920232 0.002970774 0.008081223 0.999962509
1341846362.191987 -0.125370279 -0.024108334 0.057503596 0.001638828 0.003841341 0.009861153 0.999942660
1341846362.224138 -0.134578913 -0.031406894 0.063637726 0.005026578 0.002569027 0.012533831 0.999905527
1341846362.260011 -0.134602442 -0.026680058 0.063276581 0.010530620 0.003559383 0.012264823 0.999863029
1341846362.291979 -0.142082885 -0.027842484 0.056175716 0.012929777 0.007329334 0.011877491 0.999819040
1341846362.323947 -0.157913879 -0.030135820 0.061007317 0.015027088 0.011247777 0.009980557 0.999774039
1341846362.359889 -0.163020641 -0.026806980 0.063251100 0.017518502 0.014359712 0.007758203 0.999713302
1341846362.392021 -0.178335637 -0.027593235 0.051179934 0.018574107 0.020292923 0.008243598 0.999587536
1341846362.423868 -0.193947494 -0.028014757 0.059814677 0.020050472 0.023417955 0.009052974 0.999483705
1341846362.459968 -0.206343725 -0.030835958 0.060848754 0.022920851 0.024976136 0.009816548 0.999377072
1341846362.491924 -0.219959885 -0.035001941 0.070390061 0.024192410 0.024600383 0.012638609 0.999324739
1341846362.523976 -0.224931672 -0.031186724 0.059546586 0.026520792 0.024305252 0.014647603 0.999245405
1341846362.559933 -0.234692350 -0.034161590 0.062437680 0.028326306 0.025568483 0.015873643 0.999145627
1341846362.592338 -0.251641840 -0.033023376 0.076005839 0.029452207 0.026599683 0.016629634 0.999073803
1341846362.628177 -0.258958608 -0.031387910 0.074544549 0.029214641 0.025626341 0.017037954 0.999099374
1341846362.660128 -0.270335138 -0.032666683 0.073936023 0.028475540 0.026201338 0.015892394 0.999124646
1341846362.691901 -0.282997876 -0.031956393 0.072549053 0.027094984 0.024928851 0.014745154 0.999213219
1341846362.727993 -0.292768478 -0.039038863 0.069854796 0.024816861 0.021547286 0.013878278 0.999363422
1341846362.759942 -0.299151599 -0.039958078 0.070031248 0.024473229 0.018996889 0.012087472 0.999446869
1341846362.792002 -0.309296668 -0.033530559 0.056358077 0.024680454 0.018019898 0.009012538 0.999492347
1341846362.827965 -0.319942176 -0.035472874 0.057604142 0.023166567 0.016116386 0.006425736 0.999581039
1341846362.859959 -0.324523717 -0.038942046 0.056455690 0.022416895 0.014627596 0.003758383 0.999634624
1341846362.891861 -0.330242693 -0.037284508 0.061549809 0.023100680 0.014103909 0.003511093 0.999627471
1341846362.928098 -0.338295966 -0.043636646 0.059112500 0.022468643 0.012021647 0.004555747 0.999664903
1341846362.959894 -0.342614442 -0.047535989 0.065297693 0.025134858 0.010960316 0.006496693 0.999602854
1341846362.995909 -0.354819089 -0.050322663 0.065616004 0.028340193 0.009895552 0.009811452 0.999501228
1341846363.028072 -0.361162126 -0.052376784 0.084066980 0.030796599 0.007736265 0.010958685 0.999435663
1341846363.059896 -0.363126516 -0.057231467 0.084233135 0.035184678 0.008020479 0.008777860 0.999310076
1341846363.096102 -0.374084353 -0.047139242 0.080304101 0.039228361 0.011214421 0.006801197 0.999144197
1341846363.127992 -0.384210825 -0.047602423 0.080813862 0.038335811 0.012969872 0.003356447 0.999175072
1341846363.159870 -0.381549895 -0.055829983 0.079339430 0.038850978 0.015079243 0.001020196 0.999130726
1341846363.195966 -0.397470683 -0.054677498 0.090167671 0.041680161 0.020038383 0.003114286 0.998925149
1341846363.227902 -0.412113696 -0.058669306 0.093527935 0.043240041 0.018625373 0.007395284 0.998863697
1341846363.259977 -0.411915541 -0.058244433 0.086066112 0.046128813 0.015999807 0.011158562 0.998745024
1341846363.296031 -0.419224322 -0.052825049 0.085155725 0.050532214 0.018557427 0.013944233 0.998452663
1341846363.328065 -0.433829337 -0.048746292 0.080929540 0.051360801 0.019271705 0.016526761 0.998357415
1341846363.364023 -0.440856695 -0.051823795 0.086153664 0.049570460 0.015235163 0.019151175 0.998470783
1341846363.395985 -0.451033115 -0.054002225 0.084508367 0.048781086 0.011339594 0.018764591 0.998568833
1341846363.427955 -0.457561344 -0.053621490 0.081987470 0.048235238 0.008087651 0.016150260 0.998672664
1341846363.463979 -0.476179719 -0.050713908 0.074221306 0.046473358 0.005918325 0.015331748 0.998784304
1341846363.495986 -0.483797044 -0.049414590 0.073652714 0.044749811 0.001631342 0.017988803 0.998834908
1341846363.527941 -0.481581688 -0.046738867 0.086906455 0.042832803 -0.001932361 0.020480661 0.998870432
1341846363.564057 -0.486400515 -0.043089435 0.088674687 0.039233182 -0.004106090 0.024264310 0.998926997
1341846363.596025 -0.493984818 -0.054449029 0.102091014 0.034621753 -0.007950028 0.028173478 0.998971701
1341846363.632058 -0.493313998 -0.063650906 0.103741154 0.034874540 -0.015763875 0.032853272 0.998727143
1341846363.663931 -0.498178214 -0.057051595 0.097159751 0.036803290 -0.017541783 0.030692553 0.998697042
1341846363.695998 -0.507849693 -0.050469454 0.105351955 0.036011618 -0.018832421 0.025290651 0.998853803
1341846363.732007 -0.512464404 -0.054922778 0.102131523 0.033091672 -0.024181375 0.018583536 0.998986900
1341846363.794060 -0.511905015 -0.056420840 0.100515842 0.036547992 -0.037409451 0.021653360 0.998396695
1341846363.826406 -0.498500049 -0.049558200 0.101165131 0.037872825 -0.040612042 0.019490646 0.998266697
1341846363.861897 -0.490938932 -0.048787683 0.098045453 0.038954940 -0.040760085 0.018183671 0.998243690
1341846363.893984 -0.489849925 -0.043586612 0.092541263 0.039364092 -0.039995924 0.017207034 0.998275876
1341846363.926076 -0.477462739 -0.040614363 0.097991019 0.037387468 -0.040617362 0.017278265 0.998325527
1341846363.962090 -0.469650298 -0.039379332 0.097410724 0.036099292 -0.039176326 0.018747391 0.998403966
1341846363.994287 -0.472813278 -0.042853449 0.085394055 0.035168778 -0.037629660 0.020808816 0.998455882
1341846364.025993 -0.457821637 -0.042475455 0.091647908 0.034200024 -0.037994478 0.021981059 0.998450577
1341846364.061809 -0.444960117 -0.043913975 0.087106518 0.032589260 -0.035943463 0.021714173 0.998586237
1341846364.094209 -0.434464157 -0.054498430 0.087518997 0.031949490 -0.033685278 0.021697547 0.998686016
1341846364.130022 -0.427399814 -0.054728135 0.091076881 0.033803079 -0.033505049 0.021956820 0.998625398
1341846364.162231 -0.413189441 -0.064767309 0.094690315 0.036246434 -0.035853114 0.021401292 0.998470187
1341846364.194049 -0.395772189 -0.068833426 0.075074926 0.040784702 -0.037563130 0.018156338 0.998296559
1341846364.230023 -0.387146115 -0.064200863 0.086155556 0.044149645 -0.038865086 0.016160736 0.998137832
1341846364.262044 -0.359426677 -0.071652748 0.081606813 0.048048720 -0.040233500 0.013430515 0.997943997
1341846364.294059 -0.358445555 -0.057688091 0.073927887 0.052786417 -0.035193920 0.008927916 0.997945547
1341846364.330003 -0.344621092 -0.057400823 0.075308554 0.051875670 -0.032233801 0.007581403 0.998104453
1341846364.362052 -0.323252171 -0.060840622 0.078229837 0.051211018 -0.029906655 0.006678010 0.998217642
1341846364.397902 -0.307471007 -0.065660447 0.074183546 0.052071281 -0.023727294 0.004546614 0.998351097
1341846364.430108 -0.301970214 -0.060296211 0.076143011 0.052615877 -0.018903432 0.003954323 0.998428047
1341846364.462063 -0.289290011 -0.060981147 0.063840009 0.051911149 -0.015535910 0.001931298 0.998528957
1341846364.498091 -0.276349097 -0.059847843 0.074669518 0.052065071 -0.010920226 -0.000602137 0.998583794
1341846364.530058 -0.263806939 -0.066133387 0.077209830 0.050799012 -0.008110830 -0.002304193 0.998673260
1341846364.561952 -0.250418454 -0.063626781 0.076069698 0.051374175 -0.004892070 -0.006684361 0.998645127
1341846364.597928 -0.237866729 -0.062239315 0.071251914 0.049917061 -0.001408914 -0.009215054 0.998709857
1341846364.629950 -0.226364017 -0.071516730 0.073661186 0.048417870 0.000480726 -0.008860528 0.998787761
1341846364.665991 -0.221970305 -0.071994722 0.059693646 0.049690351 0.000346047 -0.006672304 0.998742342
1341846364.698004 -0.213391006 -0.068515524 0.062124707 0.050101738 -0.001699941 -0.005758610 0.998726070
1341846364.730097 -0.199625194 -0.075484164 0.061488230 0.049885307 -0.002804637 -0.004991204 0.998738527
1341846364.766057 -0.191405103 -0.073617406 0.055218894 0.051608294 -0.001646637 -0.004398063 0.998656332
1341846364.798632 -0.179001689 -0.063218072 0.041310579 0.051543597 -0.002121779 -0.004736094 0.998657286
1341846364.833901 -0.156407729 -0.074759260 0.042646132 0.049745340 -0.001076162 -0.006650827 0.998739183
1341846364.865923 -0.151727021 -0.072138108 0.036761712 0.050796352 0.002946483 -0.009201672 0.998662293
1341846364.897970 -0.149379745 -0.072434314 0.036844771 0.050472848 0.001931897 -0.006598250 0.998701751
1341846364.934019 -0.130239233 -0.074315667 0.026790742 0.050190195 -0.001055252 -0.004512263 0.998728931
1341846364.966047 -0.111572281 -0.066151410 0.023972087 0.051469062 0.000562899 -0.006546808 0.998652995
1341846364.998055 -0.102518179 -0.061153408 0.022361282 0.048441119 0.002228617 -0.006595147 0.998801768
1341846365.034125 -0.095524862 -0.060782600 0.019385237 0.041964054 0.000231837 -0.003404936 0.999113262
1341846365.066106 -0.082802273 -0.066196933 0.017466171 0.037702508 -0.002159553 -0.006198035 0.999267459
1341846365.101953 -0.058136608 -0.064106472 0.002041388 0.036329590 0.000000639 -0.012838674 0.999257386
1341846365.133922 -0.049374063 -0.061538056 0.008492869 0.033926938 0.005966633 -0.021395855 0.999177456
1341846365.165953 -0.042360771 -0.064143509 0.015870484 0.030871632 0.008854367 -0.023200221 0.999214828
1341846365.201856 -0.026569016 -0.073181756 0.027139120 0.030037239 0.010603457 -0.025682326 0.999162555
1341846365.234093 0.005600753 -0.071758427 0.055893168 0.032311253 0.013954356 -0.024985459 0.999068081
1341846365.266094 -0.002206761 -0.081876494 0.022747196 0.035454523 0.022427121 -0.021051727 0.998897791
1341846365.302078 0.003336523 -0.080254488 0.022230754 0.041781619 0.027103255 -0.017147608 0.998611867
1341846365.334027 0.027608566 -0.082485206 0.012261036 0.045768607 0.029522900 -0.014232458 0.998414278
1341846365.369945 0.053299528 -0.080763571 -0.003533930 0.048387762 0.034520864 -0.011401074 0.998166740
1341846365.401963 0.050984453 -0.075834513 0.000276175 0.050390963 0.040975109 -0.010401271 0.997834444
1341846365.434082 0.068190113 -0.071836263 -0.010702366 0.050371893 0.044172179 -0.012143072 0.997679293
1341846365.469939 0.082902655 -0.048189364 -0.012974668 0.048522729 0.050749786 -0.016711846 0.997391939
1341846365.502100 0.074388579 -0.067216367 0.020847347 0.039523657 0.056878570 -0.016562965 0.997460961
1341846365.533844 0.073328316 -0.077088021 0.033764701 0.037027832 0.057268500 -0.012422593 0.997594595
1341846365.569876 0.095259897 -0.080467619 -0.004197303 0.037725624 0.054364484 -0.006245094 0.997788668
1341846365.601930 0.108678624 -0.071740121 -0.014179310 0.037387829 0.053212769 -0.002595034 0.997879624
1341846365.637899 0.128307074 -0.079694875 -0.006116692 0.035275612 0.052202068 0.001336889 0.998012424
1341846365.669890 0.136557937 -0.074563436 -0.004975169 0.035376713 0.052809361 0.003079530 0.997973025
1341846365.701977 0.150269687 -0.067400761 -0.000453271 0.032949343 0.051621139 0.003817308 0.998115718
1341846365.738098 0.157297343 -0.079616211 0.001515480 0.031727061 0.054775700 0.001245974 0.997993708
1341846365.770026 0.164775774 -0.082692549 0.000142209 0.033635426 0.056635916 0.002041963 0.997826040
1341846365.805834 0.169137165 -0.082565010 -0.000521192 0.036198340 0.054992385 0.005248491 0.997816622
1341846365.837937 0.178679630 -0.078857504 -0.010235080 0.038193535 0.052219313 0.006747161 0.997882187
1341846365.869952 0.189579710 -0.073679030 -0.018504666 0.040705796 0.052354556 0.005606697 0.997782826
1341846365.906411 0.198263451 -0.063092820 -0.019653538 0.040340960 0.051237613 0.005228642 0.997857690
1341846365.938000 0.207870886 -0.072923630 -0.009484881 0.036810715 0.050265409 0.008431801 0.998021722
1341846365.970022 0.215849057 -0.078879759 -0.014150143 0.038190071 0.049856231 0.012456549 0.997948289
1341846366.006126 0.229542002 -0.073913209 -0.013205008 0.040260326 0.048646089 0.018402169 0.997834682
1341846366.043876 0.234711081 -0.069389395 -0.008608163 0.040576112 0.049719971 0.021782229 0.997700930
1341846366.076490 0.248371333 -0.061580811 -0.015265855 0.039850660 0.050911501 0.025017021 0.997594178
1341846366.111888 0.264209300 -0.054540705 -0.022358464 0.036657382 0.054446362 0.026095193 0.997502327
1341846366.143907 0.271541774 -0.048830204 -0.015493621 0.032246750 0.059211999 0.028882004 0.997306347
1341846366.176044 0.279362291 -0.053855468 -0.004397193 0.027605059 0.061028283 0.033969536 0.997175813
1341846366.212022 0.281652719 -0.053727701 -0.004922310 0.026010947 0.061818656 0.038516346 0.997004688
1341846366.243981 0.297376841 -0.046813641 -0.012279405 0.025457900 0.062721871 0.040735666 0.996874332
1341846366.280032 0.293711811 -0.040662933 -0.007606097 0.022986535 0.065325491 0.040549364 0.996774793
1341846366.344115 0.320790946 -0.043357629 0.006673092 0.013585827 0.062843971 0.041651640 0.997061312
1341846366.406057 0.333200753 -0.047196131 0.009147731 0.011983601 0.064280458 0.044885725 0.996849895
1341846366.442042 0.342702091 -0.039733831 0.007489791 0.013314074 0.063813798 0.045171760 0.996850073
1341846366.506117 0.353682667 -0.037606824 0.009244558 0.013749124 0.065766163 0.048407536 0.996565342
1341846366.542004 0.361957759 -0.031589288 0.007371605 0.014437255 0.065009817 0.047599837 0.996644139
1341846366.573848 0.371399581 -0.026598016 0.003803461 0.013250200 0.066467799 0.047524095 0.996568084
1341846366.610058 0.368371367 -0.024425372 0.006524149 0.011502853 0.068496771 0.047695510 0.996444166
1341846366.642206 0.384380102 -0.026471557 0.005205690 0.009524430 0.067600161 0.048458070 0.996489465
1341846366.674164 0.386031210 -0.021418087 0.006602262 0.008965605 0.070180587 0.048667438 0.996306062
1341846366.710207 0.389140010 -0.014013258 0.004252995 0.007018399 0.070174247 0.050017625 0.996255279
1341846366.741976 0.397643447 -0.017146979 0.003179493 0.003304686 0.070462503 0.048707750 0.996319056
1341846366.773916 0.408677667 -0.021426862 0.004975426 0.002020741 0.073436052 0.048245177 0.996130288
1341846366.810122 0.403808147 -0.020040194 0.005900000 0.001888062 0.075836085 0.051594656 0.995782793
1341846366.841893 0.415395677 -0.014368455 0.006601163 0.003016260 0.073933616 0.053455245 0.995824933
1341846366.878062 0.424640626 -0.013762147 0.002887442 0.004377674 0.073899925 0.052472085 0.995874643
1341846366.909933 0.429194063 -0.006803354 0.001393790 0.006041457 0.075477488 0.054481421 0.995639682
1341846366.941941 0.429559588 -0.005082075 -0.002346239 0.004873884 0.076186366 0.055116408 0.995557129
1341846366.977906 0.443920463 -0.003952725 -0.006388151 0.004036947 0.076798059 0.053462677 0.995604098
1341846367.009852 0.445849121 -0.010939087 -0.020856004 0.002174579 0.081032231 0.055213924 0.995178640
1341846367.045944 0.451885790 -0.010576086 -0.023466410 0.002578156 0.084764138 0.056214523 0.994810700
1341846367.077914 0.462270379 -0.010106968 -0.029095406 0.004399628 0.090143748 0.054901734 0.994404614
1341846367.110077 0.470977783 -0.003501977 -0.030205360 0.005896262 0.095287479 0.055985082 0.993856728
1341846367.145997 0.472715050 -0.006021244 -0.025189744 0.005607781 0.098698676 0.059907332 0.993296623
1341846367.177894 0.474147111 -0.008210126 -0.035463650 0.007441239 0.101510316 0.060607806 0.992958665
1341846367.209903 0.495894611 -0.003794863 -0.043452021 0.010715941 0.104912899 0.062860027 0.992434919
1341846367.245970 0.494808316 0.006962424 -0.049276106 0.009840331 0.109773546 0.066872500 0.991655707
1341846367.277966 0.492044777 -0.002810973 -0.035892054 0.007242629 0.113170736 0.068899550 0.991157293
1341846367.314058 0.501522779 -0.000155767 -0.046279605 0.009595078 0.115043171 0.069482245 0.990881026
1341846367.346333 0.518596053 0.014885813 -0.051963747 0.011010867 0.117576249 0.071018361 0.990459979
1341846367.378615 0.504301906 0.009718466 -0.046312273 0.007657193 0.122163534 0.073136590 0.989782035
1341846367.413946 0.510353744 0.006347674 -0.046884749 0.006063863 0.122027785 0.073932484 0.989750683
1341846367.446060 0.530832946 0.021609744 -0.048463434 0.006740524 0.122339621 0.076576918 0.989506721
1341846367.478095 0.526538849 0.016359819 -0.047805611 0.003967585 0.126649901 0.078944571 0.988793075
1341846367.514115 0.539065897 0.014867368 -0.045163527 0.004666861 0.124047168 0.087223500 0.988424301
1341846367.546096 0.544462144 0.018903840 -0.047525246 0.008727787 0.123595312 0.088477455 0.988341928
1341846367.581982 0.550506353 0.030468337 -0.059632070 0.010960699 0.123734660 0.090481095 0.988120854
1341846367.613951 0.547577977 0.030918332 -0.057088353 0.008844594 0.123543948 0.093711220 0.987864792
1341846367.645894 0.558151782 0.028112018 -0.065650314 0.007469026 0.122320138 0.091358036 0.988248765
1341846367.682223 0.562461436 0.026549848 -0.063819729 0.007583574 0.125281274 0.091222517 0.987889409
1341846367.714019 0.566303492 0.026583735 -0.065209202 0.008628963 0.126554504 0.093377747 0.987517118
1341846367.745904 0.569580317 0.026926320 -0.065439038 0.009470921 0.127809644 0.095001221 0.987192869
1341846367.781973 0.578432679 0.030670563 -0.076617017 0.010548141 0.128561154 0.094780467 0.987105608
1341846367.813986 0.585018039 0.032293651 -0.082992747 0.010142450 0.129700348 0.096169889 0.986826360
1341846367.850189 0.584536850 0.031786777 -0.082874104 0.009828573 0.132614389 0.094230890 0.986629307
1341846367.881960 0.577548563 0.037041955 -0.077619329 0.009234033 0.134595394 0.093634516 0.986423552
1341846367.914064 0.578551590 0.038514957 -0.080488458 0.005808764 0.134050906 0.095519222 0.986343086
1341846367.950095 0.583328426 0.028766004 -0.076767653 0.003541511 0.135076836 0.094816901 0.986281633
1341846367.981916 0.583982050 0.028771166 -0.076284602 0.004861239 0.137893036 0.093733311 0.985989809
1341846368.017965 0.576126337 0.030176263 -0.075993612 0.004146235 0.139528677 0.096398801 0.985505879
1341846368.050897 0.570068717 0.031081142 -0.067119271 0.003915595 0.138744533 0.096275568 0.985629559
1341846368.082322 0.575438201 0.029498558 -0.074046172 0.003739585 0.137984991 0.094601937 0.985898912
1341846368.118029 0.568172932 0.034404237 -0.071540028 0.004325515 0.138674408 0.094418988 0.985817313
1341846368.150026 0.567237556 0.027866548 -0.063752040 0.001953738 0.136796564 0.096510045 0.985884726
1341846368.181952 0.561582744 0.020714849 -0.064630248 0.003360431 0.136373088 0.094260395 0.986157238
1341846368.217882 0.559111238 0.029795406 -0.067960024 0.005346313 0.136460140 0.094133541 0.986148536
1341846368.250223 0.555562258 0.030858163 -0.066478848 0.003070807 0.136196271 0.095799416 0.986034274
1341846368.286003 0.550662935 0.024605008 -0.058556065 0.001248435 0.136436671 0.094020836 0.986176193
1341846368.317994 0.543874621 0.025522016 -0.058508065 0.000808523 0.135530218 0.092625484 0.986433685
1341846368.350010 0.534008026 0.038616866 -0.045527924 -0.001234964 0.132944852 0.091761135 0.986865759
1341846368.385949 0.522951186 0.035835322 -0.039153196 -0.004514969 0.130558833 0.090082563 0.987329304
1341846368.417845 0.520301461 0.025251146 -0.044241253 -0.006772587 0.127997279 0.086332828 0.987986565
1341846368.450062 0.515297830 0.029867914 -0.030475706 -0.007880820 0.125683367 0.086810239 0.988233566
1341846368.485968 0.508593917 0.022504376 -0.030767269 -0.009880239 0.121744938 0.086159393 0.988765419
1341846368.517939 0.504854620 0.013753691 -0.028071664 -0.010086061 0.118760735 0.083560579 0.989349186
1341846368.554171 0.499000490 0.015716521 -0.027297260 -0.008273701 0.116780981 0.084216908 0.989546001
1341846368.618123 0.484508395 0.017373543 -0.026196003 -0.009456120 0.111145891 0.077482119 0.990733922
1341846368.654302 0.483191162 0.009715356 -0.019573877 -0.010482666 0.110011823 0.075163871 0.991028726
1341846368.685914 0.476872116 0.005756999 -0.013700369 -0.009417543 0.107248396 0.074537575 0.991389573
1341846368.717980 0.470268607 0.003757468 -0.010937945 -0.008385294 0.104395010 0.071262605 0.991944075
1341846368.786190 0.460711390 -0.003688062 -0.014399499 -0.004294767 0.102618113 0.073312677 0.992006183
1341846368.821968 0.457502633 0.002008568 -0.019073743 -0.001995311 0.099152811 0.070978381 0.992535532
1341846368.853991 0.450173408 0.001434226 -0.021590708 -0.002998135 0.100250773 0.066359811 0.992742240
1341846368.885978 0.442005455 -0.008630009 -0.016986893 -0.004391676 0.100904055 0.063588813 0.992852211
1341846368.923221 0.430232555 -0.010476683 -0.010265514 -0.002756656 0.099771820 0.060860507 0.993143499
1341846368.953942 0.425550967 -0.009279234 -0.013462740 0.000870348 0.097611427 0.060796842 0.993365467
1341846368.986016 0.417907387 -0.005341288 -0.010910591 0.002398713 0.096081436 0.060087599 0.993555248
1341846369.021938 0.412866622 -0.008118059 -0.009317497 0.002181424 0.094938621 0.058884636 0.993737638
1341846369.053927 0.405037373 -0.013077577 -0.011591953 0.002218464 0.095806792 0.054093480 0.993926585
1341846369.090047 0.402195513 -0.013266130 -0.007973765 0.002955452 0.096376076 0.050489828 0.994059205
1341846369.121845 0.390854299 -0.022666166 -0.005524093 0.004235504 0.096411504 0.051730633 0.993987322
1341846369.154351 0.380780458 -0.026855987 -0.001674526 0.008303018 0.095108412 0.051854741 0.994080722
1341846369.189885 0.379425347 -0.018271578 -0.010178643 0.012325801 0.094315007 0.049762439 0.994221509
1341846369.222188 0.374290913 -0.014664012 -0.011197638 0.011717393 0.095829964 0.047421366 0.994198442
1341846369.257947 0.363740921 -0.026110649 -0.007279246 0.010703721 0.097454444 0.046090137 0.994114578
1341846369.289994 0.358991981 -0.032195140 -0.005145557 0.012496640 0.096730769 0.046873350 0.994127691
1341846369.322196 0.351067573 -0.033243999 -0.010791177 0.014390222 0.097778991 0.045213006 0.994076431
1341846369.357830 0.342825800 -0.031498421 -0.014569193 0.014851375 0.099402279 0.044493984 0.993941128
1341846369.390267 0.333377182 -0.032532733 -0.010443664 0.014882934 0.100355878 0.042976983 0.993911564
1341846369.422057 0.326533675 -0.033899900 -0.009436780 0.015084511 0.100448586 0.042131450 0.993935347
1341846369.457950 0.314455301 -0.038565170 -0.003184567 0.015247006 0.101211660 0.041937679 0.993863642
1341846369.490144 0.301084816 -0.043244507 -0.007012229 0.016880913 0.099475197 0.042416420 0.993992269
1341846369.526405 0.293652952 -0.035419043 -0.001888345 0.019007228 0.096627906 0.043655720 0.994181037
1341846369.557969 0.282357126 -0.040586747 -0.001797115 0.018674806 0.094446957 0.044335820 0.994366825
1341846369.590093 0.271055400 -0.043250855 -0.003218433 0.020230025 0.091316789 0.045575686 0.994572699
1341846369.625895 0.261285573 -0.037478756 0.003461947 0.022202875 0.088657655 0.046469841 0.994729817
1341846369.657961 0.252581656 -0.036674410 0.002594032 0.021761524 0.087303609 0.045638997 0.994897783
1341846369.690135 0.242337853 -0.043315817 -0.000335500 0.021517059 0.085514240 0.046498500 0.995018721
1341846369.726074 0.227798432 -0.044121474 -0.008138937 0.023457125 0.082243666 0.049289875 0.995116234
1341846369.757962 0.217421174 -0.040310435 0.001070284 0.025136683 0.079054214 0.049852986 0.995305598
1341846369.793964 0.207274064 -0.037344687 0.005491774 0.025412310 0.077039726 0.050803754 0.995408535
1341846369.826161 0.191248477 -0.039144319 0.001635391 0.024431003 0.075057536 0.051114485 0.995568573
1341846369.858015 0.182488844 -0.042220395 0.007560401 0.024198757 0.071412928 0.050621454 0.995867491
1341846369.893954 0.175376832 -0.038004734 0.010770211 0.024905417 0.068724282 0.051708676 0.995983362
1341846369.926051 0.160626322 -0.041072220 0.003584124 0.023745490 0.067041017 0.050643567 0.996181130
1341846369.958062 0.129174411 -0.042009972 -0.026890533 0.024915747 0.065953150 0.046603192 0.996422350
1341846369.994037 0.126567081 -0.040906429 -0.006450834 0.025047777 0.061309267 0.045705058 0.996757150
1341846370.026058 0.118635252 -0.045286633 -0.012761425 0.025365703 0.059694301 0.045062881 0.996876359
1341846370.062000 0.103585593 -0.041066173 -0.016234376 0.025744200 0.055093318 0.047221474 0.997031629
1341846370.094135 0.099506773 -0.035493255 -0.006755279 0.024614956 0.050738689 0.048390072 0.997235179
1341846370.126153 0.100322902 -0.040475607 -0.002098455 0.024012422 0.049491730 0.047457516 0.997357368
1341846370.162082 0.085466661 -0.037932970 -0.003639010 0.025325222 0.050690733 0.048740655 0.997202754
1341846370.194044 0.080744430 -0.040484592 0.003332736 0.024721229 0.048540264 0.051606245 0.997180760
1341846370.230152 0.077842735 -0.043346796 0.002302213 0.026341040 0.047575664 0.052854478 0.997120380
1341846370.262175 0.069367811 -0.039641336 -0.000045425 0.027920205 0.048933286 0.050689220 0.997124135
1341846370.294216 0.059793670 -0.038158633 0.001700041 0.028708531 0.050288763 0.047290895 0.997201264
1341846370.329892 0.045121253 -0.040030330 0.000838262 0.028219888 0.049095895 0.042987484 0.997469425
1341846370.361939 0.040084787 -0.042436738 0.008034606 0.028939473 0.046887752 0.039595224 0.997695506
1341846370.394073 0.038858499 -0.041944388 0.023637556 0.029046616 0.042316284 0.041023806 0.997839034
1341846370.429985 0.031425651 -0.035198960 0.021089323 0.029286807 0.035912108 0.040188149 0.998117030
1341846370.462095 0.026225450 -0.029608151 0.022791410 0.027267177 0.030489245 0.039259210 0.998391509
1341846370.498034 0.023712182 -0.028224014 0.027113140 0.023909150 0.025765916 0.039528869 0.998600006
1341846370.530176 0.017003221 -0.026669562 0.027923105 0.020646278 0.023249740 0.039834406 0.998722374
1341846370.561949 0.006610802 -0.023639547 0.021649195 0.017371885 0.019832248 0.041246366 0.998801112
1341846370.597989 0.005140191 -0.019339377 0.029137762 0.012283209 0.016219273 0.042421732 0.998892605
1341846370.629913 0.000858096 -0.024760904 0.036800358 0.007998434 0.016688062 0.042152479 0.998939812
1341846370.662062 -0.004993663 -0.029234411 0.029535389 0.006505726 0.015963269 0.042063668 0.998966217
1341846370.697981 -0.009086329 -0.024600098 0.033277661 0.004325726 0.014964399 0.042043991 0.998994350
1341846370.730015 -0.008205783 -0.036272988 0.028523939 0.000747721 0.014920289 0.039357420 0.999113560
1341846370.766182 -0.010072816 -0.041993335 0.022542998 0.001328892 0.017791625 0.036230553 0.999184191
1341846370.797966 -0.016634505 -0.037311096 0.017897774 -0.000369046 0.020560643 0.034158237 0.999204874
1341846370.830023 -0.016852573 -0.056469645 0.020129787 -0.004640124 0.021031121 0.032816816 0.999229312
1341846370.866186 -0.012664336 -0.064315319 0.019293355 -0.002037102 0.021141220 0.032823671 0.999235451
1341846370.897994 -0.014845639 -0.060699362 0.012544152 -0.002086699 0.023217577 0.034578227 0.999130070
1341846370.929983 -0.018408034 -0.079364516 0.017192557 -0.004482524 0.024455434 0.035777561 0.999050438
1341846370.971974 -0.014704810 -0.093788609 0.012478028 -0.001514019 0.025021931 0.036161505 0.999031544
1341846371.034127 -0.014690708 -0.108274825 0.009885074 0.004076061 0.031230222 0.038013373 0.998780787
1341846371.066883 -0.017557008 -0.104884766 0.002985037 0.005817710 0.034403887 0.036719162 0.998716295
1341846371.098209 -0.017452752 -0.111660630 0.005843309 0.003405705 0.038258608 0.033527765 0.998699427
1341846371.134068 -0.018462816 -0.119887032 -0.001560979 0.001527998 0.041406073 0.032136265 0.998624265
1341846371.165993 -0.022659309 -0.123063862 -0.001493745 -0.001050225 0.044366837 0.032820206 0.998475492
1341846371.197951 -0.024518844 -0.134353891 -0.002116141 -0.004063516 0.045151263 0.033441551 0.998412013
1341846371.233950 -0.016900549 -0.141133517 -0.006258457 -0.004951903 0.045430429 0.033896852 0.998379946
1341846371.266433 -0.021418063 -0.135284364 -0.012050172 -0.007282685 0.049324043 0.033981699 0.998178005
1341846371.302051 -0.017314762 -0.142122075 -0.014801565 -0.014651729 0.051564265 0.035643201 0.997925878
1341846371.334010 -0.014902381 -0.148465887 -0.018351318 -0.020627489 0.055022731 0.033006962 0.997726202
1341846371.366198 -0.011144954 -0.159020856 -0.016232260 -0.025879096 0.060328636 0.030411711 0.997379482
1341846371.402482 -0.021623971 -0.177148074 -0.011292080 -0.029601173 0.064105339 0.032353282 0.996979237
1341846371.434055 -0.019266957 -0.189867377 -0.014313666 -0.028879963 0.062771544 0.034148477 0.997025371
1341846371.469998 -0.015421881 -0.195295766 -0.018927069 -0.026156899 0.062890328 0.032053139 0.997162580
1341846371.501933 -0.021821866 -0.199893847 -0.018804383 -0.023912830 0.065945968 0.029444639 0.997101963
1341846371.534269 -0.025155775 -0.204177275 -0.022656620 -0.023561191 0.066425532 0.029616753 0.997073412
1341846371.570100 -0.023715690 -0.218226984 -0.021448484 -0.024724487 0.063808747 0.027094627 0.997287869
1341846371.602162 -0.016867606 -0.230594590 -0.027136285 -0.023199636 0.062354423 0.024491984 0.997483790
1341846371.634012 -0.023193773 -0.230880335 -0.031364121 -0.021156954 0.064206526 0.022831207 0.997451067
1341846371.669927 -0.032282308 -0.239113316 -0.021840373 -0.021097718 0.062296052 0.020877168 0.997616291
1341846371.702051 -0.017028762 -0.242131323 -0.030760510 -0.021155929 0.058748987 0.019244149 0.997863054
1341846371.737891 -0.019783523 -0.256362915 -0.032035645 -0.022810487 0.061851420 0.014718831 0.997716129
1341846371.769979 -0.026570918 -0.255964398 -0.022932390 -0.020812195 0.061720546 0.014167683 0.997775912
1341846371.802101 -0.028100785 -0.255374044 -0.027102623 -0.020265648 0.059025008 0.016830672 0.997908831
1341846371.837951 -0.025436420 -0.264612615 -0.024606425 -0.021086719 0.056763310 0.018032087 0.998002112
1341846371.870043 -0.012665031 -0.257487297 -0.034155186 -0.021016022 0.055540748 0.020886226 0.998016715
1341846371.902330 -0.014558583 -0.260959446 -0.036881398 -0.026114453 0.057963502 0.020400224 0.997768581
1341846371.938165 -0.016773418 -0.262993097 -0.033099961 -0.030814223 0.059685167 0.017062875 0.997595668
1341846371.969938 -0.014089021 -0.269793153 -0.045492955 -0.034725845 0.063357852 0.014902849 0.997275174
1341846372.005861 -0.023002746 -0.283110976 -0.029223153 -0.037608471 0.069485292 0.012763763 0.996792078
1341846372.038440 -0.030263452 -0.295021504 -0.031143969 -0.035307284 0.069899186 0.013750663 0.996834219
1341846372.070518 -0.020725332 -0.292909414 -0.029811870 -0.032475591 0.068055503 0.012804538 0.997070670
1341846372.111944 -0.019354947 -0.299395770 -0.031230995 -0.031709235 0.068909675 0.010266083 0.997066021
1341846372.143876 -0.019120619 -0.314573556 -0.030761488 -0.030426042 0.069085479 0.006365622 0.997126341
1341846372.179919 -0.021549672 -0.314927757 -0.032097850 -0.026521416 0.068689927 0.004658640 0.997274578
1341846372.212119 -0.027012808 -0.330770761 -0.030695817 -0.024729937 0.066996776 0.003271416 0.997441292
1341846372.244067 -0.026142780 -0.336288214 -0.032163523 -0.020066099 0.063199185 0.000293467 0.997799158
1341846372.279961 -0.028983332 -0.347832531 -0.033296525 -0.014836768 0.061343893 -0.003071535 0.998001695
1341846372.312076 -0.027702618 -0.347570807 -0.033036307 -0.008368767 0.058571737 -0.005761505 0.998231471
1341846372.347910 -0.020929487 -0.345259517 -0.030695839 -0.003546743 0.055563759 -0.007338370 0.998421848
1341846372.379906 -0.021807797 -0.355137050 -0.031028965 -0.000637114 0.052219372 -0.007882068 0.998604298
1341846372.412137 -0.018239005 -0.362604767 -0.032046661 0.002148379 0.049481560 -0.008514282 0.998736441
1341846372.447783 -0.018105486 -0.370346725 -0.030121176 0.004118504 0.048817065 -0.007152800 0.998773634
1341846372.479920 -0.026520023 -0.379431009 -0.027702242 0.007364149 0.046477545 -0.004583384 0.998881698
1341846372.516195 -0.014363096 -0.375812471 -0.025344146 0.011025508 0.041404620 -0.001570174 0.999080420
1341846372.547915 -0.003762122 -0.369211167 -0.028311294 0.011473646 0.041027725 -0.002686738 0.999088526
1341846372.579923 -0.008301104 -0.378895760 -0.023275251 0.008762452 0.042230297 -0.005047102 0.999056756
1341846372.616037 -0.006698472 -0.384514570 -0.022220107 0.007970477 0.040733911 -0.003284298 0.999132812
1341846372.647968 0.001447377 -0.382878929 -0.021790542 0.007435834 0.040085025 -0.002995748 0.999164104
1341846372.679953 0.003886161 -0.385646611 -0.021694887 0.005783316 0.041264396 -0.006253995 0.999111950
1341846372.716073 0.016497381 -0.392136931 -0.014944828 0.004229497 0.041637938 -0.006560071 0.999102294
1341846372.747919 0.013076839 -0.398203582 -0.010903635 0.003865724 0.042118400 -0.004741388 0.999093890
1341846372.783912 0.019689590 -0.402111262 -0.014380779 0.005073088 0.040570445 -0.002856693 0.999159694
1341846372.816131 0.026712704 -0.399867475 -0.010663947 0.006243244 0.042144865 -0.002060493 0.999089897
1341846372.848115 0.023336254 -0.400732189 -0.011000156 0.006052373 0.044607680 0.001552969 0.998985052
1341846372.884003 0.026441494 -0.405452490 -0.016729387 0.005659319 0.044975843 0.000341202 0.998971999
1341846372.948016 0.030194391 -0.412387937 -0.008001764 0.005933634 0.051029034 0.000069743 0.998679519
1341846373.010206 0.032962997 -0.426922768 -0.011279745 0.011158218 0.046694804 0.003684802 0.998840094
1341846373.041934 0.043259881 -0.426201314 -0.017372094 0.014135504 0.047972336 0.003716529 0.998741746
1341846373.078079 0.041307677 -0.433349460 -0.017349195 0.015057940 0.050878678 0.004139063 0.998582721
1341846373.110028 0.038543884 -0.436480880 -0.016815366 0.017618036 0.051650319 0.002761569 0.998506010
1341846373.142204 0.043901902 -0.441659659 -0.020073349 0.020131756 0.051776052 0.003489931 0.998449683
1341846373.178121 0.046023436 -0.441737652 -0.022049772 0.022411801 0.052828733 0.004585497 0.998341560
1341846373.210218 0.049318541 -0.448284119 -0.023518335 0.025192238 0.054320417 0.002613483 0.998202324
1341846373.246073 0.050539281 -0.457862645 -0.021052742 0.029043421 0.055666935 0.002066865 0.998024762
1341846373.277962 0.054124009 -0.459995538 -0.029368997 0.034361560 0.056955136 0.003288042 0.997779846
1341846373.310189 0.051351059 -0.453931928 -0.039070707 0.038809601 0.059921976 0.001526762 0.997447193
1341846373.346051 0.054630533 -0.454475731 -0.041002471 0.039148759 0.063255042 -0.001479332 0.997228146
1341846373.377993 0.046954930 -0.457472593 -0.038313463 0.038597107 0.066747516 -0.002007367 0.997021079
1341846373.410038 0.048488222 -0.460876852 -0.038916346 0.038639087 0.067222513 -0.000842128 0.996989191
1341846373.446109 0.048750162 -0.463880539 -0.040869668 0.038482767 0.067505732 -0.002353461 0.996973693
1341846373.478409 0.046622675 -0.469633520 -0.034568045 0.038730171 0.067764089 -0.001051898 0.996948779
1341846373.514006 0.043012489 -0.474669337 -0.037798550 0.040633906 0.067074984 0.001902688 0.996918380
1341846373.546097 0.048390381 -0.468274236 -0.038546365 0.042747974 0.064173661 0.002245790 0.997020245
1341846373.578079 0.057802115 -0.467255861 -0.041846335 0.042966500 0.064686574 0.001583462 0.996978939
1341846373.613978 0.045978621 -0.461628824 -0.037841357 0.043233957 0.067410596 0.000056022 0.996788144
1341846373.646060 0.043708343 -0.454144388 -0.034249175 0.043000679 0.065575719 -0.000158071 0.996920645
1341846373.682101 0.054470755 -0.447501749 -0.041621804 0.041515533 0.065096445 -0.000054855 0.997014999
1341846373.713942 0.053106077 -0.439090610 -0.037463333 0.038520962 0.068198122 0.000107101 0.996927857
1341846373.746309 0.044562973 -0.431517065 -0.035959955 0.034716599 0.069882974 0.000084948 0.996950924
1341846373.782079 0.038177557 -0.429967940 -0.028527051 0.031688966 0.069285825 -0.000948009 0.997092962
1341846373.814899 0.047621544 -0.426973730 -0.033147577 0.030713115 0.068643235 -0.002581342 0.997165084
1341846373.846131 0.038371753 -0.414003402 -0.025623709 0.030924968 0.070996925 -0.005422177 0.996982276
1341846373.882197 0.026620230 -0.402374685 -0.028361406 0.029997122 0.069582924 -0.006907887 0.997101128
1341846373.914066 0.024941858 -0.393783242 -0.024735805 0.027602140 0.066259876 -0.002863993 0.997416437
1341846373.949976 0.031610146 -0.384459615 -0.023324918 0.025121735 0.064127743 0.000331359 0.997625411
1341846373.982090 0.028846057 -0.375460207 -0.026959792 0.022235483 0.063792437 0.001224207 0.997714698
1341846374.014518 0.016975509 -0.368497223 -0.025325930 0.018624933 0.062202498 0.004358863 0.997880220
1341846374.050082 0.019541090 -0.359724224 -0.018527249 0.015270102 0.058525667 0.007381691 0.998141825
1341846374.082248 0.021828178 -0.360393733 -0.019194486 0.012040406 0.056687839 0.007506258 0.998291135
1341846374.114063 0.022064527 -0.349844605 -0.025984772 0.010086708 0.057009604 0.008422176 0.998287141
1341846374.150230 0.011702490 -0.351976275 -0.016620370 0.007319359 0.056966335 0.008327095 0.998314559
1341846374.181949 0.014276036 -0.350390822 -0.011205435 0.007655304 0.054089043 0.009642842 0.998460233
1341846374.217985 0.017679451 -0.342642963 -0.012655118 0.009254569 0.052623864 0.012548263 0.998492718
1341846374.250018 0.019777179 -0.325750351 -0.015449706 0.010214085 0.053068206 0.013085263 0.998452902
1341846374.281921 0.008281508 -0.305823654 -0.019068407 0.008865017 0.054925468 0.012242459 0.998376071
1341846374.318502 0.008275093 -0.299609095 -0.020136813 0.005866028 0.055205576 0.011620966 0.998390138
1341846374.350047 0.007561920 -0.286991328 -0.019424241 0.002759649 0.056724690 0.012550415 0.998307168
1341846374.382011 -0.003509112 -0.284900099 -0.014525263 -0.000969964 0.057428364 0.011649227 0.998281240
1341846374.418020 -0.001632924 -0.280999154 -0.002403791 -0.003226043 0.055161718 0.011564499 0.998405278
1341846374.450160 -0.003512575 -0.272292256 -0.007025167 -0.005096970 0.053509727 0.012166840 0.998480201
1341846374.486170 -0.003600118 -0.254059076 -0.012926691 -0.005782967 0.053106435 0.012861877 0.998489261
1341846374.524087 -0.003161889 -0.255306274 0.001870185 -0.010678489 0.052585892 0.011585416 0.998492122
1341846374.586056 -0.012829334 -0.239043102 0.006945449 -0.014804207 0.048372220 0.010834504 0.998660922
1341846374.617848 -0.016914882 -0.239196450 0.006761926 -0.016911123 0.046021909 0.012818970 0.998715043
1341846374.654133 -0.018435853 -0.232915014 0.017535347 -0.016430398 0.043279056 0.014463787 0.998823225
1341846374.685940 -0.018008957 -0.219616994 0.013917999 -0.015216630 0.040385626 0.017914884 0.998907685
1341846374.718159 -0.020978143 -0.213624313 0.017203264 -0.015272542 0.038474601 0.020841496 0.998925507
1341846374.754050 -0.020614324 -0.204430372 0.018735083 -0.013881142 0.035139125 0.022403196 0.999034882
1341846374.786226 -0.020401912 -0.192322895 0.014945614 -0.013097222 0.032928623 0.023406155 0.999097764
1341846374.818164 -0.024663724 -0.192274377 0.019246491 -0.012779223 0.032326836 0.022423314 0.999144077
1341846374.854017 -0.027724486 -0.189108685 0.020570923 -0.010596518 0.030786466 0.021567974 0.999237061
1341846374.886253 -0.029507676 -0.176948369 0.022187721 -0.006749829 0.027647186 0.022805223 0.999334812
1341846374.921999 -0.033053551 -0.160356566 0.014061964 -0.002354709 0.025711408 0.021838862 0.999428034
1341846374.953860 -0.037894547 -0.156228125 0.012810458 -0.001119424 0.024772840 0.023121361 0.999425054
1341846374.985929 -0.040292688 -0.148041457 0.013251259 -0.000011090 0.022378510 0.023858333 0.999464810
1341846375.022029 -0.035521973 -0.148382217 0.017724898 0.001958275 0.019765293 0.026216488 0.999458969
1341846375.053968 -0.035782967 -0.143573150 0.016630009 0.006227683 0.018079672 0.029790694 0.999373257
1341846375.085937 -0.036775611 -0.135786206 0.013410078 0.009772939 0.017092835 0.031991966 0.999294221
1341846375.122015 -0.037780091 -0.120902151 0.007359856 0.010858928 0.017199822 0.029444316 0.999359429
1341846375.190345 -0.036172964 -0.114445888 0.012869598 0.006712904 0.023049874 0.023817863 0.999428034
1341846375.222041 -0.040533282 -0.113399342 0.015690597 0.007196059 0.023394793 0.021096451 0.999477804
1341846375.254127 -0.034418922 -0.107943602 0.016646424 0.009321750 0.022694526 0.022196382 0.999452531
1341846375.289892 -0.026774708 -0.119484983 0.014302781 0.010027387 0.023749994 0.023831232 0.999383509
1341846375.322192 -0.041600969 -0.103761025 0.006596704 0.013721082 0.025488881 0.024897341 0.999270797
1341846375.354172 -0.041352335 -0.089503132 0.003948838 0.012894951 0.024808107 0.024924001 0.999298275
1341846375.390033 -0.030171353 -0.074560218 0.011126056 0.008768691 0.025647352 0.021343824 0.999404669
1341846375.422976 -0.039601546 -0.071153939 0.011591336 0.002957761 0.028792446 0.018728267 0.999405563
1341846375.458036 -0.043042649 -0.066183396 0.004466479 -0.002233341 0.027875084 0.017363654 0.999458134
1341846375.489941 -0.035268571 -0.067287713 0.014146843 -0.007321111 0.026454041 0.018372608 0.999454379
1341846375.521981 -0.040116772 -0.073542342 0.015635179 -0.008726527 0.027845986 0.018345086 0.999405742
1341846375.557947 -0.046696749 -0.064516053 0.016901299 -0.005377457 0.027174590 0.020974634 0.999396145
1341846375.590116 -0.042757146 -0.061463494 0.022623768 -0.003261438 0.023349753 0.025871210 0.999387205
1341846375.622399 -0.036283154 -0.054480448 0.021582806 0.000582898 0.022386819 0.027648479 0.999366820
1341846375.658264 -0.036920443 -0.048235420 0.023723513 0.004424093 0.024110587 0.029103788 0.999275744
1341846375.690116 -0.039066054 -0.043409090 0.025964165 0.009001286 0.023247955 0.034329504 0.999099612
1341846375.726080 -0.032136325 -0.039986294 0.024504116 0.016651070 0.020760143 0.039426308 0.998867989
1341846375.757947 -0.036984429 -0.027569195 0.025122060 0.024822315 0.021080490 0.042787049 0.998553336
1341846375.789914 -0.037997019 -0.018060574 0.028389422 0.031151544 0.019123226 0.046280745 0.998259485
1341846375.826111 -0.037369750 0.001131174 0.032899544 0.034786664 0.017593896 0.044849653 0.998232841
1341846375.858282 -0.050757490 0.036924556 0.030380221 0.034265265 0.016860925 0.040190246 0.998461962
1341846375.893889 -0.039638203 0.038070593 0.035059728 0.022095611 0.012488066 0.039993145 0.998877525
1341846375.926121 -0.034511808 0.040256981 0.044677667 0.014654811 0.011598666 0.037967183 0.999104202
1341846375.958089 -0.037578627 0.054354101 0.046858817 0.010087744 0.012572714 0.037672129 0.999160111
1341846375.994060 -0.034175344 0.055335749 0.048543945 0.005875797 0.012628211 0.039791789 0.999110878
1341846376.026115 -0.037533868 0.057326056 0.056675576 0.003910364 0.014917098 0.040838249 0.999046743
1341846376.057999 -0.039997548 0.067982599 0.059136849 0.005230707 0.016883474 0.042989247 0.998919129
1341846376.094015 -0.038594827 0.080043793 0.061929103 0.005182883 0.019021668 0.044598233 0.998810410
1341846376.126126 -0.038242448 0.092080012 0.065442257 0.005137916 0.022503385 0.044171240 0.998757243
1341846376.162125 -0.042820755 0.105460376 0.068175256 0.003155801 0.026710896 0.042686354 0.998726368
1341846376.194033 -0.046176039 0.111506902 0.074146815 0.000120337 0.028217234 0.043460004 0.998656571
1341846376.226110 -0.048782840 0.118235946 0.075666331 -0.002327282 0.028109957 0.045802038 0.998552203
1341846376.262088 -0.048104472 0.117872804 0.078411333 -0.003602927 0.026890773 0.049529437 0.998404086
1341846376.293911 -0.044908863 0.126240745 0.083038859 -0.001254741 0.026775809 0.051976576 0.998288453
1341846376.326088 -0.047747172 0.133328900 0.083356440 0.001276992 0.027262105 0.053910471 0.998172700
1341846376.362076 -0.052295517 0.143247962 0.084695078 0.002384045 0.026061362 0.055059884 0.998139977
1341846376.393924 -0.046177164 0.146242708 0.088014983 0.001427266 0.024641560 0.053845782 0.998244166
1341846376.429909 -0.046795458 0.156848758 0.089348130 0.001949421 0.027070682 0.049038477 0.998428047
1341846376.462224 -0.051966537 0.163945585 0.093100555 0.000157115 0.028789680 0.045693237 0.998540580
1341846376.494092 -0.054550674 0.164004743 0.099311918 -0.001239033 0.028119605 0.044809967 0.998598933
1341846376.529992 -0.051147766 0.173411682 0.101920836 -0.000189422 0.027673421 0.044912051 0.998607516
1341846376.562034 -0.051662426 0.180217743 0.102019355 -0.000820972 0.029178923 0.043467660 0.998628259
1341846376.594092 -0.053181849 0.187777683 0.102912568 -0.001555418 0.030456979 0.043171406 0.998602092
1341846376.630016 -0.047558989 0.190367699 0.105313331 -0.002654708 0.030353535 0.043206297 0.998601437
1341846376.662132 -0.043301214 0.195193455 0.111155897 -0.003436512 0.032225668 0.040701244 0.998645663
1341846376.697981 -0.047537014 0.201182485 0.111507848 -0.004231436 0.034619506 0.041388612 0.998534203
1341846376.730128 -0.047414448 0.207039550 0.114199989 -0.004221766 0.035616931 0.041372169 0.998499870
1341846376.762061 -0.048016459 0.218150929 0.110420547 -0.004260346 0.036500271 0.041256793 0.998472571
1341846376.797939 -0.046533417 0.229484379 0.109880798 -0.006414429 0.036197584 0.039717015 0.998534501
1341846376.829920 -0.047701895 0.236301839 0.115311325 -0.009690186 0.037099272 0.041364022 0.998408139
1341846376.866170 -0.049825694 0.247402370 0.115911067 -0.011768128 0.037180204 0.044818152 0.998233676
1341846376.898026 -0.044261016 0.255267143 0.117206395 -0.016062563 0.035020154 0.045616016 0.998215795
1341846376.930139 -0.041980106 0.275083005 0.120843537 -0.017883725 0.036179703 0.043034900 0.998258054
1341846376.966511 -0.044269558 0.282052845 0.124688663 -0.024539907 0.039463073 0.042073358 0.998033226
1341846376.997919 -0.049053133 0.285894990 0.131828979 -0.030424280 0.041687835 0.043067094 0.997738302
1341846377.030079 -0.043868996 0.291477501 0.135095358 -0.034104418 0.041808177 0.043625012 0.997590005
1341846377.066212 -0.049699452 0.301205754 0.136743128 -0.036678176 0.043506552 0.045159265 0.997357786
1341846377.097918 -0.050262716 0.307790965 0.140068308 -0.041105293 0.042660780 0.045616347 0.997200847
1341846377.134079 -0.052645996 0.308682263 0.140810519 -0.044760168 0.041295771 0.045897406 0.997088075
1341846377.166160 -0.053251371 0.305250347 0.140107930 -0.049550708 0.036597535 0.047680803 0.996961296
1341846377.197925 -0.049180843 0.317856610 0.142670900 -0.049030509 0.031330630 0.047935218 0.997154236
1341846377.233952 -0.047532268 0.332225502 0.139682129 -0.050361350 0.029518519 0.044685543 0.997294128
1341846377.266486 -0.046971764 0.334498703 0.152875766 -0.054058619 0.030803638 0.044059239 0.997089565
1341846377.298068 -0.050942451 0.339920491 0.143387064 -0.057150271 0.032350488 0.045174684 0.996818185
1341846377.334109 -0.051024839 0.343752801 0.147205427 -0.060584906 0.031151939 0.046149544 0.996608853
1341846377.366029 -0.049505580 0.348246157 0.150692374 -0.061204363 0.030990802 0.044264264 0.996661603
1341846377.401870 -0.048542783 0.345919758 0.146163747 -0.063161820 0.031822484 0.042021547 0.996610343
1341846377.434052 -0.050525434 0.340556115 0.151782572 -0.064824894 0.031462576 0.041959468 0.996517539
1341846377.466127 -0.048915181 0.335203856 0.151478678 -0.063057125 0.031394202 0.041722275 0.996643126
1341846377.502027 -0.049060632 0.336471707 0.148032770 -0.061287064 0.032300543 0.038262110 0.996863365
1341846377.534114 -0.047764003 0.333091378 0.146367520 -0.060340505 0.034912497 0.034083717 0.996984661
1341846377.566085 -0.042848390 0.319507271 0.147907138 -0.060381129 0.034914583 0.037211318 0.996870339
1341846377.602113 -0.045641333 0.315252155 0.146209091 -0.058013842 0.035052497 0.037664186 0.996989012
1341846377.633912 -0.044174396 0.303578287 0.154900730 -0.053050309 0.035721947 0.035825580 0.997309446
1341846377.676329 -0.044891048 0.299108267 0.138787046 -0.048554134 0.037672859 0.033823170 0.997536600
1341846377.743964 -0.039355032 0.271979660 0.142850488 -0.043038864 0.034195721 0.031325076 0.997996509
1341846377.802535 -0.041847266 0.257081330 0.133172303 -0.041473702 0.034313492 0.031294294 0.998059690
1341846377.835932 -0.041626975 0.236228406 0.132371560 -0.037297443 0.035934839 0.032647517 0.998124123
1341846377.872063 -0.049561109 0.232407570 0.114274681 -0.034166858 0.034548063 0.037860375 0.998101056
1341846377.902201 -0.040866476 0.226556957 0.124036118 -0.034434911 0.026982166 0.040508606 0.998221040
1341846377.939383 -0.032850161 0.224414214 0.127388388 -0.029206969 0.029862398 0.031180698 0.998640537
1341846377.970635 -0.042492669 0.215484202 0.107581012 -0.031907260 0.033012811 0.033752754 0.998375118
1341846378.002401 -0.035291959 0.187390849 0.115945049 -0.038325895 0.025350211 0.036687627 0.998269737
1341846378.038883 -0.032365713 0.187907815 0.109634973 -0.033020400 0.026384281 0.033006255 0.998561025
1341846378.106524 -0.033885837 0.170197338 0.102695607 -0.035994820 0.026653325 0.029377215 0.998564482
1341846378.138114 -0.032771412 0.159040466 0.103362098 -0.034433696 0.027580671 0.024050264 0.998736799
1341846378.170157 -0.032659058 0.153978899 0.094614990 -0.033524316 0.029435745 0.016537871 0.998867452
1341846378.206045 -0.032308090 0.138628602 0.092453182 -0.036796127 0.030194016 0.012610908 0.998786926
1341846378.238081 -0.031699747 0.117037103 0.098801650 -0.037586980 0.029959591 0.011536142 0.998777509
1341846378.275916 -0.028094802 0.111553431 0.094966128 -0.033819269 0.029904133 0.010053724 0.998929918
1341846378.312389 -0.025335098 0.106713921 0.083975725 -0.032740723 0.032343067 0.006840681 0.998916984
1341846378.344267 -0.024795800 0.084636874 0.084341645 -0.032776881 0.035110541 0.004297166 0.998836577
1341846378.376036 -0.024517220 0.074870192 0.082426682 -0.028486365 0.036102172 0.005270012 0.998928130
1341846378.411936 -0.020036358 0.073196284 0.075959809 -0.026310293 0.036888294 0.003927284 0.998965263
1341846378.444079 -0.023120556 0.057227742 0.077531680 -0.026006183 0.040131081 -0.000458046 0.998855829
1341846378.480041 -0.024127293 0.045350362 0.063998111 -0.025490295 0.040307432 -0.002366311 0.998859346
1341846378.512023 -0.022612832 0.037437417 0.067722283 -0.025561549 0.038430396 -0.003923357 0.998926580
1341846378.543975 -0.021139573 0.027158214 0.072869204 -0.023028394 0.040277489 -0.010434778 0.998868585
1341846378.579973 -0.022214413 0.016456017 0.063569605 -0.021094762 0.043054808 -0.012202059 0.998775482
1341846378.612676 -0.020697290 0.005261452 0.067152567 -0.019037366 0.042733699 -0.012940593 0.998821259
1341846378.643945 -0.021261144 -0.005554669 0.062622532 -0.015691740 0.045569073 -0.014470564 0.998733103
1341846378.679954 -0.025971103 -0.009629035 0.059718430 -0.011804380 0.047135193 -0.014255182 0.998717010
1341846378.742199 -0.015769219 -0.025820209 0.058087304 -0.006408342 0.050550770 -0.019750793 0.998505652
1341846378.774089 -0.022394015 -0.033558931 0.058606442 -0.001701748 0.055089023 -0.020928144 0.998260677
1341846378.805994 -0.025345653 -0.040420178 0.058565035 0.001594126 0.055600248 -0.019837422 0.998254776
1341846378.842121 -0.012747335 -0.047800183 0.040143333 0.003527861 0.055548526 -0.021538677 0.998217404
1341846378.874022 -0.011637726 -0.061840251 0.033576004 0.005251096 0.058257435 -0.025512435 0.997961760
1341846378.911788 -0.013641615 -0.059766404 0.040202085 0.008694381 0.060004611 -0.024258632 0.997865379
1341846378.974034 -0.009338690 -0.078222260 0.037305828 0.011847993 0.060863961 -0.026466681 0.997724771
1341846379.009977 -0.012749235 -0.083477788 0.043091655 0.014844285 0.063692994 -0.025763949 0.997526467
1341846379.041991 -0.007860603 -0.090243950 0.031109791 0.015678721 0.064345226 -0.025571885 0.997476816
1341846379.078155 -0.005881486 -0.102428541 0.025502881 0.016533127 0.066064678 -0.030316265 0.997217655
1341846379.109871 -0.013392238 -0.103660472 0.032481737 0.017862108 0.067346290 -0.031229552 0.997080803
1341846379.142034 -0.011236911 -0.118165985 0.027193947 0.016669720 0.067259133 -0.031871013 0.997087061
1341846379.178080 -0.007409907 -0.130216286 0.025744703 0.019316116 0.068617329 -0.036264647 0.996796548
1341846379.209979 -0.003070396 -0.146309748 0.028709443 0.025024239 0.068961099 -0.036556281 0.996635199
1341846379.242047 -0.012930946 -0.163226977 0.021117946 0.030471999 0.067158490 -0.034464151 0.996681213
1341846379.278304 -0.007758831 -0.177829534 0.022706885 0.035430644 0.065279648 -0.037502132 0.996532440
1341846379.310076 -0.005922870 -0.194102332 0.021210747 0.042768162 0.069291852 -0.042185429 0.995786071
1341846379.346166 -0.003686487 -0.198312461 0.024587957 0.049953502 0.071112178 -0.039989538 0.995413780
1341846379.377944 -0.005022551 -0.207208484 0.021729521 0.057633329 0.071137726 -0.038364474 0.995060802
1341846379.409974 0.000477115 -0.215382084 0.020066630 0.066212751 0.072693579 -0.038263436 0.994418144
1341846379.446065 -0.002650638 -0.204723492 0.020873915 0.072492272 0.074459590 -0.036217745 0.993926048
1341846379.478631 0.001780288 -0.203948364 0.006379101 0.072891884 0.072885029 -0.035766095 0.994029880
1341846379.511214 0.016421083 -0.210570633 0.006575203 0.071943410 0.074203059 -0.037410468 0.993940890
1341846379.546204 0.002488929 -0.216835678 0.010950848 0.073442131 0.076997735 -0.037037928 0.993632615
1341846379.578217 -0.005329517 -0.205241531 0.014949609 0.075716533 0.073164321 -0.033754006 0.993868530
1341846379.614096 0.009890749 -0.211098298 0.007149840 0.073087156 0.069350816 -0.032089315 0.994393766
1341846379.646030 0.009643139 -0.210329190 0.010943647 0.071333483 0.071728736 -0.032547511 0.994337559
1341846379.678830 0.003364943 -0.208443984 0.011983019 0.069058165 0.071388774 -0.030219974 0.994596064
1341846379.714071 0.002157021 -0.203881532 0.018210441 0.067489557 0.068137623 -0.027111940 0.995021284
1341846379.746082 0.013609202 -0.204371274 0.013306378 0.065600187 0.067286506 -0.026854830 0.995212495
1341846379.778087 0.002805923 -0.192114457 0.016004413 0.063567117 0.069625549 -0.023580438 0.995266557
1341846379.813931 -0.000850592 -0.185690746 0.019830605 0.059305117 0.066860758 -0.020689424 0.995783329
1341846379.845927 0.004477535 -0.180471852 0.019263605 0.055156451 0.065142952 -0.019289397 0.996163666
1341846379.881893 0.003791815 -0.170592174 0.019087417 0.050505403 0.065734006 -0.016978808 0.996413589
1341846379.913954 0.000433503 -0.153293461 0.019766046 0.044606254 0.064367369 -0.013663537 0.996835232
1341846379.946050 -0.000266664 -0.159162283 0.027170919 0.035761416 0.062564753 -0.011839724 0.997329772
1341846379.981969 -0.006064726 -0.160047203 0.030573374 0.030448280 0.061470389 -0.009707261 0.997597158
1341846380.013935 -0.008725182 -0.146886155 0.030957891 0.026501602 0.058263343 -0.004635130 0.997938693
1341846380.046124 -0.007017258 -0.138649508 0.031975079 0.020136522 0.055530593 -0.001368429 0.998252988
1341846380.082142 -0.003215302 -0.135153711 0.031840615 0.014304284 0.055386741 -0.001563886 0.998361290
1341846380.114330 -0.007327115 -0.129096329 0.042419299 0.009812663 0.056557782 0.000688767 0.998350859
1341846380.150278 -0.013825082 -0.131120265 0.047556862 0.007461111 0.055350769 0.003851261 0.998431683
1341846380.182030 -0.011107974 -0.121682763 0.048417702 0.008646574 0.053856842 0.005839406 0.998494148
1341846380.213908 -0.007445449 -0.097734258 0.045678660 0.008703152 0.053401068 0.006036353 0.998516977
1341846380.250090 -0.010454644 -0.082273245 0.040191837 0.002099300 0.054920211 0.002299129 0.998485923
1341846380.281996 -0.011175841 -0.086728491 0.055957764 -0.009032466 0.059780143 0.000799483 0.998170376
1341846380.318009 -0.012083208 -0.073521651 0.055130754 -0.013291015 0.063587956 0.000974742 0.997887254
1341846380.350031 -0.007013247 -0.063980445 0.060617767 -0.018705213 0.063604914 0.008130672 0.997766733
1341846380.382297 -0.007989749 -0.056502666 0.061757319 -0.022736145 0.065054014 0.009462564 0.997577846
1341846380.418020 -0.011759994 -0.041300286 0.064985059 -0.025603900 0.066579960 0.010325625 0.997399092
1341846380.450059 -0.021303052 -0.011089359 0.083972700 -0.029710509 0.063411571 0.018979149 0.997364521
1341846380.481987 -0.021238228 0.000599174 0.083474025 -0.037514318 0.057511494 0.022896435 0.997376978
1341846380.518026 -0.007047719 -0.001601318 0.078176871 -0.043864340 0.052952383 0.021905901 0.997392654
1341846380.549973 -0.010953774 0.003952429 0.082438134 -0.046250038 0.052606851 0.022950882 0.997279644
1341846380.585876 -0.017095171 0.006431028 0.090387315 -0.046831351 0.049070891 0.023831116 0.997412145
1341846380.617833 -0.009046312 0.010727064 0.087595589 -0.045202237 0.045159198 0.023063555 0.997690082
1341846380.650010 -0.006207901 0.013158687 0.083694719 -0.041943971 0.044134084 0.021465013 0.997913897
1341846380.686058 -0.009151459 0.021600761 0.082087629 -0.038141362 0.042830441 0.020196656 0.998149753
1341846380.718154 -0.007110415 0.018717388 0.076523878 -0.036667354 0.041002203 0.019314023 0.998299181
1341846380.750063 0.003583230 -0.002744634 0.062301513 -0.036182586 0.039846413 0.018961959 0.998370469
1341846380.785897 0.002343252 0.017973058 0.058871996 -0.028289016 0.040544737 0.021658216 0.998542368
1341846380.818263 -0.003881891 0.030631740 0.075489715 -0.025493041 0.036876820 0.023679573 0.998713911
1341846380.854055 -0.000483014 0.022285560 0.080998637 -0.025476439 0.034259118 0.020052031 0.998886943
1341846380.886150 -0.000287051 0.035452962 0.085078202 -0.019353176 0.033780407 0.020795062 0.999025464
1341846380.918124 -0.007329369 0.046559352 0.095330745 -0.018016992 0.030239111 0.022554619 0.999125779
1341846380.954125 0.009471672 0.036481205 0.099252373 -0.020116543 0.022599593 0.021377554 0.999313593
1341846380.985985 0.015998593 0.029857432 0.093254082 -0.019980673 0.023344982 0.018468250 0.999357164
1341846381.018098 0.007952168 0.032422155 0.105295621 -0.018694626 0.025392830 0.019134527 0.999319553
1341846381.054072 0.007759146 0.028639581 0.113793328 -0.018076317 0.022533409 0.019911887 0.999384284
1341846381.086074 0.016681539 0.012315048 0.110665634 -0.015288874 0.021932494 0.020865113 0.999424756
1341846381.122035 0.019735252 0.031902641 0.127830848 -0.010207728 0.022446137 0.022284886 0.999447525
1341846381.159808 0.021332270 0.026932176 0.140592664 -0.011591547 0.021929616 0.021448530 0.999462187
1341846381.222118 0.030928910 0.036943603 0.154004589 -0.009930920 0.025284698 0.023555292 0.999353409
1341846381.254198 0.045261264 0.024698935 0.157685339 -0.014576113 0.027348027 0.022754667 0.999260664
1341846381.289977 0.054142855 0.021289146 0.179986015 -0.013932453 0.033584680 0.022746965 0.999079823
1341846381.322365 0.047169648 0.040672347 0.195903957 -0.010809280 0.037944827 0.027985983 0.998829365
1341846381.353963 0.049960114 0.038662054 0.205878466 -0.013523261 0.038678821 0.032745067 0.998623490
1341846381.389983 0.070229672 0.038051818 0.201408237 -0.015618462 0.040806364 0.031976942 0.998533130
1341846381.421973 0.054650787 0.043873921 0.224162593 -0.018705169 0.049614821 0.036696963 0.997918725
1341846381.454108 0.060780276 0.042455997 0.246904105 -0.021826727 0.050317854 0.037084445 0.997805834
1341846381.489891 0.069854356 0.025066560 0.250954807 -0.022246256 0.053033791 0.038548045 0.997600436
1341846381.521988 0.063927062 0.024332657 0.265489936 -0.016867725 0.058610927 0.045363422 0.997107029
1341846381.558072 0.075458735 0.025628403 0.276207924 -0.013738833 0.059904538 0.047972064 0.996956050
1341846381.589879 0.080265738 0.037528533 0.281785429 -0.010258217 0.063525863 0.045340255 0.996896923
1341846381.622018 0.090444483 0.037845165 0.295087337 -0.011698982 0.066252202 0.044264730 0.996751964
1341846381.657894 0.093704708 0.034402501 0.313090563 -0.011899912 0.069501594 0.041708454 0.996638536
1341846381.689870 0.097405359 0.023255004 0.329253852 -0.009038838 0.072754480 0.040444445 0.996488512
1341846381.722338 0.095778830 0.030465769 0.342509836 -0.005623597 0.075999670 0.040960893 0.996250331
1341846381.758166 0.098725349 0.029438192 0.355474740 -0.005618616 0.077692658 0.040435106 0.996141195
1341846381.790889 0.103178114 0.027210418 0.363376081 -0.003731030 0.079378895 0.038354516 0.996099412
1341846381.826591 0.111400090 0.029289119 0.375788480 -0.000878267 0.081445388 0.037847798 0.995958567
1341846381.859589 0.107624955 0.028223943 0.384620339 0.000027106 0.081358247 0.040136434 0.995876491
1341846381.890538 0.107760020 0.024351316 0.398002267 0.001128277 0.077423036 0.041036662 0.996152818
1341846381.926191 0.113009334 0.029521266 0.408117712 0.002662587 0.074934274 0.037494604 0.996479750
1341846381.958121 0.114408769 0.041260071 0.417157650 -0.000270972 0.070819788 0.039021932 0.996725559
1341846381.990050 0.114325166 0.035921104 0.423232287 -0.005681536 0.062977575 0.039542869 0.997215092
1341846382.026007 0.129491985 0.033675503 0.441368490 -0.009666080 0.057068739 0.035716452 0.997684360
1341846382.059217 0.131326839 0.035944883 0.451137334 -0.015115045 0.057201065 0.031350065 0.997755885
1341846382.094090 0.127064273 0.032346353 0.469784409 -0.020578299 0.055920314 0.030707965 0.997750700
1341846382.126195 0.132516414 0.020903496 0.477402538 -0.021978650 0.053410348 0.031507600 0.997833431
1341846382.158170 0.134027511 0.021887580 0.488603622 -0.021640601 0.054753941 0.032853078 0.997724593
1341846382.194097 0.135390684 0.022270985 0.502077699 -0.022519970 0.055529166 0.033900741 0.997627258
1341846382.226010 0.139162451 0.016121093 0.509562850 -0.023281697 0.055159759 0.035743576 0.997565925
1341846382.258172 0.142591134 0.014564921 0.520241559 -0.023293108 0.055571351 0.035300959 0.997558594
1341846382.294020 0.147107542 0.016027424 0.529067457 -0.022973822 0.057477504 0.033410512 0.997523069
1341846382.325957 0.140533805 0.017529817 0.539447129 -0.023774849 0.057884280 0.031229543 0.997551441
1341846382.361974 0.141861573 0.010730328 0.556301415 -0.025417561 0.056284416 0.030204268 0.997634053
1341846382.393888 0.138517901 0.006489520 0.570233047 -0.024633000 0.055571362 0.028432913 0.997745752
1341846382.425972 0.137566164 0.011396083 0.580754697 -0.023705870 0.054891817 0.023973444 0.997922957
1341846382.462037 0.130929977 0.011299055 0.591919899 -0.024793336 0.054460064 0.018953262 0.998028159
1341846382.494003 0.131733879 0.013127143 0.604768336 -0.025928007 0.051309247 0.015688498 0.998222947
1341846382.530148 0.134490013 0.006341325 0.618208170 -0.026922988 0.048836548 0.012949682 0.998359919
1341846382.562400 0.131489947 0.005255655 0.625926793 -0.026272390 0.049304321 0.011309808 0.998374164
1341846382.593981 0.134371981 0.003237083 0.638904631 -0.025522245 0.048599139 0.012273191 0.998416841
1341846382.629905 0.132675409 -0.005156060 0.646430969 -0.022929896 0.049847167 0.014209595 0.998392522
1341846382.661966 0.130803317 0.005440402 0.654439569 -0.018039566 0.050445877 0.017579554 0.998409152
1341846382.693976 0.132762358 0.003784105 0.659712970 -0.019351941 0.049770702 0.018132424 0.998408556
1341846382.730021 0.132817313 0.002969409 0.670232654 -0.018361622 0.051092971 0.017274307 0.998375654
1341846382.762004 0.130014494 0.005505757 0.677080333 -0.017844971 0.052042063 0.018930320 0.998305976
1341846382.798112 0.124155812 0.011487755 0.678678691 -0.019077726 0.051265031 0.015656764 0.998380125
1341846382.829949 0.130025655 0.008491605 0.682752669 -0.021975776 0.051108375 0.010743914 0.998393476
1341846382.861875 0.136377186 0.004453294 0.691888928 -0.023269894 0.051409900 0.007660255 0.998377144
1341846382.897967 0.130388692 0.000239868 0.696023107 -0.024495363 0.052840449 0.009858860 0.998253822
1341846382.930017 0.133720398 -0.007536118 0.694486499 -0.024419202 0.053444296 0.009990639 0.998222232
1341846382.962121 0.133653685 0.012630053 0.701798677 -0.018459475 0.056572825 0.008778085 0.998189270
1341846382.997950 0.132235453 0.009191867 0.703627050 -0.019048346 0.057624307 0.010916037 0.998096943
1341846383.029927 0.138898030 0.006598517 0.706990123 -0.018505272 0.056330413 0.011544485 0.998173952
1341846383.104184 0.142948791 0.008082059 0.709374726 -0.021676810 0.060828686 0.003231970 0.997907579
1341846383.172122 0.149636522 0.007806174 0.713257849 -0.024242248 0.058391169 0.003061027 0.997994721
1341846383.236935 0.131606624 -0.001889291 0.717591524 -0.027316365 0.070611693 0.002550240 0.997126520
1341846383.272112 0.138917238 0.000138934 0.719948947 -0.025258217 0.067288361 0.006282099 0.997394025
1341846383.303955 0.148533672 0.000247059 0.713088095 -0.025079243 0.066780999 0.008109553 0.997419477
1341846383.336133 0.150441557 0.011552298 0.714387715 -0.026035251 0.067533433 0.006985011 0.997352839
1341846383.398119 0.158062935 0.006144844 0.712861300 -0.027971683 0.065119043 0.010426130 0.997430921
1341846383.433991 0.159956828 0.002485000 0.706799924 -0.029325740 0.066597037 0.011180616 0.997286260
1341846383.466087 0.155626848 0.001149479 0.706814587 -0.029424006 0.067370914 0.011661487 0.997225881
1341846383.501974 0.148935556 -0.001721799 0.702553749 -0.029304946 0.066872627 0.013683523 0.997237206
1341846383.533975 0.150091514 0.001566226 0.695581317 -0.028043130 0.064262658 0.014114583 0.997439086
1341846383.565981 0.149671108 0.000666750 0.689415514 -0.028877288 0.063180767 0.011737957 0.997515202
1341846383.602253 0.143035576 0.003297522 0.685688674 -0.028356168 0.061137896 0.011676655 0.997658134
1341846383.634175 0.129183739 0.012353208 0.679581106 -0.025997270 0.058020800 0.012503128 0.997898519
1341846383.665988 0.129773870 0.006159277 0.666905522 -0.028186545 0.053033020 0.011347545 0.998130381
1341846383.702104 0.115712605 -0.000914203 0.658914745 -0.030208241 0.052676007 0.008413080 0.998119175
1341846383.734131 0.106965952 -0.001695626 0.654295802 -0.030514067 0.049332611 0.007714217 0.998286366
1341846383.770067 0.109838128 0.001309588 0.643624723 -0.029349903 0.042574491 0.010907993 0.998602509
1341846383.802027 0.110256739 0.004880297 0.635681450 -0.028089646 0.038245469 0.010970760 0.998813272
1341846383.870067 0.082159132 -0.001083840 0.611253858 -0.030457560 0.036442164 0.012729285 0.998790443
1341846383.901854 0.087419160 0.007318436 0.598586321 -0.028534696 0.031546604 0.013246150 0.999007106
1341846383.934301 0.089799672 0.015211250 0.590752721 -0.030015245 0.028989604 0.012437963 0.999051571
1341846383.969997 0.075869627 0.004980019 0.583187521 -0.032811984 0.029245855 0.012707615 0.998952746
1341846384.001936 0.082737759 0.002959287 0.574831426 -0.030911822 0.023768283 0.015663927 0.999116719
1341846384.038092 0.074779026 0.015578547 0.560710669 -0.027342733 0.019741455 0.016705442 0.999291539
1341846384.070104 0.078549877 0.018444709 0.550797045 -0.028093325 0.017520750 0.013585347 0.999359429
1341846384.102008 0.072035410 0.006087797 0.540051281 -0.028996909 0.018086571 0.012375786 0.999339223
1341846384.138265 0.065829232 0.012426558 0.530953288 -0.026362173 0.014797974 0.014610434 0.999436140
1341846384.170093 0.069110453 0.016282517 0.518334329 -0.026503166 0.011791577 0.013584700 0.999486864
1341846384.202188 0.067169018 0.016028421 0.508087337 -0.025878983 0.012993786 0.011439657 0.999515176
1341846384.237844 0.061503209 0.016871186 0.499085039 -0.026411213 0.013945188 0.011503082 0.999487698
1341846384.269968 0.057369694 0.016952261 0.489721358 -0.025884548 0.012774422 0.012742572 0.999502122
1341846384.306015 0.057782229 0.021799924 0.476759702 -0.023552923 0.012465157 0.011902522 0.999574006
1341846384.337907 0.052014396 0.024441624 0.468477845 -0.023789030 0.013416077 0.012405628 0.999549985
1341846384.369865 0.052097183 0.021849474 0.453215092 -0.025694614 0.012205554 0.011942069 0.999523997
1341846384.406199 0.051023290 0.020427685 0.447043717 -0.025088653 0.013023479 0.009660878 0.999553740
1341846384.437788 0.043925576 0.028041348 0.431624144 -0.024416696 0.013605596 0.008346695 0.999574423
1341846384.469882 0.044695467 0.032823864 0.428017855 -0.026313746 0.012270696 0.006636314 0.999556422
1341846384.506115 0.045686014 0.027250556 0.416321099 -0.028641205 0.013330299 0.003798176 0.999493659
1341846384.537970 0.041699834 0.030518005 0.405576378 -0.029765001 0.016351536 0.002753782 0.999419391
1341846384.573994 0.032753922 0.027059292 0.401649684 -0.031393591 0.017487166 0.004997685 0.999341667
1341846384.606493 0.031456772 0.027022261 0.393634170 -0.029309429 0.015544595 0.009760981 0.999401867
1341846384.637999 0.032427482 0.032199170 0.385921568 -0.026983241 0.014041244 0.012173993 0.999463141
1341846384.674068 0.026774576 0.037184563 0.380769461 -0.026755244 0.013623172 0.010355755 0.999495566
1341846384.705921 0.024708433 0.036652409 0.369996995 -0.026108345 0.012523804 0.008921150 0.999540865
1341846384.742045 0.017276939 0.044994485 0.357593089 -0.025304342 0.010593511 0.008079893 0.999590993
1341846384.774082 0.020740541 0.042103343 0.352828801 -0.029020602 0.007585644 0.004637113 0.999539256
1341846384.805987 0.016286267 0.042164106 0.344185412 -0.030347034 0.007740095 -0.000142326 0.999509454
1341846384.842025 0.009658596 0.043969098 0.334766090 -0.031052321 0.006673783 -0.000817932 0.999495149
1341846384.874081 0.006492132 0.039454646 0.323905885 -0.032854211 0.004955092 0.000944646 0.999447465
1341846384.905998 0.008299874 0.044354580 0.314113498 -0.030091360 0.004346192 0.003299862 0.999532282
1341846384.942014 0.001411931 0.054823965 0.302394181 -0.028525539 0.005240739 0.005875551 0.999562085
1341846384.974049 0.001318724 0.049715750 0.301015377 -0.030449038 0.004523453 0.008843823 0.999486983
1341846385.009917 -0.002112412 0.044145420 0.292120814 -0.028967191 0.005434167 0.013745246 0.999471128
1341846385.042211 -0.007604112 0.054042172 0.282162219 -0.026722891 0.006711478 0.014673184 0.999512672
1341846385.073967 -0.007268821 0.047443956 0.277376056 -0.029724535 0.007089174 0.014829360 0.999422967
1341846385.110157 -0.010487755 0.044139247 0.270158201 -0.028731177 0.008643343 0.015094033 0.999435842
1341846385.141931 -0.016860655 0.045643140 0.265042782 -0.026777027 0.009433616 0.016542897 0.999460042
1341846385.173929 -0.020413736 0.044854455 0.256282568 -0.025586018 0.008086890 0.015451933 0.999520481
1341846385.210052 -0.020355592 0.043454766 0.248527810 -0.024599839 0.007630072 0.010255081 0.999615669
1341846385.242941 -0.027200582 0.047293708 0.232669145 -0.022837657 0.008764067 0.004367196 0.999691248
1341846385.278001 -0.033182941 0.041990098 0.228718594 -0.023344228 0.008111973 0.001916285 0.999692738
1341846385.311234 -0.039702553 0.037455577 0.221260190 -0.021175733 0.007942650 0.001452197 0.999743164
1341846385.342936 -0.042192940 0.045471650 0.213212848 -0.016975867 0.006314176 -0.000251655 0.999835908
1341846385.378101 -0.048453365 0.048066314 0.205990016 -0.016521400 0.006721103 -0.001819085 0.999839246
1341846385.410048 -0.056205027 0.043839462 0.200901955 -0.017315593 0.006081317 -0.002136633 0.999829292
1341846385.442088 -0.066720873 0.045468669 0.196155354 -0.016351795 0.004442720 -0.002399145 0.999853551
1341846385.477970 -0.069019750 0.047355581 0.183961213 -0.016993335 0.000426356 -0.002704972 0.999851823
1341846385.510109 -0.075284965 0.048860084 0.181472868 -0.017330609 -0.001061981 -0.002601939 0.999845862
1341846385.545989 -0.090958051 0.048880316 0.172475234 -0.017923912 -0.002611428 -0.003214119 0.999830782
1341846385.577939 -0.095556654 0.053195998 0.162812814 -0.018690728 -0.007783948 -0.002303868 0.999792337
1341846385.609948 -0.099788330 0.049507469 0.160843790 -0.020083427 -0.010312837 -0.002134531 0.999742806
1341846385.646024 -0.114032410 0.051574066 0.147874519 -0.020983860 -0.013178582 0.000194953 0.999692976
1341846385.678122 -0.119953819 0.052589696 0.144686282 -0.022810522 -0.019641222 0.002789160 0.999543011
1341846385.713966 -0.123587154 0.055758636 0.135627553 -0.022411920 -0.022054091 0.002450309 0.999502540
1341846385.745986 -0.128162920 0.054164410 0.132659733 -0.021842109 -0.021881614 0.003093342 0.999517202
1341846385.778024 -0.132751450 0.056257542 0.120130725 -0.021946123 -0.024604339 0.006609862 0.999434531
1341846385.814480 -0.132786006 0.061660882 0.113436572 -0.021739144 -0.025999008 0.004868741 0.999413729
1341846385.846594 -0.133861825 0.064161196 0.103389852 -0.021972749 -0.023539614 0.002560403 0.999478161
1341846385.884072 -0.144412652 0.063968919 0.099012680 -0.023151986 -0.020939788 0.004600672 0.999502063
1341846385.920282 -0.148063451 0.065484166 0.095830098 -0.023612726 -0.023114040 0.006263592 0.999434352
1341846385.951967 -0.144225717 0.066161014 0.077027626 -0.023452694 -0.021264499 0.004042476 0.999490619
1341846385.983828 -0.151608437 0.071301676 0.078519851 -0.022199228 -0.017077841 0.003335730 0.999602139
1341846386.019954 -0.160901099 0.069025151 0.073240243 -0.022232726 -0.016397994 0.005387742 0.999603868
1341846386.053153 -0.160362080 0.067267910 0.067412950 -0.020891692 -0.018507987 0.005349194 0.999596179
1341846386.087964 -0.156067580 0.067868724 0.052873280 -0.018040905 -0.017089015 0.001220113 0.999690473
1341846386.120298 -0.162156329 0.066041782 0.047744431 -0.017194279 -0.013998963 -0.001743268 0.999752700
1341846386.152323 -0.170536011 0.060298052 0.042641304 -0.015598684 -0.013649960 -0.002067145 0.999783039
1341846386.187922 -0.173925653 0.058932651 0.039169870 -0.012960874 -0.014761624 -0.005553070 0.999791622
1341846386.220214 -0.170228258 0.058417466 0.029677706 -0.010881133 -0.014651445 -0.010409595 0.999779284
1341846386.251878 -0.174481794 0.051511474 0.017668137 -0.008646606 -0.012743977 -0.013200037 0.999794304
1341846386.287926 -0.182471320 0.053091764 0.006933783 -0.005382108 -0.013730749 -0.013157563 0.999804676
1341846386.320048 -0.177603692 0.057553113 -0.003412694 -0.002467219 -0.016083168 -0.016736602 0.999727547
1341846386.351806 -0.176290929 0.058632545 -0.017258003 -0.000628944 -0.013799112 -0.021400142 0.999675572
1341846386.387904 -0.179155916 0.053073596 -0.038511861 0.000534317 -0.012982752 -0.021530084 0.999683797
1341846386.420158 -0.184859306 0.055675276 -0.056698259 0.002405383 -0.014930764 -0.019420490 0.999697030
1341846386.488011 -0.173067689 0.067399643 -0.087039337 0.004613324 -0.019639757 -0.023214642 0.999526918
1341846386.550203 -0.188648328 0.059402995 -0.119775683 0.005550666 -0.018357690 -0.023331316 0.999543846
1341846386.582265 -0.185179025 0.071968950 -0.135980338 0.007495682 -0.022063080 -0.021402899 0.999499381
1341846386.618055 -0.177386597 0.072703235 -0.156601176 0.006578907 -0.022576952 -0.023277374 0.999452472
1341846386.651032 -0.179382369 0.077752434 -0.180791631 0.005452283 -0.021116650 -0.024689250 0.999457300
1341846386.682220 -0.181126148 0.080708399 -0.193438560 0.003273704 -0.022435930 -0.023497004 0.999466777
1341846386.718071 -0.173177987 0.075289197 -0.202932045 0.002009753 -0.024078406 -0.020165637 0.999504685
1341846386.750071 -0.166594103 0.079284728 -0.220760003 0.004302816 -0.021766810 -0.019634400 0.999561012
1341846386.786100 -0.175124705 0.084842160 -0.239781633 0.004958404 -0.018531039 -0.015269591 0.999699354
1341846386.817967 -0.174875706 0.084591016 -0.251373172 0.005980440 -0.019044554 -0.013651524 0.999707520
1341846386.850155 -0.169682562 0.091431662 -0.267262638 0.007381392 -0.017778182 -0.013453064 0.999724150
1341846386.886034 -0.167266414 0.092244670 -0.280036420 0.007059207 -0.015062112 -0.011755758 0.999792516
1341846386.918050 -0.169611663 0.091954894 -0.293370336 0.007287652 -0.013266140 -0.008319562 0.999850810
1341846386.954005 -0.173182949 0.096092083 -0.307377726 0.008028273 -0.011993886 -0.006520013 0.999874532
1341846386.986155 -0.162785485 0.098352805 -0.328657269 0.007917439 -0.011121271 -0.006036182 0.999888599
1341846387.018027 -0.163230792 0.095560618 -0.334765345 0.007442561 -0.006500890 -0.004292397 0.999942005
1341846387.054058 -0.169599369 0.097165242 -0.345129073 0.008954584 -0.004095942 -0.002256595 0.999948978
1341846387.086157 -0.168633327 0.103048421 -0.350664407 0.010147962 -0.004299750 -0.001924803 0.999937415
1341846387.118350 -0.165189371 0.099219427 -0.362729013 0.010333559 -0.001454475 -0.003177187 0.999940515
1341846387.153927 -0.165945575 0.100901879 -0.374413520 0.011948584 0.000443851 -0.003779856 0.999921381
1341846387.185953 -0.169887349 0.110138848 -0.388594955 0.012236755 -0.000272336 -0.003646564 0.999918461
1341846387.222042 -0.167944461 0.112773113 -0.390122712 0.010229374 -0.000952867 -0.005558420 0.999931812
1341846387.253968 -0.170010388 0.107618026 -0.416308880 0.008627693 0.001115481 -0.007534622 0.999933779
1341846387.286046 -0.180054829 0.111464776 -0.428867310 0.007732439 0.002154816 -0.005926904 0.999950230
1341846387.322002 -0.173906773 0.109767608 -0.450301647 0.005416850 0.000552130 -0.004040830 0.999976993
1341846387.353879 -0.164184928 0.112414241 -0.446611226 0.004738622 0.001424036 -0.005316848 0.999973655
1341846387.386177 -0.175696507 0.105876885 -0.470807642 0.003709924 0.002758254 -0.001426908 0.999988258
1341846387.422132 -0.169418022 0.106685638 -0.478526384 0.004195999 0.000897812 0.000816723 0.999990463
1341846387.454043 -0.160758987 0.114194706 -0.490389287 0.005191884 0.001676284 -0.000936626 0.999984682
1341846387.490166 -0.169526249 0.110860549 -0.502000570 0.004067995 0.003240969 -0.000084892 0.999986470
1341846387.522009 -0.171944216 0.112999201 -0.506878972 0.004464171 0.001245556 0.003869568 0.999981761
1341846387.554619 -0.163570821 0.117220543 -0.524838269 0.004862307 -0.000125935 0.006018561 0.999970078
1341846387.590257 -0.162246048 0.128393859 -0.534453988 0.003843279 0.000797278 0.005400897 0.999977708
1341846387.622301 -0.164000764 0.129650503 -0.538062513 0.000915906 0.002560570 0.005374729 0.999981880
1341846387.654151 -0.171030894 0.129050642 -0.542596817 -0.000773006 0.002735674 0.005229800 0.999982297
1341846387.690110 -0.171879396 0.133501783 -0.551629186 -0.001647866 0.000726032 0.004054146 0.999990165
1341846387.722109 -0.170370936 0.134954080 -0.557422996 -0.003974819 -0.000320425 0.003615290 0.999985516
1341846387.758177 -0.170619592 0.129712000 -0.564789712 -0.005838839 -0.001081996 0.004651521 0.999971569
1341846387.790191 -0.177390113 0.129897326 -0.567237914 -0.005290295 -0.002207315 0.007757373 0.999953508
1341846387.822157 -0.174005449 0.136895448 -0.575040162 -0.004022152 -0.004703477 0.008202772 0.999947190
1341846387.858179 -0.169238582 0.139289260 -0.580798388 -0.004702043 -0.006193008 0.011837851 0.999899685
1341846387.890013 -0.173429757 0.137329385 -0.583968878 -0.005043196 -0.008525261 0.013098210 0.999865174
1341846387.926103 -0.173469022 0.140692517 -0.598726630 -0.004585337 -0.009617005 0.012510679 0.999864995
1341846387.958426 -0.172796220 0.144175515 -0.597146034 -0.005226441 -0.010403599 0.015394534 0.999813676
1341846387.990086 -0.179862365 0.144090012 -0.601377666 -0.005791333 -0.012231626 0.016824866 0.999766886
1341846388.026158 -0.171785966 0.132590592 -0.590346515 -0.005567473 -0.016674288 0.015645964 0.999723017
1341846388.058060 -0.171271786 0.134161606 -0.595173419 -0.000322232 -0.018288512 0.022043953 0.999589622
1341846388.089974 -0.171344593 0.132037640 -0.586289048 0.004522792 -0.021206087 0.026784759 0.999406099
1341846388.126088 -0.164222956 0.150928244 -0.591823578 0.008164802 -0.023563016 0.025449168 0.999365032
1341846388.158090 -0.155534402 0.166951314 -0.599941015 0.006033607 -0.022161849 0.022319704 0.999487042
1341846388.194068 -0.164358795 0.152181298 -0.587127388 0.000364564 -0.019354386 0.019165952 0.999628901
1341846388.225961 -0.164760634 0.147275150 -0.580283284 -0.000562476 -0.020150157 0.018100061 0.999632955
1341846388.257928 -0.160640270 0.154580608 -0.578216434 -0.001298413 -0.020533519 0.019168369 0.999604523
1341846388.294066 -0.163375631 0.143728003 -0.563774288 -0.002899993 -0.020299139 0.018481798 0.999618888
1341846388.325954 -0.156400278 0.153561309 -0.558048666 -0.000968398 -0.020991234 0.016449356 0.999643862
1341846388.357936 -0.155949205 0.149732530 -0.552777648 -0.003115175 -0.019589446 0.015090793 0.999689341
1341846388.394202 -0.163406789 0.145400837 -0.537624717 -0.004315631 -0.019341229 0.012804336 0.999721646
1341846388.425957 -0.153661832 0.146731108 -0.537445009 -0.004470681 -0.020921852 0.010183975 0.999719262
1341846388.462012 -0.152615428 0.143795490 -0.519867539 -0.005561301 -0.018986935 0.007861661 0.999773383
1341846388.493961 -0.158717424 0.133930400 -0.503365815 -0.005390908 -0.019534783 0.007359977 0.999767542
1341846388.526293 -0.152735665 0.133184537 -0.496607631 -0.003704756 -0.021694630 0.007557502 0.999729216
1341846388.562293 -0.146472037 0.131544456 -0.489139229 -0.002093887 -0.020332653 0.005554052 0.999775648
1341846388.594090 -0.151289046 0.131350949 -0.477627456 -0.001289399 -0.018272923 0.005125613 0.999819040
1341846388.626030 -0.149952739 0.130524814 -0.462194890 -0.001478354 -0.019278901 0.004891779 0.999801099
1341846388.662009 -0.144179001 0.118962213 -0.450090617 -0.000816750 -0.018553337 0.002695493 0.999823868
1341846388.694110 -0.147202536 0.127285764 -0.437769026 0.001512835 -0.017086202 0.001925154 0.999851048
1341846388.730239 -0.145454392 0.125114769 -0.424339712 -0.000315412 -0.018200522 0.001602846 0.999833047
1341846388.762131 -0.138218790 0.112710059 -0.409941345 -0.001005168 -0.017365893 -0.001517992 0.999847531
1341846388.794087 -0.142723665 0.120406963 -0.400989652 0.000698454 -0.014981011 -0.001052459 0.999886990
1341846388.830117 -0.146745071 0.121303745 -0.374783218 -0.001500779 -0.016006190 0.000829914 0.999870420
1341846388.868548 -0.137777343 0.104246549 -0.376291066 -0.002999058 -0.017030196 0.001159154 0.999849796
1341846388.900942 -0.141936854 0.117482498 -0.358785659 -0.001192917 -0.015091588 0.000824234 0.999885082
1341846388.937157 -0.145584524 0.119269259 -0.337475121 -0.004425171 -0.016498283 0.001730508 0.999852598
1341846388.970712 -0.140663862 0.108098052 -0.314784557 -0.006815395 -0.017142134 0.001601515 0.999828517
1341846389.001153 -0.141668275 0.112691373 -0.298679262 -0.006074727 -0.016893255 0.000166312 0.999838829
1341846389.036956 -0.144480556 0.117316350 -0.281756550 -0.008221128 -0.016949171 -0.001240376 0.999821782
1341846389.069208 -0.141381189 0.100286283 -0.269515872 -0.012178579 -0.017863920 -0.001120715 0.999765635
1341846389.168276 -0.143360868 0.086168379 -0.232944980 -0.013006766 -0.016842026 -0.000177117 0.999773562
1341846389.230639 -0.151444286 0.087034039 -0.191476077 -0.009283167 -0.015664343 0.000941491 0.999833763
1341846389.266034 -0.147743940 0.086285472 -0.180656433 -0.008087454 -0.017472513 -0.000735488 0.999814391
1341846389.298760 -0.139927879 0.082228661 -0.172268063 -0.007075196 -0.015537403 -0.002054716 0.999852121
1341846389.329980 -0.146214083 0.082162060 -0.149121746 -0.005352858 -0.013412658 -0.001616288 0.999894440
1341846389.366022 -0.143043727 0.085077263 -0.133101568 -0.004681461 -0.013798087 -0.001395904 0.999892890
1341846389.397969 -0.135278150 0.074704021 -0.125635758 -0.004943006 -0.011681295 -0.001508890 0.999918401
1341846389.433982 -0.135765299 0.077403329 -0.113042466 -0.001480435 -0.007636587 -0.001304637 0.999968886
1341846389.466033 -0.138522536 0.083920725 -0.100181796 -0.001172360 -0.006816887 0.001378790 0.999975145
1341846389.498030 -0.134068951 0.077706061 -0.084526159 -0.002353030 -0.007301233 0.000734575 0.999970317
1341846389.534085 -0.126723662 0.080503426 -0.079069525 -0.001637653 -0.004911351 -0.000090354 0.999986589
1341846389.565875 -0.132545993 0.089920580 -0.063950293 -0.002811127 -0.002479929 -0.001014264 0.999992490
1341846389.597960 -0.131320477 0.087109737 -0.048089355 -0.007283443 -0.003539084 -0.000834709 0.999966860
1341846389.634116 -0.127255857 0.086114042 -0.036898538 -0.008196161 -0.004344621 -0.001988952 0.999954998
1341846389.665950 -0.126189351 0.094394505 -0.031118032 -0.010428759 -0.003071139 -0.003751295 0.999933898
1341846389.702127 -0.124427974 0.084427208 -0.005088417 -0.015357126 -0.002530350 -0.005570356 0.999863327
1341846389.734086 -0.123330906 0.081048861 0.000450457 -0.015277589 -0.004251163 -0.003698280 0.999867380
1341846389.765898 -0.118109010 0.087675780 0.009209391 -0.014836080 -0.005491012 -0.003064352 0.999870121
1341846389.802126 -0.113006331 0.083698824 0.022240583 -0.016305037 -0.005866179 -0.004249164 0.999840796
1341846389.834063 -0.110950731 0.078740597 0.032274906 -0.015169687 -0.005375829 -0.003863501 0.999863029
1341846389.866260 -0.110668726 0.078196548 0.048243485 -0.012536385 -0.005645465 0.000188182 0.999905467
1341846389.902002 -0.103571825 0.077685744 0.050765537 -0.011393465 -0.007443759 0.000337973 0.999907315
1341846389.934117 -0.097679690 0.079372600 0.059067335 -0.010160320 -0.005754005 -0.001976664 0.999929845
1341846389.970116 -0.097720876 0.079443142 0.071048893 -0.009922869 -0.003391063 -0.002048559 0.999942899
1341846390.002129 -0.101507224 0.078806907 0.081341237 -0.010270127 -0.004821171 -0.000157202 0.999935627
1341846390.034099 -0.095946819 0.078262493 0.094511889 -0.009165520 -0.007966596 -0.000780244 0.999925911
1341846390.070024 -0.090096556 0.081756473 0.098060772 -0.008509156 -0.007258518 -0.003930609 0.999929726
1341846390.101910 -0.090165772 0.080473386 0.108539082 -0.009732260 -0.007128470 -0.005674865 0.999911070
1341846390.137924 -0.083925627 0.073876016 0.115916759 -0.009211865 -0.009859163 -0.004663379 0.999898076
1341846390.170038 -0.076829329 0.081243820 0.113565706 -0.007051182 -0.009945245 -0.005314833 0.999911547
1341846390.202115 -0.075378895 0.082116231 0.119546622 -0.010007920 -0.008683511 -0.007375702 0.999884963
1341846390.238117 -0.074552685 0.077605851 0.135098770 -0.010890989 -0.009669873 -0.005870858 0.999876678
1341846390.270052 -0.069711953 0.078776084 0.136939749 -0.010230264 -0.012950086 0.000260130 0.999863744
1341846390.302085 -0.057762649 0.080856897 0.143681228 -0.011595897 -0.014309546 0.002801121 0.999826431
1341846390.338496 -0.051212389 0.076143190 0.152635098 -0.012077829 -0.013170450 0.004721140 0.999829173
1341846390.370105 -0.055453189 0.080180384 0.162129685 -0.011452231 -0.014304489 0.009529931 0.999786675
1341846390.438106 -0.041219950 0.081159271 0.183342084 -0.016454460 -0.021161338 0.007516779 0.999612391
1341846390.505984 -0.043230392 0.083133996 0.197732553 -0.021320088 -0.028494561 0.011263181 0.999303102
1341846390.538495 -0.024901759 0.085069150 0.205079645 -0.021781476 -0.031906102 0.006174290 0.999234438
1341846390.606055 -0.020244323 0.091829307 0.229640335 -0.023862127 -0.034771804 0.013706208 0.999016345
1341846390.638031 -0.006425716 0.090539962 0.228167474 -0.023843819 -0.038233072 0.015362027 0.998866200
1341846390.673954 0.001289160 0.095607631 0.234042928 -0.023370450 -0.035512403 0.013441059 0.999005497
1341846390.705937 -0.000630219 0.100864105 0.240486369 -0.026080610 -0.033649668 0.011756129 0.999024153
1341846390.737965 0.004253341 0.093172148 0.252485067 -0.029308064 -0.035309672 0.010875762 0.998887360
1341846390.774135 0.020327631 0.091783471 0.246443927 -0.027790496 -0.034746427 0.010650447 0.998952925
1341846390.806067 0.026598027 0.100133762 0.257059008 -0.027115567 -0.031135894 0.012593141 0.999067903
1341846390.838026 0.028820612 0.100697227 0.264020920 -0.029193718 -0.030608840 0.014541253 0.998999178
1341846390.874116 0.024270348 0.107470416 0.269448698 -0.029330930 -0.028677024 0.015203158 0.999042630
1341846390.906067 0.028439328 0.107923225 0.272755831 -0.031246850 -0.027493216 0.018475369 0.998962641
1341846390.942137 0.031786878 0.107683033 0.279311508 -0.033629674 -0.027753584 0.022505824 0.998795390
1341846390.974052 0.032567829 0.101339668 0.282698691 -0.033380233 -0.029089216 0.027507620 0.998640537
1341846391.006164 0.031535283 0.108541243 0.280944288 -0.031172523 -0.030450525 0.029962607 0.998600662
1341846391.042303 0.049966905 0.115017071 0.289396167 -0.032449309 -0.033808991 0.026101829 0.998560309
1341846391.074134 0.051700551 0.108313113 0.290836453 -0.033408672 -0.035201903 0.023490455 0.998545408
1341846391.106097 0.047643974 0.111462019 0.288561195 -0.032475315 -0.036547404 0.023554632 0.998526335
1341846391.142154 0.049771555 0.102645829 0.285473198 -0.034524661 -0.038974259 0.027549922 0.998263538
1341846391.174124 0.051188275 0.107836261 0.283910334 -0.033237819 -0.039318796 0.026831020 0.998313248
1341846391.209961 0.046213929 0.107969314 0.280556500 -0.033024158 -0.037830248 0.027747145 0.998352826
1341846391.241977 0.044671036 0.097251788 0.281833470 -0.034100551 -0.039409351 0.031078111 0.998157382
1341846391.273984 0.044643972 0.104134969 0.279251546 -0.030863920 -0.040793296 0.029693263 0.998249292
1341846391.309946 0.048803091 0.101569697 0.280612439 -0.030526426 -0.040592175 0.027971286 0.998317599
1341846391.342018 0.038482334 0.095964745 0.277765334 -0.031379823 -0.040508594 0.027620306 0.998304307
1341846391.378060 0.042751823 0.097487740 0.279048949 -0.030618733 -0.044312127 0.025141055 0.998231888
1341846391.410037 0.044206657 0.100304954 0.272726387 -0.030240426 -0.044800188 0.022131972 0.998292863
1341846391.442052 0.044107150 0.093642160 0.276799411 -0.030253001 -0.043861467 0.023373734 0.998305857
1341846391.478040 0.043951251 0.095206827 0.275736898 -0.028402230 -0.045869771 0.029157562 0.998117805
1341846391.510072 0.045763589 0.099423930 0.270820886 -0.027980568 -0.047996640 0.031102432 0.997970939
1341846391.542159 0.046513315 0.098803796 0.270366699 -0.028945552 -0.047167514 0.029977400 0.998017430
1341846391.578010 0.044995781 0.099438936 0.271537423 -0.028572898 -0.046319194 0.030509494 0.998051763
1341846391.610169 0.042149831 0.091899574 0.268048972 -0.028846206 -0.047579307 0.033534266 0.997887552
1341846391.645942 0.039891835 0.091165669 0.267235130 -0.027427435 -0.049119957 0.033944435 0.997839034
1341846391.677959 0.041619159 0.092691354 0.264689505 -0.025956521 -0.049418561 0.032687385 0.997905612
1341846391.710022 0.035300974 0.088629901 0.268344164 -0.024708197 -0.048944600 0.033357549 0.997938454
1341846391.745846 0.036134012 0.083937854 0.264633417 -0.023062656 -0.051759623 0.034376785 0.997801244
1341846391.778020 0.041674800 0.083390847 0.262548208 -0.021118844 -0.052733727 0.031894222 0.997875690
1341846391.810026 0.039606370 0.080277339 0.267132342 -0.019481597 -0.052106548 0.032248881 0.997930586
1341846391.846013 0.039357796 0.076645233 0.266574472 -0.017622197 -0.052787166 0.034128610 0.997866809
1341846391.877984 0.040044550 0.077494845 0.263588399 -0.014427974 -0.052754324 0.035276629 0.997879922
1341846391.914033 0.041792918 0.074847251 0.260593563 -0.013286879 -0.052651357 0.036679037 0.997850657
1341846391.945996 0.036797080 0.077347226 0.256450832 -0.011495003 -0.052351624 0.035899222 0.997917056
1341846391.978037 0.037070751 0.077315435 0.254565805 -0.011245043 -0.052212309 0.033228803 0.998019695
1341846392.014187 0.038488820 0.072495058 0.256240159 -0.011275657 -0.051976942 0.033143532 0.998034418
1341846392.046054 0.037718177 0.072028168 0.258536965 -0.009920522 -0.052232537 0.033935208 0.998008907
1341846392.078061 0.033711322 0.078579687 0.256795108 -0.008748633 -0.052197807 0.033879247 0.998023570
1341846392.114010 0.036124874 0.075954325 0.258406699 -0.009383456 -0.052545298 0.033581477 0.998009622
1341846392.145989 0.035845451 0.076537408 0.254482865 -0.009089191 -0.052318119 0.031987283 0.998076677
1341846392.181959 0.029373217 0.081545927 0.244237825 -0.009823794 -0.053455967 0.031731106 0.998017609
1341846392.213917 0.040225964 0.078079820 0.260075539 -0.011272470 -0.057245392 0.029707786 0.997854352
1341846392.246105 0.042999547 0.078442857 0.253037274 -0.009881909 -0.055284806 0.024644122 0.998117566
1341846392.282032 0.038304903 0.078838788 0.253973216 -0.010054837 -0.053921234 0.024818515 0.998186052
1341846392.314025 0.039881084 0.075569242 0.258226216 -0.009217480 -0.056532666 0.027513808 0.997978985
1341846392.349981 0.045286413 0.081407875 0.258442909 -0.006157478 -0.056478038 0.026769457 0.998025894
1341846392.382103 0.044870768 0.081394993 0.254117101 -0.005628471 -0.054748658 0.027850462 0.998095810
1341846392.414056 0.045246854 0.079381406 0.250048399 -0.005678546 -0.055608056 0.030276230 0.997977376
1341846392.450136 0.049308255 0.075476326 0.248736978 -0.004643015 -0.056339979 0.034326829 0.997810543
1341846392.482091 0.050035186 0.071604751 0.249662906 -0.002632661 -0.056757804 0.035890494 0.997739196
1341846392.514096 0.050138555 0.076465376 0.239998102 -0.000992908 -0.056260917 0.034345679 0.997824669
1341846392.550030 0.048832584 0.071702644 0.244821236 -0.001833009 -0.056729212 0.035447355 0.997758448
1341846392.582053 0.055682864 0.064420313 0.243185967 -0.001046853 -0.059146065 0.039541163 0.997465372
1341846392.617983 0.052157260 0.066888526 0.241816327 0.001191740 -0.058631871 0.039569840 0.997494400
1341846392.649909 0.054565113 0.064906619 0.239357963 0.002150456 -0.058618635 0.037764937 0.997563541
1341846392.682128 0.052116938 0.062602907 0.241816223 0.002676336 -0.058511347 0.036099743 0.997630239
1341846392.718019 0.055885796 0.057562109 0.243273780 0.003727807 -0.061533198 0.039318651 0.997323334
1341846392.749829 0.054709461 0.059944555 0.239470139 0.006224073 -0.062629342 0.038496055 0.997274697
1341846392.782107 0.055567183 0.058740590 0.236493498 0.006452768 -0.062437046 0.038118113 0.997299850
1341846392.818251 0.054133635 0.056582090 0.236897826 0.006622880 -0.061849657 0.039000761 0.997301221
1341846392.852165 0.056884628 0.053284183 0.240858778 0.008220113 -0.062862165 0.039990913 0.997186780
1341846392.885913 0.060552131 0.052442674 0.235611126 0.009165682 -0.062698953 0.038129374 0.997261703
1341846392.917882 0.060221627 0.050756440 0.234979928 0.010606213 -0.061040733 0.038100801 0.997351408
1341846392.950023 0.058213498 0.049548049 0.237187088 0.012493767 -0.060282547 0.038477525 0.997361243
