1341846361.788774 0.000000000 0.000000000 0.000000000 0.000000000 0.000000000 0.000000000 1.000000000
1341846361.824112 -0.013214017 0.000974192 0.008897300 -0.002232467 0.003764318 -0.004899084 0.999978423
1341846361.856016 -0.024280114 0.028908286 0.005539691 -0.005288259 0.005145995 -0.008180581 0.999939322
1341846361.887871 -0.038617931 -0.000503320 0.027970443 -0.016291907 0.009118682 -0.016244633 0.999693692
1341846361.923930 -0.057106208 -0.017633587 0.034200348 -0.018114803 0.013454610 -0.013037699 0.999660373
1341846361.955927 -0.071567275 -0.011310758 0.038236648 -0.011311051 0.012787218 -0.007276866 0.999827802
1341846361.991999 -0.079565249 -0.019512212 0.035465557 -0.008966982 0.007798562 -0.000408988 0.999929249
1341846362.023994 -0.075370990 -0.017549049 0.038487907 -0.004740202 0.004208778 0.000848752 0.999979496
1341846362.056118 -0.081845053 -0.006948497 0.036875792 -0.001823095 0.004820281 0.002988363 0.999982238
1341846362.091992 -0.100090839 -0.005981926 0.038250577 -0.002974236 0.005886985 0.002215703 0.999975801
1341846362.123929 -0.105143949 -0.020946866 0.046729445 -0.004577827 0.004487873 0.003680919 0.999972701
1341846362.156058 -0.113651544 -0.024228318 0.046335679 -0.001188088 0.004491802 0.006329624 0.999969184
1341846362.191987 -0.129557952 -0.022404270 0.053787235 0.001781528 0.004842380 0.008919619 0.999946892
1341846362.224138 -0.144632846 -0.030481299 0.063264020 0.005125918 0.004099561 0.011078140 0.999917090
1341846362.260011 -0.143005282 -0.021364182 0.060716562 0.011317600 0.004925409 0.010492926 0.999868751
1341846362.291979 -0.154341444 -0.023534244 0.060985141 0.013569151 0.009254805 0.010444668 0.999810576
1341846362.323947 -0.167371377 -0.025060872 0.064801887 0.015747420 0.012769712 0.008089716 0.999761701
1341846362.359889 -0.170746326 -0.020831648 0.071066536 0.018546026 0.015499756 0.007229999 0.999681711
1341846362.392021 -0.184419960 -0.028116932 0.064069360 0.018277409 0.021054195 0.006867196 0.999587655
1341846362.423868 -0.204347417 -0.028054183 0.076712444 0.019838355 0.025054913 0.007257388 0.999462843
1341846362.459968 -0.216233194 -0.034284461 0.079173632 0.022312393 0.026428698 0.008309122 0.999367118
1341846362.491924 -0.228391588 -0.033048518 0.077660628 0.024434891 0.026096135 0.010658893 0.999303937
1341846362.523976 -0.234453365 -0.034410521 0.079164863 0.025878323 0.025696227 0.012833596 0.999252379
1341846362.559933 -0.246162787 -0.035929069 0.081101008 0.027856719 0.027371045 0.013449965 0.999146581
1341846362.592338 -0.259276301 -0.033571325 0.078966439 0.029341701 0.028040523 0.014049083 0.999077260
1341846362.628177 -0.266473860 -0.033401851 0.082886219 0.028997812 0.027072346 0.014110430 0.999113142
1341846362.660128 -0.277740836 -0.033801671 0.079810143 0.028293857 0.027792051 0.012233858 0.999138296
1341846362.691901 -0.284482926 -0.036147393 0.064540327 0.026165331 0.025294174 0.013694821 0.999243736
1341846362.727993 -0.296796590 -0.037855055 0.062601820 0.024510773 0.022302607 0.012527654 0.999372244
1341846362.759942 -0.300744891 -0.041622598 0.065371297 0.023805151 0.019360773 0.010869811 0.999469995
1341846362.792002 -0.312042177 -0.037399184 0.058393825 0.023596084 0.018501891 0.008183246 0.999516845
1341846362.827965 -0.321151465 -0.040799391 0.063632458 0.021976585 0.016401010 0.006223928 0.999604583
1341846362.859959 -0.327256888 -0.042630482 0.063844159 0.021373056 0.015157116 0.003069644 0.999651909
1341846362.891861 -0.327314585 -0.036054611 0.079463586 0.023185071 0.014366969 0.001465135 0.999626875
1341846362.928098 -0.338980079 -0.040141013 0.079004727 0.023019014 0.012851933 0.001730583 0.999650896
1341846362.959894 -0.342946589 -0.045823503 0.089225017 0.025546182 0.011697345 0.003949148 0.999597371
1341846362.995909 -0.352661431 -0.046946637 0.086937957 0.028920185 0.010322151 0.007424790 0.999500871
1341846363.028072 -0.359892160 -0.050437555 0.081495702 0.030920129 0.007921814 0.009563603 0.999444723
1341846363.059896 -0.361261100 -0.053214755 0.081119508 0.035424106 0.008172303 0.007900381 0.999307752
1341846363.096102 -0.365733474 -0.041314095 0.091518596 0.039736208 0.010798556 0.004843132 0.999140143
1341846363.127992 -0.374036014 -0.040615130 0.090130925 0.039157480 0.012251259 0.001503159 0.999156833
1341846363.159870 -0.375027865 -0.049236737 0.090206683 0.039467990 0.015090073 -0.000926730 0.999106467
1341846363.195966 -0.389170378 -0.050170720 0.091698945 0.041819610 0.019546842 0.001105139 0.998933375
1341846363.227902 -0.403336972 -0.054319780 0.095511571 0.043437336 0.017995514 0.004800471 0.998882532
1341846363.259977 -0.406299025 -0.059361119 0.086435698 0.045973998 0.015460482 0.010863379 0.998763919
1341846363.296031 -0.411411077 -0.054810770 0.087883495 0.050191972 0.017759809 0.013479490 0.998490691
1341846363.328065 -0.425362527 -0.052271936 0.087367035 0.050787862 0.018928951 0.015953816 0.998402596
1341846363.364023 -0.433471173 -0.055512134 0.080818914 0.049052313 0.014900590 0.018771848 0.998508632
1341846363.395985 -0.442130864 -0.059917722 0.081930660 0.047932543 0.010444521 0.019000007 0.998615265
1341846363.427955 -0.447781295 -0.051886901 0.077926345 0.048124347 0.007316492 0.015826920 0.998689115
1341846363.463979 -0.460314691 -0.048826173 0.078043774 0.046689149 0.005142088 0.015651891 0.998773575
1341846363.495986 -0.479595035 -0.049804810 0.075311407 0.044680662 0.001754693 0.017396888 0.998848259
1341846363.527941 -0.485865086 -0.046332899 0.074632660 0.042655345 -0.001354991 0.019622147 0.998896241
1341846363.564057 -0.492991209 -0.043590859 0.075377375 0.038925838 -0.003313355 0.023421483 0.998962104
1341846363.596025 -0.499292046 -0.052889105 0.071595281 0.034346163 -0.007278182 0.026662808 0.999027789
1341846363.632058 -0.499963403 -0.059050024 0.077612691 0.034992181 -0.014776162 0.029862564 0.998832047
1341846363.663931 -0.505458295 -0.054700509 0.075269811 0.036805265 -0.016691225 0.028220575 0.998784423
1341846363.695998 -0.513305962 -0.047592085 0.079490155 0.035850585 -0.018198783 0.022174690 0.998945355
1341846363.732007 -0.512289524 -0.051729601 0.085291296 0.033024322 -0.024208669 0.017270811 0.999012053
1341846363.794060 -0.508893907 -0.049877975 0.091738664 0.036545783 -0.037518065 0.020130383 0.998424590
1341846363.826406 -0.491648883 -0.044902526 0.072237246 0.037819766 -0.040549286 0.016971290 0.998317301
1341846363.861897 -0.485685259 -0.043919437 0.071512133 0.038817421 -0.040321324 0.015617763 0.998310328
1341846363.893984 -0.483812481 -0.038751081 0.068147071 0.039374489 -0.039681450 0.014808393 0.998326480
1341846363.926076 -0.475742728 -0.034538154 0.092265353 0.037724964 -0.040563207 0.015812008 0.998339355
1341846363.962090 -0.466408879 -0.034858730 0.089167632 0.036342818 -0.039314467 0.017345488 0.998415112
1341846363.994287 -0.461337090 -0.039102353 0.088171050 0.035093073 -0.038419422 0.020300174 0.998438954
1341846364.025993 -0.450519323 -0.039790776 0.089202970 0.034398980 -0.038254902 0.020429982 0.998466790
1341846364.061809 -0.440376639 -0.041578989 0.082025133 0.032658856 -0.035803296 0.019751197 0.998629749
1341846364.094209 -0.430687517 -0.051061500 0.083961904 0.032217227 -0.033672828 0.020357206 0.998706043
1341846364.130022 -0.423036873 -0.060721558 0.078266338 0.033105906 -0.033439431 0.020292528 0.998686135
1341846364.162231 -0.407572865 -0.067413777 0.086699076 0.035546388 -0.036223069 0.020552797 0.998499811
1341846364.194049 -0.396850437 -0.067010045 0.069774680 0.040886156 -0.037416007 0.016435279 0.998327732
1341846364.230023 -0.384532273 -0.065126166 0.071561933 0.043791540 -0.039120328 0.014841370 0.998164117
1341846364.262044 -0.363302946 -0.064551570 0.085006222 0.048254818 -0.039680194 0.011530651 0.997979939
1341846364.294059 -0.348720551 -0.057980999 0.074901588 0.052547138 -0.035996251 0.008007772 0.997937322
1341846364.330003 -0.341801584 -0.051063757 0.080867991 0.052400570 -0.032428779 0.005958349 0.998081684
1341846364.362052 -0.324521214 -0.057362262 0.079210199 0.051258486 -0.029803216 0.005248268 0.998226821
1341846364.397902 -0.300829649 -0.057896812 0.079876058 0.052451778 -0.023892090 0.002702958 0.998333931
1341846364.430108 -0.296290725 -0.053757448 0.081617728 0.052882250 -0.019365145 0.002524495 0.998409748
1341846364.462063 -0.284367442 -0.054618031 0.070219181 0.052236337 -0.015858805 0.000492042 0.998508692
1341846364.498091 -0.268699229 -0.063416183 0.074820653 0.051157068 -0.011464071 -0.001685583 0.998623371
1341846364.530058 -0.259648353 -0.062680215 0.076289430 0.050848402 -0.008229642 -0.003364163 0.998666823
1341846364.561952 -0.248214170 -0.061286002 0.070311911 0.051365931 -0.004982177 -0.007551207 0.998638928
1341846364.597928 -0.237776011 -0.060542591 0.069191761 0.049850829 -0.001508197 -0.010050627 0.998704970
1341846364.629950 -0.231179252 -0.065768398 0.081451245 0.048863173 0.000528131 -0.009809216 0.998757184
1341846364.665991 -0.220499814 -0.071149237 0.054538466 0.049783375 0.000513601 -0.008422804 0.998724401
1341846364.698004 -0.211490422 -0.066828460 0.055939130 0.050413478 -0.001505109 -0.007742794 0.998697281
1341846364.730097 -0.193899244 -0.066716321 0.047037844 0.050546151 -0.002714091 -0.006607868 0.998696208
1341846364.766057 -0.187349990 -0.068125471 0.051738132 0.052280731 -0.001523283 -0.006866063 0.998607635
1341846364.798632 -0.174913943 -0.066873252 0.046248972 0.050916847 -0.002330235 -0.005814277 0.998683214
1341846364.833901 -0.156115964 -0.072218955 0.041597903 0.049562052 -0.001053922 -0.007916952 0.998739123
1341846364.865923 -0.145787567 -0.074591324 0.037163846 0.050766606 0.002652563 -0.010922418 0.998647273
1341846364.897970 -0.140330151 -0.075687245 0.034647558 0.050041310 0.001522774 -0.008016245 0.998713791
1341846364.934019 -0.123789653 -0.077140391 0.026812408 0.050196804 -0.001381521 -0.006315760 0.998718381
1341846364.966047 -0.104142770 -0.068119347 0.020638153 0.051795106 0.000555444 -0.009632899 0.998611093
1341846364.998055 -0.102400362 -0.061737109 0.023972549 0.048719008 0.002612193 -0.008915341 0.998769283
1341846365.034125 -0.094151266 -0.057040434 0.024214296 0.043303244 0.000381460 -0.006536915 0.999040544
1341846365.066106 -0.078910537 -0.063502006 0.031546887 0.038317628 -0.002444128 -0.008204228 0.999228954
1341846365.101953 -0.056358449 -0.068446636 0.010062767 0.036648273 -0.000248560 -0.015118258 0.999213815
1341846365.133922 -0.048092164 -0.062230397 0.016434580 0.033575259 0.005760076 -0.021805726 0.999181688
1341846365.165953 -0.037898123 -0.066995896 0.014972103 0.030243035 0.008482295 -0.023868991 0.999221504
1341846365.201856 -0.024509946 -0.075216651 0.021641400 0.029667657 0.010815259 -0.026790958 0.999142170
1341846365.234093 -0.000815053 -0.074867927 0.030530406 0.031584483 0.014766206 -0.026219795 0.999047995
1341846365.266094 0.005102176 -0.082020059 0.033407845 0.034368675 0.020493310 -0.020860674 0.998981357
1341846365.302078 0.013700085 -0.073734917 0.035575971 0.041670464 0.024545612 -0.017111899 0.998683274
1341846365.334027 0.029955316 -0.070348375 0.025778042 0.046906792 0.028258577 -0.016104402 0.998369634
1341846365.369945 0.058178272 -0.077412732 0.015893936 0.048136979 0.032889958 -0.011923826 0.998227894
1341846365.401963 0.063203692 -0.070688561 0.019648515 0.049964309 0.038474038 -0.010222743 0.997957289
1341846365.434082 0.074525200 -0.065724559 0.013875511 0.050538607 0.042255621 -0.013329995 0.997738779
1341846365.469939 0.095213749 -0.050155245 0.000378414 0.046802409 0.048343860 -0.014115812 0.997633755
1341846365.502100 0.089768216 -0.058303643 0.036329441 0.038538184 0.053915646 -0.012444586 0.997723937
1341846365.533844 0.089274637 -0.066732101 0.049973838 0.036694530 0.053919882 -0.009373768 0.997826815
1341846365.569876 0.105178408 -0.074719362 0.020001614 0.037776634 0.052019432 -0.007671128 0.997901797
1341846365.601930 0.115373246 -0.066055670 0.022659022 0.037516791 0.050898347 -0.003519120 0.997992754
1341846365.637899 0.131076247 -0.073377796 0.017582590 0.035169497 0.050554346 0.000859672 0.998101532
1341846365.669890 0.136931092 -0.061689794 0.031151762 0.036124919 0.051146701 0.002419434 0.998034656
1341846365.701977 0.147324011 -0.059593763 0.035721444 0.033125155 0.050186306 0.003177080 0.998185337
1341846365.738098 0.163001284 -0.071652099 0.022863822 0.031220140 0.052312065 0.003356494 0.998136997
1341846365.770026 0.165669709 -0.074657157 0.026183687 0.033582583 0.054932032 0.002614358 0.997921765
1341846365.805834 0.172632977 -0.072153434 0.026769152 0.036500569 0.053208522 0.004962756 0.997903764
1341846365.837937 0.183697656 -0.070704989 0.029451281 0.038221151 0.050048873 0.007178217 0.997989357
1341846365.869952 0.194600075 -0.064932451 0.028911946 0.040765487 0.049896307 0.006789543 0.997898996
1341846365.906411 0.206416935 -0.055262040 0.028269948 0.040272389 0.048239939 0.006618814 0.998001635
1341846365.938000 0.213942870 -0.064540215 0.033544477 0.036856983 0.047930017 0.009563057 0.998124659
1341846365.970022 0.221404031 -0.070921935 0.025969883 0.037994955 0.047549237 0.013886748 0.998049378
1341846366.006126 0.237514347 -0.065406024 0.022561144 0.040156022 0.046016745 0.019138822 0.997949719
1341846366.043876 0.246015295 -0.062241830 0.022670735 0.040080439 0.046558008 0.023365082 0.997837663
1341846366.076490 0.254577011 -0.058336116 0.006290730 0.039794080 0.049219683 0.025270015 0.997674942
1341846366.111888 0.269678622 -0.052281756 -0.002779319 0.036602408 0.052807111 0.026241761 0.997588634
1341846366.143907 0.281723917 -0.051888097 0.003837954 0.031594288 0.057573132 0.028335169 0.997438848
1341846366.176044 0.285397202 -0.057678889 0.014333664 0.027008319 0.059962295 0.033165209 0.997283876
1341846366.212022 0.288320899 -0.056258265 0.013433617 0.025662128 0.060713716 0.037235867 0.997130275
1341846366.243981 0.304073691 -0.050621528 0.005349662 0.024746034 0.061480463 0.039813943 0.997006834
1341846366.280032 0.301544577 -0.041967481 0.011717543 0.022628773 0.064191543 0.040128596 0.996873677
1341846366.344115 0.324438423 -0.045992181 0.011675299 0.013803704 0.062538773 0.039670061 0.997158289
1341846366.406057 0.335591406 -0.050152764 0.008527192 0.011928224 0.064080238 0.043176629 0.996938944
1341846366.442042 0.344138891 -0.045465861 0.005104916 0.012926290 0.063874610 0.043594915 0.996921480
1341846366.506117 0.357373685 -0.042521115 0.006987275 0.013401295 0.065526597 0.046169989 0.996692061
1341846366.542004 0.363009125 -0.036850803 0.004917770 0.014127566 0.065056995 0.045679841 0.996735334
1341846366.573848 0.372636259 -0.030192638 0.001846979 0.013337713 0.066701703 0.045282446 0.996655643
1341846366.610058 0.368250519 -0.028724566 0.007921125 0.011354387 0.068887994 0.045881718 0.996504068
1341846366.642206 0.386557609 -0.028420979 -0.002135138 0.009674159 0.067744099 0.046837613 0.996555746
1341846366.674164 0.389874905 -0.025889652 -0.001222633 0.008683600 0.070112847 0.047146276 0.996386468
1341846366.710207 0.385996610 -0.015144783 -0.004155191 0.007287924 0.071368501 0.048099034 0.996262968
1341846366.741976 0.396352410 -0.022437757 -0.009177319 0.002992972 0.071161568 0.046924647 0.996355951
1341846366.773916 0.409495652 -0.024691792 -0.008014332 0.001938604 0.073677592 0.046321135 0.996203899
1341846366.810122 0.407631338 -0.020898283 -0.002193790 0.002242810 0.075857729 0.049569860 0.995883226
1341846366.841893 0.409574747 -0.022916730 -0.002422717 0.002312639 0.075227365 0.051685371 0.995823324
1341846366.878062 0.420280546 -0.021111151 -0.004810333 0.004002342 0.074913859 0.050789587 0.995887697
1341846366.909933 0.431573808 -0.006584917 -0.012322010 0.006471435 0.075202309 0.053735036 0.995698392
1341846366.941941 0.432277620 -0.004396272 -0.014606250 0.005348376 0.075869627 0.054668710 0.995603621
1341846366.977906 0.445361227 -0.002419919 -0.018329566 0.004852710 0.076615267 0.053389955 0.995618403
1341846367.009852 0.453363389 -0.000396729 -0.022438511 0.004170524 0.080250748 0.054409765 0.995279849
1341846367.045944 0.455954671 -0.004081293 -0.028962385 0.004140211 0.084436111 0.055619925 0.994866729
1341846367.077914 0.473074585 0.001306330 -0.025637919 0.006512892 0.088791996 0.054432224 0.994540453
1341846367.110077 0.480838805 0.009663967 -0.030925674 0.008522029 0.093695283 0.055195305 0.994033217
1341846367.145997 0.476805478 0.007068314 -0.025712578 0.007882536 0.098138653 0.057889700 0.993456304
1341846367.177894 0.485338300 0.003875119 -0.024785230 0.009362238 0.100459695 0.058637392 0.993167579
1341846367.209903 0.499991119 0.009799744 -0.049591530 0.012085709 0.104313739 0.059551988 0.992686331
1341846367.245970 0.501779795 0.017956279 -0.045913178 0.011064491 0.108861163 0.065357812 0.991844356
1341846367.277966 0.505652666 0.007884338 -0.042384338 0.008806858 0.110991165 0.068658374 0.991407812
1341846367.314058 0.511516571 0.007901633 -0.052141365 0.010541188 0.113688514 0.068897858 0.991068542
1341846367.346333 0.518010616 0.017978201 -0.065042324 0.011345368 0.117935829 0.069603845 0.990513861
1341846367.378615 0.519009650 0.020323690 -0.048346616 0.009154618 0.120564140 0.073531419 0.989936173
1341846367.413946 0.519270301 0.014137866 -0.062483147 0.007235324 0.120962456 0.073545963 0.989902377
1341846367.446060 0.531745613 0.024316298 -0.068347670 0.007305800 0.122466765 0.074389964 0.989653826
1341846367.478095 0.533578455 0.019886084 -0.065544121 0.004331653 0.125761867 0.078342788 0.988952756
1341846367.514115 0.540019929 0.015955321 -0.059123106 0.004826745 0.124643527 0.084604338 0.988576114
1341846367.546096 0.545451641 0.018299345 -0.060313225 0.008687716 0.124202877 0.086423047 0.988447845
1341846367.581982 0.550639570 0.033156745 -0.067931540 0.011485541 0.124491997 0.088584535 0.988191545
1341846367.613951 0.547232449 0.032207072 -0.071336828 0.009026318 0.124324866 0.091634914 0.987959981
1341846367.645894 0.559676945 0.031863686 -0.079153456 0.008010526 0.122587368 0.089671068 0.988365948
1341846367.682223 0.566549003 0.028874042 -0.076867580 0.007724164 0.125345141 0.089026257 0.988080621
1341846367.714019 0.570123494 0.029355893 -0.078088425 0.008948266 0.126768187 0.091514155 0.987661362
1341846367.745904 0.571645498 0.033188038 -0.075600795 0.010485113 0.128198788 0.092128053 0.987404466
1341846367.781973 0.579277813 0.033702031 -0.083698362 0.011429357 0.129028156 0.092799962 0.987223029
1341846367.813986 0.579420626 0.031675234 -0.086140096 0.010427238 0.131466478 0.093007036 0.986892879
1341846367.850189 0.578983605 0.029453037 -0.089445688 0.009778893 0.134364069 0.091477677 0.986652195
1341846367.881960 0.579606712 0.033551328 -0.085081965 0.009058409 0.135449991 0.091890961 0.986472130
1341846367.914064 0.579906702 0.036323585 -0.084363960 0.005896016 0.134966955 0.093269646 0.986432910
1341846367.950095 0.584721863 0.027417231 -0.082780115 0.003476663 0.135803357 0.093070172 0.986348450
1341846367.981916 0.586468101 0.027805293 -0.084629603 0.004937892 0.138401553 0.091783650 0.986101627
1341846368.017965 0.580236137 0.030833349 -0.080410413 0.004472457 0.139799148 0.094023749 0.985695541
1341846368.050897 0.579042137 0.029838050 -0.073487706 0.003835635 0.138093412 0.094169877 0.985924721
1341846368.082322 0.573038101 0.028526468 -0.076993883 0.004110448 0.139247373 0.091234021 0.986037314
1341846368.118029 0.568889737 0.031043241 -0.075137869 0.003993252 0.139365658 0.092073910 0.985943019
1341846368.150026 0.565030694 0.028891996 -0.068407945 0.002507490 0.137880996 0.093752138 0.985998511
1341846368.181952 0.561548531 0.017460939 -0.069312289 0.003241437 0.137342766 0.091794364 0.986255705
1341846368.217882 0.558813930 0.030149618 -0.071462207 0.005661876 0.137451828 0.091818184 0.986227334
1341846368.250223 0.555147171 0.029923812 -0.070509493 0.003320249 0.137199298 0.093137868 0.986149430
1341846368.286003 0.551074445 0.023632668 -0.064062625 0.001471069 0.137298599 0.091348700 0.986307442
1341846368.317994 0.540609539 0.028987631 -0.061495390 0.001568968 0.136707246 0.090055719 0.986508310
1341846368.350010 0.539250016 0.046865754 -0.051712088 0.000431936 0.132617921 0.091885723 0.986898839
1341846368.385949 0.525147736 0.041498270 -0.046499938 -0.002891067 0.130792439 0.089252554 0.987379849
1341846368.417845 0.524742961 0.032485262 -0.047385212 -0.005049418 0.128030419 0.086226553 0.988001883
1341846368.450062 0.522445679 0.033435591 -0.041800413 -0.006805724 0.124902733 0.087024339 0.988321662
1341846368.485968 0.514419496 0.026086194 -0.040374756 -0.008843168 0.121421881 0.086491741 0.988785982
1341846368.517939 0.510195911 0.020576794 -0.034248699 -0.008545687 0.118539765 0.083854355 0.989365339
1341846368.554171 0.504126430 0.019652592 -0.031496160 -0.007213319 0.116561390 0.083891764 0.989607751
1341846368.618123 0.487960100 0.018890254 -0.036565866 -0.009025319 0.111595631 0.077232920 0.990706861
1341846368.654302 0.489412755 0.012006972 -0.027176403 -0.009776239 0.109423213 0.075910352 0.991044164
1341846368.685914 0.479118794 0.007230332 -0.021566510 -0.008790161 0.107443139 0.073964253 0.991417170
1341846368.717980 0.475306332 0.006767856 -0.024745770 -0.007372617 0.104197755 0.071362093 0.991965711
1341846368.786190 0.459060103 0.000852691 -0.023931729 -0.003889865 0.103834420 0.070709951 0.992070258
1341846368.821968 0.455329537 0.004666805 -0.029506110 -0.001974043 0.100490406 0.068701185 0.992561281
1341846368.853991 0.451513410 0.009754062 -0.030935079 -0.002037046 0.100901656 0.064187966 0.992821515
1341846368.885978 0.439141572 -0.001786030 -0.026852058 -0.003688908 0.102075860 0.061155781 0.992888153
1341846368.923221 0.433376998 -0.009130581 -0.017114853 -0.001959115 0.099911906 0.060591441 0.993147731
1341846368.953942 0.421576828 -0.005774248 -0.026009928 0.001227746 0.099056683 0.058083113 0.993384421
1341846368.986016 0.419948280 -0.001779494 -0.023888297 0.002577919 0.096674949 0.057283178 0.993662894
1341846369.021938 0.410817057 -0.005661031 -0.015563590 0.002106441 0.096066840 0.055565286 0.993820548
1341846369.053927 0.408022851 -0.008614475 -0.026948610 0.002190700 0.095953256 0.050647773 0.994094074
1341846369.090047 0.401548266 -0.013945342 -0.020351736 0.002375768 0.097222120 0.047221810 0.994138956
1341846369.121845 0.387598842 -0.018483710 -0.012214152 0.004679020 0.097540498 0.048359986 0.994044900
1341846369.154351 0.377882659 -0.023765853 -0.017357530 0.008548298 0.096331671 0.049228244 0.994094431
1341846369.189885 0.375636637 -0.013056965 -0.024646949 0.012787702 0.095576137 0.046991151 0.994230092
1341846369.222188 0.369659752 -0.016718302 -0.026733205 0.010828688 0.097293869 0.043285839 0.994255006
1341846369.257947 0.361522675 -0.025036957 -0.016143534 0.010300612 0.098431110 0.042323258 0.994190097
1341846369.289994 0.358646482 -0.027792228 -0.016431566 0.012946052 0.097644620 0.043661211 0.994178832
1341846369.322196 0.351582497 -0.023785919 -0.021795109 0.016040895 0.098109707 0.044608757 0.994045913
1341846369.357830 0.345028460 -0.020480381 -0.023005586 0.016727021 0.099469453 0.043735694 0.993938267
1341846369.390267 0.333444268 -0.024519818 -0.017078562 0.016299894 0.100785889 0.042175904 0.993880153
1341846369.422057 0.325593919 -0.023834892 -0.015644560 0.016917748 0.101099432 0.041262865 0.993876278
1341846369.457950 0.313240796 -0.040083792 -0.005019353 0.015537264 0.101688176 0.041173141 0.993842483
1341846369.490144 0.299251199 -0.035958618 -0.012701516 0.018362576 0.100183390 0.042670224 0.993883967
1341846369.526405 0.292775691 -0.028780777 -0.015280468 0.020331617 0.097339354 0.043295890 0.994101167
1341846369.557969 0.281055957 -0.032069881 -0.011686791 0.020385113 0.095210560 0.043869901 0.994281054
1341846369.590093 0.269908577 -0.036546886 -0.009827049 0.021600720 0.091861397 0.045479137 0.994498193
1341846369.625895 0.263343185 -0.030263176 -0.010858397 0.023645345 0.088885508 0.046439439 0.994677663
1341846369.657961 0.258884668 -0.028742701 -0.009555678 0.023312064 0.086836882 0.046527304 0.994862378
1341846369.690135 0.242416739 -0.036553923 -0.007558703 0.022968100 0.086012006 0.047062226 0.994916856
1341846369.726074 0.225467741 -0.035200424 -0.004550670 0.025341885 0.082972415 0.049251791 0.995011389
1341846369.757962 0.217684790 -0.034389000 -0.006953795 0.026402222 0.079598159 0.050114840 0.995216370
1341846369.793964 0.206730843 -0.030239601 -0.004458112 0.026890598 0.077894792 0.050631497 0.995311916
1341846369.826161 0.194011062 -0.031641781 -0.006701244 0.025987823 0.075332291 0.051976874 0.995463789
1341846369.858015 0.185629234 -0.034273528 -0.002512214 0.025852755 0.071466260 0.051224940 0.995791256
1341846369.893954 0.178060368 -0.031207928 -0.001027075 0.026368033 0.068964198 0.052166913 0.995905280
1341846369.926051 0.161151633 -0.033347074 -0.001821202 0.025492728 0.067525916 0.051444959 0.996064186
1341846369.958062 0.144170627 -0.032665338 0.003293234 0.025542410 0.063590087 0.048562687 0.996466577
1341846369.994037 0.138519168 -0.033767287 0.005707311 0.025243854 0.059367549 0.047921266 0.996765673
1341846370.026058 0.131895065 -0.038646910 0.004717376 0.025464347 0.057397187 0.047820482 0.996880352
1341846370.062000 0.113322400 -0.030609252 0.002604153 0.026534893 0.053356115 0.049756259 0.996982157
1341846370.094135 0.115816340 -0.029330194 0.002147809 0.024832824 0.048139445 0.050561123 0.997250974
1341846370.126153 0.103651904 -0.031342003 0.039054543 0.024297047 0.047243878 0.048028748 0.997432172
1341846370.162082 0.098145954 -0.031141531 0.008390153 0.025532998 0.048733953 0.051690206 0.997146547
1341846370.194044 0.083544225 -0.031994011 0.039381318 0.024812609 0.046318308 0.051973253 0.997265160
1341846370.230152 0.076887652 -0.031908665 0.043364655 0.026928177 0.045906238 0.052482709 0.997202635
1341846370.262175 0.072197214 -0.028133729 0.045912582 0.028405285 0.046734381 0.051009685 0.997199595
1341846370.294216 0.071633138 -0.033222158 0.015314022 0.028740847 0.048336726 0.049749639 0.997177303
1341846370.329892 0.049277384 -0.030377479 0.043049205 0.028533166 0.046706457 0.043386556 0.997558057
1341846370.361939 0.042571861 -0.033271797 0.050356392 0.029152926 0.044852532 0.040060651 0.997764289
1341846370.394073 0.038736518 -0.033364668 0.023166809 0.030713547 0.042856514 0.041108284 0.997762561
1341846370.429985 0.029656142 -0.030220490 0.018438635 0.030460792 0.036556050 0.040831402 0.998032391
1341846370.462095 0.021656297 -0.019485390 0.013866168 0.029087584 0.031569444 0.039611869 0.998292625
1341846370.498034 0.013234663 -0.016366681 0.038887050 0.025575897 0.026232999 0.037264962 0.998633564
1341846370.530176 0.005441140 -0.015493326 0.040940672 0.022140997 0.023804354 0.037337720 0.998773813
1341846370.561949 -0.009158787 -0.009125973 0.040484719 0.019208407 0.020638620 0.038467966 0.998862028
1341846370.597989 -0.008102688 -0.005422548 0.045197099 0.014270591 0.016963338 0.040088587 0.998950243
1341846370.629913 -0.008578685 -0.014439766 0.046302263 0.009213430 0.016945407 0.040016033 0.999012887
1341846370.662062 -0.017131375 -0.015971944 0.038674239 0.008145396 0.016578792 0.039392162 0.999053121
1341846370.697981 -0.020860910 -0.013669295 0.043800592 0.005679930 0.015473782 0.039531030 0.999082386
1341846370.730015 -0.019815143 -0.026707824 0.043973971 0.001961135 0.015248393 0.037160624 0.999191046
1341846370.766182 -0.021505976 -0.029803421 0.042591453 0.002810343 0.018170418 0.034064531 0.999250531
1341846370.797966 -0.026036350 -0.025789851 0.037585057 0.001079457 0.020629564 0.032013249 0.999273956
1341846370.830023 -0.028950488 -0.045468614 0.039305851 -0.003288321 0.021690030 0.029817158 0.999314666
1341846370.866186 -0.024519918 -0.055881672 0.033607751 -0.001068519 0.021557396 0.030608373 0.999298453
1341846370.897994 -0.026141858 -0.049550492 0.030904420 -0.000589731 0.023758702 0.032232299 0.999197841
1341846370.929983 -0.031967867 -0.068352491 0.030000931 -0.003211707 0.025073221 0.033642530 0.999114215
1341846370.971974 -0.025864754 -0.081698738 0.026051534 -0.000055409 0.025531365 0.034131460 0.999091208
1341846371.034127 -0.028279243 -0.097641759 0.022914102 0.005450555 0.031686328 0.035889346 0.998838484
1341846371.066883 -0.028768601 -0.092973769 0.018707369 0.007459047 0.034788623 0.034517743 0.998770595
1341846371.098209 -0.020858910 -0.105596565 -0.014705389 0.004549918 0.038935695 0.033167504 0.998680770
1341846371.134068 -0.021709379 -0.112626396 -0.012748796 0.002962316 0.042356472 0.031914208 0.998588324
1341846371.165993 -0.022839701 -0.117314465 -0.014205848 0.000150558 0.044930607 0.032708947 0.998454452
1341846371.197951 -0.022890979 -0.130571932 -0.013843854 -0.003486227 0.045529481 0.033450846 0.998396695
1341846371.233950 -0.019812636 -0.135536641 -0.018117223 -0.003798945 0.046341557 0.033909723 0.998342693
1341846371.266433 -0.019634660 -0.126280650 -0.022013986 -0.005761617 0.049629834 0.034079291 0.998169482
1341846371.302051 -0.020521156 -0.131605014 -0.024748508 -0.012749447 0.052409705 0.035327945 0.997919142
1341846371.334010 -0.017353537 -0.142434001 -0.029391203 -0.019470757 0.055737335 0.033072736 0.997707605
1341846371.366198 -0.016572446 -0.149441957 -0.029156398 -0.024285993 0.061490849 0.030464010 0.997346997
1341846371.402482 -0.025404854 -0.163872629 -0.021812791 -0.027454818 0.065074459 0.031733617 0.996997774
1341846371.434055 -0.025211783 -0.177960217 -0.018916154 -0.026926538 0.063965231 0.033566128 0.997023940
1341846371.469998 -0.019018425 -0.186363384 -0.023678534 -0.024894798 0.063727267 0.032075945 0.997141004
1341846371.501933 -0.022478273 -0.192295238 -0.027128009 -0.022884784 0.066321284 0.029524146 0.997098863
1341846371.534269 -0.028861443 -0.196080312 -0.028870171 -0.022442818 0.067155138 0.029462021 0.997054935
1341846371.570100 -0.028690016 -0.207463160 -0.028080683 -0.023163607 0.064856343 0.026627952 0.997270286
1341846371.602162 -0.021453097 -0.219563454 -0.033350937 -0.021640778 0.063322015 0.023914687 0.997471869
1341846371.634012 -0.027786946 -0.224191293 -0.034882691 -0.020094387 0.065052330 0.022295455 0.997430384
1341846371.669927 -0.034291457 -0.231308118 -0.036105949 -0.019780660 0.062790468 0.021368718 0.997601867
1341846371.702051 -0.031054003 -0.235514045 -0.037655808 -0.019877087 0.061219089 0.017362712 0.997775316
1341846371.737891 -0.034127288 -0.247623578 -0.034234323 -0.021305811 0.064372867 0.012458576 0.997620642
1341846371.769979 -0.039127521 -0.252205104 -0.030945627 -0.020129498 0.063842759 0.012265829 0.997681558
1341846371.802101 -0.040676098 -0.253024995 -0.032056045 -0.019788209 0.061134879 0.014767065 0.997824073
1341846371.837951 -0.036657650 -0.259769350 -0.033711042 -0.020124450 0.058762435 0.016216580 0.997937381
1341846371.870043 -0.029291963 -0.255172402 -0.039677568 -0.020513922 0.058326848 0.018887045 0.997908056
1341846371.902330 -0.029688917 -0.255754054 -0.043792706 -0.025049282 0.060423579 0.018217102 0.997692168
1341846371.938165 -0.026238518 -0.259165823 -0.040160082 -0.030024517 0.061385266 0.015772257 0.997537792
1341846371.969938 -0.022886483 -0.273889899 -0.051180620 -0.035147808 0.064731278 0.011748148 0.997214377
1341846372.005861 -0.028576728 -0.288294673 -0.042009376 -0.038319416 0.070060343 0.009791867 0.996758401
1341846372.038440 -0.033930827 -0.298895121 -0.042146623 -0.035679772 0.070338689 0.010594772 0.996828556
1341846372.070518 -0.026998056 -0.297210097 -0.042805161 -0.032711152 0.068651810 0.010718348 0.997046649
1341846372.111944 -0.027751351 -0.303802073 -0.043227542 -0.032098498 0.069847360 0.007821210 0.997010469
1341846372.143876 -0.027438095 -0.310389996 -0.041861575 -0.029419677 0.070294730 0.004495513 0.997082233
1341846372.179919 -0.024749268 -0.309657663 -0.040353201 -0.026233993 0.069753967 0.003172712 0.997214139
1341846372.212119 -0.031957187 -0.322739720 -0.041091051 -0.024068793 0.068053141 0.001569356 0.997390091
1341846372.244067 -0.028523361 -0.326421708 -0.037188523 -0.019061752 0.064552858 -0.001995558 0.997730196
1341846372.279961 -0.029959189 -0.338439554 -0.035295732 -0.013907049 0.062427402 -0.004327604 0.997943223
1341846372.312076 -0.025874907 -0.340599954 -0.032249130 -0.008007628 0.059453219 -0.007305778 0.998172224
1341846372.347910 -0.024226883 -0.343809754 -0.034920715 -0.003838192 0.057036471 -0.008472524 0.998328745
1341846372.379906 -0.023322543 -0.349620968 -0.035493039 -0.000576126 0.053392354 -0.009987731 0.998523474
1341846372.412137 -0.009190070 -0.352768093 -0.042523626 0.003335675 0.049246781 -0.008609978 0.998743951
1341846372.447783 -0.013041725 -0.361327022 -0.043045603 0.005259713 0.048914131 -0.007705911 0.998759389
1341846372.479920 -0.023577565 -0.370336533 -0.042301949 0.008471254 0.046995569 -0.005487540 0.998844087
1341846372.516195 -0.010502031 -0.368306905 -0.031221643 0.011822788 0.041572902 -0.004237627 0.999056518
1341846372.547915 0.001579239 -0.363429636 -0.032285366 0.011833694 0.040902663 -0.005442381 0.999078214
1341846372.579923 -0.002204026 -0.372111738 -0.026220286 0.009365031 0.041974504 -0.007746954 0.999044776
1341846372.616037 0.001416429 -0.377989590 -0.023231925 0.008484057 0.040287718 -0.005391276 0.999137521
1341846372.647968 0.007537355 -0.375679255 -0.024972217 0.008146030 0.039832830 -0.005701299 0.999156892
1341846372.679953 0.011535862 -0.379452527 -0.025776658 0.006300527 0.040817644 -0.008751820 0.999108374
1341846372.716073 0.016672857 -0.383813739 -0.028881127 0.005621357 0.042089108 -0.006128176 0.999079227
1341846372.747919 0.013373174 -0.389774501 -0.029261768 0.005352890 0.042505309 -0.004273704 0.999072731
1341846372.783912 0.018523054 -0.392601877 -0.030419353 0.006717363 0.041191734 -0.002874413 0.999124527
1341846372.816131 0.028304407 -0.392663956 -0.027034566 0.007563115 0.042399526 -0.000858316 0.999071717
1341846372.848115 0.021739859 -0.392428100 -0.026867352 0.007498042 0.045161422 0.002100563 0.998949349
1341846372.884003 0.024834637 -0.397893906 -0.032139402 0.006955639 0.045595229 0.000937978 0.998935342
1341846372.948016 0.030170400 -0.406522244 -0.019908182 0.007009322 0.051473718 0.001249203 0.998649001
1341846373.010206 0.034665868 -0.418715507 -0.023589134 0.012532742 0.047030430 0.004434200 0.998804986
1341846373.041934 0.044350170 -0.417258352 -0.031757038 0.015517615 0.048329875 0.004735970 0.998699665
1341846373.078079 0.038304698 -0.424103439 -0.030618418 0.016555160 0.051688883 0.004800051 0.998514473
1341846373.110028 0.034972370 -0.427727014 -0.027880831 0.019265641 0.052463140 0.002832487 0.998432994
1341846373.142204 0.042026285 -0.431948751 -0.031949107 0.021775497 0.052428715 0.003706209 0.998380363
1341846373.178121 0.040999953 -0.435699046 -0.036471076 0.023760334 0.053971373 0.004284197 0.998250544
1341846373.210218 0.040856458 -0.445279092 -0.036509871 0.025822656 0.055505946 0.001015262 0.998123825
1341846373.246073 0.041683368 -0.450903118 -0.035738405 0.030124815 0.057038195 0.000525150 0.997917295
1341846373.277962 0.046161897 -0.453361362 -0.040122900 0.035463538 0.058104713 0.001258128 0.997679591
1341846373.310189 0.047898427 -0.452356994 -0.048927788 0.038811557 0.060504667 -0.000163819 0.997413039
1341846373.346051 0.056079108 -0.452448815 -0.053418051 0.039103240 0.063446745 -0.002590213 0.997215509
1341846373.377993 0.048236411 -0.457852095 -0.049139239 0.038321376 0.066834562 -0.003343924 0.997022271
1341846373.410038 0.046843696 -0.461197883 -0.048848845 0.038454358 0.067674853 -0.002643533 0.996962607
1341846373.446109 0.047184084 -0.463644117 -0.051097378 0.038402852 0.067824289 -0.004200902 0.996949077
1341846373.478409 0.045275640 -0.470741451 -0.046153471 0.038506567 0.067996763 -0.003107240 0.996937335
1341846373.514006 0.039446440 -0.475599855 -0.047496744 0.040441141 0.067575529 0.000029975 0.996894240
1341846373.546097 0.046905406 -0.467310041 -0.047833204 0.042639941 0.064443626 0.001088838 0.997009337
1341846373.578079 0.057446457 -0.465340108 -0.050947782 0.043020681 0.064850941 -0.000145563 0.996967137
1341846373.613978 0.045365233 -0.461071819 -0.050593313 0.043071046 0.067658953 -0.001595218 0.996777058
1341846373.646060 0.043431364 -0.453256309 -0.047690324 0.042818110 0.065775365 -0.001285198 0.996914506
1341846373.682101 0.055944927 -0.444736660 -0.054174416 0.041653335 0.064997435 -0.001072075 0.997015119
1341846373.713942 0.053629685 -0.436570644 -0.049519975 0.038561393 0.068271264 -0.001080367 0.996920705
1341846373.746309 0.042794649 -0.428399265 -0.048417222 0.034976825 0.070308067 -0.001234492 0.996911168
1341846373.782079 0.039472681 -0.429580778 -0.045743696 0.031478684 0.069338344 -0.001844330 0.997094750
1341846373.814899 0.048880674 -0.426243991 -0.040422007 0.030541152 0.068683073 -0.003510688 0.997164726
1341846373.846131 0.038534351 -0.413882464 -0.037601463 0.030801479 0.071121752 -0.006664447 0.996969700
1341846373.882197 0.028968442 -0.403391868 -0.039270472 0.029449761 0.069516912 -0.008295336 0.997111499
1341846373.914066 0.027906336 -0.392927468 -0.039701972 0.027628504 0.066177540 -0.005038043 0.997412562
1341846373.949976 0.032970145 -0.384019792 -0.034998789 0.025051013 0.064067885 -0.001375147 0.997630119
1341846373.982090 0.027144905 -0.374833852 -0.035338309 0.022161616 0.064172573 -0.000563995 0.997692525
1341846374.014518 0.017046783 -0.368261844 -0.037109297 0.018408962 0.062467963 0.002541077 0.997873902
1341846374.050082 0.018565031 -0.358522803 -0.031949118 0.015177709 0.058716256 0.005795463 0.998142481
1341846374.082248 0.019403754 -0.358652353 -0.031365748 0.012040453 0.057040099 0.005994090 0.998281300
1341846374.114063 0.019155348 -0.346619725 -0.032815363 0.010192915 0.057492986 0.006773355 0.998270869
1341846374.150230 0.009762098 -0.348977745 -0.026745668 0.007341651 0.057526838 0.006990143 0.998292506
1341846374.181949 0.007607288 -0.345623136 -0.023493849 0.008376033 0.055172633 0.008011074 0.998409569
1341846374.217985 0.012869031 -0.337388992 -0.029047223 0.010085058 0.053439260 0.011131288 0.998458147
1341846374.250018 0.012171832 -0.320998311 -0.030532686 0.010951763 0.054319177 0.011558453 0.998396635
1341846374.281921 0.008391066 -0.304442555 -0.027019311 0.008980295 0.055214994 0.010942331 0.998374164
1341846374.318502 0.008399069 -0.299350202 -0.028041154 0.005657485 0.055569049 0.010418146 0.998384476
1341846374.350047 0.007201076 -0.279454470 -0.023044406 0.003669071 0.057247337 0.012529727 0.998274684
1341846374.382011 -0.003370545 -0.282770038 -0.022923395 -0.000975676 0.057741921 0.010330624 0.998277605
1341846374.418020 -0.008470424 -0.275933355 -0.022427818 -0.002452539 0.056247026 0.010418378 0.998359501
1341846374.450160 -0.006104393 -0.262139171 -0.015760126 -0.003437884 0.054155480 0.011917670 0.998455465
1341846374.486170 -0.002020412 -0.250466228 -0.015798263 -0.005292829 0.053336874 0.012090459 0.998489380
1341846374.524087 -0.010436170 -0.248037070 -0.015642216 -0.009530757 0.053758647 0.010153831 0.998456836
1341846374.586056 -0.017441683 -0.234717548 -0.012216529 -0.014093959 0.049297508 0.009456801 0.998639941
1341846374.617848 -0.019773610 -0.227756053 -0.003345686 -0.015033757 0.046880655 0.012822641 0.998705089
1341846374.654133 -0.022124799 -0.221003816 0.001845250 -0.014340923 0.044004459 0.014762525 0.998819292
1341846374.685940 -0.022297520 -0.209579632 -0.000985760 -0.013363233 0.041171674 0.017645810 0.998906910
1341846374.718159 -0.024573419 -0.203839391 0.003923808 -0.013519812 0.039087117 0.020834662 0.998927116
1341846374.754050 -0.028201437 -0.196413219 0.005008380 -0.012341375 0.036407605 0.022136329 0.999015629
1341846374.786226 -0.025347581 -0.183988631 0.004009930 -0.011395970 0.033775765 0.023327135 0.999092162
1341846374.818164 -0.033578396 -0.191471860 0.005876427 -0.012395883 0.034154944 0.021087525 0.999117136
1341846374.854017 -0.036925882 -0.186139554 0.004549501 -0.009723648 0.032635182 0.020509275 0.999209583
1341846374.886253 -0.036964446 -0.178219244 0.006541578 -0.006526696 0.029096846 0.021627029 0.999321282
1341846374.921999 -0.035842024 -0.168939024 0.003327991 -0.003767899 0.026822060 0.021351216 0.999405086
1341846374.953860 -0.039505597 -0.162697136 0.001381121 -0.002109907 0.025677105 0.022371054 0.999417722
1341846374.985929 -0.044055130 -0.155761689 0.001791054 -0.001342465 0.023582386 0.022470608 0.999468386
1341846375.022029 -0.040750917 -0.157163531 0.005006026 0.000390012 0.021090342 0.024678487 0.999472857
1341846375.053968 -0.040148206 -0.152373552 0.004891731 0.004783465 0.019430166 0.028577736 0.999391258
1341846375.085937 -0.041242972 -0.143781260 0.005161072 0.008278395 0.018515002 0.030139158 0.999339938
1341846375.122015 -0.042484097 -0.129136562 -0.000666621 0.009324114 0.018637069 0.027871603 0.999394298
1341846375.190345 -0.039896920 -0.126103938 -0.002435909 0.004956048 0.024222989 0.023224942 0.999424458
1341846375.222041 -0.045054361 -0.123902798 0.003008228 0.005549612 0.024715876 0.020367635 0.999471605
1341846375.254127 -0.040431235 -0.119301856 0.001741774 0.007439741 0.024163919 0.021128856 0.999457002
1341846375.289892 -0.029987765 -0.111455970 0.000282144 0.011417813 0.024746105 0.022899017 0.999366283
1341846375.322192 -0.037395768 -0.101327419 0.019224918 0.014871341 0.025537359 0.022909405 0.999300659
1341846375.354172 -0.038344201 -0.086259708 0.015399038 0.014195842 0.024969883 0.022720234 0.999329150
1341846375.390033 -0.028130416 -0.071435660 0.019207777 0.009942126 0.025785740 0.019883623 0.999420285
1341846375.422976 -0.037894625 -0.073668577 -0.000965581 0.003066296 0.028995324 0.016518068 0.999438345
1341846375.458036 -0.043003552 -0.067320019 -0.004509831 -0.001941796 0.028132122 0.015353079 0.999484420
1341846375.489941 -0.037007894 -0.069645092 0.001977061 -0.006982199 0.027052682 0.016188474 0.999478519
1341846375.521981 -0.038042210 -0.075661406 0.005999928 -0.008347978 0.028074145 0.016601093 0.999433100
1341846375.557947 -0.042583171 -0.062477857 0.031373065 -0.005030870 0.027255787 0.019908667 0.999417543
1341846375.590116 -0.043432299 -0.062164571 0.035884399 -0.003094665 0.023991536 0.024621326 0.999404132
1341846375.622399 -0.033409692 -0.054637965 0.037553132 0.000797521 0.022607062 0.026661618 0.999388516
1341846375.658264 -0.032059357 -0.054495309 0.015673699 0.003807082 0.023983097 0.028725248 0.999292314
1341846375.690116 -0.036187537 -0.048412424 0.017230282 0.008579682 0.023267141 0.033244543 0.999139547
1341846375.726080 -0.027329979 -0.040236536 0.019477377 0.016630372 0.020889882 0.038464636 0.998903155
1341846375.757947 -0.033319935 -0.032268427 0.021318110 0.024403054 0.021312039 0.041381221 0.998617947
1341846375.789914 -0.033395287 -0.023821319 0.023327077 0.030395344 0.019289061 0.044666614 0.998353124
1341846375.826111 -0.035269607 -0.003802158 0.026961973 0.034267940 0.017867737 0.044054050 0.998281360
1341846375.858282 -0.045316681 0.031435270 0.028148184 0.033826064 0.016696557 0.039512601 0.998506784
1341846375.893889 -0.036176924 0.029912207 0.035112672 0.021074418 0.012318790 0.039605878 0.998917162
1341846375.926121 -0.034272268 0.038876075 0.040107217 0.014842137 0.011921786 0.037864018 0.999101520
1341846375.958089 -0.032362062 0.048998967 0.041604225 0.009559397 0.012237538 0.038119763 0.999152482
1341846375.994060 -0.034152027 0.055154737 0.049063362 0.006385598 0.012989549 0.038076196 0.999170005
1341846376.026115 -0.037295002 0.066593193 0.061168533 0.005457311 0.015944984 0.037070297 0.999170542
1341846376.057999 -0.038565714 0.076518066 0.063132674 0.006552478 0.017763888 0.039350856 0.999046028
1341846376.094015 -0.036270175 0.087724641 0.065669529 0.006274414 0.019746263 0.041320305 0.998931110
1341846376.126126 -0.037577290 0.102900811 0.072515480 0.006936848 0.023322942 0.040609237 0.998878777
1341846376.162125 -0.041365832 0.115491703 0.073354244 0.004848902 0.027583558 0.039308771 0.998834550
1341846376.194033 -0.046791345 0.120027915 0.076399595 0.001669883 0.029596748 0.039464451 0.998781145
1341846376.226110 -0.047191877 0.122633003 0.079989158 -0.001512859 0.028985903 0.042612653 0.998669982
1341846376.262088 -0.046459988 0.126492620 0.086106442 -0.002307317 0.027611664 0.046631243 0.998527825
1341846376.293911 -0.044274967 0.134870499 0.090748675 0.000306863 0.027781673 0.048486482 0.998437345
1341846376.326088 -0.047323216 0.140716672 0.089480095 0.002585134 0.028237505 0.050732799 0.998309612
1341846376.362076 -0.050002027 0.148387358 0.091072634 0.003069336 0.026823148 0.052398197 0.998261213
1341846376.393924 -0.045363735 0.156969100 0.092949763 0.003108171 0.025640771 0.050460268 0.998392045
1341846376.429909 -0.045731679 0.165721640 0.096231326 0.003535473 0.028092362 0.045403752 0.998567402
1341846376.462224 -0.050725497 0.171788931 0.097513214 0.001514695 0.029820206 0.042221837 0.998661995
1341846376.494092 -0.052638400 0.171867877 0.105002239 0.000021975 0.029014202 0.041740023 0.998707116
1341846376.529992 -0.049707584 0.178215712 0.106005527 0.000612037 0.028708164 0.041635871 0.998720169
1341846376.562034 -0.047998853 0.183764309 0.102313720 -0.000206379 0.030094512 0.040023319 0.998745441
1341846376.594092 -0.048793960 0.190891117 0.106733575 -0.000963861 0.031077469 0.039980441 0.998716593
1341846376.630016 -0.049543016 0.201600373 0.113164000 -0.001172333 0.031555690 0.038865563 0.998745382
1341846376.662132 -0.049267948 0.205782726 0.114429586 -0.001941164 0.033982661 0.036468476 0.998754919
1341846376.697981 -0.056340285 0.211484790 0.119464993 -0.002563764 0.036609620 0.037002057 0.998641074
1341846376.730128 -0.053645637 0.217289686 0.121240735 -0.002659133 0.037205696 0.037174743 0.998612404
1341846376.762061 -0.053434901 0.230104953 0.117967337 -0.002476295 0.037915375 0.036980078 0.998593390
1341846376.797939 -0.053148858 0.242168382 0.117574580 -0.004352383 0.037852895 0.035302877 0.998650014
1341846376.829920 -0.052420296 0.246713042 0.122385159 -0.008191632 0.038589522 0.037713293 0.998509586
1341846376.866170 -0.051655304 0.254142672 0.121052258 -0.010699935 0.038303275 0.040640119 0.998382092
1341846376.898026 -0.051386744 0.268318266 0.118902534 -0.014117832 0.037151624 0.041446090 0.998349965
1341846376.930139 -0.041416019 0.281611353 0.120458439 -0.017522983 0.037380569 0.038028810 0.998423457
1341846376.966511 -0.047171000 0.285599798 0.123141564 -0.025070608 0.041600741 0.036472645 0.998153567
1341846376.997919 -0.050244853 0.295127898 0.128275499 -0.029631725 0.043358479 0.038121562 0.997892141
1341846377.030079 -0.046190806 0.304393291 0.132366031 -0.032524377 0.043535799 0.038717117 0.997771442
1341846377.066212 -0.047288816 0.314438820 0.131845623 -0.035285491 0.044364441 0.040792506 0.997558355
1341846377.097918 -0.050686017 0.318080783 0.138677761 -0.039616000 0.044051990 0.040006328 0.997441471
1341846377.134079 -0.051114582 0.328980595 0.146377042 -0.041529331 0.042129599 0.040940180 0.997408748
1341846377.166160 -0.054626979 0.328650236 0.148115590 -0.045230485 0.038183551 0.042146128 0.997356474
1341846377.197925 -0.053598966 0.341704100 0.151672706 -0.045085281 0.033367980 0.042024560 0.997540891
1341846377.233952 -0.049178392 0.351502210 0.147368193 -0.047058467 0.031071106 0.039194785 0.997639120
1341846377.266486 -0.045389861 0.350666434 0.148703247 -0.051262651 0.032405913 0.038159527 0.997429609
1341846377.298068 -0.050384637 0.356498629 0.150724337 -0.054428186 0.033531707 0.040829696 0.997118890
1341846377.334109 -0.048884131 0.360416085 0.152307093 -0.058276914 0.031827819 0.042382032 0.996892452
1341846377.366029 -0.047436133 0.359505445 0.152307913 -0.059981819 0.032058407 0.039893754 0.996886611
1341846377.401870 -0.048181079 0.359274209 0.153360337 -0.061311416 0.033016670 0.037409395 0.996870756
1341846377.434052 -0.048297003 0.353843093 0.156686738 -0.063013569 0.032229058 0.037973929 0.996769011
1341846377.466127 -0.049078949 0.351257324 0.155308604 -0.060963910 0.032746632 0.037540592 0.996896029
1341846377.502027 -0.043477993 0.346576273 0.153079242 -0.060252801 0.032427866 0.034144234 0.997071803
1341846377.534114 -0.041477550 0.346137553 0.162213609 -0.058872994 0.034501012 0.031643853 0.997167170
1341846377.566085 -0.045830980 0.334168434 0.152330920 -0.057995066 0.036946334 0.032303404 0.997109830
1341846377.602113 -0.043833487 0.330550104 0.151131153 -0.055818971 0.035990965 0.034009993 0.997212231
1341846377.633912 -0.042982820 0.312075526 0.159323499 -0.050972417 0.037302729 0.030673314 0.997531712
1341846377.676329 -0.044076368 0.316842735 0.144599274 -0.045538511 0.038700577 0.029804278 0.997767627
1341846377.743964 -0.039188050 0.284419388 0.145011306 -0.040899042 0.035528332 0.027190991 0.998161137
1341846377.802535 -0.041497223 0.273808926 0.138177320 -0.038867261 0.035332501 0.026949359 0.998255789
1341846377.835932 -0.041957483 0.253501207 0.136028364 -0.034128509 0.037188187 0.028303001 0.998324215
1341846377.872063 -0.050858472 0.244306117 0.123036601 -0.032486495 0.035044767 0.035202708 0.998237073
1341846377.902201 -0.041200455 0.240400091 0.132175893 -0.032189663 0.027981425 0.035453569 0.998460770
1341846377.939383 -0.035953633 0.235546499 0.130385637 -0.027633706 0.031508945 0.027217988 0.998750567
1341846377.970635 -0.044600207 0.226880491 0.114641286 -0.030259414 0.034143232 0.030037211 0.998507023
1341846378.002401 -0.040282294 0.204236925 0.118084654 -0.035669893 0.027177744 0.031561267 0.998495340
1341846378.038883 -0.034699935 0.199316815 0.116462208 -0.031157417 0.027680565 0.028317757 0.998729765
1341846378.106524 -0.036609959 0.180892408 0.109236918 -0.034202076 0.027713090 0.025239229 0.998711765
1341846378.138114 -0.036292423 0.171289369 0.105258428 -0.032772001 0.028917246 0.020546729 0.998833120
1341846378.170157 -0.036677454 0.166427940 0.096082456 -0.031745233 0.030836167 0.012743783 0.998938918
1341846378.206045 -0.038322702 0.149909422 0.096282944 -0.035114989 0.031992279 0.008599710 0.998834074
1341846378.238081 -0.038351510 0.129187301 0.102172464 -0.035815604 0.031911388 0.007385383 0.998821497
1341846378.275916 -0.034398925 0.124546684 0.100199036 -0.031896468 0.031651761 0.006294010 0.998970032
1341846378.312389 -0.030523615 0.114924461 0.091870300 -0.031531874 0.033607110 0.003355160 0.998931944
1341846378.344267 -0.033410765 0.099809371 0.101969838 -0.030525969 0.036750659 0.001258495 0.998857319
1341846378.376036 -0.032811560 0.086559251 0.085462376 -0.026799114 0.038164645 0.001158540 0.998911381
1341846378.411936 -0.028293705 0.078606658 0.081143364 -0.025702871 0.038895678 -0.000494788 0.998912513
1341846378.444079 -0.030061092 0.068897277 0.081558079 -0.024389740 0.041888695 -0.004423080 0.998814762
1341846378.480041 -0.032726776 0.056431480 0.070030935 -0.023873456 0.042372830 -0.006561786 0.998795033
1341846378.512023 -0.032267980 0.046879962 0.072086893 -0.024303850 0.040396515 -0.007709772 0.998858333
1341846378.543975 -0.020945895 0.039160345 0.074580744 -0.021123508 0.041321874 -0.013859857 0.998826385
1341846378.579973 -0.032221697 0.025279941 0.069840170 -0.020041626 0.044957217 -0.015504364 0.998667538
1341846378.612676 -0.030122163 0.016975010 0.073043898 -0.017601814 0.044705443 -0.016327431 0.998711646
1341846378.643945 -0.027404016 0.003199868 0.065359764 -0.014182908 0.047287036 -0.017251814 0.998631656
1341846378.679954 -0.029598797 0.000450620 0.067464456 -0.010493727 0.048575733 -0.017450126 0.998611927
1341846378.742199 -0.011098705 -0.028855598 0.055884089 -0.006734941 0.050443403 -0.022314159 0.998454869
1341846378.774089 -0.015080613 -0.033925738 0.058256142 -0.001626545 0.054728251 -0.022922628 0.998236775
1341846378.805994 -0.018443400 -0.044252846 0.055902638 0.001179573 0.055348203 -0.021856036 0.998227179
1341846378.842121 -0.015889220 -0.045244616 0.053233318 0.003926985 0.056136072 -0.024903310 0.998104751
1341846378.874022 -0.015516458 -0.058645118 0.051934741 0.006141129 0.058654148 -0.028425327 0.997854710
1341846378.911788 -0.017105514 -0.062246107 0.045107853 0.008548574 0.060966644 -0.025969202 0.997765303
1341846378.974034 -0.009549062 -0.078771353 0.031055098 0.011947339 0.061554186 -0.027915088 0.997641742
1341846379.009977 -0.010792486 -0.083293714 0.037364688 0.014440479 0.064317651 -0.027782988 0.997438133
1341846379.041991 -0.010705240 -0.088728264 0.041034851 0.015601108 0.064926028 -0.028165618 0.997370481
1341846379.078155 -0.005317249 -0.099216007 0.039710619 0.016795151 0.066647187 -0.033069611 0.997087002
1341846379.109871 -0.012401804 -0.100563020 0.032489385 0.018350184 0.067803994 -0.032384139 0.997004092
1341846379.142034 -0.007773353 -0.115717806 0.031174749 0.017311873 0.067362018 -0.032194819 0.997058749
1341846379.178080 -0.006555758 -0.136673838 0.042110927 0.019187028 0.069411263 -0.038241118 0.996670246
1341846379.209979 -0.005860806 -0.149055421 0.035131518 0.025475794 0.069991454 -0.038361799 0.996484101
1341846379.242047 -0.006255297 -0.156215519 0.031910159 0.031927280 0.067700833 -0.035621550 0.996558249
1341846379.278304 -0.000899311 -0.162032723 0.033267166 0.038249869 0.065749727 -0.038213361 0.996370256
1341846379.310076 0.005706934 -0.184517398 0.014363172 0.045287769 0.068072982 -0.043486521 0.995702744
1341846379.346166 -0.000665909 -0.189138606 0.013746914 0.051910616 0.070823543 -0.040213976 0.995325148
1341846379.377944 0.002683350 -0.199025109 0.016558683 0.058750555 0.070316896 -0.038933817 0.995031714
1341846379.409974 0.005295088 -0.205316588 0.013858326 0.067940839 0.072308257 -0.039895095 0.994265497
1341846379.446065 0.005844910 -0.198713511 0.010425670 0.073859386 0.073632397 -0.036789801 0.993865967
1341846379.478631 0.009242801 -0.196392685 0.007901416 0.074341908 0.072701603 -0.035376236 0.993949831
1341846379.511214 0.018422451 -0.207319066 0.006188194 0.072343163 0.073817432 -0.038162846 0.993911982
1341846379.546204 0.003377272 -0.215454474 0.010442773 0.073622026 0.076705433 -0.037709206 0.993616641
1341846379.578217 -0.004050522 -0.204842135 0.018723447 0.075541779 0.073057301 -0.034490637 0.993864417
1341846379.614096 0.011433518 -0.208709344 0.009918024 0.073088780 0.069214456 -0.032838553 0.994378686
1341846379.646030 0.013537816 -0.206446841 0.010857453 0.071557812 0.071319804 -0.033223111 0.994328499
1341846379.678830 -0.001562242 -0.208124280 0.007524474 0.068748794 0.071692094 -0.031463530 0.994557142
1341846379.714071 -0.000291353 -0.204287857 0.010977024 0.067348242 0.068152644 -0.028320055 0.994996190
1341846379.746082 0.011668681 -0.206229389 0.001716511 0.065125450 0.067235246 -0.027160803 0.995238841
1341846379.778087 0.001659586 -0.193351194 0.011383065 0.063404500 0.069354177 -0.024533678 0.995272815
1341846379.813931 -0.004562113 -0.185122237 0.014203837 0.059399743 0.067179225 -0.021775950 0.995733142
1341846379.845927 0.001812645 -0.183927223 0.009458268 0.054687187 0.065338440 -0.020499842 0.996152580
1341846379.881893 0.001954571 -0.168730199 0.012129709 0.050595287 0.065602601 -0.017509626 0.996408403
1341846379.913954 -0.003072075 -0.160422832 0.010114518 0.044086073 0.064407595 -0.014922671 0.996837676
1341846379.946050 -0.004116294 -0.156151786 0.021035843 0.036140069 0.062611997 -0.013004307 0.997298598
1341846379.981969 -0.007726086 -0.155961379 0.022543149 0.031067003 0.061403308 -0.010573255 0.997573376
1341846380.013935 -0.013879932 -0.143746391 0.020515738 0.026986927 0.058678359 -0.005288012 0.997898102
1341846380.046124 -0.011366459 -0.133078173 0.031855267 0.020996712 0.055669878 -0.002039952 0.998226345
1341846380.082142 -0.004516932 -0.128256872 0.033138499 0.015166266 0.055004083 -0.001719458 0.998369455
1341846380.114330 -0.010596017 -0.127184808 0.040168189 0.010138697 0.056646481 0.000452332 0.998342693
1341846380.150278 -0.015648568 -0.126122624 0.046064425 0.008118154 0.055234212 0.003611823 0.998433888
1341846380.182030 -0.011969004 -0.116931565 0.048967279 0.009374840 0.053606305 0.005703744 0.998501837
1341846380.213908 -0.010966334 -0.095714353 0.043871269 0.008982390 0.053448610 0.005751169 0.998513639
1341846380.250090 -0.007848931 -0.063429967 0.040497001 0.003639819 0.054208357 0.001882157 0.998521268
1341846380.281996 -0.003876879 -0.061243750 0.053328678 -0.006018474 0.058292873 0.001676785 0.998279989
1341846380.318009 -0.004654980 -0.047792289 0.055396743 -0.010233633 0.062042128 0.002782246 0.998017192
1341846380.350031 -0.004008104 -0.036704630 0.059704740 -0.015763734 0.063115560 0.006668361 0.997859418
1341846380.382297 -0.004246322 -0.045907218 0.052079540 -0.021534888 0.064031430 0.009160180 0.997673452
1341846380.418020 -0.003088773 -0.023364248 0.062114917 -0.022961559 0.065181740 0.009679766 0.997562230
1341846380.450059 -0.020864472 -0.010015652 0.057906207 -0.029652504 0.064372525 0.015029405 0.997372091
1341846380.481987 -0.019722471 -0.003771442 0.061753273 -0.038625933 0.058206324 0.018628607 0.997383118
1341846380.518026 -0.006126073 -0.003438439 0.064651631 -0.045258172 0.053265359 0.020107321 0.997351587
1341846380.549973 -0.008885917 0.002179453 0.072423205 -0.047674850 0.052583370 0.020861482 0.997259736
1341846380.585876 -0.009206252 0.008084555 0.070036121 -0.048032947 0.048018310 0.022570297 0.997435570
1341846380.617833 -0.002840723 0.005770302 0.070872590 -0.047512781 0.044616073 0.021487972 0.997642338
1341846380.650010 -0.004504716 0.006395653 0.066766478 -0.044249166 0.044204354 0.019813623 0.997845411
1341846380.686058 -0.006295387 0.011463178 0.061615832 -0.041371141 0.042784460 0.018765651 0.998050988
1341846380.718154 -0.006339721 0.011546394 0.063423559 -0.039393380 0.041161593 0.018251713 0.998208761
1341846380.750063 0.004092429 0.013351185 0.059804045 -0.033427160 0.039614592 0.018463667 0.998485088
1341846380.785897 -0.001534597 0.024518862 0.060357906 -0.027315674 0.040935643 0.020071497 0.998586655
1341846380.818263 -0.006375114 0.035944995 0.060157504 -0.025290286 0.037732203 0.022204919 0.998721004
1341846380.854055 -0.010425435 0.022131130 0.067187302 -0.026226675 0.036471233 0.019152818 0.998806894
1341846380.886150 -0.002235116 0.029001554 0.064395942 -0.020986337 0.034507055 0.018264899 0.999017119
1341846380.918124 -0.009014426 0.044096977 0.072552681 -0.019440835 0.030737292 0.020815765 0.999121606
1341846380.954125 -0.003445740 0.029104035 0.075183578 -0.021736525 0.024885816 0.020674272 0.999240160
1341846380.985985 0.003823136 0.025927415 0.076948784 -0.021026306 0.025403824 0.017652273 0.999300241
1341846381.018098 0.001543930 0.030007139 0.081272975 -0.019961506 0.026734151 0.017173063 0.999295712
1341846381.054072 0.005161017 0.023354722 0.089061290 -0.020009147 0.023275780 0.018353816 0.999360323
1341846381.086074 0.012316641 0.021710224 0.110529296 -0.014311387 0.023063483 0.020109909 0.999429286
1341846381.122035 0.010568381 0.029384993 0.112763144 -0.011224462 0.024034020 0.021201858 0.999423265
1341846381.159808 0.014249095 0.028404361 0.121786907 -0.012036299 0.023359368 0.020152654 0.999451518
1341846381.222118 0.025974078 0.039457977 0.137665465 -0.010272614 0.026266705 0.023043023 0.999336600
1341846381.254198 0.038191520 0.034142416 0.143474519 -0.014482064 0.028259585 0.025711769 0.999164939
1341846381.289977 0.044155531 0.033226550 0.159631237 -0.013528585 0.034881242 0.026166720 0.998957217
1341846381.322365 0.044813946 0.044965960 0.180500671 -0.012023042 0.037871819 0.032573905 0.998679221
1341846381.353963 0.045399677 0.044583894 0.188222215 -0.014316480 0.039000768 0.037067633 0.998448789
1341846381.389983 0.060944494 0.041606769 0.187774897 -0.016748274 0.041960139 0.036235053 0.998321533
1341846381.421973 0.056448929 0.047880284 0.208574772 -0.020025203 0.048874088 0.039718788 0.997813940
1341846381.454108 0.058504220 0.042710219 0.227001905 -0.023879983 0.050196420 0.041627828 0.997585654
1341846381.489891 0.067720339 0.031765856 0.234923244 -0.022435149 0.052942742 0.042340659 0.997447252
1341846381.521988 0.071675971 0.033919603 0.250873029 -0.017218877 0.056590021 0.049070872 0.997042179
1341846381.558072 0.076455705 0.037899565 0.257078260 -0.013418910 0.059376813 0.052832484 0.996746242
1341846381.589879 0.079848170 0.037386980 0.261864424 -0.012357581 0.063431472 0.049720589 0.996670246
1341846381.622018 0.086930625 0.042380195 0.274592042 -0.012817319 0.066648826 0.048066784 0.996535599
1341846381.657894 0.088687919 0.031735271 0.290676713 -0.014575799 0.070372835 0.045364790 0.996382058
1341846381.689870 0.094835706 0.026336677 0.308445513 -0.010471211 0.073015161 0.043559961 0.996324062
1341846381.722338 0.099996477 0.035177372 0.318518639 -0.006982125 0.075277410 0.044510212 0.996144295
1341846381.758166 0.103054561 0.033171624 0.327293515 -0.007357654 0.076857835 0.044187222 0.996035218
1341846381.790889 0.108957745 0.026488792 0.337278038 -0.006149076 0.078394271 0.041947812 0.996020555
1341846381.826591 0.115266778 0.033311162 0.352321476 -0.002471100 0.080751404 0.042396653 0.995829105
1341846381.859589 0.107893273 0.027748134 0.364436179 -0.002153700 0.081424728 0.043183889 0.995741189
1341846381.890538 0.108212188 0.025673298 0.376571059 -0.000640984 0.077295616 0.044031415 0.996035278
1341846381.926191 0.114972986 0.030655054 0.384760499 0.000549083 0.074634284 0.041048434 0.996365666
1341846381.958121 0.108698905 0.035199616 0.385390759 -0.002285361 0.072619103 0.040441569 0.996536911
1341846381.990050 0.115819551 0.035709985 0.405268550 -0.007172847 0.062846191 0.042854507 0.997076869
1341846382.026007 0.132393196 0.037541136 0.417272925 -0.010461454 0.056702718 0.039108746 0.997569978
1341846382.059217 0.132966191 0.035491224 0.420499653 -0.016858513 0.056596488 0.033966057 0.997676730
1341846382.094090 0.127147019 0.031902477 0.448592573 -0.022297435 0.055713251 0.033637244 0.997630835
1341846382.126195 0.141526982 0.024831511 0.463555932 -0.023898205 0.051357146 0.034950159 0.997782409
1341846382.158170 0.138275370 0.024762498 0.461937845 -0.023383867 0.054219939 0.034880862 0.997645617
1341846382.194097 0.137695983 0.024056662 0.474269032 -0.024304220 0.055262845 0.036659546 0.997502565
1341846382.226010 0.142981097 0.018224197 0.482825994 -0.025142636 0.054353062 0.038966581 0.997444332
1341846382.258172 0.146917894 0.019300779 0.494713992 -0.024655635 0.054642864 0.038955845 0.997441053
1341846382.294020 0.145501122 0.020218156 0.508038998 -0.024448784 0.057644542 0.036271241 0.997378469
1341846382.325957 0.144299656 0.018689977 0.522284508 -0.025719555 0.057193439 0.034374628 0.997439623
1341846382.361974 0.153128058 0.015884781 0.542085946 -0.027083268 0.053629588 0.034799390 0.997586787
1341846382.393888 0.155606091 0.013697665 0.554932058 -0.025885357 0.051740933 0.033578143 0.997760117
1341846382.425972 0.151268676 0.017803218 0.566882551 -0.024902193 0.051696647 0.028326649 0.997950375
1341846382.462037 0.138245240 0.016871260 0.567205667 -0.025740728 0.053218406 0.022739166 0.997992098
1341846382.494003 0.133241624 0.013928463 0.581115425 -0.027963357 0.051260579 0.018400716 0.998124182
1341846382.530148 0.146247625 0.016644517 0.600843489 -0.026954176 0.046265811 0.015952734 0.998438001
1341846382.562400 0.138449833 0.015025804 0.607751667 -0.026272245 0.047846097 0.014674729 0.998401344
1341846382.593981 0.144403368 0.009644626 0.620490670 -0.026284007 0.046507042 0.015453777 0.998452544
1341846382.629905 0.140380293 0.001216110 0.630394578 -0.023541285 0.048353102 0.017881483 0.998392761
1341846382.661966 0.131835505 0.016155424 0.634689867 -0.017954128 0.050249480 0.020697869 0.998360813
1341846382.693976 0.130715653 0.006754170 0.641167760 -0.021109071 0.050215058 0.021862943 0.998275936
1341846382.730021 0.137500584 0.007593225 0.649285495 -0.019808078 0.050005890 0.020412631 0.998343825
1341846382.762004 0.136760846 0.013956299 0.661664426 -0.018753776 0.050054152 0.023420434 0.998295724
1341846382.798112 0.132328317 0.013365185 0.660007238 -0.021125870 0.049590837 0.019671610 0.998352408
1341846382.829949 0.131920651 0.013427786 0.665162563 -0.022803688 0.050874267 0.013910984 0.998347819
1341846382.861875 0.137644023 0.014395570 0.676428854 -0.023694735 0.050504781 0.012245803 0.998367548
1341846382.897967 0.140198052 0.009259676 0.678076923 -0.025245881 0.050157394 0.014079239 0.998322904
1341846382.930017 0.140621439 0.004318005 0.676753104 -0.024054050 0.051856022 0.013180081 0.998277843
1341846382.962121 0.134401083 0.009932696 0.678909063 -0.021651866 0.056442693 0.012184688 0.998096645
1341846382.997950 0.130288109 0.009721283 0.686779559 -0.021369876 0.058304083 0.014013332 0.997971714
1341846383.029927 0.135912359 0.005745311 0.691912532 -0.021252787 0.057085618 0.014956767 0.998031020
1341846383.104184 0.140759006 0.019146467 0.689368069 -0.021493282 0.061250769 0.005531189 0.997875631
1341846383.172122 0.148351476 0.014980607 0.700137556 -0.024841046 0.058598064 0.005839757 0.997955441
1341846383.236935 0.146148086 0.016859334 0.701762915 -0.025439274 0.067239456 0.005729552 0.997396052
1341846383.272112 0.142638087 0.007278149 0.700093508 -0.026320416 0.066708222 0.010420373 0.997370899
1341846383.303955 0.159626499 0.015052629 0.704712927 -0.024503704 0.063804254 0.013017032 0.997576594
1341846383.336133 0.149199650 0.027091376 0.695713699 -0.024596307 0.067719549 0.011514679 0.997334719
1341846383.398119 0.148289755 0.018125530 0.693584979 -0.027599404 0.067456760 0.013189863 0.997253180
1341846383.433991 0.159425393 0.008358076 0.686129868 -0.030837361 0.066728085 0.015208834 0.997178555
1341846383.466087 0.155312657 0.006635569 0.684554219 -0.030736322 0.067546740 0.015672006 0.997119427
1341846383.501974 0.152523264 0.006990735 0.682386577 -0.029892499 0.066035308 0.018506482 0.997197747
1341846383.533975 0.151555195 0.007841733 0.678423285 -0.028897744 0.063924819 0.018511059 0.997364461
1341846383.565981 0.143673465 0.010168592 0.670753896 -0.029030500 0.064405642 0.015321361 0.997383773
1341846383.602253 0.136805832 0.008150709 0.663289130 -0.029601412 0.062397148 0.015265719 0.997495532
1341846383.634175 0.116228573 0.007825467 0.656430781 -0.029288746 0.061127674 0.016785117 0.997558951
1341846383.665988 0.134256497 0.016083805 0.654940724 -0.028621841 0.051714040 0.016230142 0.998119712
1341846383.702104 0.122904830 0.010996459 0.641085684 -0.029653950 0.051170625 0.011073856 0.998188198
1341846383.734131 0.112949573 0.006860592 0.631716549 -0.030654641 0.047726262 0.010930099 0.998330116
1341846383.770067 0.111827977 0.010004979 0.620050550 -0.029659053 0.041962933 0.014101235 0.998579323
1341846383.802027 0.108990125 0.011381978 0.612238646 -0.028995657 0.038389564 0.013826714 0.998746395
1341846383.870067 0.094894677 0.017179923 0.592493355 -0.028665440 0.033814065 0.016183723 0.998885870
1341846383.901854 0.092523590 0.018451218 0.584493041 -0.028377406 0.030387614 0.016774165 0.998994470
1341846383.934301 0.099250577 0.020283299 0.580211759 -0.031377200 0.026468394 0.016950218 0.999013245
1341846383.969997 0.092397913 0.016060565 0.574296355 -0.033044189 0.025017489 0.017451409 0.998988271
1341846384.001936 0.076740906 0.010574360 0.549183488 -0.031581804 0.025196880 0.019329617 0.998996556
1341846384.038092 0.083230235 0.026140988 0.547453284 -0.027607776 0.017249368 0.021857271 0.999230921
1341846384.070104 0.076768093 0.022256283 0.530018866 -0.029428059 0.017871067 0.017222205 0.999258757
1341846384.102008 0.071406372 0.009758798 0.520349324 -0.030089689 0.018105986 0.016070746 0.999253988
1341846384.138265 0.067243658 0.021782663 0.514020920 -0.026643941 0.013971129 0.019250840 0.999361932
1341846384.170093 0.068295099 0.018075746 0.497157931 -0.028103653 0.011877365 0.017883403 0.999374449
1341846384.202188 0.064856969 0.016445784 0.488329232 -0.027744750 0.013355623 0.015488891 0.999405801
1341846384.237844 0.066879869 0.026355105 0.484688908 -0.026697516 0.012191675 0.016068775 0.999440014
1341846384.269968 0.063159093 0.018873820 0.473432332 -0.027851075 0.011014233 0.018122351 0.999387085
1341846384.306015 0.064900205 0.023117673 0.465537399 -0.025630791 0.010320921 0.017579293 0.999463618
1341846384.337907 0.050391328 0.023529699 0.446400791 -0.025862312 0.013604673 0.016014185 0.999444664
1341846384.369865 0.051573623 0.024625355 0.434941620 -0.027036006 0.012224846 0.015165752 0.999444664
1341846384.406199 0.051927660 0.022334183 0.425184071 -0.026617067 0.012810440 0.013073378 0.999478102
1341846384.437788 0.052428752 0.031257246 0.419006497 -0.025983451 0.011318006 0.013656407 0.999504983
1341846384.469882 0.051886518 0.034818362 0.411980718 -0.028135331 0.010128628 0.011428128 0.999487460
1341846384.506115 0.045512717 0.026842618 0.396016538 -0.030473536 0.013121189 0.007125879 0.999424040
1341846384.537970 0.043965966 0.031065982 0.385090262 -0.031630583 0.015780468 0.006301977 0.999355197
1341846384.573994 0.039274298 0.028369162 0.381930292 -0.032987274 0.016102441 0.008613146 0.999288917
1341846384.606493 0.034172643 0.025874991 0.375663906 -0.031325296 0.014839502 0.013259466 0.999311149
1341846384.637999 0.036722053 0.032591127 0.363920033 -0.028703697 0.012966198 0.015736399 0.999379992
1341846384.674068 0.030334635 0.035068855 0.357293308 -0.028990658 0.012460856 0.014897021 0.999391019
1341846384.705921 0.035118040 0.036754418 0.354126304 -0.028140916 0.009738213 0.014574295 0.999450266
1341846384.742045 0.026848080 0.044559438 0.344546199 -0.027522441 0.008038981 0.012853153 0.999506235
1341846384.774082 0.028132357 0.050424762 0.339188069 -0.029500620 0.005605693 0.009511800 0.999503732
1341846384.805987 0.026273010 0.042797014 0.330877841 -0.032204971 0.005155551 0.005320359 0.999453783
1341846384.842025 0.007447849 0.045339122 0.310722381 -0.032487277 0.007061779 0.001741068 0.999445736
1341846384.874081 0.008159321 0.045661993 0.302656502 -0.033434767 0.004556874 0.004001226 0.999422491
1341846384.905998 0.008617649 0.046062890 0.295277894 -0.031458952 0.003973161 0.006972411 0.999472857
1341846384.942014 -0.000831151 0.050133698 0.283041090 -0.031108487 0.005358277 0.009527559 0.999456227
1341846384.974049 0.002045453 0.047355857 0.277701735 -0.032444358 0.004213472 0.012251659 0.999389589
1341846385.009917 0.003121960 0.045458656 0.271594763 -0.030448021 0.004436128 0.016413800 0.999391735
1341846385.042211 -0.005262136 0.049330790 0.264424711 -0.029027183 0.006106210 0.018527851 0.999388278
1341846385.073967 -0.004898358 0.050838400 0.253113449 -0.030503487 0.006639174 0.018110627 0.999348521
1341846385.110157 -0.008424034 0.043072551 0.248939633 -0.030483764 0.008191531 0.018554209 0.999329507
1341846385.141931 -0.014168897 0.046524592 0.240910560 -0.028341793 0.009032508 0.020279193 0.999351740
1341846385.173929 -0.020485165 0.043782927 0.233745739 -0.027551958 0.007892299 0.020052172 0.999388099
1341846385.210052 -0.018809637 0.042003915 0.226363808 -0.026550584 0.006998450 0.014683203 0.999515116
1341846385.242941 -0.024255857 0.040767230 0.217515454 -0.025611056 0.008131384 0.008367844 0.999603927
1341846385.278001 -0.028925966 0.042943154 0.212845147 -0.024823792 0.007247032 0.004843367 0.999653876
1341846385.311234 -0.037084367 0.035480499 0.205113694 -0.023371464 0.007422762 0.004066714 0.999691069
1341846385.342936 -0.044425789 0.036819443 0.195214674 -0.020162098 0.006536099 0.003116501 0.999770522
1341846385.378101 -0.045583222 0.043588072 0.190225318 -0.018929334 0.006132696 0.001806018 0.999800384
1341846385.410048 -0.056111585 0.039499797 0.184362218 -0.019720595 0.005812859 0.001643540 0.999787271
1341846385.442088 -0.065562032 0.043773521 0.176340580 -0.018409615 0.003856924 0.000405730 0.999823034
1341846385.477970 -0.064597748 0.043974791 0.173122481 -0.019485626 -0.000994287 0.001980645 0.999807656
1341846385.510109 -0.066293970 0.044102091 0.170969769 -0.019953536 -0.003208454 0.002088672 0.999793530
1341846385.545989 -0.074377820 0.048180129 0.166163251 -0.019596675 -0.006006377 0.001931150 0.999788046
1341846385.577939 -0.093049146 0.050655533 0.146597996 -0.020835035 -0.008467399 0.000320574 0.999747038
1341846385.609948 -0.100473225 0.044221319 0.143310025 -0.022430168 -0.010613104 0.001491285 0.999691010
1341846385.646024 -0.110152699 0.054964710 0.127764553 -0.021372717 -0.013779919 0.002263070 0.999674022
1341846385.678122 -0.118663885 0.059953894 0.128335625 -0.022411542 -0.019692324 0.003566968 0.999548495
1341846385.713966 -0.115625724 0.059056867 0.116241239 -0.022917440 -0.023043292 0.004039675 0.999463618
1341846385.745986 -0.124432988 0.057560466 0.113569483 -0.022263801 -0.022403391 0.005140541 0.999487877
1341846385.778024 -0.131243318 0.059401099 0.105102874 -0.022283982 -0.024656627 0.008078945 0.999414980
1341846385.814480 -0.127485737 0.063187420 0.094539680 -0.022380013 -0.026977334 0.007730281 0.999355614
1341846385.846594 -0.129791573 0.067213386 0.084079102 -0.022293638 -0.024093281 0.004217992 0.999452233
1341846385.884072 -0.141707987 0.069044113 0.081390113 -0.023276351 -0.021101262 0.006413715 0.999485791
1341846385.920282 -0.145353183 0.068561047 0.083492018 -0.023859911 -0.023249239 0.008114361 0.999412000
1341846385.951967 -0.141282901 0.069870204 0.066294014 -0.023737002 -0.021477003 0.005537849 0.999472201
1341846385.983828 -0.144694567 0.069389850 0.058822863 -0.023406671 -0.018025845 0.005586736 0.999547899
1341846386.019954 -0.155135050 0.073046625 0.054323856 -0.022623986 -0.017035684 0.007028799 0.999574184
1341846386.053153 -0.156241521 0.067104638 0.046378184 -0.022028390 -0.018912934 0.007318499 0.999551654
1341846386.087964 -0.154564872 0.072090589 0.032810137 -0.018319238 -0.017249910 0.003324618 0.999677837
1341846386.120298 -0.160323337 0.065846287 0.027064456 -0.018339120 -0.014112571 0.000382613 0.999732137
1341846386.152323 -0.169125110 0.063092433 0.022421801 -0.016145363 -0.013754668 -0.000231959 0.999775052
1341846386.187922 -0.166540205 0.063179940 0.015697679 -0.013365927 -0.015884530 -0.002566266 0.999781191
1341846386.220214 -0.166573703 0.061115608 0.000467756 -0.011572282 -0.015152446 -0.007289322 0.999791682
1341846386.251878 -0.168407664 0.056179289 -0.010137406 -0.008980695 -0.013696797 -0.010367298 0.999812126
1341846386.287926 -0.175501764 0.055999108 -0.022190647 -0.005989011 -0.014683034 -0.011100180 0.999812663
1341846386.320048 -0.172260761 0.056897208 -0.029016230 -0.003566390 -0.016817085 -0.013753260 0.999757648
1341846386.351806 -0.171183839 0.057983361 -0.048496228 -0.001775401 -0.014436065 -0.018592652 0.999721348
1341846386.387904 -0.177089661 0.057109881 -0.059918959 0.000158080 -0.013204571 -0.019351576 0.999725521
1341846386.420158 -0.181607381 0.058612537 -0.075853251 0.002016818 -0.015039825 -0.018106233 0.999720931
1341846386.488011 -0.169978306 0.068786927 -0.108074583 0.003924278 -0.020005606 -0.021021768 0.999571145
1341846386.550203 -0.183285534 0.062567651 -0.143624693 0.005053687 -0.019045992 -0.020751853 0.999590456
1341846386.582265 -0.181054115 0.074335761 -0.158166930 0.006760725 -0.022564018 -0.019197751 0.999538183
1341846386.618055 -0.172525480 0.079478443 -0.173163533 0.006596614 -0.023266552 -0.021004420 0.999486864
1341846386.651032 -0.175883666 0.083303273 -0.198817551 0.005391936 -0.021631122 -0.022105072 0.999507129
1341846386.682220 -0.178164467 0.084928900 -0.215304241 0.002841685 -0.023011308 -0.020240424 0.999526262
1341846386.718071 -0.170045361 0.078404337 -0.227664098 0.001461789 -0.024527695 -0.017756520 0.999540389
1341846386.750071 -0.160712317 0.082252190 -0.242488563 0.003785691 -0.022698356 -0.016742207 0.999594986
1341846386.786100 -0.167944387 0.089120068 -0.251163483 0.005043629 -0.019416306 -0.014460715 0.999694169
1341846386.817967 -0.170778662 0.088104874 -0.264816105 0.005894639 -0.019553849 -0.012491415 0.999713421
1341846386.850155 -0.162599191 0.095102131 -0.278429031 0.007287705 -0.018778471 -0.012028113 0.999724746
1341846386.886034 -0.167071879 0.091419525 -0.302264988 0.006347471 -0.015198045 -0.009824920 0.999816060
1341846386.918050 -0.170356438 0.096183419 -0.310754448 0.007264108 -0.013223046 -0.006662331 0.999863982
1341846386.954005 -0.172554225 0.101236299 -0.324984640 0.008088103 -0.011998932 -0.004869404 0.999883413
1341846386.986155 -0.163482592 0.099479698 -0.347810864 0.007465870 -0.011168151 -0.004492031 0.999899685
1341846387.018027 -0.162619188 0.094478540 -0.356852561 0.006558459 -0.006589845 -0.003289317 0.999951363
1341846387.054058 -0.170224473 0.095566355 -0.367960721 0.008154871 -0.004311561 -0.000508933 0.999957323
1341846387.086157 -0.166925609 0.099167705 -0.377466500 0.008882086 -0.004622804 -0.000127892 0.999949872
1341846387.118350 -0.159329668 0.099537261 -0.386621058 0.009692717 -0.002140438 -0.001910932 0.999948859
1341846387.153927 -0.166705802 0.099238925 -0.402791262 0.011033806 0.000654036 -0.002287380 0.999936283
1341846387.185953 -0.174362451 0.108851634 -0.410955608 0.011444308 0.000270826 -0.001755171 0.999932885
1341846387.222042 -0.170140341 0.110191382 -0.416813880 0.009290070 -0.000909644 -0.003579286 0.999949932
1341846387.253968 -0.167066485 0.109803215 -0.428297043 0.008299127 0.001462895 -0.008543831 0.999927998
1341846387.286046 -0.176141709 0.114181355 -0.445757270 0.007453706 0.002384713 -0.007036850 0.999944627
1341846387.322002 -0.168807715 0.115304939 -0.453925878 0.005614780 0.000560185 -0.006051014 0.999965787
1341846387.353879 -0.162918001 0.112770341 -0.458799541 0.004136011 0.001921193 -0.006738028 0.999966919
1341846387.386177 -0.173785880 0.112125337 -0.470274687 0.003839095 0.003124630 -0.003885623 0.999980152
1341846387.422132 -0.167928547 0.114630081 -0.477801919 0.004370810 0.001339282 -0.001806007 0.999987900
1341846387.454043 -0.158938184 0.119341262 -0.493311882 0.004959278 0.001970456 -0.002898838 0.999981523
1341846387.490166 -0.162993222 0.121969283 -0.500495791 0.004576386 0.002901608 -0.001708434 0.999983847
1341846387.522009 -0.164958715 0.120973334 -0.509293556 0.004863326 0.000882611 0.002694025 0.999984145
1341846387.554619 -0.157943964 0.127332568 -0.521343231 0.005496634 -0.000174587 0.004154766 0.999976218
1341846387.590257 -0.154167101 0.138147563 -0.532711148 0.004360583 0.000584262 0.003591511 0.999983847
1341846387.622301 -0.161504373 0.131989270 -0.540778935 0.000724010 0.002573621 0.004110235 0.999987960
1341846387.654151 -0.167278737 0.131818175 -0.543728292 -0.001003503 0.002564132 0.004489121 0.999986172
1341846387.690110 -0.167479932 0.137280062 -0.556998610 -0.001709019 0.000519737 0.003157652 0.999993443
1341846387.722109 -0.165768549 0.136595815 -0.564874887 -0.004226928 -0.000622551 0.002857967 0.999986768
1341846387.758177 -0.167908207 0.130088270 -0.570977390 -0.006174181 -0.001150316 0.003732540 0.999973297
1341846387.790191 -0.174530625 0.130953133 -0.574821651 -0.005580596 -0.002274712 0.006608669 0.999960005
1341846387.822157 -0.171591133 0.136023626 -0.583747983 -0.004445003 -0.004697368 0.007070222 0.999954104
1341846387.858179 -0.174703613 0.139615014 -0.590914071 -0.004941457 -0.005419846 0.010098493 0.999922156
1341846387.890013 -0.176238507 0.141495362 -0.599431574 -0.004864450 -0.008157472 0.011621067 0.999887407
1341846387.926103 -0.169449657 0.141654506 -0.609398484 -0.004899763 -0.009709398 0.011618650 0.999873340
1341846387.958426 -0.170756847 0.142784849 -0.609446049 -0.005693540 -0.010199901 0.014638350 0.999824584
1341846387.990086 -0.176469773 0.149052113 -0.603166699 -0.005830077 -0.012075175 0.015847243 0.999784470
1341846388.026158 -0.169515878 0.134758219 -0.599649310 -0.005601275 -0.016459813 0.014484608 0.999743938
1341846388.058060 -0.167549863 0.131220505 -0.598976374 -0.000932147 -0.018360093 0.021086888 0.999608636
1341846388.089974 -0.168629691 0.133032948 -0.598057032 0.004152335 -0.021010553 0.025754914 0.999438822
1341846388.126088 -0.162343740 0.147274926 -0.607888997 0.007284735 -0.023271218 0.023921020 0.999416411
1341846388.158090 -0.151470602 0.163131505 -0.608679712 0.005182276 -0.022666778 0.021965910 0.999488294
1341846388.194068 -0.158562928 0.153768510 -0.595469177 0.000079706 -0.019326072 0.017392857 0.999661922
1341846388.225961 -0.158248723 0.149073020 -0.593625128 -0.000880247 -0.020168941 0.016162198 0.999665618
1341846388.257928 -0.153636575 0.154939815 -0.586258769 -0.001534485 -0.020658901 0.017650904 0.999629557
1341846388.294066 -0.156735092 0.143755317 -0.570562959 -0.003220492 -0.020559538 0.017470447 0.999630809
1341846388.325954 -0.150724113 0.152501538 -0.566827536 -0.001416347 -0.021206738 0.015426307 0.999655128
1341846388.357936 -0.151612863 0.151331306 -0.557287931 -0.003429199 -0.019775080 0.014216585 0.999697506
1341846388.394202 -0.158443928 0.145857751 -0.543890536 -0.004646901 -0.019654077 0.012037575 0.999723554
1341846388.425957 -0.147031248 0.147075787 -0.542568624 -0.004833277 -0.021349885 0.009225527 0.999717772
1341846388.462012 -0.146531820 0.141919062 -0.525117517 -0.006253102 -0.019308353 0.006872040 0.999770403
1341846388.493961 -0.155484259 0.135990679 -0.508375287 -0.005570544 -0.019561760 0.006456594 0.999772251
1341846388.526293 -0.148965746 0.134321958 -0.505460978 -0.004003507 -0.021820094 0.006606120 0.999732077
1341846388.562293 -0.144987658 0.132862434 -0.495008796 -0.002374141 -0.020210866 0.004966987 0.999780595
1341846388.594090 -0.147508383 0.134974197 -0.481780618 -0.001321804 -0.018315531 0.004100913 0.999822974
1341846388.626030 -0.147701457 0.132847205 -0.465385973 -0.001622947 -0.019173536 0.003628246 0.999808252
1341846388.662009 -0.139940768 0.125779808 -0.452226251 -0.000498381 -0.018594412 0.000837593 0.999826610
1341846388.694110 -0.145131230 0.130575612 -0.444991320 0.001400465 -0.017008062 0.001014129 0.999853849
1341846388.730239 -0.143071830 0.129812568 -0.428059816 -0.000295020 -0.018105799 0.000199977 0.999836028
1341846388.762131 -0.132805586 0.114969052 -0.413902581 -0.001284541 -0.017614905 -0.002449416 0.999841034
1341846388.794087 -0.139865220 0.125338435 -0.404402137 0.000722136 -0.014886861 -0.002230339 0.999886453
1341846388.830117 -0.143151551 0.128933623 -0.376985490 -0.001159713 -0.015997192 -0.000633138 0.999871135
1341846388.868548 -0.133515105 0.111307770 -0.372648060 -0.002724740 -0.016983446 -0.000853725 0.999851704
1341846388.900942 -0.138346404 0.124257103 -0.357214928 -0.001100232 -0.015023829 -0.000946902 0.999886096
1341846388.937157 -0.143261895 0.121541329 -0.339161575 -0.004730674 -0.016245669 0.000434403 0.999856770
1341846388.970712 -0.137778252 0.110798411 -0.310709596 -0.006979320 -0.016990731 -0.000215843 0.999831259
1341846389.001153 -0.138445720 0.115715675 -0.308227479 -0.006243094 -0.016859608 -0.001021605 0.999837816
1341846389.036956 -0.145671472 0.122797735 -0.287344784 -0.008145048 -0.016221916 -0.003184694 0.999830186
1341846389.069208 -0.140111670 0.106025741 -0.271305591 -0.011996918 -0.017425317 -0.002816575 0.999772191
1341846389.168276 -0.137860060 0.091089725 -0.233793601 -0.013102575 -0.016995687 -0.001643718 0.999768317
1341846389.230639 -0.147573784 0.091241874 -0.201242849 -0.009496354 -0.015686728 -0.000054602 0.999831855
1341846389.266034 -0.145170778 0.089455582 -0.187809110 -0.008424371 -0.017382454 -0.002004400 0.999811411
1341846389.298760 -0.139457747 0.084425472 -0.175765902 -0.007381745 -0.015160083 -0.003744042 0.999850810
1341846389.329980 -0.143633991 0.085530668 -0.158002302 -0.005516015 -0.013294050 -0.002483318 0.999893308
1341846389.366022 -0.138927877 0.087826729 -0.142879337 -0.004980537 -0.013914899 -0.002436785 0.999887824
1341846389.397969 -0.133033112 0.078453712 -0.135342166 -0.005221955 -0.011422057 -0.002956034 0.999916732
1341846389.433982 -0.132501587 0.081071883 -0.123071902 -0.001599342 -0.007453531 -0.002840327 0.999966919
1341846389.466033 -0.134526610 0.085920304 -0.111826897 -0.001580567 -0.006711135 -0.000082555 0.999976218
1341846389.498030 -0.131313503 0.082313240 -0.094333887 -0.002531998 -0.007092312 -0.000816810 0.999971271
1341846389.534085 -0.125403747 0.090016164 -0.080268964 -0.001065739 -0.004456386 -0.002649213 0.999985993
1341846389.565875 -0.128717169 0.095039085 -0.069714785 -0.002763703 -0.002393211 -0.002556378 0.999990046
1341846389.597960 -0.129609525 0.092125274 -0.057717457 -0.007241937 -0.003362546 -0.002392712 0.999965250
1341846389.634116 -0.123638272 0.087223239 -0.045404516 -0.008676083 -0.004375892 -0.003054092 0.999948144
1341846389.665950 -0.122828729 0.098101728 -0.037682462 -0.010570777 -0.002888337 -0.005404717 0.999925315
1341846389.702127 -0.121454492 0.088355564 -0.014765548 -0.015679853 -0.002413724 -0.006564320 0.999852598
1341846389.734086 -0.121923462 0.083923325 -0.004599554 -0.015734183 -0.003820570 -0.005613326 0.999853134
1341846389.765898 -0.117920958 0.091065228 0.009470349 -0.014946364 -0.004955496 -0.004836707 0.999864340
1341846389.802126 -0.113501869 0.087666601 0.020482427 -0.016343569 -0.005080368 -0.006289415 0.999833763
1341846389.834063 -0.109740667 0.080460221 0.028439075 -0.015597856 -0.005087082 -0.005217005 0.999851823
1341846389.866260 -0.108922400 0.079549521 0.040509555 -0.013045946 -0.005294881 -0.001282641 0.999900103
1341846389.902002 -0.106085755 0.079750963 0.041576162 -0.011967801 -0.006476436 -0.001398618 0.999906421
1341846389.934117 -0.097902164 0.083489619 0.053191390 -0.010288042 -0.005230316 -0.003705592 0.999926567
1341846389.970116 -0.097074695 0.082485072 0.062893890 -0.010395627 -0.002777278 -0.003896988 0.999934494
1341846390.002129 -0.101059854 0.079025209 0.073321760 -0.010973242 -0.004224431 -0.001405538 0.999929905
1341846390.034099 -0.092154525 0.078516968 0.082855426 -0.010095901 -0.007876217 -0.001939691 0.999916136
1341846390.070024 -0.086687990 0.082826123 0.083660312 -0.009340411 -0.006985408 -0.005195782 0.999918461
1341846390.101910 -0.087632716 0.080646753 0.093604177 -0.010819484 -0.007001926 -0.005909130 0.999899507
1341846390.137924 -0.081499666 0.074851468 0.110745363 -0.009919358 -0.009814025 -0.005507567 0.999887466
1341846390.170038 -0.072317533 0.083567768 0.112019904 -0.007388622 -0.010270960 -0.005870720 0.999902725
1341846390.202115 -0.073187955 0.085064657 0.120306022 -0.010132114 -0.008533533 -0.008615916 0.999875128
1341846390.238117 -0.071303144 0.078963578 0.129860014 -0.011438003 -0.009615266 -0.006590528 0.999866605
1341846390.270052 -0.064855315 0.079165667 0.134616047 -0.010829879 -0.013163346 -0.000343481 0.999854684
1341846390.302085 -0.054023545 0.081173316 0.140120208 -0.012100283 -0.014378035 0.001493508 0.999822259
1341846390.338496 -0.048146572 0.077944450 0.153675422 -0.012372877 -0.013217744 0.003951512 0.999828279
1341846390.370105 -0.053121742 0.081756808 0.160229415 -0.012021678 -0.014063006 0.008342759 0.999794066
1341846390.438106 -0.041459404 0.081395924 0.176809296 -0.017132819 -0.020561153 0.005855735 0.999624670
1341846390.505984 -0.032988276 0.092441969 0.196836978 -0.020375375 -0.029591007 0.008711924 0.999316454
1341846390.538495 -0.025222283 0.088005133 0.198564991 -0.022136940 -0.031241933 0.004770941 0.999255300
1341846390.606055 -0.021682030 0.093419336 0.222209185 -0.024424886 -0.033785835 0.012084682 0.999057531
1341846390.638031 -0.007166062 0.096211858 0.221373037 -0.023610946 -0.037336167 0.013327683 0.998934865
1341846390.673954 0.001528306 0.096753903 0.221129507 -0.023798218 -0.034836818 0.011463691 0.999043822
1341846390.705937 0.002277257 0.102065295 0.234814063 -0.026542174 -0.033799950 0.011757867 0.999006927
1341846390.737965 0.006553461 0.093410514 0.246131465 -0.029967193 -0.035152409 0.010410634 0.998878300
1341846390.774135 0.019096011 0.095372289 0.244881123 -0.027708279 -0.033928614 0.009467031 0.998995245
1341846390.806067 0.020323014 0.103186235 0.252934575 -0.027318619 -0.029364480 0.011112301 0.999133587
1341846390.838026 0.020973969 0.103508122 0.263616204 -0.029226162 -0.028661320 0.012898414 0.999078572
1341846390.874116 0.027572947 0.109026067 0.265417069 -0.029649571 -0.028777966 0.014019953 0.999047637
1341846390.906067 0.028154891 0.109411396 0.268548697 -0.031572621 -0.026856955 0.017767539 0.998982608
1341846390.942137 0.028992025 0.109478988 0.275210321 -0.033906262 -0.026509209 0.021237407 0.998847604
1341846390.974052 0.033567127 0.100706629 0.277321517 -0.034036871 -0.028405435 0.026160059 0.998674273
1341846391.006164 0.035411578 0.112536013 0.274555326 -0.031174144 -0.030275900 0.028377848 0.998652220
1341846391.042303 0.040858198 0.110488616 0.278870821 -0.033854257 -0.031627793 0.026245592 0.998581350
1341846391.074134 0.040322084 0.107065402 0.280898541 -0.034090541 -0.032436494 0.022938378 0.998628795
1341846391.106097 0.042357750 0.108824886 0.274707407 -0.033499684 -0.035011537 0.023245664 0.998554766
1341846391.142154 0.042770755 0.106862821 0.278503150 -0.034298632 -0.037129246 0.025477815 0.998396635
1341846391.174124 0.049147435 0.107545704 0.273717105 -0.033941001 -0.038485717 0.025779702 0.998349786
1341846391.209961 0.048068374 0.111696176 0.274537265 -0.033029191 -0.037290026 0.025552131 0.998431563
1341846391.241977 0.046246454 0.101424128 0.270224959 -0.034281213 -0.038959619 0.029511027 0.998216450
1341846391.273984 0.046735067 0.104182005 0.266399860 -0.031764857 -0.040490314 0.027859947 0.998286188
1341846391.309946 0.049571797 0.103436843 0.268822640 -0.031094966 -0.039853282 0.025867375 0.998386562
1341846391.342018 0.041810870 0.098810814 0.268474579 -0.031703398 -0.040403690 0.025801102 0.998346984
1341846391.378060 0.043844666 0.099598370 0.267728716 -0.031189967 -0.043933816 0.022802832 0.998287082
1341846391.410037 0.046753965 0.101882026 0.264198065 -0.030785440 -0.044523221 0.019727590 0.998338997
1341846391.442052 0.046760820 0.093987703 0.267167658 -0.030975860 -0.043615814 0.021973748 0.998326242
1341846391.478040 0.044967618 0.094077595 0.265026093 -0.029512541 -0.045300584 0.027403608 0.998161256
1341846391.510072 0.044657256 0.100267977 0.258939207 -0.028795371 -0.047184017 0.029313313 0.998040676
1341846391.542159 0.045438875 0.099663757 0.256802976 -0.029558174 -0.046224605 0.027903412 0.998103738
1341846391.578010 0.044194978 0.099740908 0.262685448 -0.029232414 -0.045484014 0.028732913 0.998123765
1341846391.610169 0.040899877 0.095759019 0.257590503 -0.029037125 -0.046494633 0.031225277 0.998008072
1341846391.645942 0.042657148 0.095451526 0.257557034 -0.027719397 -0.048888296 0.031965267 0.997907698
1341846391.677959 0.040621500 0.095297724 0.252949268 -0.026354216 -0.048603628 0.030379014 0.998008132
1341846391.710022 0.034666460 0.089829139 0.253092736 -0.025511632 -0.048379410 0.032169010 0.997984827
1341846391.745846 0.032437064 0.089296818 0.250931084 -0.023099516 -0.050560988 0.031565100 0.997954726
1341846391.778020 0.035960324 0.085534699 0.249017760 -0.021702144 -0.051201049 0.030039571 0.998000562
1341846391.810026 0.030981448 0.082422167 0.248816192 -0.020039720 -0.049942382 0.030163322 0.998095334
1341846391.846013 0.032693356 0.075672150 0.241509706 -0.018934067 -0.051142544 0.032706462 0.997976065
1341846391.877984 0.031143136 0.077856183 0.247796819 -0.015278626 -0.050589588 0.033417635 0.998043358
1341846391.914033 0.032281231 0.078150935 0.250975221 -0.013599466 -0.050005119 0.034077596 0.998074770
1341846391.945996 0.031742018 0.077037752 0.249250069 -0.012106889 -0.050677396 0.034382068 0.998049617
1341846391.978037 0.031565219 0.079143003 0.246353671 -0.011584632 -0.050623387 0.031819660 0.998143554
1341846392.014187 0.031936720 0.075629644 0.246359751 -0.011619811 -0.050102253 0.030642634 0.998206317
1341846392.046054 0.034458958 0.074499063 0.243638441 -0.010455597 -0.050917715 0.031655509 0.998146296
1341846392.078061 0.032996088 0.079090029 0.247425407 -0.009271324 -0.051216610 0.032240506 0.998123944
1341846392.114010 0.034363993 0.079548672 0.245322213 -0.009709300 -0.051520385 0.031507462 0.998127580
1341846392.145989 0.035173871 0.079703376 0.242612466 -0.009329078 -0.051523637 0.030216008 0.998170972
1341846392.181959 0.031773984 0.084061511 0.252033472 -0.010071602 -0.053178839 0.030683111 0.998062670
1341846392.213917 0.036586057 0.078903176 0.246426046 -0.012000574 -0.056163862 0.028806157 0.997933805
1341846392.246105 0.035947077 0.083009422 0.236515090 -0.010033667 -0.053550687 0.022756279 0.998255372
1341846392.282032 0.038368549 0.080642976 0.242490426 -0.010649973 -0.053344946 0.022823496 0.998258471
1341846392.314025 0.037304856 0.077495664 0.243385509 -0.009791233 -0.055452358 0.025684923 0.998082876
1341846392.349981 0.043874469 0.081818700 0.239853486 -0.006965878 -0.055731464 0.026313672 0.998074651
1341846392.382103 0.041305438 0.081232719 0.240714982 -0.006458513 -0.053487957 0.026813751 0.998187542
1341846392.414056 0.042213794 0.080063373 0.240776166 -0.006291910 -0.054447435 0.028870832 0.998079300
1341846392.450136 0.045160998 0.075886071 0.240008384 -0.005406688 -0.055029031 0.032910611 0.997927606
1341846392.482091 0.045747396 0.072175741 0.240967497 -0.003472907 -0.055381242 0.034478717 0.997863770
1341846392.514096 0.047818419 0.078218073 0.234087408 -0.001549267 -0.055301905 0.032788683 0.997929931
1341846392.550030 0.046772163 0.072825857 0.238338739 -0.002252930 -0.055767436 0.034225475 0.997854471
1341846392.582053 0.049517330 0.068372436 0.233967587 -0.001211171 -0.057321638 0.036984600 0.997669697
1341846392.617983 0.047099452 0.069175094 0.235593140 0.000746798 -0.057233680 0.037765354 0.997645974
1341846392.649909 0.049816575 0.070928775 0.230143070 0.002357176 -0.057137694 0.035701741 0.997724950
1341846392.682128 0.053391270 0.065101042 0.236406893 0.002272040 -0.058199059 0.035053939 0.997686803
1341846392.718019 0.054941494 0.059158821 0.235522091 0.003175706 -0.060654715 0.037830204 0.997436643
1341846392.749829 0.057054929 0.058464300 0.235003427 0.005111391 -0.062310394 0.037970446 0.997321188
1341846392.782107 0.053220816 0.062501170 0.231123701 0.006348363 -0.061436277 0.036882650 0.997409165
1341846392.818251 0.053726047 0.059665754 0.231650919 0.006290222 -0.061121702 0.037760403 0.997395992
1341846392.852165 0.056620114 0.054331277 0.231475547 0.007550027 -0.062155310 0.038649473 0.997289300
1341846392.885913 0.059360001 0.054480240 0.228100330 0.008732120 -0.061832111 0.036876559 0.997366905
1341846392.917882 0.057595219 0.053831354 0.224978089 0.010199673 -0.060080573 0.036898635 0.997459173
1341846392.950023 0.059357703 0.051708311 0.229616806 0.011897513 -0.060039822 0.037952971 0.997403264
