1341846361.788774 0.000000000 0.000000000 0.000000000 0.000000000 0.000000000 0.000000000 1.000000000
1341846361.824112 -0.013538753 0.000838190 0.008721729 -0.002264604 0.003809117 -0.004904002 0.999978125
1341846361.856016 -0.032502167 0.020903254 0.005651303 -0.005910468 0.005787849 -0.008520656 0.999929488
1341846361.887871 -0.038263779 0.007386076 0.018520955 -0.015156237 0.008098424 -0.014634999 0.999745250
1341846361.923930 -0.057690796 -0.009264148 0.027189424 -0.016838418 0.012557467 -0.011884768 0.999708712
1341846361.955927 -0.068994597 -0.007382576 0.024064749 -0.010701991 0.011008351 -0.003898570 0.999874532
1341846361.991999 -0.086954333 -0.021763649 0.030777249 -0.009038624 0.007158133 0.001978925 0.999931574
1341846362.023994 -0.084524848 -0.019070758 0.035189915 -0.004718886 0.003879291 0.003220575 0.999976158
1341846362.056118 -0.091103755 -0.007053014 0.032000639 -0.001564862 0.004400068 0.005014666 0.999976516
1341846362.091992 -0.106571347 -0.007971844 0.034583446 -0.002914334 0.005012242 0.004914587 0.999971092
1341846362.123929 -0.111267686 -0.018706068 0.043714438 -0.004082267 0.003551701 0.006712541 0.999962807
1341846362.156058 -0.119317703 -0.024829339 0.042374581 -0.001034525 0.003648725 0.009257480 0.999949992
1341846362.191987 -0.139994502 -0.025369860 0.047175255 0.001756670 0.004841831 0.010786938 0.999928534
1341846362.224138 -0.147372767 -0.031678677 0.054399751 0.005301784 0.003294321 0.013418039 0.999890447
1341846362.260011 -0.149257585 -0.028941000 0.047554623 0.010455539 0.004542768 0.013465091 0.999844313
1341846362.291979 -0.158343628 -0.028934160 0.051168114 0.013098794 0.008568105 0.012760579 0.999796093
1341846362.323947 -0.171907082 -0.030841250 0.053841896 0.015224146 0.012255418 0.010867552 0.999749959
1341846362.359889 -0.179045096 -0.027683778 0.052817006 0.017651414 0.015583693 0.008911951 0.999683022
1341846362.392021 -0.180220082 -0.025824483 0.050166808 0.018845705 0.020034907 0.010636050 0.999565065
1341846362.423868 -0.193722010 -0.029525975 0.060084268 0.019733669 0.022826960 0.011904522 0.999473751
1341846362.459968 -0.203646287 -0.031416573 0.060736351 0.022830775 0.023890344 0.012702769 0.999373138
1341846362.491924 -0.221816897 -0.031122716 0.058684476 0.024918256 0.024574269 0.014639474 0.999280214
1341846362.523976 -0.224171206 -0.030020205 0.061381735 0.026720483 0.023574322 0.017040480 0.999219656
1341846362.559933 -0.233162314 -0.034567919 0.061822340 0.028247148 0.024733951 0.018660327 0.999120653
1341846362.592338 -0.252792805 -0.030828822 0.063570485 0.029990671 0.026447831 0.016826520 0.999058545
1341846362.628177 -0.260630846 -0.030099800 0.061798181 0.029651379 0.025661834 0.017079961 0.999084830
1341846362.660128 -0.269738555 -0.029791618 0.065544717 0.029244211 0.025933146 0.016216753 0.999104261
1341846362.691901 -0.284794301 -0.024381937 0.080523930 0.028287908 0.024723912 0.014752206 0.999185145
1341846362.727993 -0.295552701 -0.031661555 0.073966682 0.025926424 0.021369070 0.013839000 0.999339640
1341846362.759942 -0.299997687 -0.033408001 0.079101607 0.025538879 0.018680258 0.011974948 0.999427557
1341846362.792002 -0.310958683 -0.028780045 0.078194492 0.025467001 0.017709207 0.009448595 0.999474168
1341846362.827965 -0.320959300 -0.031187607 0.079471603 0.023975130 0.015762879 0.006958800 0.999564052
1341846362.859959 -0.325156182 -0.034126580 0.078438714 0.023206828 0.014208926 0.004515696 0.999619544
1341846362.891861 -0.335324198 -0.032673892 0.082513258 0.023875784 0.014265507 0.003558527 0.999606788
1341846362.928098 -0.343643844 -0.036975205 0.085012227 0.023632344 0.012163335 0.004256489 0.999637663
1341846362.959894 -0.350349128 -0.044248655 0.089144640 0.025786508 0.011453757 0.006417643 0.999581277
1341846362.995909 -0.361925483 -0.043131303 0.089967698 0.029575443 0.010487240 0.009082241 0.999466300
1341846363.028072 -0.368731260 -0.047032651 0.080583796 0.031582281 0.008245329 0.011115521 0.999405384
1341846363.059896 -0.366130173 -0.048878454 0.093464576 0.036124703 0.008156584 0.009882227 0.999265194
1341846363.096102 -0.379839152 -0.042794924 0.083296463 0.039842092 0.011271230 0.007023576 0.999117732
1341846363.127992 -0.387412608 -0.044203922 0.084838994 0.038893789 0.012587892 0.004259232 0.999154985
1341846363.159870 -0.388004661 -0.051702280 0.080080643 0.039353129 0.015186515 0.001115893 0.999109328
1341846363.195966 -0.401255995 -0.048390593 0.086218692 0.042326521 0.019812582 0.002967898 0.998902977
1341846363.227902 -0.413210630 -0.053502049 0.097684383 0.043941095 0.018069359 0.007291315 0.998844147
1341846363.259977 -0.414906234 -0.054675978 0.088925600 0.046549004 0.015755000 0.011452626 0.998726130
1341846363.296031 -0.422656178 -0.050377373 0.085951135 0.050709747 0.018350828 0.014146401 0.998444617
1341846363.328065 -0.436693251 -0.043552551 0.098413311 0.052038893 0.019019952 0.017149627 0.998316646
1341846363.364023 -0.444859892 -0.055178426 0.082369700 0.049623702 0.015272944 0.019153407 0.998467505
1341846363.395985 -0.453524172 -0.058548272 0.085218646 0.048668995 0.011046731 0.019623725 0.998561084
1341846363.427955 -0.456074119 -0.052087128 0.087695464 0.048508905 0.007478678 0.016552247 0.998657584
1341846363.463979 -0.468553782 -0.050895449 0.081585139 0.046781980 0.005148839 0.016072823 0.998762548
1341846363.495986 -0.480863154 -0.045958478 0.087651387 0.045306195 0.001366542 0.018520581 0.998800516
1341846363.527941 -0.484858930 -0.042969156 0.088102125 0.043212593 -0.002012905 0.020821143 0.998846889
1341846363.564057 -0.495399743 -0.042582143 0.085736364 0.039349407 -0.003592222 0.024592990 0.998916388
1341846363.596025 -0.501038074 -0.050699938 0.097988732 0.034978781 -0.007677215 0.027672114 0.998975337
1341846363.632058 -0.502897620 -0.058053128 0.097456314 0.035532694 -0.014825891 0.030953333 0.998778999
1341846363.663931 -0.508228779 -0.050082728 0.093310870 0.037700884 -0.016893234 0.029250747 0.998718023
1341846363.695998 -0.513596296 -0.048819467 0.096003197 0.036376446 -0.018695896 0.024103403 0.998872459
1341846363.732007 -0.516256094 -0.048432097 0.101960368 0.033875376 -0.024293533 0.016670542 0.998991668
1341846363.794060 -0.513897717 -0.052935574 0.096976258 0.036785945 -0.037721947 0.021768158 0.998373687
1341846363.826406 -0.505316019 -0.044588722 0.100404024 0.038504612 -0.040471844 0.019081404 0.998256147
1341846363.861897 -0.496712416 -0.042666987 0.099747092 0.039681945 -0.040592723 0.017669795 0.998231113
1341846363.893984 -0.494116634 -0.036814589 0.095221303 0.040217526 -0.039970238 0.016921548 0.998247743
1341846363.926076 -0.485711873 -0.037084222 0.098045155 0.037988644 -0.040242404 0.016944859 0.998323739
1341846363.962090 -0.473286420 -0.033748344 0.098092832 0.036818516 -0.039347164 0.018577883 0.998374224
1341846363.994287 -0.467593074 -0.045513537 0.089537315 0.034808468 -0.038638324 0.022199886 0.998400033
1341846364.025993 -0.454858005 -0.044972930 0.089091964 0.034111217 -0.038603451 0.022680974 0.998414636
1341846364.061809 -0.443827361 -0.044455551 0.094967127 0.032953978 -0.036106721 0.021220177 0.998579025
1341846364.094209 -0.437841773 -0.051264256 0.092070132 0.032717820 -0.033605780 0.021456990 0.998669028
1341846364.130022 -0.432669401 -0.049984492 0.092843205 0.034354046 -0.033426806 0.021662895 0.998615623
1341846364.162231 -0.421083480 -0.062059291 0.105178528 0.036722127 -0.035557725 0.021138143 0.998468995
1341846364.194049 -0.407442927 -0.059642266 0.099811390 0.042062733 -0.037186202 0.017691283 0.998265982
1341846364.230023 -0.396152169 -0.058878470 0.097815089 0.044821590 -0.038515095 0.016167132 0.998121381
1341846364.262044 -0.365682214 -0.068501592 0.091137230 0.048533302 -0.039963037 0.012877612 0.997938693
1341846364.294059 -0.358819693 -0.056669310 0.077229396 0.052863974 -0.035430238 0.009686181 0.997925997
1341846364.330003 -0.349062115 -0.051430803 0.080190793 0.052692726 -0.032075148 0.007584069 0.998066723
1341846364.362052 -0.323575556 -0.060480684 0.080420002 0.051215272 -0.030237429 0.007117158 0.998204410
1341846364.397902 -0.312790960 -0.061632272 0.079408489 0.052404735 -0.023204859 0.005205947 0.998342693
1341846364.430108 -0.303865969 -0.059196334 0.077335663 0.052699707 -0.018868750 0.003693775 0.998425305
1341846364.462063 -0.288735926 -0.056463026 0.075693376 0.052449193 -0.015807990 0.001527185 0.998497307
1341846364.498091 -0.276900798 -0.057818923 0.073402464 0.052423012 -0.010983323 -0.000607623 0.998564363
1341846364.530058 -0.266394168 -0.061216239 0.076189436 0.051453497 -0.007744814 -0.002606823 0.998641968
1341846364.561952 -0.247286826 -0.063162997 0.067523986 0.051609803 -0.004947162 -0.006449905 0.998634219
1341846364.597928 -0.244547144 -0.057870079 0.071297728 0.050509248 -0.001173067 -0.009228061 0.998680234
1341846364.629950 -0.234026730 -0.065459572 0.065682016 0.049280081 0.001033508 -0.009201739 0.998742044
1341846364.665991 -0.229954451 -0.066020265 0.066829033 0.050524242 0.000655660 -0.007154028 0.998696983
1341846364.698004 -0.214979589 -0.063232824 0.070152082 0.050790884 -0.001890272 -0.005678392 0.998691380
1341846364.730097 -0.203863367 -0.069264062 0.062097013 0.050740421 -0.002470051 -0.005029740 0.998696148
1341846364.766057 -0.192420304 -0.062635861 0.059022475 0.052254923 -0.001816961 -0.002908362 0.998627841
1341846364.798632 -0.178875208 -0.058746714 0.050610553 0.051885784 -0.002601170 -0.003351207 0.998643994
1341846364.833901 -0.169559628 -0.065378055 0.039402071 0.050622765 -0.000245913 -0.006466550 0.998696864
1341846364.865923 -0.155356660 -0.069448575 0.039263323 0.051526722 0.003359432 -0.009164517 0.998623908
1341846364.897970 -0.149595141 -0.071179651 0.038427502 0.050758272 0.001936802 -0.006018115 0.998690963
1341846364.934019 -0.128517389 -0.072387964 0.029907065 0.050437752 -0.001689001 -0.003528967 0.998719513
1341846364.966047 -0.110773802 -0.061536640 0.032730836 0.052103169 0.000045429 -0.005636920 0.998625815
1341846364.998055 -0.101278596 -0.055429306 0.030451536 0.049280714 0.001696687 -0.005300448 0.998769462
1341846365.034125 -0.094676264 -0.058410887 0.011627259 0.042712506 0.000302489 -0.003913858 0.999079704
1341846365.066106 -0.083364926 -0.060256664 0.023471532 0.038524482 -0.002465260 -0.005624599 0.999238789
1341846365.101953 -0.070195533 -0.056124039 0.034472678 0.037487332 -0.000078643 -0.012645322 0.999217093
1341846365.133922 -0.059527967 -0.059884887 0.021256417 0.034060713 0.006459296 -0.020779615 0.999182820
1341846365.165953 -0.051024057 -0.066293143 0.020842273 0.030543070 0.009335849 -0.023025082 0.999224603
1341846365.201856 -0.034359038 -0.072812490 0.035631996 0.029945523 0.010946481 -0.024794046 0.999184012
1341846365.234093 -0.004341513 -0.077423394 0.044541609 0.031241672 0.014425739 -0.023649942 0.999127865
1341846365.266094 0.004262571 -0.083541259 0.028946623 0.034403961 0.020615418 -0.018395336 0.999026000
1341846365.302078 0.014836714 -0.078876354 0.037929490 0.040839773 0.024153650 -0.013090248 0.998787940
1341846365.334027 0.030182032 -0.084522635 0.028263047 0.044599205 0.028027233 -0.011217164 0.998548687
1341846365.369945 0.052774057 -0.082176700 0.024228642 0.047558244 0.033068117 -0.009977944 0.998271048
1341846365.401963 0.056325782 -0.079605229 0.016192295 0.049039762 0.038996223 -0.008097298 0.998002410
1341846365.434082 0.072391763 -0.077225477 0.011969886 0.048848126 0.042323917 -0.009132409 0.997867286
1341846365.469939 0.091324858 -0.052433912 0.016284754 0.046582039 0.048401989 -0.011804401 0.997671247
1341846365.502100 0.086973034 -0.070352860 0.034648336 0.037175171 0.054431230 -0.010289371 0.997772157
1341846365.533844 0.091455631 -0.088029966 0.034179058 0.034205038 0.053778272 -0.006696052 0.997944415
1341846365.569876 0.103318267 -0.084808387 0.023129519 0.036303513 0.051949918 -0.003598983 0.997983098
1341846365.601930 0.116600953 -0.076368779 0.018724702 0.035966761 0.050592113 0.000223856 0.998071492
1341846365.637899 0.129776075 -0.082705118 0.016227854 0.033694673 0.050777175 0.004609118 0.998130798
1341846365.669890 0.136941612 -0.075942278 0.010318811 0.034043457 0.051579613 0.005469596 0.998073459
1341846365.701977 0.148053169 -0.071922511 0.014727389 0.031380329 0.050821342 0.005843165 0.998197496
1341846365.738098 0.160804152 -0.083889432 0.013134524 0.029724834 0.052920379 0.005417966 0.998141527
1341846365.770026 0.164623305 -0.085604072 0.017537273 0.032272194 0.055611234 0.004780572 0.997919321
1341846365.805834 0.169636190 -0.083427466 0.018684588 0.034795113 0.053631965 0.008648878 0.997916877
1341846365.837937 0.180577964 -0.081677437 0.014399868 0.036760997 0.050942611 0.009738529 0.997977257
1341846365.869952 0.194014966 -0.077171125 0.005488151 0.038672749 0.050523184 0.010011554 0.997923613
1341846365.906411 0.200606182 -0.067000926 -0.000608397 0.038329057 0.049785312 0.009175467 0.997982025
1341846365.938000 0.209718615 -0.076430716 0.002370794 0.034921475 0.049161684 0.011786752 0.998110592
1341846365.970022 0.216131046 -0.081042796 0.014494910 0.036459003 0.048456632 0.016484223 0.998023510
1341846366.006126 0.234476313 -0.076783344 0.004811883 0.038354784 0.046837714 0.021912577 0.997925341
1341846366.043876 0.238002896 -0.073734172 0.005941959 0.038521394 0.048214957 0.025049075 0.997779489
1341846366.076490 0.249003813 -0.065577663 0.001148095 0.038098507 0.049654566 0.027776480 0.997652948
1341846366.111888 0.275678515 -0.046120103 -0.011198973 0.036397465 0.051509805 0.030121854 0.997554302
1341846366.143907 0.283563793 -0.044891823 -0.002626981 0.031696558 0.056658816 0.032288007 0.997367859
1341846366.176044 0.288301289 -0.049119432 -0.002759353 0.027092615 0.059230365 0.036258396 0.997217655
1341846366.212022 0.287007809 -0.053209528 0.013645377 0.025280399 0.060443603 0.040305112 0.997037113
1341846366.243981 0.304290235 -0.048407082 0.007092154 0.024420911 0.061140966 0.042475749 0.996925890
1341846366.280032 0.298063219 -0.039509151 0.014472105 0.022194078 0.064153798 0.043018874 0.996765316
1341846366.344115 0.315625757 -0.041870017 0.019580804 0.013706401 0.063104168 0.042182852 0.997020900
1341846366.406057 0.330721170 -0.040389106 0.015615962 0.012675892 0.063816346 0.045602929 0.996838570
1341846366.442042 0.340187579 -0.035440274 0.012395868 0.013714966 0.063493319 0.046171334 0.996819317
1341846366.506117 0.350214571 -0.030450433 0.014152340 0.014593607 0.065660790 0.048447866 0.996558309
1341846366.542004 0.354855359 -0.026209429 0.011120311 0.015054801 0.065292068 0.048105031 0.996592283
1341846366.573848 0.368577957 -0.020331433 0.010985823 0.014064196 0.066256694 0.047838770 0.996555924
1341846366.610058 0.366010010 -0.019932251 0.011108750 0.012166780 0.068056822 0.048544262 0.996425450
1341846366.642206 0.378093630 -0.024780231 -0.005565056 0.010031099 0.068070374 0.049532667 0.996399701
1341846366.674164 0.380895823 -0.019950610 -0.003532377 0.009379537 0.070399262 0.049694106 0.996236145
1341846366.710207 0.380238175 -0.011753170 -0.007574926 0.007517603 0.071081668 0.050742049 0.996150672
1341846366.741976 0.390369385 -0.015044043 -0.006550117 0.003796328 0.071297713 0.049905635 0.996198595
1341846366.773916 0.401125550 -0.020609796 -0.009115654 0.002350417 0.074125335 0.049369138 0.996023417
1341846366.810122 0.399041981 -0.017278992 -0.001706868 0.002555713 0.076251797 0.052451599 0.995704770
1341846366.841893 0.402436435 -0.019377016 -0.006270139 0.002566443 0.075309843 0.054561984 0.995662987
1341846366.878062 0.415966868 -0.015036787 -0.003991050 0.004306272 0.074421994 0.054661203 0.995718300
1341846366.909933 0.420614421 -0.007619797 -0.005936098 0.006045167 0.075875811 0.056427203 0.995501041
1341846366.941941 0.419563025 -0.002744250 -0.007506239 0.005445020 0.076900452 0.056713019 0.995409608
1341846366.977906 0.432618856 -0.003696795 -0.010798467 0.004406854 0.077724464 0.055414673 0.995423913
1341846367.009852 0.450337976 -0.001122729 -0.015692970 0.003998114 0.079845108 0.059066407 0.995047688
1341846367.045944 0.462951779 -0.004696195 -0.018984815 0.003625029 0.082533568 0.060319964 0.994754493
1341846367.077914 0.464958340 -0.002845354 -0.021024562 0.005491382 0.089311086 0.058844425 0.994248807
1341846367.110077 0.470338911 0.001756978 -0.026626550 0.006927065 0.094819486 0.059611369 0.993683934
1341846367.145997 0.472571433 -0.000471671 -0.019809872 0.006493558 0.098266505 0.063364491 0.993119538
1341846367.177894 0.478260636 -0.000674959 -0.024043756 0.008483118 0.100723356 0.063943893 0.992821217
1341846367.209903 0.488821536 0.002334626 -0.046148617 0.011083224 0.105048686 0.064616732 0.992303669
1341846367.245970 0.491225898 0.011575678 -0.047630668 0.009871991 0.109809183 0.067723796 0.991593659
1341846367.277966 0.493049115 0.002305762 -0.045292716 0.007673019 0.112060867 0.071724087 0.991079807
1341846367.314058 0.499643028 0.006072783 -0.050716493 0.009880447 0.114042014 0.072453380 0.990781188
1341846367.346333 0.514430463 0.018619705 -0.054363091 0.011112211 0.117437094 0.073068283 0.990326226
1341846367.378615 0.503036320 0.015474817 -0.048575848 0.008179697 0.121649534 0.075538345 0.989660800
1341846367.413946 0.509764731 0.013270720 -0.054440927 0.006527511 0.121300407 0.076735504 0.989623845
1341846367.446060 0.523407996 0.021987494 -0.052261908 0.006417682 0.122841299 0.078295574 0.989312232
1341846367.478095 0.526883006 0.019671731 -0.047090854 0.003770922 0.125672489 0.082095988 0.988661945
1341846367.514115 0.529906154 0.013414262 -0.048222534 0.003651559 0.125343740 0.086837992 0.988298953
1341846367.546096 0.535167217 0.015841715 -0.054093469 0.007650189 0.124913126 0.088775992 0.988158405
1341846367.581982 0.541210592 0.029365573 -0.062737644 0.010126620 0.125041172 0.090655804 0.987949252
1341846367.613951 0.537226915 0.029310906 -0.060291126 0.007913927 0.124996871 0.093394086 0.987719953
1341846367.645894 0.546716332 0.025499783 -0.066945948 0.006574882 0.124108225 0.091270238 0.988040328
1341846367.682223 0.555435061 0.024345068 -0.062942147 0.006336232 0.126357973 0.091702037 0.987716675
1341846367.714019 0.559356987 0.025097633 -0.067495309 0.007510331 0.127717867 0.094374172 0.987281740
1341846367.745904 0.558182657 0.027600788 -0.068494678 0.009051862 0.129470721 0.094055623 0.987070858
1341846367.781973 0.564576864 0.030034086 -0.076265320 0.010551456 0.130595833 0.093809545 0.986931205
1341846367.813986 0.569928825 0.032183111 -0.084431037 0.009855437 0.131685585 0.096033163 0.986579657
1341846367.850189 0.565444231 0.034399558 -0.088627383 0.010062669 0.135202706 0.094210535 0.986277521
1341846367.881960 0.567341626 0.038108308 -0.084873885 0.009117396 0.135936812 0.094930112 0.986116767
1341846367.914064 0.568503976 0.042396206 -0.082726732 0.006202824 0.135423794 0.096189782 0.986087978
1341846367.950095 0.573094785 0.028308006 -0.081773981 0.002950613 0.136378020 0.095937096 0.985996187
1341846367.981916 0.575515389 0.032786369 -0.079542950 0.005241715 0.138922513 0.094312750 0.985788107
1341846368.017965 0.569123447 0.034313798 -0.078866862 0.004296164 0.140188619 0.097050391 0.985347629
1341846368.050897 0.564858675 0.029705279 -0.071581811 0.003224747 0.139189854 0.097092204 0.985489190
1341846368.082322 0.561860859 0.032086775 -0.076595969 0.003987142 0.139662802 0.094253868 0.985695004
1341846368.118029 0.555955350 0.036213256 -0.076838814 0.004264526 0.140129745 0.094340488 0.985619307
1341846368.150026 0.555757463 0.029732071 -0.069384664 0.002000847 0.138084993 0.096971884 0.985659659
1341846368.181952 0.548939824 0.023177389 -0.066246986 0.003397735 0.137937069 0.094777808 0.985889971
1341846368.217882 0.545253813 0.034228008 -0.069770329 0.005621046 0.138200015 0.094226614 0.985895813
1341846368.250223 0.546558142 0.033043846 -0.069037169 0.003102078 0.137126163 0.096048623 0.985881031
1341846368.286003 0.537303388 0.027420297 -0.065152884 0.001520191 0.138144866 0.093968093 0.985943079
1341846368.317994 0.533257246 0.032161739 -0.064030476 0.001361275 0.136648059 0.093223333 0.986222565
1341846368.350010 0.531310022 0.040577538 -0.056707587 -0.001578767 0.133070409 0.095170535 0.986525416
1341846368.385949 0.511999190 0.034177661 -0.051930457 -0.004945807 0.132015541 0.091163605 0.987034261
1341846368.417845 0.517549694 0.023675114 -0.053677030 -0.007285648 0.128192320 0.089314900 0.987692535
1341846368.450062 0.507822812 0.029838294 -0.040911015 -0.008113156 0.126692027 0.089405723 0.987871408
1341846368.485968 0.498713493 0.023670211 -0.037526879 -0.010015569 0.123085789 0.088447481 0.988395989
1341846368.517939 0.495774776 0.016766375 -0.037214436 -0.009755700 0.119939730 0.085791655 0.989019275
1341846368.554171 0.495944530 0.013056261 -0.034819875 -0.009038776 0.117540449 0.086402364 0.989260912
1341846368.618123 0.478507876 0.017210091 -0.039548527 -0.009678821 0.111766487 0.080445752 0.990425706
1341846368.654302 0.475693792 0.007875520 -0.035478149 -0.011112098 0.110691331 0.077898212 0.990734994
1341846368.685914 0.470047772 0.000617468 -0.025270771 -0.010507612 0.108214140 0.076699257 0.991108716
1341846368.717980 0.466081977 0.000615094 -0.022705520 -0.009063581 0.105251275 0.073755682 0.991665363
1341846368.786190 0.453603148 -0.004217890 -0.023043854 -0.005310276 0.103905641 0.073160067 0.991878510
1341846368.821968 0.449081361 -0.001149922 -0.025615493 -0.003589948 0.100527145 0.071840361 0.992330790
1341846368.853991 0.443350017 0.003131886 -0.027118502 -0.003687088 0.101474665 0.066765711 0.992588341
1341846368.885978 0.436856985 -0.010913569 -0.021878939 -0.005761360 0.101812221 0.064381741 0.992701411
1341846368.923221 0.425880969 -0.014752585 -0.019433718 -0.003554898 0.100625612 0.063563116 0.992885470
1341846368.953942 0.417585790 -0.011682372 -0.021556390 -0.000495652 0.098880187 0.061483312 0.993197978
1341846368.986016 0.413572460 -0.006230103 -0.019006675 0.001367924 0.097030655 0.060006008 0.993469894
1341846369.021938 0.405503720 -0.009027584 -0.016618328 0.001172800 0.096057892 0.059186164 0.993613839
1341846369.053927 0.401151001 -0.011006799 -0.021376342 0.001397255 0.096305177 0.054350957 0.993865848
1341846369.090047 0.392461896 -0.012291957 -0.016530050 0.002319270 0.097886786 0.050155625 0.993930161
1341846369.121845 0.387126654 -0.023691643 -0.011723287 0.002924699 0.097101144 0.051866896 0.993917823
1341846369.154351 0.378573418 -0.029413341 -0.018520081 0.006896390 0.095652081 0.052820913 0.993988454
1341846369.189885 0.373052269 -0.018430069 -0.015984831 0.011410775 0.095365837 0.049559224 0.994142354
1341846369.222188 0.366793245 -0.016556332 -0.017596055 0.010423743 0.097067922 0.047483388 0.994089782
1341846369.257947 0.356936842 -0.027327552 -0.012113268 0.009574806 0.098570816 0.046036419 0.994018495
1341846369.289994 0.351845920 -0.032833304 -0.015886294 0.011584061 0.097900935 0.046512004 0.994041204
1341846369.322196 0.347214460 -0.028255064 -0.016498441 0.014865635 0.098033287 0.047514185 0.993937075
1341846369.357830 0.340858161 -0.025162585 -0.016064705 0.015459116 0.099523321 0.045928333 0.993854463
1341846369.390267 0.329305947 -0.031438388 -0.015548009 0.014697024 0.100761645 0.044617891 0.993800938
1341846369.422057 0.320798129 -0.031420376 -0.014440427 0.015376698 0.101135544 0.043638762 0.993796170
1341846369.457950 0.309154779 -0.034438521 -0.008509791 0.015607005 0.101505555 0.043982595 0.993739665
1341846369.490144 0.294421256 -0.039714351 -0.015533702 0.017167050 0.100068860 0.044500962 0.993836582
1341846369.526405 0.283678800 -0.029602945 -0.008945031 0.019969132 0.097642481 0.044629566 0.994019806
1341846369.557969 0.273619026 -0.033616588 -0.007363877 0.019852849 0.095113136 0.045700721 0.994218707
1341846369.590093 0.264769286 -0.035657134 -0.005174626 0.021358816 0.091698669 0.047230210 0.994436741
1341846369.625895 0.252512127 -0.030365750 -0.004010813 0.023318894 0.089574635 0.047036674 0.994595468
1341846369.657961 0.248975828 -0.029818116 -0.001632558 0.022873748 0.087307841 0.047128212 0.994803011
1341846369.690135 0.235450238 -0.035007726 0.000974477 0.022754559 0.086235024 0.048205487 0.994847715
1341846369.726074 0.218606368 -0.037040923 -0.007090437 0.024700008 0.083173074 0.050241698 0.994961262
1341846369.757962 0.210802391 -0.033291023 -0.004317263 0.026404794 0.079698630 0.051194035 0.995153308
1341846369.793964 0.200559780 -0.029888831 -0.001240578 0.026663579 0.077829987 0.051628143 0.995271862
1341846369.826161 0.186376631 -0.031083865 -0.005721605 0.025806455 0.075483404 0.052698694 0.995419085
1341846369.858015 0.177754804 -0.034975104 -0.002785223 0.025452429 0.071674868 0.052254312 0.995733082
1341846369.893954 0.169668078 -0.032265220 0.005380684 0.025870778 0.069260776 0.053486094 0.995827734
1341846369.926051 0.157572687 -0.033608615 0.010175419 0.025051871 0.067234240 0.052804306 0.996023953
1341846369.958062 0.143106997 -0.034391087 0.008063459 0.024907466 0.062782414 0.051600564 0.996381104
1341846369.994037 0.137505800 -0.035352632 0.008679695 0.024582742 0.058530938 0.049196050 0.996769547
1341846370.026058 0.126308754 -0.037893318 0.008384864 0.025312724 0.057212349 0.049020432 0.996836483
1341846370.062000 0.105733693 -0.032317933 0.003974051 0.025902648 0.053374279 0.050498549 0.996960461
1341846370.094135 0.101688005 -0.040234022 0.011864442 0.022777552 0.049225241 0.051412515 0.997203469
1341846370.126153 0.103946351 -0.045050826 0.013002137 0.022042878 0.047783390 0.051085237 0.997306943
1341846370.162082 0.090993442 -0.042245280 0.013504165 0.023402698 0.048584573 0.052395038 0.997169256
1341846370.194044 0.082338281 -0.046332512 0.014104510 0.022596907 0.047114830 0.055148337 0.997109950
1341846370.230152 0.077113755 -0.048372410 0.015155727 0.024462573 0.046564635 0.055633090 0.997064829
1341846370.262175 0.072327971 -0.043719135 0.014382073 0.026091451 0.047408864 0.053882625 0.997079849
1341846370.294216 0.059540648 -0.044244390 0.015754974 0.026657410 0.049272876 0.050744355 0.997139156
1341846370.329892 0.045831516 -0.044045791 0.013522873 0.026566537 0.047872990 0.046216700 0.997429907
1341846370.361939 0.040850032 -0.048649710 0.018967025 0.027056742 0.045710128 0.042336911 0.997690380
1341846370.394073 0.028845543 -0.035670504 0.021517886 0.030276453 0.043396033 0.041474286 0.997737467
1341846370.429985 0.018177034 -0.028453531 0.020677412 0.030657437 0.037477933 0.040520795 0.998004794
1341846370.462095 0.014887461 -0.022268800 0.021388048 0.028710324 0.031760149 0.039863177 0.998287499
1341846370.498034 0.014484501 -0.020527106 0.026108662 0.025456795 0.026617505 0.039678097 0.998533487
1341846370.530176 0.008639248 -0.020433133 0.030180229 0.021957535 0.024034701 0.039979365 0.998670042
1341846370.561949 -0.001042851 -0.016303433 0.026160503 0.018679921 0.020582585 0.041841790 0.998737574
1341846370.597989 -0.004589470 -0.007879808 0.029453643 0.013926453 0.016949445 0.041655641 0.998891175
1341846370.629913 -0.008811006 -0.013185761 0.034042597 0.009555742 0.017442297 0.041093145 0.998957336
1341846370.662062 -0.017618345 -0.018045975 0.029105164 0.007943147 0.016988719 0.041047681 0.998981178
1341846370.697981 -0.018154254 -0.013902814 0.028828571 0.005623830 0.015548931 0.041395426 0.999006033
1341846370.730015 -0.015190552 -0.026048979 0.031882279 0.002070637 0.015208484 0.038536858 0.999139309
1341846370.766182 -0.015765257 -0.031867951 0.023158321 0.002597581 0.018147441 0.035249956 0.999210358
1341846370.797966 -0.022076758 -0.026190894 0.019511674 0.001105610 0.020667516 0.033612374 0.999220610
1341846370.830023 -0.026426928 -0.046072774 0.022853669 -0.003248055 0.021825586 0.031631127 0.999256015
1341846370.866186 -0.020974595 -0.055476762 0.017247496 -0.000942434 0.021697901 0.032011095 0.999251544
1341846370.897994 -0.024579950 -0.050398394 0.015645076 -0.000626315 0.024028501 0.033680104 0.999143600
1341846370.929983 -0.029126162 -0.070275880 0.017325638 -0.003200392 0.025219332 0.034821741 0.999070168
1341846370.971974 -0.022141814 -0.081881218 0.013562114 0.000064550 0.025529247 0.035036791 0.999059916
1341846371.034127 -0.021806970 -0.096503787 0.007856875 0.005554190 0.031597346 0.037013929 0.998799622
1341846371.066883 -0.023008354 -0.094253436 0.007230621 0.007303042 0.034451649 0.036345046 0.998718560
1341846371.098209 -0.025529277 -0.099978298 0.005659899 0.004935846 0.038685981 0.032650050 0.998705685
1341846371.134068 -0.025265595 -0.109396063 -0.000068051 0.002984878 0.041963615 0.031190408 0.998627722
1341846371.165993 -0.028232615 -0.113371149 0.000959178 0.000303068 0.044954516 0.031629242 0.998488188
1341846371.197951 -0.029359037 -0.123984516 0.001569998 -0.002826810 0.045575444 0.032434229 0.998430252
1341846371.233950 -0.022400793 -0.130601302 -0.005433144 -0.003554044 0.045947839 0.033308912 0.998382032
1341846371.266433 -0.024586987 -0.124282852 -0.007761505 -0.005963807 0.049522866 0.033393130 0.998196781
1341846371.302051 -0.024431139 -0.127269104 -0.007433983 -0.012565017 0.052158885 0.034885649 0.997950196
1341846371.334010 -0.017738484 -0.141431943 -0.006190314 -0.019796522 0.054932524 0.032531083 0.997763634
1341846371.366198 -0.019856486 -0.150634244 -0.015039443 -0.024423590 0.061182667 0.031055134 0.997344375
1341846371.402482 -0.027244637 -0.166212201 -0.006276838 -0.028159639 0.064298041 0.031499520 0.997035921
1341846371.434055 -0.028073791 -0.179576397 -0.008875228 -0.027546279 0.063422032 0.033338226 0.997049391
1341846371.469998 -0.021001467 -0.187491104 -0.014166171 -0.025308572 0.063188434 0.031952076 0.997168899
1341846371.501933 -0.023729526 -0.191300184 -0.017525624 -0.022951731 0.065728568 0.029225677 0.997145355
1341846371.534269 -0.028694214 -0.195578352 -0.018752830 -0.022638649 0.066245876 0.029530285 0.997109294
1341846371.570100 -0.030062605 -0.207617342 -0.018161960 -0.023595592 0.064202659 0.026311452 0.997310877
1341846371.602162 -0.025063591 -0.218243495 -0.021356747 -0.021552753 0.062941790 0.023530498 0.997506976
1341846371.634012 -0.031535812 -0.221558243 -0.022944860 -0.019982271 0.064679913 0.021900872 0.997465551
1341846371.669927 -0.045302421 -0.237093478 -0.030166436 -0.020485848 0.063384764 0.021403037 0.997549295
1341846371.702051 -0.032689460 -0.238783598 -0.040114541 -0.020271178 0.060326882 0.019415038 0.997783959
1341846371.737891 -0.034975056 -0.251092762 -0.035101369 -0.021625960 0.063445993 0.014625015 0.997643769
1341846371.769979 -0.039754380 -0.255500823 -0.029893078 -0.020552373 0.062854148 0.014941473 0.997699201
1341846371.802101 -0.041785207 -0.259603322 -0.033930197 -0.020660663 0.060190614 0.017463010 0.997820258
1341846371.837951 -0.036816083 -0.264006078 -0.037861228 -0.020683857 0.057574704 0.018978652 0.997946441
1341846371.870043 -0.030870005 -0.259403735 -0.044121139 -0.021063076 0.057425901 0.020963397 0.997907400
1341846371.902330 -0.031455513 -0.260868788 -0.046254013 -0.025846742 0.059658688 0.020483006 0.997673929
1341846371.938165 -0.030560602 -0.269319028 -0.040992297 -0.031617273 0.060954813 0.017882491 0.997479320
1341846371.969938 -0.016863553 -0.273626387 -0.055379365 -0.035334721 0.063211896 0.016060375 0.997245073
1341846372.005861 -0.027296020 -0.292405277 -0.042293634 -0.039338026 0.069362327 0.013411046 0.996725440
1341846372.038440 -0.033026475 -0.302057385 -0.039201658 -0.036599975 0.069699638 0.014192966 0.996795356
1341846372.070518 -0.024171827 -0.301118195 -0.044379942 -0.033872627 0.067772642 0.013419208 0.997035325
1341846372.111944 -0.023170171 -0.299846202 -0.035335135 -0.032269236 0.068791449 0.011308494 0.997044921
1341846372.143876 -0.024085157 -0.305352926 -0.031010881 -0.029513495 0.069448784 0.007574436 0.997120082
1341846372.179919 -0.025807643 -0.307156473 -0.031939514 -0.026203485 0.069145247 0.005189061 0.997248948
1341846372.212119 -0.031001290 -0.319072038 -0.033426192 -0.023968941 0.066920511 0.003234084 0.997465134
1341846372.244067 -0.026558878 -0.323716760 -0.032444373 -0.019017151 0.063169383 0.000254564 0.997821569
1341846372.279961 -0.030227482 -0.334629446 -0.032996207 -0.013555736 0.061191767 -0.002753684 0.998030186
1341846372.312076 -0.022291359 -0.333037347 -0.029521419 -0.007150103 0.057771489 -0.005216245 0.998290598
1341846372.347910 -0.021426983 -0.338168591 -0.032627918 -0.003310407 0.055511866 -0.005942548 0.998434842
1341846372.379906 -0.027343785 -0.345305443 -0.031359024 -0.000109240 0.052947972 -0.007609964 0.998568237
1341846372.412137 -0.012467246 -0.345474631 -0.029858496 0.003747734 0.048658390 -0.007856973 0.998777568
1341846372.447783 -0.013754721 -0.354057968 -0.028506357 0.005688180 0.048025824 -0.007202647 0.998803914
1341846372.479920 -0.025293633 -0.372900188 -0.030514700 0.007717432 0.045976076 -0.003461989 0.998906732
1341846372.516195 -0.014722090 -0.365361929 -0.028105602 0.011789924 0.041095525 -0.000583410 0.999085486
1341846372.547915 -0.002703502 -0.358311594 -0.029957788 0.012222431 0.040479567 -0.001917133 0.999103785
1341846372.579923 -0.007598820 -0.369693220 -0.026410446 0.009486427 0.041773126 -0.004041120 0.999073923
1341846372.616037 -0.003734737 -0.376445711 -0.022635318 0.008519647 0.040005669 -0.002262530 0.999160588
1341846372.647968 0.000313362 -0.373662293 -0.023535650 0.008098264 0.039847698 -0.001816393 0.999171317
1341846372.679953 0.002016000 -0.376544476 -0.020641601 0.006298831 0.040997174 -0.005337661 0.999125123
1341846372.716073 0.006582065 -0.382555217 -0.017284838 0.005235135 0.042180385 -0.005209548 0.999082685
1341846372.747919 0.001543372 -0.390255004 -0.012487799 0.004686365 0.042715475 -0.003695001 0.999069452
1341846372.783912 0.005941807 -0.391297936 -0.015809909 0.006457455 0.041564260 -0.002639392 0.999111474
1341846372.816131 0.012465919 -0.388502270 -0.014698494 0.007671279 0.043280784 -0.001516631 0.999032319
1341846372.848115 0.008745995 -0.390600383 -0.011231892 0.007400350 0.045707710 0.002142279 0.998925149
1341846372.884003 0.011452481 -0.396465123 -0.019875988 0.006854112 0.046244256 0.000786500 0.998906374
1341846372.948016 0.018046567 -0.405075610 -0.014552748 0.006828562 0.051938619 0.001040334 0.998626411
1341846373.010206 0.018871522 -0.417804778 -0.015035571 0.012335724 0.047945190 0.004367088 0.998764277
1341846373.041934 0.030188713 -0.414855570 -0.018185247 0.015498986 0.048999894 0.004698023 0.998667479
1341846373.078079 0.026001425 -0.422523826 -0.016804522 0.016393945 0.052127961 0.004744867 0.998494565
1341846373.110028 0.025545649 -0.428136200 -0.020243829 0.018753059 0.052682165 0.003550454 0.998428941
1341846373.142204 0.030093350 -0.432431221 -0.020355262 0.021259308 0.052843329 0.004205105 0.998367608
1341846373.178121 0.038785115 -0.434720695 -0.022805374 0.023329141 0.053219724 0.004423589 0.998300493
1341846373.210218 0.041283675 -0.441448510 -0.024769684 0.025992364 0.054821994 0.002652920 0.998154223
1341846373.246073 0.043492373 -0.448974222 -0.025857644 0.030117214 0.056100212 0.002054523 0.997968674
1341846373.277962 0.046306998 -0.451385140 -0.025757352 0.035402115 0.057409145 0.003050562 0.997718155
1341846373.310189 0.052498411 -0.448712260 -0.040581256 0.039032437 0.059409603 0.001812682 0.997468650
1341846373.346051 0.056206211 -0.447979957 -0.040758006 0.039361652 0.062888853 -0.000596020 0.997243881
1341846373.377993 0.047712445 -0.452783227 -0.036072582 0.038853612 0.066279598 -0.001338476 0.997043431
1341846373.410038 0.048960283 -0.456629008 -0.036692075 0.038821056 0.066800438 -0.000516327 0.997010708
1341846373.446109 0.047045480 -0.457971305 -0.037137337 0.038882159 0.067303970 -0.002268625 0.996972024
1341846373.478409 0.045714781 -0.467462838 -0.033725504 0.038730223 0.067377187 -0.001292926 0.996974707
1341846373.514006 0.040459979 -0.470875621 -0.034633636 0.040751446 0.066862933 0.001709266 0.996928155
1341846373.546097 0.047618195 -0.462778986 -0.035697985 0.043123677 0.063737266 0.003018999 0.997029960
1341846373.578079 0.056445275 -0.463602811 -0.040220186 0.042976916 0.064414531 0.001467805 0.996996284
1341846373.613978 0.046208631 -0.457835943 -0.035244633 0.043275990 0.066872060 0.000457775 0.996822476
1341846373.646060 0.044309065 -0.451366276 -0.034494981 0.042795993 0.065035976 0.000521139 0.996964633
1341846373.682101 0.056229789 -0.438132614 -0.036028150 0.042143274 0.064383425 0.001054359 0.997034371
1341846373.713942 0.053418636 -0.431719393 -0.032496080 0.038904913 0.067632206 0.001072778 0.996950924
1341846373.746309 0.044066090 -0.425119758 -0.033535060 0.034991719 0.069500819 0.000699683 0.996967793
1341846373.782079 0.040974483 -0.422567159 -0.022338623 0.032329667 0.068715349 0.000376990 0.997112274
1341846373.814899 0.049218040 -0.420409590 -0.021877889 0.031381201 0.068258084 -0.001736018 0.997172534
1341846373.846131 0.039840646 -0.408503592 -0.019316128 0.031382512 0.070547640 -0.004564629 0.997004211
1341846373.882197 0.032085996 -0.398224175 -0.022110846 0.030240575 0.068881683 -0.005811222 0.997149467
1341846373.914066 0.028057773 -0.388226479 -0.023642823 0.028141716 0.065698415 -0.002156138 0.997440279
1341846373.949976 0.033177376 -0.376916468 -0.016321218 0.025825605 0.063666590 0.001146441 0.997636378
1341846373.982090 0.029054966 -0.371012390 -0.020194743 0.022823447 0.063597046 0.001648166 0.997713268
1341846374.014518 0.017602464 -0.360382259 -0.021229602 0.019476531 0.061979976 0.005099521 0.997874320
1341846374.050082 0.017692566 -0.354730040 -0.018361924 0.015456254 0.058161572 0.007620339 0.998158455
1341846374.082248 0.020068841 -0.353579789 -0.011006106 0.012446318 0.056321789 0.008135909 0.998301923
1341846374.114063 0.019640338 -0.342411131 -0.017540401 0.010592937 0.056730386 0.008662081 0.998295784
1341846374.150230 0.009649571 -0.345907837 -0.011988947 0.007428906 0.056743402 0.008834864 0.998322070
1341846374.181949 0.008463016 -0.341055065 -0.012693359 0.008716804 0.054388609 0.009729881 0.998434365
1341846374.217985 0.012483884 -0.333667248 -0.009209484 0.010327084 0.052599669 0.012685185 0.998481691
1341846374.250018 0.005119489 -0.321198881 -0.021214763 0.011104431 0.054399870 0.013985806 0.998359501
1341846374.281921 0.009049004 -0.298970252 -0.013797200 0.009696472 0.054623872 0.013588287 0.998367429
1341846374.318502 0.007286651 -0.295355886 -0.014214280 0.005983422 0.054845706 0.012241866 0.998401880
1341846374.350047 0.005219085 -0.282140970 -0.015575733 0.003079778 0.056445595 0.012874728 0.998317897
1341846374.382011 -0.003522850 -0.278875172 -0.010455350 -0.000635808 0.056916375 0.012250347 0.998303592
1341846374.418020 -0.008700832 -0.270998627 -0.009359366 -0.001973131 0.055426065 0.012270805 0.998385429
1341846374.450160 -0.009287767 -0.264090031 -0.008612363 -0.003790110 0.053748384 0.011963851 0.998475671
1341846374.486170 -0.010976135 -0.256598920 -0.016019886 -0.006065135 0.053679787 0.012855115 0.998457015
1341846374.524087 -0.018217416 -0.251733512 -0.011317491 -0.009770226 0.053982262 0.011908311 0.998423100
1341846374.586056 -0.025022248 -0.236866161 -0.003943497 -0.014108926 0.049426697 0.011331580 0.998613775
1341846374.617848 -0.023991035 -0.231474698 0.007242098 -0.015840217 0.046456229 0.012529832 0.998716116
1341846374.654133 -0.027300799 -0.224218458 0.010330327 -0.015161634 0.043801732 0.014421018 0.998821080
1341846374.685940 -0.025087904 -0.210165814 0.011107048 -0.013720308 0.040635861 0.017204497 0.998931706
1341846374.718159 -0.028893963 -0.203640431 0.013127509 -0.013912378 0.038758736 0.020899957 0.998933136
1341846374.754050 -0.029854715 -0.197970957 0.014865715 -0.013085436 0.035648715 0.022023704 0.999036014
1341846374.786226 -0.033538867 -0.191762954 0.007056367 -0.012561265 0.033916235 0.023687713 0.999064982
1341846374.818164 -0.039272234 -0.190851957 0.009439061 -0.012350387 0.033666193 0.023206251 0.999087334
1341846374.854017 -0.040519465 -0.185209230 0.009036068 -0.009589465 0.031948391 0.022026604 0.999200761
1341846374.886253 -0.033529043 -0.177510127 0.017915931 -0.006397491 0.027594704 0.024501912 0.999298394
1341846374.921999 -0.028851038 -0.168833628 0.014705393 -0.003651378 0.024882654 0.024750469 0.999377251
1341846374.953860 -0.030767592 -0.162292674 0.012177183 -0.002094880 0.023411348 0.025678542 0.999393880
1341846374.985929 -0.035083015 -0.153881058 0.015469688 -0.001000784 0.021311898 0.026189545 0.999429286
1341846375.022029 -0.031722829 -0.156539753 0.020353897 0.000311806 0.018864581 0.027884649 0.999433100
1341846375.053968 -0.029674402 -0.151754975 0.015655948 0.004841339 0.016834758 0.032058131 0.999332488
1341846375.085937 -0.033791553 -0.142906576 0.013368095 0.008467877 0.016341435 0.033695128 0.999262691
1341846375.122015 -0.040040009 -0.123995401 0.006347749 0.010034559 0.017324617 0.030441556 0.999336004
1341846375.190345 -0.038124491 -0.120272607 0.009194726 0.005532860 0.023024216 0.025033601 0.999406099
1341846375.222041 -0.043144614 -0.120421737 0.009522284 0.005939327 0.023417590 0.022842856 0.999447107
1341846375.254127 -0.036938839 -0.116034746 0.009438619 0.007860305 0.022662373 0.023565741 0.999434471
1341846375.289892 -0.037483670 -0.115325354 0.008923321 0.010701239 0.024843793 0.023951888 0.999347091
1341846375.322192 -0.045772158 -0.101542659 0.005467909 0.014496299 0.025630765 0.024721785 0.999260604
1341846375.354172 -0.043467455 -0.081896842 0.006622716 0.014042793 0.025063580 0.024314770 0.999291420
1341846375.390033 -0.036401544 -0.071301125 0.006942527 0.009440574 0.026123635 0.021390840 0.999385238
1341846375.422976 -0.045735877 -0.069276787 0.006938492 0.003099495 0.029471841 0.018018164 0.999398351
1341846375.458036 -0.049757257 -0.061817657 0.006543878 -0.001771997 0.028484661 0.017315030 0.999442697
1341846375.489941 -0.045278933 -0.065136611 0.013930863 -0.006746303 0.027576186 0.017482838 0.999444008
1341846375.521981 -0.045242883 -0.068969153 0.019487958 -0.007831487 0.028465508 0.017770888 0.999406099
1341846375.557947 -0.052520335 -0.064894125 0.013551432 -0.005669719 0.027409660 0.021823429 0.999369979
1341846375.590116 -0.049227964 -0.062244508 0.018782817 -0.003513459 0.023667105 0.026872937 0.999352455
1341846375.622399 -0.041221105 -0.056625884 0.018873651 0.000120519 0.022389421 0.028846540 0.999333084
1341846375.658264 -0.042953514 -0.050581150 0.021703977 0.003880274 0.024358151 0.030114187 0.999242067
1341846375.690116 -0.043049548 -0.048401620 0.022474436 0.008214701 0.023156084 0.035125464 0.999080837
1341846375.726080 -0.039101779 -0.043702215 0.024092967 0.015851362 0.021213826 0.040112179 0.998844206
1341846375.757947 -0.042147834 -0.033411507 0.025930349 0.023748053 0.021337487 0.043535471 0.998541653
1341846375.789914 -0.041680396 -0.023907259 0.027509838 0.030057551 0.019218527 0.047024142 0.998256445
1341846375.826111 -0.044063780 0.003646521 0.037193138 0.034658875 0.018075170 0.045539107 0.998197496
1341846375.858282 -0.049274337 0.030759560 0.028395552 0.032947253 0.016502066 0.041647401 0.998452604
1341846375.893889 -0.043747604 0.036061902 0.039218739 0.021700211 0.012729699 0.040863890 0.998847961
1341846375.926121 -0.044498682 0.044562444 0.047774494 0.014843497 0.012539980 0.039055195 0.999048114
1341846375.958089 -0.040459268 0.049226597 0.050037935 0.008676796 0.012394009 0.040257894 0.999074757
1341846375.994060 -0.042533863 0.064988457 0.056019504 0.007138201 0.013422055 0.039231110 0.999114513
1341846376.026115 -0.042557161 0.070229948 0.063791677 0.005762509 0.015710663 0.040266622 0.999048829
1341846376.057999 -0.044448491 0.080370493 0.066116415 0.007051024 0.017610116 0.042178951 0.998929977
1341846376.094015 -0.042665172 0.094672814 0.069903076 0.007208970 0.019432593 0.044530768 0.998793006
1341846376.126126 -0.040246148 0.105239533 0.075133920 0.006938313 0.022619661 0.044135951 0.998745322
1341846376.162125 -0.045202099 0.118064359 0.076024711 0.004933114 0.027082035 0.042831399 0.998703003
1341846376.194033 -0.050902493 0.124078035 0.082480192 0.001959207 0.028940696 0.043440025 0.998634815
1341846376.226110 -0.051560916 0.127252519 0.082686886 -0.000845465 0.028577557 0.045928169 0.998535514
1341846376.262088 -0.051762041 0.128461227 0.085001133 -0.001965384 0.027279209 0.049570337 0.998396099
1341846376.293911 -0.049905997 0.134481803 0.087598152 0.000228657 0.027369937 0.051226895 0.998311877
1341846376.326088 -0.052411404 0.140753180 0.088506058 0.002498334 0.027830223 0.053654619 0.998168528
1341846376.362076 -0.054254632 0.150700539 0.087108567 0.003374964 0.026248798 0.055671018 0.998098373
1341846376.393924 -0.048655093 0.156417251 0.092343286 0.002942111 0.024992216 0.053510059 0.998250186
1341846376.429909 -0.048749559 0.164985776 0.092766009 0.003245941 0.027456442 0.048976015 0.998417258
1341846376.462224 -0.053523548 0.171918526 0.096264146 0.001391271 0.029007468 0.045783136 0.998529196
1341846376.494092 -0.054129433 0.172531188 0.100965627 -0.000066196 0.028151402 0.044862676 0.998596430
1341846376.529992 -0.052635454 0.180324480 0.102481857 0.000759316 0.027936047 0.044884887 0.998601198
1341846376.562034 -0.052604161 0.186657339 0.105424404 0.000191632 0.029311292 0.043580644 0.998619795
1341846376.594092 -0.053724062 0.194383800 0.105962142 -0.000353663 0.030655639 0.042672351 0.998618603
1341846376.630016 -0.052780360 0.201074898 0.109433398 -0.001622543 0.030826220 0.042261839 0.998629570
1341846376.662132 -0.048201885 0.204693139 0.115417317 -0.003089681 0.032839771 0.041093428 0.998610675
1341846376.697981 -0.052156888 0.209442750 0.119425021 -0.003945056 0.034962889 0.041563623 0.998516142
1341846376.730128 -0.050608430 0.215680584 0.120403133 -0.003882755 0.035739783 0.041671280 0.998484373
1341846376.762061 -0.050047234 0.227746218 0.119742647 -0.003839494 0.036444712 0.041852571 0.998451471
1341846376.797939 -0.051403444 0.241025895 0.119313851 -0.005486306 0.036499020 0.039993994 0.998517990
1341846376.829920 -0.051557302 0.247984514 0.122934110 -0.008822476 0.037364349 0.042108338 0.998375177
1341846376.866170 -0.053366851 0.255240381 0.122020766 -0.011388961 0.037536480 0.044661321 0.998231769
1341846376.898026 -0.050697371 0.267613620 0.123215839 -0.014808911 0.035875637 0.045315519 0.998218477
1341846376.930139 -0.048625287 0.286125332 0.124903820 -0.016858881 0.037377197 0.040908985 0.998321176
1341846376.966511 -0.053319938 0.293730825 0.127433017 -0.023565767 0.041164901 0.039564934 0.998090506
1341846376.997919 -0.054567780 0.296111047 0.133738622 -0.029885093 0.042674042 0.041727405 0.997769833
1341846377.030079 -0.051671769 0.299532264 0.138260350 -0.033586323 0.043213241 0.041161604 0.997652411
1341846377.066212 -0.056060437 0.310285836 0.138247013 -0.035751387 0.044743698 0.042278592 0.997462988
1341846377.097918 -0.059352368 0.317264646 0.144101009 -0.039928336 0.044378761 0.042530209 0.997310102
1341846377.134079 -0.059654355 0.318958521 0.143005043 -0.043958087 0.042631362 0.043105792 0.997192144
1341846377.166160 -0.056761481 0.317391992 0.146705970 -0.047551170 0.037359059 0.044955567 0.997157037
1341846377.197925 -0.057093792 0.328464657 0.148507729 -0.047595464 0.032943744 0.045183938 0.997300267
1341846377.233952 -0.053875189 0.341749966 0.143494889 -0.049017869 0.030830994 0.042206477 0.997429371
1341846377.266486 -0.051048718 0.342560530 0.153744310 -0.052929886 0.031998429 0.041412078 0.997225940
1341846377.298068 -0.050949160 0.345560461 0.147006780 -0.056585286 0.032532349 0.043881651 0.996902287
1341846377.334109 -0.051282369 0.351245612 0.155407280 -0.059815705 0.031064246 0.045250639 0.996699274
1341846377.366029 -0.048643123 0.347846925 0.156562075 -0.062215868 0.030969754 0.043174386 0.996647358
1341846377.401870 -0.050550513 0.349317908 0.154815421 -0.063502796 0.032067195 0.041219722 0.996614277
1341846377.434052 -0.053880781 0.340514064 0.159157470 -0.065718628 0.031972144 0.040956832 0.996484518
1341846377.466127 -0.051101711 0.338315785 0.159092948 -0.063432403 0.031753201 0.041043099 0.996636093
1341846377.502027 -0.047528327 0.342501611 0.157163247 -0.061068136 0.031796481 0.037777521 0.996911466
1341846377.534114 -0.046192460 0.337152094 0.157538950 -0.060902968 0.034184694 0.034706224 0.996954203
1341846377.566085 -0.048598230 0.326866716 0.155680507 -0.059418645 0.036036484 0.036291193 0.996922135
1341846377.602113 -0.048583746 0.321384221 0.155826390 -0.057559725 0.035543140 0.037361760 0.997009337
1341846377.633912 -0.050290469 0.296266258 0.155758440 -0.054361761 0.037545070 0.032838363 0.997274697
1341846377.676329 -0.047133848 0.303269714 0.146876872 -0.048286956 0.038183998 0.032623667 0.997570097
1341846377.743964 -0.042341139 0.279593289 0.151583761 -0.042163666 0.034565732 0.030747417 0.998039067
1341846377.802535 -0.042022903 0.265695453 0.141592771 -0.040844105 0.034129299 0.030847421 0.998105884
1341846377.835932 -0.047666680 0.244593993 0.141265497 -0.035970841 0.036836322 0.031275559 0.998183846
1341846377.872063 -0.063887283 0.228028983 0.117377333 -0.035735112 0.036580380 0.038650341 0.997943401
1341846377.902201 -0.043919880 0.232901126 0.134961918 -0.033752300 0.027406121 0.039397620 0.998277307
1341846377.939383 -0.037150599 0.229797691 0.130783066 -0.028499225 0.031007932 0.029859975 0.998666465
1341846377.970635 -0.048538856 0.217464790 0.113120571 -0.032145899 0.033603016 0.033430785 0.998358607
1341846378.002401 -0.043030519 0.202107251 0.118396081 -0.036029987 0.026732251 0.034366146 0.998401821
1341846378.038883 -0.036918819 0.194197863 0.120071352 -0.032270454 0.026923269 0.031295288 0.998626232
1341846378.106524 -0.038362756 0.178331241 0.105938300 -0.035784997 0.027038759 0.029829094 0.998548210
1341846378.138114 -0.036268070 0.167775124 0.108715400 -0.034261361 0.027782904 0.024956353 0.998714924
1341846378.170157 -0.037413441 0.162062734 0.099800028 -0.033266895 0.029726397 0.016882375 0.998861670
1341846378.206045 -0.036012221 0.147519365 0.099253379 -0.036488470 0.030429171 0.012682787 0.998790145
1341846378.238081 -0.034836814 0.124893196 0.104406878 -0.037513737 0.030211501 0.012444746 0.998761773
1341846378.275916 -0.032094453 0.119603477 0.098804116 -0.033548065 0.030404758 0.010295621 0.998921454
1341846378.312389 -0.028901462 0.113593958 0.094018348 -0.032838512 0.032265693 0.007902470 0.998908460
1341846378.344267 -0.032057274 0.098209046 0.098376758 -0.031743199 0.035459742 0.004618931 0.998856187
1341846378.376036 -0.031777602 0.084364444 0.086089656 -0.027951952 0.036914796 0.004805255 0.998915851
1341846378.411936 -0.028228279 0.080448419 0.085843183 -0.025734412 0.037726421 0.003103635 0.998951912
1341846378.444079 -0.029354021 0.065115951 0.084630594 -0.025748581 0.040767480 -0.000440700 0.998836756
1341846378.480041 -0.031224055 0.058065612 0.072929204 -0.024331832 0.041044809 -0.002941334 0.998856664
1341846378.512023 -0.027998593 0.045038156 0.079110369 -0.025553714 0.038581107 -0.002692083 0.998925030
1341846378.543975 -0.027807273 0.040658381 0.080665469 -0.021226645 0.041058686 -0.010804227 0.998872817
1341846378.579973 -0.031268254 0.029809622 0.076537617 -0.019917203 0.043596018 -0.012176071 0.998776495
1341846378.612676 -0.029587135 0.018846948 0.077971414 -0.017587034 0.043719605 -0.013169251 0.998802185
1341846378.643945 -0.027699742 0.003749951 0.076329753 -0.014409417 0.046207085 -0.014260001 0.998726130
1341846378.679954 -0.030728254 0.001439106 0.071902618 -0.010323580 0.047626249 -0.014103577 0.998712301
1341846378.742199 -0.022484984 -0.019600812 0.067463979 -0.005079466 0.051056102 -0.020773562 0.998466790
1341846378.774089 -0.027686864 -0.027445557 0.067614473 -0.000761064 0.055754032 -0.021072550 0.998221815
1341846378.805994 -0.029804120 -0.030905634 0.064567730 0.002782962 0.056142159 -0.019434806 0.998229742
1341846378.842121 -0.021485858 -0.035264928 0.056394007 0.004966789 0.056307007 -0.021431137 0.998171091
1341846378.874022 -0.021475308 -0.048158634 0.061903074 0.007123734 0.058895044 -0.025045652 0.997924507
1341846378.911788 -0.022714704 -0.054925334 0.048537061 0.009631456 0.060971025 -0.023335909 0.997820199
1341846378.974034 -0.018724544 -0.070785224 0.048745189 0.013125528 0.061734080 -0.026256565 0.997660875
1341846379.009977 -0.017966377 -0.075840540 0.045432597 0.015141470 0.064167492 -0.024042455 0.997534573
1341846379.041991 -0.018778641 -0.077296942 0.046905041 0.016656060 0.065212704 -0.025314186 0.997411191
1341846379.078155 -0.015511571 -0.087721862 0.046252426 0.017800473 0.066919327 -0.030492453 0.997133434
1341846379.109871 -0.017235253 -0.098216660 0.034233302 0.018337790 0.067663431 -0.030461241 0.997074485
1341846379.142034 -0.012988798 -0.110797860 0.036341425 0.017346708 0.067520969 -0.030422958 0.997103035
1341846379.178080 -0.014225371 -0.125854179 0.040714148 0.019936036 0.069534048 -0.036151737 0.996724963
1341846379.209979 -0.014463047 -0.135042623 0.038011383 0.026394514 0.070368543 -0.036037400 0.996520400
1341846379.242047 -0.020553824 -0.149772272 0.038159128 0.032173600 0.068330131 -0.033336900 0.996586442
1341846379.278304 -0.014458391 -0.160815835 0.037234403 0.037923507 0.066279463 -0.036727283 0.996403515
1341846379.310076 -0.008605164 -0.182384208 0.016844554 0.044528875 0.069541752 -0.041954540 0.995701253
1341846379.346166 -0.005877184 -0.178895324 0.024194419 0.053036261 0.071515009 -0.037611861 0.995318055
1341846379.377944 -0.008689602 -0.191343173 0.028602026 0.059720553 0.072398216 -0.037182856 0.994891644
1341846379.409974 -0.000097183 -0.200025439 0.020106159 0.068293177 0.073112600 -0.036394767 0.994316876
1341846379.446065 -0.003643873 -0.193149716 0.028087042 0.073942333 0.074738264 -0.034932263 0.993844271
1341846379.478631 0.000043002 -0.190192297 0.023950495 0.074555352 0.073519967 -0.033735495 0.993930697
1341846379.511214 0.008509574 -0.200652361 0.015433592 0.072538257 0.074560948 -0.035948094 0.993924856
1341846379.546204 -0.003351870 -0.211256921 0.023796277 0.073616363 0.077051088 -0.035248235 0.993680716
1341846379.578217 -0.009594990 -0.196536556 0.030499637 0.075829133 0.073118754 -0.031968743 0.993922353
1341846379.614096 0.006592632 -0.201468721 0.022062609 0.073487356 0.069358625 -0.030629897 0.994409800
1341846379.646030 0.006790104 -0.200917736 0.022417907 0.071696877 0.071633309 -0.031112125 0.994364262
1341846379.678830 -0.006195424 -0.201682225 0.020443877 0.069017611 0.071961932 -0.029384900 0.994582593
1341846379.714071 -0.004999355 -0.199811384 0.021127116 0.067210302 0.068306409 -0.026297800 0.995050490
1341846379.746082 0.006830050 -0.198563099 0.017844748 0.065295607 0.067492336 -0.025361661 0.995257795
1341846379.778087 -0.004165387 -0.186374694 0.019327838 0.063577674 0.069805473 -0.022786491 0.995271742
1341846379.813931 -0.009225004 -0.178439289 0.023259731 0.059418835 0.067322694 -0.019430129 0.995770812
1341846379.845927 -0.002567024 -0.176515177 0.023851385 0.054966420 0.065473683 -0.018621961 0.996165216
1341846379.881893 -0.007179126 -0.165108204 0.025205152 0.050886411 0.066472426 -0.016389284 0.996355057
1341846379.913954 -0.013903183 -0.141761094 0.039349809 0.045113001 0.065622807 -0.013536986 0.996732235
1341846379.946050 -0.012113403 -0.144410893 0.042733245 0.037083574 0.063444711 -0.011415957 0.997230768
1341846379.981969 -0.019160923 -0.141984746 0.045840520 0.032027543 0.062436875 -0.008878465 0.997495353
1341846380.013935 -0.023753403 -0.131414205 0.046141326 0.027964249 0.059534661 -0.004434532 0.997824609
1341846380.046124 -0.019087873 -0.122629866 0.050141569 0.021768181 0.056332264 0.000309208 0.998174667
1341846380.082142 -0.013294856 -0.116587706 0.052429292 0.015933990 0.055874683 -0.000232412 0.998310566
1341846380.114330 -0.013658481 -0.120281391 0.057711769 0.010702043 0.056713920 0.002049005 0.998331010
1341846380.150278 -0.020782094 -0.120976031 0.063645996 0.008288764 0.055470083 0.005170694 0.998412549
1341846380.182030 -0.018149070 -0.112106830 0.065916628 0.009514561 0.053993747 0.006961900 0.998471677
1341846380.213908 -0.021929484 -0.086338423 0.062623002 0.009432927 0.054437138 0.006354359 0.998452425
1341846380.250090 -0.013885007 -0.073327057 0.060058516 0.002214865 0.054726176 0.004822395 0.998487294
1341846380.281996 -0.011244768 -0.068242356 0.065897554 -0.006637954 0.059264414 0.003887695 0.998212695
1341846380.318009 -0.012966134 -0.054210655 0.072774760 -0.010763566 0.062784873 0.004982387 0.997956634
1341846380.350031 -0.014124630 -0.046465900 0.072319381 -0.016669082 0.063960940 0.009594293 0.997767091
1341846380.382297 -0.006292847 -0.036157839 0.074938871 -0.020682519 0.063878112 0.013188152 0.997656226
1341846380.418020 -0.006112752 -0.022774396 0.075466037 -0.023812080 0.064788587 0.014724782 0.997506201
1341846380.450059 -0.022146750 -0.010787088 0.074927121 -0.030773958 0.063330948 0.019691346 0.997323632
1341846380.481987 -0.020584295 -0.000977942 0.078812048 -0.039010998 0.057194997 0.023463201 0.997324646
1341846380.518026 -0.007187443 -0.000336775 0.075214572 -0.045227360 0.052489653 0.024402628 0.997298300
1341846380.549973 -0.010929260 0.006857316 0.078731656 -0.047308594 0.051972043 0.024769992 0.997219801
1341846380.585876 -0.008952932 0.009501784 0.074098773 -0.047803987 0.047051847 0.024889467 0.997437477
1341846380.617833 -0.002814286 0.009683244 0.081066571 -0.047114439 0.043577034 0.025282353 0.997618258
1341846380.650010 -0.001328142 0.011371473 0.078914456 -0.043753423 0.042929862 0.022323448 0.997869909
1341846380.686058 -0.004518416 0.017998936 0.073539093 -0.040339030 0.041641381 0.021268947 0.998091400
1341846380.718154 -0.002731265 0.013779613 0.071908668 -0.039010651 0.039756782 0.021008864 0.998226583
1341846380.750063 -0.001570158 0.017295888 0.073673524 -0.033978552 0.039869197 0.021898713 0.998386860
1341846380.785897 -0.003480438 0.021062037 0.064511463 -0.028239252 0.040738869 0.022779226 0.998510957
1341846380.818263 -0.003618359 0.034367226 0.065620445 -0.025616972 0.036519006 0.024297684 0.998709083
1341846380.854055 -0.001494066 0.026499093 0.063746400 -0.025821570 0.033838220 0.022353681 0.998843670
1341846380.886150 -0.001284696 0.032475926 0.073021315 -0.020988677 0.033724003 0.021365225 0.998982370
1341846380.918124 -0.004140534 0.049223341 0.085636094 -0.018773861 0.028798446 0.025217427 0.999090731
1341846380.954125 0.002961110 0.038869526 0.087330021 -0.020474674 0.023033330 0.023193875 0.999255896
1341846380.985985 0.004652749 0.036941029 0.091782965 -0.020197242 0.024343759 0.021127038 0.999276340
1341846381.018098 0.003109517 0.040843066 0.098148309 -0.018854363 0.025729463 0.020684492 0.999277055
1341846381.054072 0.006493428 0.032733079 0.117402025 -0.018548412 0.022230111 0.021176547 0.999356449
1341846381.086074 0.017572833 0.023230948 0.114541605 -0.014142731 0.021069027 0.022612309 0.999422252
1341846381.122035 0.012203524 0.034899093 0.129229352 -0.011156984 0.022941330 0.024331119 0.999378383
1341846381.159808 0.011573350 0.032707203 0.139686331 -0.011969701 0.022933021 0.022805758 0.999405205
1341846381.222118 0.026712086 0.043010280 0.157956392 -0.010315655 0.025391050 0.025169821 0.999307454
1341846381.254198 0.038327985 0.033504695 0.160160378 -0.014069300 0.027905716 0.024822718 0.999203265
1341846381.289977 0.051022712 0.037173968 0.174926102 -0.012129503 0.033522893 0.024682811 0.999059498
1341846381.322365 0.040964209 0.048182588 0.188945100 -0.010785736 0.038304020 0.030572487 0.998740137
1341846381.353963 0.042942088 0.044764478 0.199073717 -0.013626557 0.039305992 0.034823183 0.998527288
1341846381.389983 0.061052520 0.042511113 0.199377775 -0.016105736 0.041612193 0.034638233 0.998403370
1341846381.421973 0.053889520 0.049193572 0.223081857 -0.019140363 0.049077272 0.037380215 0.997911751
1341846381.454108 0.055208642 0.043355312 0.239259347 -0.023049271 0.050716329 0.038703404 0.997696698
1341846381.489891 0.068199888 0.028276289 0.244000226 -0.022340046 0.052795980 0.040607680 0.997529209
1341846381.521988 0.065891638 0.026110014 0.256250799 -0.017846787 0.057695262 0.046150893 0.997107267
1341846381.558072 0.075029239 0.033794560 0.266240507 -0.013510535 0.059412602 0.049890671 0.996894479
1341846381.589879 0.078808226 0.036772471 0.276467860 -0.011885522 0.063332506 0.047982946 0.996767461
1341846381.622018 0.084034756 0.039710578 0.289076895 -0.012732307 0.067067169 0.046247046 0.996594787
1341846381.657894 0.085198499 0.029899582 0.300694197 -0.014116984 0.070729636 0.042778492 0.996477842
1341846381.689870 0.091442324 0.029852444 0.313420415 -0.009226690 0.073507100 0.041964840 0.996368706
1341846381.722338 0.094775490 0.036959145 0.330820262 -0.005954129 0.075789958 0.042383995 0.996204853
1341846381.758166 0.095177084 0.034835450 0.339984804 -0.006223896 0.078098208 0.041954126 0.996043086
1341846381.790889 0.101961412 0.027293615 0.353226870 -0.005316917 0.079226173 0.040527564 0.996018350
1341846381.826591 0.107372820 0.032314986 0.372528642 -0.001828107 0.081775546 0.039923456 0.995849192
1341846381.859589 0.102356210 0.029657161 0.378953099 -0.001098018 0.082244657 0.040396441 0.995792508
1341846381.890538 0.103287086 0.028130539 0.391139269 0.000437750 0.077971615 0.042055987 0.996068060
1341846381.926191 0.105113372 0.032594856 0.399600774 0.001437319 0.075536370 0.040024396 0.996338427
1341846381.958121 0.089108065 0.053110573 0.408965170 0.001664292 0.075555652 0.041371975 0.996281564
1341846381.990050 0.096098751 0.038159225 0.419840157 -0.005853472 0.065955035 0.039615307 0.997018695
1341846382.026007 0.111437306 0.036039148 0.429808080 -0.009864037 0.060055923 0.035775833 0.997504890
1341846382.059217 0.112857476 0.039627042 0.443384945 -0.014863980 0.060349949 0.031052891 0.997583389
1341846382.094090 0.109185085 0.033210926 0.459587127 -0.020837361 0.058750130 0.030847171 0.997578442
1341846382.126195 0.122718014 0.026383100 0.473604292 -0.022586793 0.054319583 0.032821909 0.997728407
1341846382.158170 0.129870281 0.027286438 0.481635153 -0.022083446 0.054601315 0.034201641 0.997677922
1341846382.194097 0.130181909 0.025286688 0.492784530 -0.023368612 0.055592686 0.035470471 0.997549593
1341846382.226010 0.130769551 0.021863334 0.507405579 -0.023546651 0.055722784 0.036991891 0.997482896
1341846382.258172 0.137062892 0.021230396 0.510709047 -0.023500623 0.055801712 0.037103936 0.997475445
1341846382.294020 0.137728915 0.023600264 0.525225163 -0.023031767 0.058533199 0.035292566 0.997395515
1341846382.325957 0.127383620 0.026952777 0.541680634 -0.023099612 0.059673380 0.032628793 0.997417092
1341846382.361974 0.135452777 0.015846886 0.552866757 -0.025962932 0.056887925 0.032012954 0.997529387
1341846382.393888 0.133275837 0.014930262 0.565043271 -0.024571897 0.055897444 0.029809637 0.997688890
1341846382.425972 0.130534485 0.021551806 0.573292494 -0.022903405 0.055435661 0.025549524 0.997872531
1341846382.462037 0.123136252 0.019134339 0.588380575 -0.024547340 0.055262119 0.020425929 0.997961044
1341846382.494003 0.124537773 0.014160420 0.599881947 -0.027265415 0.052072726 0.015999880 0.998142779
1341846382.530148 0.131185636 0.020018747 0.613672137 -0.025387114 0.048698872 0.013579911 0.998398483
1341846382.562400 0.130980700 0.015962139 0.621968329 -0.025544183 0.048392791 0.012900308 0.998418391
1341846382.593981 0.127851516 0.012142607 0.634033322 -0.025138596 0.049266897 0.013073741 0.998383641
1341846382.629905 0.131158128 0.000846363 0.644717813 -0.023075707 0.049263652 0.016583109 0.998381495
1341846382.661966 0.124570683 0.018236043 0.649809659 -0.016762787 0.050818011 0.018741207 0.998391330
1341846382.693976 0.124941885 0.013511436 0.655673742 -0.018873801 0.050468072 0.019437827 0.998358130
1341846382.730021 0.125390723 0.009287813 0.663094878 -0.018918531 0.051460739 0.019118212 0.998312771
1341846382.762004 0.118214369 0.013210380 0.669778049 -0.017711133 0.053432003 0.020064039 0.998212814
1341846382.798112 0.115828648 0.019108763 0.676452875 -0.019126559 0.052197274 0.017586004 0.998298705
1341846382.829949 0.123544462 0.014415120 0.683037817 -0.022281991 0.051717822 0.012169862 0.998338938
1341846382.861875 0.120570190 0.016538573 0.688173473 -0.022299694 0.053816386 0.009128020 0.998260081
1341846382.897967 0.121763594 0.011777809 0.691161573 -0.023663513 0.053621568 0.010945136 0.998220921
1341846382.930017 0.129675001 0.009925934 0.691415787 -0.022260711 0.053200990 0.011133109 0.998273611
1341846382.962121 0.128677487 0.014783460 0.696334600 -0.019988425 0.056540299 0.010462277 0.998145401
1341846382.997950 0.123925135 0.014255511 0.702825487 -0.019715084 0.058606040 0.011731331 0.998017550
1341846383.029927 0.126388073 0.010859483 0.703526020 -0.019486869 0.058060519 0.012523877 0.998044252
1341846383.104184 0.134340763 0.014543347 0.704681158 -0.022205917 0.061424460 0.005299765 0.997850597
1341846383.172122 0.140498161 0.012653323 0.712285936 -0.024899211 0.059087828 0.004258406 0.997933149
1341846383.236935 0.117940411 0.012138319 0.713639855 -0.025964314 0.072661638 0.003236562 0.997013390
1341846383.272112 0.126241893 0.015121199 0.714722514 -0.023799296 0.069245957 0.007380112 0.997288406
1341846383.303955 0.139143899 0.019659724 0.713223100 -0.022305317 0.067741774 0.010029498 0.997403085
1341846383.336133 0.145676583 0.020102430 0.704655647 -0.025658295 0.067214817 0.009535346 0.997362971
1341846383.398119 0.146458209 0.011482694 0.707802355 -0.028546927 0.066552669 0.012064601 0.997301519
1341846383.433991 0.149172217 0.011548194 0.699570954 -0.029174654 0.067862064 0.013809946 0.997172475
1341846383.466087 0.143601090 0.004745489 0.698973536 -0.030642491 0.068971656 0.013852571 0.997051716
1341846383.501974 0.144063622 0.005933784 0.697326839 -0.029449787 0.066733226 0.016305700 0.997202873
1341846383.533975 0.142797887 0.009816110 0.689397573 -0.027854493 0.064528070 0.016287960 0.997394085
1341846383.565981 0.142155781 0.007079652 0.682050526 -0.029499346 0.063590646 0.013784195 0.997444749
1341846383.602253 0.134398311 0.008567559 0.676462710 -0.029029712 0.062121317 0.014503012 0.997540891
1341846383.634175 0.111541726 0.001425073 0.670924604 -0.030359499 0.061108619 0.014909229 0.997557878
1341846383.665988 0.109882288 0.014123095 0.663702011 -0.027995022 0.056553714 0.012366580 0.997930348
1341846383.702104 0.106783584 0.009729759 0.654730618 -0.029606620 0.053798109 0.009237912 0.998070061
1341846383.734131 0.091454826 -0.001917643 0.648930311 -0.032444619 0.051434580 0.009600886 0.998103023
1341846383.770067 0.098068558 0.015233155 0.640506804 -0.027806472 0.043978829 0.011640799 0.998577595
1341846383.802027 0.093883544 0.012192800 0.630344748 -0.028237244 0.040656328 0.012086157 0.998700976
1341846383.870067 0.077597581 0.017951511 0.612950563 -0.027762186 0.036365800 0.013282077 0.998864532
1341846383.901854 0.086112045 0.019665472 0.600531220 -0.027499484 0.030575793 0.015244578 0.999037802
1341846383.934301 0.078917898 0.019282434 0.588941455 -0.030592721 0.030181028 0.013764189 0.998981357
1341846383.969997 0.073388010 0.015809081 0.579638720 -0.032055110 0.028814828 0.013485653 0.998979628
1341846384.001936 0.070171498 0.011810009 0.569052041 -0.030592406 0.025511993 0.017489327 0.999053240
1341846384.038092 0.061750352 0.021473624 0.555240273 -0.027694743 0.021117400 0.018672315 0.999218881
1341846384.070104 0.066840537 0.028302483 0.542519271 -0.027678264 0.018806290 0.014622213 0.999333024
1341846384.102008 0.060300302 0.015248462 0.533812523 -0.028496569 0.019206319 0.014564611 0.999303222
1341846384.138265 0.055527408 0.020453576 0.522808552 -0.026347583 0.015829608 0.016175121 0.999396622
1341846384.170093 0.057762489 0.018429775 0.510620594 -0.027508492 0.012783187 0.015891306 0.999413490
1341846384.202188 0.052721921 0.022961501 0.499476105 -0.025915416 0.014693656 0.012774169 0.999474525
1341846384.237844 0.046875667 0.023333084 0.490667105 -0.026669167 0.015603363 0.012770377 0.999440968
1341846384.269968 0.046163574 0.018715108 0.483697712 -0.027089190 0.013846023 0.014972306 0.999424994
1341846384.306015 0.048038531 0.022277215 0.463844150 -0.025040679 0.013443794 0.014619161 0.999489129
1341846384.337907 0.043383159 0.025767989 0.453671992 -0.025040925 0.014129035 0.014387834 0.999483049
1341846384.369865 0.041809365 0.027674472 0.448462397 -0.025911001 0.013156355 0.012677621 0.999497294
1341846384.406199 0.039808776 0.024781929 0.438840806 -0.025761969 0.014125057 0.011621921 0.999500751
1341846384.437788 0.031318903 0.031256236 0.424363405 -0.025281725 0.014984993 0.010224071 0.999515772
1341846384.469882 0.033806149 0.033904307 0.415987015 -0.027806871 0.013166715 0.008512115 0.999490321
1341846384.506115 0.036040526 0.034259085 0.409321785 -0.028692896 0.014084613 0.005263240 0.999475181
1341846384.537970 0.031610440 0.038566515 0.402488321 -0.029758429 0.017170645 0.004658909 0.999398768
1341846384.573994 0.026707156 0.030191716 0.393729299 -0.032191128 0.017425137 0.007129813 0.999304414
1341846384.606493 0.024214184 0.028056024 0.385163516 -0.030403983 0.015862759 0.011155662 0.999349535
1341846384.637999 0.021774421 0.037469201 0.376727730 -0.027414475 0.014799250 0.013219398 0.999427140
1341846384.674068 0.015979657 0.041991703 0.370844275 -0.027258497 0.014263544 0.011602933 0.999459326
1341846384.705921 0.017268624 0.041270550 0.357726723 -0.026698548 0.012904001 0.010732063 0.999502599
1341846384.742045 0.009907167 0.047171082 0.354036689 -0.026377007 0.010938674 0.010051816 0.999541640
1341846384.774082 0.006204913 0.050579425 0.344908357 -0.028820058 0.009048678 0.005793375 0.999526858
1341846384.805987 0.001638719 0.052244730 0.336804509 -0.029781973 0.009389096 0.000556356 0.999512196
1341846384.842025 -0.004273464 0.051607054 0.322709948 -0.031159231 0.008255921 -0.000403614 0.999480247
1341846384.874081 -0.006038519 0.047356572 0.313070476 -0.032818016 0.006258226 0.002351019 0.999439001
1341846384.905998 -0.003488315 0.050983705 0.306865215 -0.030241720 0.005450779 0.004197227 0.999518931
1341846384.942014 -0.008776066 0.055340935 0.298846662 -0.029779309 0.006095486 0.007405291 0.999510467
1341846384.974049 -0.011937921 0.052370552 0.289057165 -0.031431921 0.005782108 0.009855075 0.999440551
1341846385.009917 -0.009350222 0.046907715 0.283707052 -0.029782221 0.005640178 0.015335049 0.999422848
1341846385.042211 -0.015930105 0.055353079 0.272117227 -0.027779931 0.006990411 0.016613331 0.999451578
1341846385.073967 -0.021027682 0.054592781 0.266033292 -0.029482968 0.008476917 0.016001787 0.999401212
1341846385.110157 -0.019131150 0.047138445 0.259853095 -0.029465938 0.009026950 0.016575512 0.999387562
1341846385.141931 -0.023825228 0.045099340 0.254689127 -0.028073806 0.009802303 0.019105222 0.999375165
1341846385.173929 -0.029981127 0.043189377 0.247222528 -0.027157765 0.008680883 0.018758250 0.999417424
1341846385.210052 -0.029730260 0.046923205 0.239086553 -0.025294038 0.008103508 0.012149239 0.999573350
1341846385.242941 -0.039348040 0.044755671 0.231046900 -0.024789259 0.009796251 0.006402737 0.999624193
1341846385.278001 -0.041466348 0.042874407 0.224600106 -0.024656476 0.008708004 0.003065929 0.999653339
1341846385.311234 -0.048214771 0.037423003 0.218265250 -0.022811569 0.008734248 0.002031033 0.999699593
1341846385.342936 -0.054203350 0.040661808 0.206586465 -0.019151831 0.007417452 0.001416286 0.999788046
1341846385.378101 -0.058775224 0.045038983 0.196109921 -0.018441021 0.007613117 -0.000640548 0.999800801
1341846385.410048 -0.065552801 0.042566143 0.198433489 -0.018742427 0.006730117 -0.000907112 0.999801278
1341846385.442088 -0.069642119 0.044163030 0.189563215 -0.017789656 0.004204832 -0.000315374 0.999832869
1341846385.477970 -0.087025657 0.046027977 0.178343475 -0.018579390 0.002393779 -0.001272483 0.999823689
1341846385.510109 -0.089459777 0.049175043 0.173525751 -0.018680323 0.000500282 -0.001605992 0.999824107
1341846385.545989 -0.099661283 0.052011602 0.171135217 -0.018768923 -0.002026101 -0.001094939 0.999821186
1341846385.577939 -0.107584789 0.057429314 0.163084149 -0.019570215 -0.006517612 -0.001767201 0.999785662
1341846385.609948 -0.114202976 0.051319454 0.155757561 -0.021167979 -0.008927770 -0.000611307 0.999735892
1341846385.646024 -0.123016492 0.054760400 0.149999976 -0.021025535 -0.012230606 0.000648871 0.999703884
1341846385.678122 -0.131270677 0.054350987 0.142215163 -0.023067454 -0.017959347 0.002413396 0.999569654
1341846385.713966 -0.128601059 0.054114081 0.133243844 -0.023329554 -0.021405077 0.002351811 0.999495864
1341846385.745986 -0.134501472 0.057766184 0.129151016 -0.021883629 -0.021119338 0.003430884 0.999531567
1341846385.778024 -0.145333096 0.064359777 0.125758424 -0.021181740 -0.022978794 0.005902021 0.999494135
1341846385.814480 -0.143640399 0.066679098 0.115476236 -0.021544896 -0.024827678 0.005268055 0.999445677
1341846385.846594 -0.145250618 0.067318544 0.100923188 -0.022123145 -0.022089267 0.002363992 0.999508381
1341846385.884072 -0.153605133 0.069530025 0.098814003 -0.022865545 -0.019775139 0.004079595 0.999534607
1341846385.920282 -0.160184950 0.069111228 0.095800817 -0.023440292 -0.021625862 0.006515156 0.999470055
1341846385.951967 -0.149110541 0.068567336 0.084942035 -0.023446942 -0.020982470 0.003885607 0.999497294
1341846385.983828 -0.161670879 0.068103209 0.079066411 -0.023142217 -0.016174180 0.004174579 0.999592602
1341846386.019954 -0.167417213 0.066352092 0.069944061 -0.023134489 -0.016426630 0.007200074 0.999571443
1341846386.053153 -0.166308716 0.063977957 0.068601012 -0.021900937 -0.018279202 0.006020636 0.999574900
1341846386.087964 -0.157983109 0.068858624 0.053674728 -0.018199924 -0.017340340 0.001381826 0.999683022
1341846386.120298 -0.171043649 0.068159856 0.047871303 -0.017156577 -0.013205466 -0.001151691 0.999764919
1341846386.152323 -0.176680133 0.058013130 0.038238276 -0.016281350 -0.013462852 -0.001040466 0.999776304
1341846386.187922 -0.176839665 0.060168698 0.030549800 -0.013186926 -0.014973301 -0.004659762 0.999790072
1341846386.220214 -0.174535394 0.059420742 0.020945974 -0.011244609 -0.014600321 -0.009735009 0.999782741
1341846386.251878 -0.177774116 0.055137821 0.011995982 -0.008500559 -0.012964246 -0.012085911 0.999806762
1341846386.287926 -0.187829524 0.054423813 -0.001510341 -0.005535703 -0.013663914 -0.012231935 0.999816477
1341846386.320048 -0.182161242 0.058661766 -0.015561492 -0.002740097 -0.015929990 -0.016211836 0.999737918
1341846386.351806 -0.177556559 0.060611654 -0.025780983 -0.000782332 -0.014241721 -0.020161644 0.999695003
1341846386.387904 -0.187240005 0.056987129 -0.041310024 0.000655821 -0.012546870 -0.020406982 0.999712825
1341846386.420158 -0.186804399 0.060102098 -0.059171483 0.002920355 -0.015242209 -0.018911010 0.999700725
1341846386.488011 -0.181931168 0.067638770 -0.091375805 0.004083999 -0.018961906 -0.022585472 0.999556720
1341846386.550203 -0.193138108 0.058412429 -0.132503167 0.005012278 -0.018376138 -0.021491814 0.999587536
1341846386.582265 -0.190477610 0.071416341 -0.146238193 0.006711322 -0.021759765 -0.020239247 0.999535799
1341846386.618055 -0.184564114 0.077184469 -0.160106689 0.006738149 -0.022091204 -0.022431737 0.999481559
1341846386.651032 -0.185698703 0.083452053 -0.179409102 0.005803836 -0.020738604 -0.023997005 0.999480069
1341846386.682220 -0.190680891 0.086619571 -0.197286278 0.003506907 -0.021689089 -0.021870784 0.999519348
1341846386.718071 -0.180659652 0.080212086 -0.207376510 0.002217360 -0.023635434 -0.019494951 0.999528110
1341846386.750071 -0.173361719 0.086441308 -0.224620968 0.004837168 -0.021330049 -0.018683733 0.999586165
1341846386.786100 -0.181922525 0.090044521 -0.243041545 0.005300801 -0.017962046 -0.014949406 0.999712825
1341846386.817967 -0.182580456 0.086180344 -0.254335731 0.005810014 -0.018233625 -0.013410219 0.999726892
1341846386.850155 -0.176096708 0.096283861 -0.265372902 0.007767842 -0.017120341 -0.013569798 0.999731123
1341846386.886034 -0.176672935 0.098219939 -0.287093699 0.007462949 -0.014011192 -0.011589941 0.999806821
1341846386.918050 -0.177619427 0.097896174 -0.298728585 0.007691073 -0.012249268 -0.008026373 0.999863148
1341846386.954005 -0.180734605 0.102686256 -0.312928498 0.008581060 -0.011020923 -0.006225370 0.999883056
1341846386.986155 -0.171211123 0.103919774 -0.324157119 0.008220403 -0.010484405 -0.005409471 0.999896586
1341846387.018027 -0.169972152 0.098708294 -0.336361945 0.007268866 -0.005824956 -0.003885723 0.999949038
1341846387.054058 -0.178943425 0.101471603 -0.343109608 0.009295677 -0.003404634 -0.001588493 0.999949753
1341846387.086157 -0.175002143 0.107275285 -0.355097115 0.010358192 -0.003609951 -0.001649665 0.999938488
1341846387.118350 -0.171997488 0.105806150 -0.365777850 0.010767880 -0.000797065 -0.003076636 0.999936998
1341846387.153927 -0.179534465 0.104662515 -0.377705753 0.012089221 0.001882247 -0.002935378 0.999920845
1341846387.185953 -0.180550158 0.115521468 -0.392670810 0.012458511 0.000781221 -0.002925484 0.999917805
1341846387.222042 -0.175667241 0.116183877 -0.400145084 0.010190194 -0.000370068 -0.004798425 0.999936461
1341846387.253968 -0.173633799 0.114110127 -0.418488234 0.009117331 0.001526665 -0.007225506 0.999931157
1341846387.286046 -0.182982191 0.117056586 -0.432377130 0.008091135 0.002306792 -0.005292386 0.999950588
1341846387.322002 -0.177120686 0.120799743 -0.440889776 0.006392457 0.000822182 -0.004437481 0.999969363
1341846387.353879 -0.168744117 0.116365410 -0.452085644 0.004873278 0.001895309 -0.004913892 0.999974251
1341846387.386177 -0.175835893 0.113847010 -0.463497311 0.004205474 0.002587381 -0.001318345 0.999986947
1341846387.422132 -0.173969224 0.115787998 -0.472486943 0.004784165 0.001191428 0.000230787 0.999987781
1341846387.454043 -0.164579079 0.124006025 -0.483256608 0.005721906 0.001935635 -0.001062643 0.999981165
1341846387.490166 -0.172462970 0.123636410 -0.494202614 0.005000593 0.003350182 -0.000442379 0.999981761
1341846387.522009 -0.174487323 0.122024372 -0.501911163 0.005076983 0.001400311 0.004076241 0.999977827
1341846387.554619 -0.167732835 0.128608003 -0.515294373 0.005888947 0.000289407 0.005495871 0.999967515
1341846387.590257 -0.165548190 0.140969783 -0.525632203 0.004943597 0.001140075 0.004544682 0.999976814
1341846387.622301 -0.169476494 0.138658851 -0.527798533 0.001669588 0.002866010 0.005373877 0.999980032
1341846387.654151 -0.175897941 0.137154683 -0.532754123 -0.000108806 0.003003002 0.005280820 0.999981523
1341846387.690110 -0.176425964 0.143867224 -0.541109979 -0.000676469 0.001080922 0.004043362 0.999991000
1341846387.722109 -0.173075840 0.143297046 -0.550730288 -0.003227724 -0.000392128 0.003929950 0.999987006
1341846387.758177 -0.175847054 0.138677329 -0.556839049 -0.004956038 -0.000720170 0.004843699 0.999975741
1341846387.790191 -0.180287749 0.137884200 -0.560963035 -0.004465827 -0.002218906 0.007861700 0.999956667
1341846387.822157 -0.177914485 0.146215558 -0.568148255 -0.003049265 -0.004580417 0.008320340 0.999950230
1341846387.858179 -0.175959796 0.148268387 -0.576905131 -0.003796059 -0.005830010 0.011602808 0.999908447
1341846387.890013 -0.179603636 0.146370173 -0.581870317 -0.004100703 -0.008255815 0.012821096 0.999875307
1341846387.926103 -0.174599141 0.150030404 -0.589476466 -0.003834045 -0.009722009 0.012782020 0.999863684
1341846387.958426 -0.176149860 0.150362134 -0.594544351 -0.004589819 -0.010322456 0.015789924 0.999811530
1341846387.990086 -0.184644967 0.152930200 -0.598865747 -0.005039700 -0.012035723 0.016435402 0.999779761
1341846388.026158 -0.174758390 0.138633087 -0.588248193 -0.004726255 -0.016780980 0.016708093 0.999708414
1341846388.058060 -0.172373071 0.139858574 -0.588534415 0.000325812 -0.018680448 0.022829441 0.999564767
1341846388.089974 -0.176982552 0.145530596 -0.585490286 0.005982830 -0.020874128 0.026396560 0.999415696
1341846388.126088 -0.173747912 0.161718637 -0.593121231 0.009240078 -0.022703525 0.024432313 0.999400973
1341846388.158090 -0.161376610 0.179018974 -0.598161519 0.007397133 -0.022030493 0.021440800 0.999499977
1341846388.194068 -0.166881204 0.165473163 -0.580391228 0.001730786 -0.019222563 0.017887350 0.999653697
1341846388.225961 -0.167127356 0.159651667 -0.573976994 0.000829784 -0.020018585 0.016899787 0.999656439
1341846388.257928 -0.163967907 0.167983189 -0.568951428 0.000078813 -0.020187665 0.017866232 0.999636531
1341846388.294066 -0.165733039 0.157156631 -0.555134714 -0.001513309 -0.020187868 0.017836263 0.999635935
1341846388.325954 -0.161325723 0.164600775 -0.552251220 0.000233339 -0.020667136 0.015516001 0.999665976
1341846388.357936 -0.161586896 0.165118366 -0.544961691 -0.001453880 -0.019094059 0.014118120 0.999716938
1341846388.394202 -0.165397748 0.149809614 -0.532984853 -0.003902272 -0.019617537 0.013766930 0.999705136
1341846388.425957 -0.154210612 0.152762458 -0.531359673 -0.003933568 -0.021363694 0.010730492 0.999706447
1341846388.462012 -0.157617614 0.145656347 -0.515787423 -0.005468537 -0.018791966 0.008092362 0.999775708
1341846388.493961 -0.162564173 0.141978130 -0.496146858 -0.004604942 -0.019402511 0.007882527 0.999770105
1341846388.526293 -0.157018676 0.140140563 -0.491910517 -0.002979798 -0.021586044 0.007990489 0.999730647
1341846388.562293 -0.149415016 0.139519900 -0.481535345 -0.001288849 -0.020320129 0.006283214 0.999772906
1341846388.594090 -0.154292420 0.139195159 -0.469570339 -0.000553410 -0.018335123 0.005443416 0.999816895
1341846388.626030 -0.156452030 0.136537850 -0.456551164 -0.000886291 -0.018980844 0.005100597 0.999806404
1341846388.662009 -0.147216991 0.125126392 -0.444592327 -0.000278963 -0.018594822 0.002963843 0.999822676
1341846388.694110 -0.152210787 0.132853061 -0.433986038 0.001967007 -0.016958665 0.002520592 0.999851108
1341846388.730239 -0.149511293 0.132308722 -0.414379895 0.000338747 -0.018005714 0.001540512 0.999836624
1341846388.762131 -0.139087811 0.119104058 -0.405322194 -0.000500051 -0.017804291 -0.000376897 0.999841273
1341846388.794087 -0.147248060 0.127817243 -0.396440327 0.001455027 -0.014875075 -0.000499810 0.999888182
1341846388.830117 -0.153130591 0.128358096 -0.371615022 -0.000782295 -0.015603940 0.001340120 0.999877036
1341846388.868548 -0.141643196 0.112927854 -0.365236014 -0.002158865 -0.016980208 0.001565799 0.999852240
1341846388.900942 -0.148096859 0.123617850 -0.348396957 -0.000789870 -0.014805993 0.001200577 0.999889374
1341846388.937157 -0.150103047 0.127353087 -0.326458335 -0.003718746 -0.016178090 0.001654125 0.999860883
1341846388.970712 -0.145329565 0.112609170 -0.310055494 -0.006508221 -0.016947793 0.001518526 0.999834061
1341846389.001153 -0.145810217 0.116179124 -0.298707128 -0.005853203 -0.016800715 0.000606915 0.999841511
1341846389.036956 -0.149913594 0.122602515 -0.278675377 -0.007833359 -0.016572403 -0.001025371 0.999831438
1341846389.069208 -0.146844402 0.108000152 -0.262544572 -0.011412892 -0.017470708 -0.001002935 0.999781728
1341846389.168276 -0.146569446 0.093128227 -0.230665639 -0.012435968 -0.016904246 0.000312278 0.999779701
1341846389.230639 -0.155187801 0.091295809 -0.195566177 -0.009131266 -0.015591530 0.001613053 0.999835432
1341846389.266034 -0.150239363 0.092522293 -0.175379023 -0.007629062 -0.017537000 -0.000383236 0.999817014
1341846389.298760 -0.144977421 0.087291218 -0.164835930 -0.006699228 -0.015372767 -0.001646533 0.999858022
1341846389.329980 -0.148276016 0.086826652 -0.145036146 -0.005012801 -0.013553462 -0.000824935 0.999895215
1341846389.366022 -0.144573718 0.087914951 -0.135420963 -0.004651217 -0.014094014 -0.000731144 0.999889612
1341846389.397969 -0.139376327 0.081627578 -0.122990139 -0.004472975 -0.011393818 -0.001161201 0.999924421
1341846389.433982 -0.140163824 0.083957292 -0.112229809 -0.000921639 -0.007226652 -0.001401264 0.999972463
1341846389.466033 -0.141451597 0.088712923 -0.101992257 -0.000875479 -0.006546396 0.000949124 0.999977708
1341846389.498030 -0.135331869 0.087125346 -0.085262440 -0.001428598 -0.007274446 0.000868201 0.999972165
1341846389.534085 -0.130381152 0.087427773 -0.078867137 -0.000977974 -0.004672103 -0.000274820 0.999988556
1341846389.565875 -0.136043206 0.097136632 -0.065293044 -0.002108639 -0.002400028 -0.000653086 0.999994695
1341846389.597960 -0.133293554 0.091855556 -0.049742837 -0.006848629 -0.003893320 0.000109034 0.999968946
1341846389.634116 -0.128968298 0.091004156 -0.035762090 -0.007908628 -0.004743380 -0.000714812 0.999957204
1341846389.665950 -0.130980268 0.103718773 -0.031293802 -0.009300049 -0.002700519 -0.003832067 0.999945760
1341846389.702127 -0.129013821 0.088309117 -0.006279756 -0.015282994 -0.002369904 -0.004299230 0.999871135
1341846389.734086 -0.126134813 0.085009947 0.005244544 -0.015177935 -0.004272474 -0.003125510 0.999870777
1341846389.765898 -0.122471616 0.091910928 0.014969449 -0.014520249 -0.005155587 -0.003084902 0.999876499
1341846389.802126 -0.118804082 0.086736567 0.025898749 -0.016147131 -0.005430146 -0.003979665 0.999846935
1341846389.834063 -0.116854317 0.082884401 0.035227086 -0.014843394 -0.005062152 -0.003296601 0.999871552
1341846389.866260 -0.113482177 0.081831925 0.049727838 -0.012340472 -0.005770723 0.000977692 0.999906719
1341846389.902002 -0.110371634 0.084840424 0.053390041 -0.010697605 -0.006939292 0.000556052 0.999918520
1341846389.934117 -0.104055017 0.087247163 0.059555084 -0.009369674 -0.005287576 -0.002030170 0.999940038
1341846389.970116 -0.102394640 0.086121924 0.069511317 -0.009483654 -0.003145425 -0.001914536 0.999948204
1341846390.002129 -0.102681495 0.084891938 0.082177088 -0.009715058 -0.005167956 0.000652783 0.999939203
1341846390.034099 -0.096826814 0.081964612 0.088220209 -0.009080143 -0.008107091 -0.000317095 0.999925852
1341846390.070024 -0.093497798 0.088984594 0.093458138 -0.007926858 -0.007085591 -0.003546178 0.999937177
1341846390.101910 -0.094253495 0.087259822 0.105496660 -0.009205032 -0.006930186 -0.005196185 0.999920130
1341846390.137924 -0.086822532 0.078675285 0.114922188 -0.008974770 -0.009957260 -0.003627356 0.999903560
1341846390.170038 -0.078849532 0.086891890 0.114938825 -0.006674776 -0.010186773 -0.004309326 0.999916553
1341846390.202115 -0.079222813 0.086299576 0.122093432 -0.009674737 -0.008661044 -0.006237616 0.999896228
1341846390.238117 -0.076513559 0.081834443 0.133569881 -0.010703237 -0.009937593 -0.004932588 0.999881148
1341846390.270052 -0.072806828 0.084411047 0.138577729 -0.009718971 -0.012846545 0.000616401 0.999870062
1341846390.302085 -0.063375920 0.087496296 0.146080330 -0.010889445 -0.014049069 0.003315299 0.999836504
1341846390.338496 -0.055267129 0.082500227 0.157306895 -0.011530785 -0.013294804 0.006114528 0.999826431
1341846390.370105 -0.058776081 0.083908446 0.167168587 -0.011270149 -0.014367613 0.010444541 0.999778688
1341846390.438106 -0.043793514 0.083916426 0.183247328 -0.016281566 -0.021220587 0.007469696 0.999614298
1341846390.505984 -0.040871002 0.090941705 0.200839370 -0.020283233 -0.029538460 0.011559169 0.999290943
1341846390.538495 -0.031641852 0.091048874 0.207165852 -0.021203123 -0.031522166 0.007038044 0.999253333
1341846390.606055 -0.026415806 0.094137616 0.223343506 -0.024030851 -0.034301020 0.014273033 0.999020636
1341846390.638031 -0.013389868 0.095600329 0.225107789 -0.023487503 -0.037664663 0.015396141 0.998895705
1341846390.673954 -0.007018593 0.098538697 0.226009429 -0.023316555 -0.034692112 0.012785980 0.999044180
1341846390.705937 -0.006060614 0.108270742 0.240179047 -0.025344323 -0.033401988 0.011941200 0.999049246
1341846390.737965 0.002058971 0.100004286 0.253260434 -0.028754948 -0.035491403 0.011419497 0.998890936
1341846390.774135 0.010143794 0.103046112 0.243964657 -0.026372224 -0.033720843 0.011350535 0.999018788
1341846390.806067 0.014276588 0.109518774 0.261140496 -0.026017372 -0.029387526 0.011957577 0.999157906
1341846390.838026 0.014027795 0.103507556 0.264386475 -0.029301766 -0.028557176 0.014301576 0.999060214
1341846390.874116 0.021902610 0.105786793 0.267128497 -0.030368971 -0.029121581 0.016954305 0.998970568
1341846390.906067 0.024875090 0.115513369 0.274067998 -0.030483119 -0.027522260 0.019008813 0.998975456
1341846390.942137 0.020533899 0.115616612 0.283176363 -0.032707021 -0.026372977 0.022470402 0.998864233
1341846390.974052 0.025803670 0.107703708 0.286494583 -0.032759160 -0.028215710 0.027333416 0.998690963
1341846391.006164 0.028075179 0.111460969 0.282331467 -0.031364065 -0.030136090 0.029889755 0.998606384
1341846391.042303 0.030113082 0.120005302 0.284919858 -0.031942286 -0.030822041 0.026629319 0.998659372
1341846391.074134 0.027795445 0.116918571 0.288979739 -0.032237940 -0.031335101 0.023354810 0.998715878
1341846391.106097 0.028952621 0.113234438 0.282626182 -0.032708492 -0.033712544 0.023846520 0.998611510
1341846391.142154 0.035216704 0.111945577 0.284371406 -0.033275198 -0.036759645 0.026196573 0.998426378
1341846391.174124 0.043652765 0.114608169 0.287470490 -0.032476321 -0.038495608 0.026617730 0.998376131
1341846391.209961 0.042324707 0.110093936 0.283508688 -0.033212345 -0.037781488 0.028282484 0.998333395
1341846391.241977 0.040519539 0.099611200 0.281794459 -0.034416348 -0.039302215 0.031985305 0.998122156
1341846391.273984 0.040989798 0.108086757 0.283770710 -0.030695349 -0.040765271 0.030478135 0.998231947
1341846391.309946 0.040226493 0.108280629 0.283129096 -0.029831989 -0.039573628 0.028024787 0.998377979
1341846391.342018 0.037673146 0.102193028 0.275675893 -0.030996751 -0.040983129 0.028028227 0.998285532
1341846391.378060 0.036965612 0.103690714 0.281134605 -0.029933315 -0.044021882 0.025605166 0.998253703
1341846391.410037 0.039063100 0.106024794 0.274969727 -0.029693633 -0.044644803 0.023010513 0.998296380
1341846391.442052 0.040659968 0.102501124 0.281844169 -0.029078426 -0.044010170 0.023756199 0.998325169
1341846391.478040 0.037860651 0.098470993 0.277674347 -0.028257331 -0.045511495 0.030159175 0.998108506
1341846391.510072 0.037886940 0.107515708 0.273437321 -0.027008807 -0.047173705 0.030750299 0.998047888
1341846391.542159 0.039183475 0.105642535 0.269702077 -0.028036250 -0.046461117 0.030125204 0.998072028
1341846391.578010 0.035523225 0.104079612 0.266095132 -0.028096352 -0.045377690 0.031155238 0.998088598
1341846391.610169 0.032995284 0.098887563 0.266253233 -0.027992973 -0.046646744 0.033964925 0.997941315
1341846391.645942 0.035292402 0.098648623 0.260175228 -0.026756167 -0.049155504 0.035001878 0.997818947
1341846391.677959 0.036344435 0.100571111 0.264655590 -0.024993710 -0.049243957 0.033288475 0.997918963
1341846391.710022 0.032707725 0.096376263 0.268026471 -0.023941627 -0.049321909 0.034393698 0.997903407
1341846391.745846 0.028571563 0.093323879 0.266580731 -0.021831529 -0.051124543 0.034532905 0.997856259
1341846391.778020 0.030380191 0.092895970 0.265906781 -0.019893518 -0.051371112 0.031877000 0.997972488
1341846391.810026 0.029500196 0.088694312 0.264943838 -0.018596552 -0.051070355 0.032723397 0.997985542
1341846391.846013 0.029819051 0.082978770 0.262322187 -0.017210932 -0.051739357 0.033815809 0.997939587
1341846391.877984 0.029973805 0.084066190 0.260092229 -0.014016672 -0.051522467 0.035144217 0.997954845
1341846391.914033 0.027440926 0.082924858 0.256878614 -0.012542713 -0.050691165 0.036349647 0.997973859
1341846391.945996 0.028585181 0.083489403 0.257678539 -0.010949272 -0.051459808 0.036143202 0.997960746
1341846391.978037 0.026817460 0.082698017 0.255566031 -0.010882625 -0.050948080 0.033441760 0.998081923
1341846392.014187 0.029470960 0.079444297 0.256249398 -0.010720710 -0.050967317 0.033022258 0.998096645
1341846392.046054 0.029524481 0.077880248 0.254061610 -0.009657967 -0.051346652 0.034283169 0.998045564
1341846392.078061 0.028370632 0.085921049 0.257921875 -0.008031851 -0.051632009 0.033850227 0.998059988
1341846392.114010 0.029843004 0.085230939 0.259030789 -0.008498481 -0.051980577 0.033437040 0.998052001
1341846392.145989 0.028929146 0.087640770 0.259062856 -0.007781019 -0.051555388 0.031423476 0.998145342
1341846392.181959 0.024418289 0.089355431 0.259499192 -0.008896878 -0.053169619 0.032163732 0.998027682
1341846392.213917 0.031322006 0.085663907 0.264540583 -0.010426093 -0.056288626 0.029669041 0.997919142
1341846392.246105 0.034824811 0.088002078 0.256823868 -0.008863113 -0.054386862 0.024682341 0.998175502
1341846392.282032 0.033486165 0.088590927 0.262433887 -0.008857674 -0.053656496 0.024565773 0.998217940
1341846392.314025 0.034063708 0.082412288 0.260374337 -0.008551408 -0.056158110 0.027530704 0.998005629
1341846392.349981 0.039235130 0.089632794 0.260856986 -0.005127983 -0.056055084 0.027023211 0.998048723
1341846392.382103 0.039897185 0.088708505 0.258865565 -0.004790828 -0.054519542 0.028653264 0.998089969
1341846392.414056 0.041057479 0.087248288 0.260842025 -0.004591320 -0.055408496 0.030580673 0.997984767
1341846392.450136 0.045520645 0.082153864 0.258777410 -0.003975627 -0.056337398 0.034619398 0.997803509
1341846392.482091 0.044209804 0.080108069 0.256163120 -0.001820856 -0.056306325 0.035937235 0.997764885
1341846392.514096 0.044876508 0.084855445 0.254225433 -0.000025777 -0.055999037 0.034576859 0.997831941
1341846392.550030 0.041711811 0.074357063 0.239428520 -0.001935505 -0.056232385 0.036677610 0.997741938
1341846392.582053 0.045315128 0.068497479 0.237437055 -0.000879546 -0.057931278 0.039948165 0.997520566
1341846392.617983 0.048067261 0.073795252 0.250583589 0.001953322 -0.058461163 0.039954476 0.997487903
1341846392.649909 0.047176857 0.073403679 0.249065295 0.003078358 -0.057715733 0.037350185 0.997629404
1341846392.682128 0.050531596 0.069740161 0.251116097 0.003506907 -0.058730207 0.036800690 0.997589171
1341846392.718019 0.042705685 0.062607400 0.238786325 0.004202259 -0.059766956 0.039566021 0.997419059
1341846392.749829 0.049728706 0.064078413 0.239744201 0.006309377 -0.062339846 0.039811254 0.997240663
1341846392.782107 0.051912315 0.065343112 0.239538044 0.007156493 -0.062438864 0.039082211 0.997257590
1341846392.818251 0.051474690 0.061249740 0.243208438 0.007114752 -0.061883047 0.039706919 0.997267902
1341846392.852165 0.052252028 0.059177622 0.242515564 0.008702176 -0.062619843 0.041005552 0.997156739
1341846392.885913 0.054226108 0.059736207 0.239454404 0.009962781 -0.062018074 0.038665358 0.997276068
1341846392.917882 0.055153467 0.057257421 0.237035796 0.011175879 -0.060789809 0.039110120 0.997321427
1341846392.950023 0.054744851 0.054945558 0.238296941 0.012842805 -0.060338054 0.039642483 0.997307777
