1341846361.788774 0.000000000 0.000000000 0.000000000 0.000000000 0.000000000 0.000000000 1.000000000
1341846361.824112 -0.013242390 0.000719778 0.008827419 -0.002273326 0.003765944 -0.004852268 0.999978542
1341846361.856016 -0.031034119 0.019529894 0.009415666 -0.006486693 0.005710853 -0.009026005 0.999921918
1341846361.887871 -0.031868879 0.003485566 0.021462353 -0.016041422 0.007299305 -0.013340095 0.999755681
1341846361.923930 -0.050803952 -0.015020036 0.030299405 -0.018109702 0.011730849 -0.010630854 0.999710679
1341846361.955927 -0.067102291 -0.012272535 0.032988448 -0.011630854 0.010777607 -0.004367641 0.999864697
1341846361.991999 -0.077066958 -0.009257562 0.037460737 -0.007721892 0.006392554 0.001431750 0.999948740
1341846362.023994 -0.083842263 -0.019466396 0.039785117 -0.005073600 0.003815706 0.004060673 0.999971569
1341846362.056118 -0.094978236 -0.009325476 0.036086485 -0.002343268 0.005049672 0.005513750 0.999969304
1341846362.091992 -0.104393795 -0.010939827 0.040227216 -0.003766304 0.004668699 0.006503694 0.999960840
1341846362.123929 -0.112320319 -0.022813454 0.051393136 -0.005028293 0.003789691 0.006767754 0.999957263
1341846362.156058 -0.118376151 -0.024976628 0.052447058 -0.001470403 0.003570398 0.008884228 0.999953091
1341846362.191987 -0.132199451 -0.021394461 0.061184075 0.001892461 0.003932223 0.011065151 0.999929249
1341846362.224138 -0.144039854 -0.030990187 0.059366588 0.005013221 0.002804779 0.014143539 0.999883473
1341846362.260011 -0.146588340 -0.025531527 0.055220600 0.010630475 0.004279942 0.012723646 0.999853373
1341846362.291979 -0.146927610 -0.026350036 0.046384465 0.013092142 0.007741705 0.013202966 0.999797165
1341846362.323947 -0.158013195 -0.025740493 0.048599303 0.015593648 0.011107224 0.012158462 0.999742806
1341846362.359889 -0.163383171 -0.024461798 0.049155969 0.017741028 0.014271772 0.010805807 0.999682367
1341846362.392021 -0.177326098 -0.023561116 0.052074172 0.018916879 0.019761110 0.010861896 0.999566734
1341846362.423868 -0.194064528 -0.030061543 0.058052376 0.019378852 0.022935180 0.011323782 0.999484956
1341846362.459968 -0.203933448 -0.031959195 0.061193254 0.022557380 0.024149287 0.011819337 0.999383986
1341846362.491924 -0.220843032 -0.028945113 0.058628872 0.024801731 0.024610525 0.012965930 0.999305308
1341846362.523976 -0.225130871 -0.030609861 0.062209290 0.026105650 0.024025423 0.015161435 0.999255419
1341846362.559933 -0.234555706 -0.030979188 0.061373442 0.028272068 0.025347071 0.016312769 0.999145687
1341846362.592338 -0.249341890 -0.029744163 0.058590267 0.029603008 0.026134307 0.016954551 0.999076188
1341846362.628177 -0.257939398 -0.026338616 0.063310020 0.029798880 0.025409011 0.016679507 0.999093711
1341846362.660128 -0.269412220 -0.030301942 0.060014311 0.028627045 0.026195811 0.015354526 0.999128878
1341846362.691901 -0.276885450 -0.030088576 0.062025957 0.027271539 0.024462247 0.015277531 0.999211907
1341846362.727993 -0.288112700 -0.035220161 0.057578806 0.025051309 0.021348875 0.014062869 0.999359250
1341846362.759942 -0.294754654 -0.037203882 0.063515693 0.024703993 0.018824676 0.012569206 0.999438524
1341846362.792002 -0.308317751 -0.030760292 0.057916392 0.024794575 0.017685821 0.009608140 0.999489903
1341846362.827965 -0.316762269 -0.034636773 0.060759116 0.023101453 0.015444624 0.007795151 0.999583423
1341846362.859959 -0.325124860 -0.035157192 0.062604673 0.022798130 0.014585962 0.004095452 0.999625325
1341846362.891861 -0.336345971 -0.034924489 0.063784376 0.023239028 0.014831075 0.003722705 0.999612987
1341846362.928098 -0.351598531 -0.037754323 0.064159475 0.023083815 0.013834592 0.002882455 0.999633670
1341846362.959894 -0.353919566 -0.041290384 0.073512189 0.025846185 0.012526332 0.005335538 0.999573231
1341846362.995909 -0.358324826 -0.046252780 0.075774617 0.028871544 0.010438203 0.008985486 0.999488294
1341846363.028072 -0.364522845 -0.050050348 0.075190306 0.030769870 0.008081896 0.011146380 0.999431670
1341846363.059896 -0.361861974 -0.053133927 0.086296208 0.035328746 0.007885477 0.009790634 0.999296665
1341846363.096102 -0.377407938 -0.045403723 0.065944970 0.039088003 0.011303838 0.006707288 0.999149323
1341846363.127992 -0.385477513 -0.046177808 0.067697071 0.038263015 0.012725323 0.003840006 0.999179304
1341846363.159870 -0.387825906 -0.052860320 0.062911570 0.038988624 0.015730830 0.000294097 0.999115765
1341846363.195966 -0.402411491 -0.050852165 0.073144078 0.041665222 0.020259554 0.002804965 0.998922288
1341846363.227902 -0.412912786 -0.054533251 0.086386554 0.043415613 0.018457031 0.007215540 0.998860538
1341846363.259977 -0.412915081 -0.065335639 0.086343177 0.045228612 0.015432201 0.013013443 0.998772681
1341846363.296031 -0.422928840 -0.061562382 0.080809124 0.049293984 0.018273514 0.015756691 0.998492837
1341846363.328065 -0.434492379 -0.058323607 0.087845460 0.050073788 0.018488146 0.019393576 0.998386025
1341846363.364023 -0.439958751 -0.060289234 0.075029127 0.048068743 0.014580029 0.021888871 0.998497725
1341846363.395985 -0.449493825 -0.062972516 0.075813822 0.047241360 0.010339455 0.022180909 0.998583674
1341846363.427955 -0.454798251 -0.055154916 0.083867788 0.047664560 0.007394258 0.018457485 0.998665452
1341846363.463979 -0.466734529 -0.053557057 0.082494505 0.045957841 0.005103748 0.018201033 0.998764515
1341846363.495986 -0.475180298 -0.051046003 0.081967123 0.044303622 0.000850274 0.020651922 0.998804271
1341846363.527941 -0.482632697 -0.047210339 0.082305923 0.042352922 -0.002100958 0.022699168 0.998842597
1341846363.564057 -0.490784526 -0.050423149 0.077205509 0.038128827 -0.003979124 0.026628317 0.998910010
1341846363.596025 -0.498345107 -0.060126863 0.081352197 0.033465385 -0.008062987 0.029929882 0.998959064
1341846363.632058 -0.502540648 -0.063381724 0.092233025 0.034750689 -0.014993810 0.032893661 0.998741984
1341846363.663931 -0.503756702 -0.054410212 0.089604147 0.036725316 -0.017190902 0.031020550 0.998695850
1341846363.695998 -0.512073696 -0.051139787 0.090746433 0.035404418 -0.018792285 0.025433356 0.998872638
1341846363.732007 -0.515446067 -0.059960131 0.091208793 0.032377180 -0.024069220 0.019695444 0.998991728
1341846363.794060 -0.515286386 -0.056118421 0.090656258 0.036179353 -0.037167225 0.022715835 0.998395562
1341846363.826406 -0.500315666 -0.053557377 0.092524774 0.037247960 -0.040962432 0.021486083 0.998234928
1341846363.861897 -0.496320635 -0.053344250 0.094284058 0.038225915 -0.040520784 0.019543037 0.998255908
1341846363.893984 -0.491554588 -0.049516093 0.089812458 0.038539194 -0.040039800 0.018584374 0.998281598
1341846363.926076 -0.480581760 -0.044005349 0.093724556 0.036930863 -0.040874034 0.019632906 0.998288512
1341846363.962090 -0.469937474 -0.045970891 0.089202367 0.035305712 -0.039687198 0.020602496 0.998375654
1341846363.994287 -0.466509640 -0.050632194 0.085824981 0.033890456 -0.038636617 0.023613665 0.998399258
1341846364.025993 -0.455324680 -0.046540618 0.092407994 0.033604994 -0.038439341 0.023394810 0.998421669
1341846364.061809 -0.442735344 -0.047630034 0.090536088 0.032007180 -0.036332719 0.023118772 0.998559475
1341846364.094209 -0.433092475 -0.053817995 0.109642453 0.032081030 -0.034469087 0.023673441 0.998610139
1341846364.130022 -0.425823301 -0.058491051 0.112435073 0.033447206 -0.034367003 0.023819542 0.998565376
1341846364.162231 -0.411935657 -0.067530386 0.112399876 0.036095802 -0.036778111 0.023042170 0.998405457
1341846364.194049 -0.391928852 -0.065268025 0.104958929 0.040764552 -0.038665246 0.020982720 0.998199880
1341846364.230023 -0.384881765 -0.065649249 0.090233184 0.043911714 -0.039512813 0.017793681 0.998095155
1341846364.262044 -0.362458706 -0.071483128 0.101142146 0.047547441 -0.040531173 0.015224244 0.997930229
1341846364.294059 -0.351106346 -0.064397998 0.081918702 0.051854987 -0.036253151 0.011245826 0.997933030
1341846364.330003 -0.345638812 -0.061675750 0.073051579 0.051416636 -0.032393184 0.008990667 0.998111308
1341846364.362052 -0.322694212 -0.067064300 0.084582254 0.050204981 -0.030481394 0.008901355 0.998233974
1341846364.397902 -0.309212685 -0.069089398 0.065023109 0.051007897 -0.024090951 0.006583292 0.998385966
1341846364.430108 -0.298809320 -0.065562941 0.076646671 0.051755894 -0.019373463 0.004973812 0.998459458
1341846364.462063 -0.282705098 -0.067856416 0.069854788 0.050930854 -0.016359979 0.003633190 0.998561621
1341846364.498091 -0.272086889 -0.066378646 0.078233294 0.051091880 -0.011601131 0.001343929 0.998625696
1341846364.530058 -0.263919830 -0.065751977 0.080795862 0.050553352 -0.008291673 -0.000687269 0.998686731
1341846364.561952 -0.247730091 -0.063769005 0.078129731 0.051019564 -0.005489107 -0.004710732 0.998671472
1341846364.597928 -0.233192235 -0.060454778 0.076393694 0.049663082 -0.002381968 -0.007219267 0.998737097
1341846364.629950 -0.230417207 -0.073463596 0.073828727 0.048030209 0.000362380 -0.006623525 0.998823881
1341846364.665991 -0.219932094 -0.076630183 0.052479051 0.049011886 0.000091763 -0.005349939 0.998783827
1341846364.698004 -0.211424336 -0.073722050 0.054104716 0.049441796 -0.001899447 -0.004351104 0.998765707
1341846364.730097 -0.200355053 -0.073369861 0.070181243 0.049628645 -0.003095353 -0.003394654 0.998757184
1341846364.766057 -0.195158496 -0.069387048 0.062362865 0.051447496 -0.001401186 -0.003353963 0.998669088
1341846364.798632 -0.180071920 -0.065136239 0.058260873 0.051140338 -0.002417700 -0.003122948 0.998683691
1341846364.833901 -0.154566929 -0.071651921 0.047692694 0.049517728 -0.001574003 -0.004387362 0.998762369
1341846364.865923 -0.154140592 -0.074982949 0.051761881 0.050431278 0.002529640 -0.007631401 0.998695195
1341846364.897970 -0.146030411 -0.077293217 0.056368563 0.049473770 0.000762833 -0.003972812 0.998767257
1341846364.934019 -0.129614264 -0.077886820 0.038595106 0.049695048 -0.001664593 -0.002848480 0.998758972
1341846364.966047 -0.112750828 -0.069237843 0.033819854 0.050759468 0.000165962 -0.004748690 0.998699605
1341846364.998055 -0.103340335 -0.064480454 0.034526613 0.048001714 0.001788887 -0.005371221 0.998831213
1341846365.034125 -0.099150144 -0.057924323 0.027599128 0.042873293 0.000160236 -0.003904280 0.999072850
1341846365.066106 -0.083159298 -0.061238907 0.028546503 0.038370907 -0.002641674 -0.005476943 0.999245048
1341846365.101953 -0.062220503 -0.061496634 0.022987520 0.036513925 -0.000597204 -0.011481900 0.999266982
1341846365.133922 -0.063967548 -0.059102669 0.042685784 0.033812180 0.006082587 -0.019493137 0.999219596
1341846365.165953 -0.056128815 -0.063130409 0.046212096 0.030502521 0.008759087 -0.021114020 0.999273300
1341846365.201856 -0.023441469 -0.078837372 0.015524571 0.029120276 0.010201393 -0.023376839 0.999250472
1341846365.234093 -0.007628947 -0.073783800 0.040694308 0.031244386 0.014182392 -0.022449564 0.999158978
1341846365.266094 0.000132100 -0.079409577 0.042832166 0.034461845 0.019957708 -0.016905658 0.999063730
1341846365.302078 0.011402044 -0.075846396 0.050184287 0.040684827 0.023426855 -0.010992011 0.998836875
1341846365.334027 0.030294577 -0.074994110 0.046333127 0.045380503 0.026941966 -0.009255076 0.998563528
1341846365.369945 0.050382182 -0.072957262 0.037560571 0.048337057 0.032434765 -0.008819490 0.998265386
1341846365.401963 0.051651794 -0.071586505 0.018590175 0.049374539 0.038666435 -0.006441495 0.998010814
1341846365.434082 0.066751949 -0.066219337 0.025494864 0.049971811 0.042003401 -0.007832265 0.997836292
1341846365.469939 0.097260796 -0.050441954 0.025842158 0.046160497 0.046521317 -0.009439746 0.997805536
1341846365.502100 0.081180051 -0.062348627 0.049058404 0.038620975 0.054315731 -0.012558741 0.997697592
1341846365.533844 0.080601871 -0.073283337 0.057749365 0.036072068 0.054500211 -0.008419098 0.997826457
1341846365.569876 0.095779635 -0.073137984 0.034723040 0.037623525 0.051989820 -0.003627559 0.997932076
1341846365.601930 0.110230736 -0.067670494 0.024680465 0.036862083 0.050464608 0.000154900 0.998045385
1341846365.637899 0.118475199 -0.070509970 0.040123165 0.035191674 0.050738819 0.003269551 0.998086393
1341846365.669890 0.122528985 -0.061257653 0.046890032 0.036023244 0.051872857 0.004468019 0.997993767
1341846365.701977 0.140178576 -0.063784018 0.029885190 0.032408450 0.050609633 0.005380597 0.998178065
1341846365.738098 0.153383702 -0.076751232 0.022951311 0.030689031 0.053127866 0.004285026 0.998106837
1341846365.770026 0.156282991 -0.078903370 0.027293090 0.032889951 0.055392094 0.004559853 0.997912407
1341846365.805834 0.163269296 -0.077045068 0.028664887 0.035667889 0.053400241 0.007336382 0.997909009
1341846365.837937 0.173040494 -0.072704166 0.026460296 0.037836816 0.050776109 0.009047052 0.997952044
1341846365.869952 0.184791788 -0.067399152 0.024619130 0.040223513 0.050647013 0.007899807 0.997875035
1341846365.906411 0.207823977 -0.060305055 -0.021110527 0.038887296 0.048258536 0.008888922 0.998037994
1341846365.938000 0.209883288 -0.069408499 -0.012078905 0.035799365 0.048531808 0.010638708 0.998123169
1341846365.970022 0.220532522 -0.074989460 -0.015558485 0.037013147 0.047609314 0.015440947 0.998060644
1341846366.006126 0.239007682 -0.070323713 -0.020484431 0.039042298 0.045903306 0.021174565 0.997958004
1341846366.043876 0.246067047 -0.065230623 -0.019499132 0.039314210 0.046769314 0.024465227 0.997831881
1341846366.076490 0.254769057 -0.059148595 -0.021574417 0.038949590 0.048516598 0.026252626 0.997717321
1341846366.111888 0.279381007 -0.048596386 -0.034292664 0.035539649 0.050970178 0.029490585 0.997631848
1341846366.143907 0.280612051 -0.048265304 -0.026112674 0.030687664 0.056945819 0.030903913 0.997426867
1341846366.176044 0.282485545 -0.051420234 -0.020318028 0.026283395 0.059551451 0.035523642 0.997246623
1341846366.212022 0.285950363 -0.053235520 -0.024451759 0.025184618 0.060578436 0.038569741 0.997099996
1341846366.243981 0.308629274 -0.048842352 -0.023810070 0.023835933 0.060173173 0.042404871 0.997001946
1341846366.280032 0.312989652 -0.041476138 -0.022654150 0.021154309 0.061926950 0.043581802 0.996904314
1341846366.344115 0.325350463 -0.041025519 -0.015976401 0.013046460 0.061476815 0.042401504 0.997122109
1341846366.406057 0.335190624 -0.044323757 -0.012312188 0.011436608 0.063107975 0.045482662 0.996904135
1341846366.442042 0.347604305 -0.039356768 -0.017114708 0.012521771 0.062411092 0.046224549 0.996900856
1341846366.506117 0.354690880 -0.038160801 -0.004556133 0.012780740 0.065563507 0.049355485 0.996545076
1341846366.542004 0.362052292 -0.033901401 -0.008855497 0.013205796 0.064635165 0.048745275 0.996630251
1341846366.573848 0.374498755 -0.024393190 -0.009380091 0.012695094 0.065935045 0.048179604 0.996579230
1341846366.610058 0.368764788 -0.027112957 -0.009270920 0.010178596 0.068240106 0.048861917 0.996419668
1341846366.642206 0.384090751 -0.027562525 -0.012153157 0.008547103 0.067547046 0.049634088 0.996444106
1341846366.674164 0.387717366 -0.025351536 -0.010594921 0.007519579 0.069878004 0.050131783 0.996266723
1341846366.710207 0.390235215 -0.008317512 -0.009407542 0.006730176 0.069977008 0.051930830 0.996173263
1341846366.741976 0.400222600 -0.011448751 -0.012775884 0.003066839 0.069990993 0.050639305 0.996256769
1341846366.773916 0.408548981 -0.014746495 -0.013675189 0.001973958 0.073256485 0.049903598 0.996061862
1341846366.810122 0.405293792 -0.010360338 -0.007711382 0.002443373 0.075429454 0.053882081 0.995691299
1341846366.841893 0.411294699 -0.013866609 -0.011906614 0.002409627 0.074172422 0.055637941 0.995689213
1341846366.878062 0.418050200 -0.010847855 -0.014600907 0.004124599 0.074573472 0.054147154 0.995735824
1341846366.909933 0.425601751 -0.006825841 -0.016490042 0.005331076 0.075597368 0.056178022 0.995540380
1341846366.941941 0.424541771 -0.002522113 -0.018851032 0.004379354 0.076620780 0.056841251 0.995429099
1341846366.977906 0.440294325 -0.007373824 -0.027445886 0.002498517 0.076922134 0.056135930 0.995452404
1341846367.009852 0.451800972 -0.004234449 -0.030921893 0.002329136 0.080145910 0.058132075 0.995083869
1341846367.045944 0.456546396 -0.009273428 -0.033018071 0.001798159 0.084058546 0.059262320 0.994695365
1341846367.077914 0.461495101 -0.005926047 -0.040144239 0.004104493 0.089996479 0.058095373 0.994237721
1341846367.110077 0.477745026 0.002094267 -0.032135371 0.005669988 0.094474830 0.059674386 0.993720949
1341846367.145997 0.475652754 -0.002054992 -0.033378173 0.005000286 0.098237686 0.061834112 0.993227541
1341846367.177894 0.485104412 -0.008305584 -0.036950901 0.006260393 0.100154646 0.064031005 0.992889643
1341846367.209903 0.494305789 0.000519798 -0.056802243 0.010083082 0.104620725 0.063598834 0.992425323
1341846367.245970 0.488715589 0.007519156 -0.058353286 0.008894875 0.110626958 0.067446209 0.991530895
1341846367.277966 0.502109528 -0.002627362 -0.045362700 0.006297378 0.111621037 0.071985744 0.991120160
1341846367.314058 0.506138265 0.004456102 -0.052628826 0.009091818 0.113989353 0.071019344 0.990898609
1341846367.346333 0.516987264 0.017891718 -0.055943053 0.010490391 0.117649734 0.072083659 0.990379930
1341846367.378615 0.508300483 0.015279723 -0.058021527 0.007556946 0.121306293 0.074903257 0.989756107
1341846367.413946 0.515001059 0.010813633 -0.063498624 0.005671229 0.121305697 0.076066941 0.989679992
1341846367.446060 0.526892662 0.020717993 -0.066925094 0.005686130 0.122873425 0.076929130 0.989419878
1341846367.478095 0.529158413 0.019117914 -0.059312776 0.003355555 0.125657856 0.080708325 0.988779545
1341846367.514115 0.534130991 0.016840423 -0.052612651 0.003422679 0.124779932 0.086509816 0.988399863
1341846367.546096 0.538020611 0.022106268 -0.057472043 0.007822371 0.124337584 0.087482467 0.988344967
1341846367.581982 0.543990850 0.033133414 -0.066304535 0.009827416 0.124661975 0.089459740 0.988109171
1341846367.613951 0.542868257 0.033566616 -0.065630540 0.007720523 0.124009870 0.092812598 0.987900674
1341846367.645894 0.552131772 0.032687265 -0.071234733 0.006669188 0.123024873 0.090524793 0.988243699
1341846367.682223 0.557520032 0.030276973 -0.071474336 0.006598828 0.125897974 0.090143047 0.987917185
1341846367.714019 0.560466349 0.029439958 -0.072498299 0.007610539 0.127353236 0.092889309 0.987468898
1341846367.745904 0.559445798 0.035521414 -0.074581288 0.009486741 0.129186228 0.093196295 0.987185538
1341846367.781973 0.566583633 0.035618346 -0.078780204 0.010547477 0.130391464 0.092877187 0.987046421
1341846367.813986 0.580842435 0.033716541 -0.084593721 0.009048573 0.130293548 0.096055262 0.986770034
1341846367.850189 0.578177154 0.031137215 -0.089035936 0.008389723 0.133474052 0.094362050 0.986514091
1341846367.881960 0.576901019 0.036586206 -0.084385440 0.007891111 0.134688675 0.095019579 0.986289978
1341846367.914064 0.579194784 0.040910143 -0.082704172 0.004898954 0.134094656 0.096434705 0.986252964
1341846367.950095 0.585188925 0.029449740 -0.079500727 0.002001069 0.134896994 0.096422434 0.986154914
1341846367.981916 0.584886134 0.031431448 -0.080374204 0.003861428 0.137794718 0.094679423 0.985917628
1341846368.017965 0.581400156 0.032583710 -0.078775942 0.003023396 0.138692096 0.097452596 0.985524416
1341846368.050897 0.576380610 0.029967064 -0.071695194 0.002104995 0.137692571 0.097913295 0.985621274
1341846368.082322 0.574297428 0.029986771 -0.075687721 0.002475653 0.138031021 0.094614774 0.985895216
1341846368.118029 0.570429146 0.034183696 -0.073103234 0.002719745 0.138326004 0.095414534 0.985776126
1341846368.150026 0.566938221 0.029863095 -0.066200659 0.000850711 0.136799291 0.097533077 0.985785246
1341846368.181952 0.560831070 0.023692226 -0.065839425 0.002412954 0.136428848 0.094949976 0.986086130
1341846368.217882 0.560173690 0.033559863 -0.069692425 0.004402755 0.136247188 0.095067151 0.986093104
1341846368.250223 0.558776021 0.034338351 -0.067583628 0.002091293 0.135658517 0.096726030 0.986020505
1341846368.286003 0.551855147 0.027243763 -0.061114002 0.000239252 0.136288971 0.095086448 0.986095250
1341846368.317994 0.543245018 0.031571008 -0.059810273 0.000167028 0.135505319 0.093745559 0.986331642
1341846368.350010 0.537181914 0.039275460 -0.055159625 -0.002537103 0.132393643 0.094627284 0.986666739
1341846368.385949 0.523657680 0.031965040 -0.052484680 -0.006259522 0.130405009 0.091994792 0.987163782
1341846368.417845 0.528356493 0.023720402 -0.053237222 -0.008465184 0.126646593 0.090261124 0.987796485
1341846368.450062 0.516005039 0.027846552 -0.037984587 -0.008858258 0.125766262 0.087974735 0.988111734
1341846368.485968 0.511925042 0.020516120 -0.032614980 -0.010946725 0.121549658 0.087803587 0.988633573
1341846368.517939 0.510254562 0.011724705 -0.036443602 -0.011237626 0.118282728 0.086253792 0.989162862
1341846368.554171 0.503125966 0.015991714 -0.031180022 -0.009120000 0.116492778 0.085809119 0.989435732
1341846368.618123 0.489665419 0.016983632 -0.029953610 -0.010303209 0.110528238 0.080045514 0.990590751
1341846368.654302 0.484175473 0.008672422 -0.026661539 -0.011507125 0.109897494 0.077044457 0.990885615
1341846368.685914 0.473087966 0.005223139 -0.017569423 -0.010315400 0.107943542 0.075428747 0.991237760
1341846368.717980 0.469965786 0.003084126 -0.021841165 -0.009201566 0.104617186 0.073271133 0.991767108
1341846368.786190 0.459706903 -0.004391039 -0.021037593 -0.005989644 0.102813996 0.072943158 0.992004395
1341846368.821968 0.450393766 -0.001975628 -0.028721264 -0.004094132 0.100545458 0.070637062 0.992413342
1341846368.853991 0.448124647 0.003071656 -0.026108194 -0.004327496 0.100529805 0.067070462 0.992661357
1341846368.885978 0.439819753 -0.007615082 -0.021850638 -0.005738846 0.101375550 0.063924201 0.992775798
1341846368.923221 0.432358086 -0.014202416 -0.018649325 -0.004190888 0.099742547 0.063627608 0.992967963
1341846368.953942 0.422426820 -0.012484331 -0.023245325 -0.001119490 0.098217577 0.060801961 0.993305147
1341846368.986016 0.413271487 -0.004244240 -0.023946496 0.001045295 0.096860208 0.058978885 0.993548453
1341846369.021938 0.410124898 -0.007397825 -0.016358608 0.000801198 0.095297903 0.058709621 0.993715703
1341846369.053927 0.403154314 -0.009022832 -0.027046850 0.001142290 0.095983654 0.053518396 0.993942499
1341846369.090047 0.396086425 -0.010268839 -0.022633504 0.001950323 0.097197026 0.049506776 0.994031191
1341846369.121845 0.384011060 -0.020264631 -0.014309957 0.002985643 0.097649142 0.050655659 0.993926406
1341846369.154351 0.380736887 -0.026219083 -0.006377416 0.007081617 0.095700450 0.051855311 0.994033337
1341846369.189885 0.378006339 -0.017225590 -0.013630185 0.011019769 0.095113054 0.049357478 0.994181037
1341846369.222188 0.370688945 -0.014139094 -0.011960719 0.010342804 0.096988246 0.047270995 0.994108498
1341846369.257947 0.360741436 -0.026781484 -0.007486824 0.009045705 0.098418422 0.046291724 0.994026661
1341846369.289994 0.355058014 -0.031027263 -0.006738368 0.011383327 0.097932786 0.046554558 0.994038343
1341846369.322196 0.349595159 -0.029365066 -0.013098940 0.014180052 0.098059423 0.047413804 0.993949294
1341846369.357830 0.342754871 -0.028177423 -0.014208829 0.014622842 0.099496663 0.046412926 0.993847251
1341846369.390267 0.336674750 -0.030415948 -0.010637661 0.014415370 0.100063555 0.044758908 0.993869245
1341846369.422057 0.327476948 -0.031699136 -0.009048820 0.014668522 0.100491211 0.044364441 0.993840098
1341846369.457950 0.313324481 -0.035906114 -0.004610114 0.014847454 0.101340033 0.043904047 0.993771672
1341846369.490144 0.298660874 -0.040257771 -0.002362197 0.016764857 0.099752128 0.044392306 0.993880153
1341846369.526405 0.287964195 -0.033912238 -0.012445280 0.018767096 0.096798524 0.045563858 0.994083405
1341846369.557969 0.279028147 -0.038327608 -0.005668005 0.018618971 0.094258592 0.046635594 0.994280517
1341846369.590093 0.269177020 -0.041209102 -0.006282592 0.020116186 0.090714432 0.048116289 0.994510472
1341846369.625895 0.257543266 -0.037373409 -0.006278630 0.021714831 0.088680550 0.048301701 0.994651258
1341846369.657961 0.251014799 -0.036184855 -0.006666410 0.021343337 0.086830087 0.048007347 0.994836807
1341846369.690135 0.238919824 -0.040802136 -0.002789101 0.021364044 0.085353725 0.049686059 0.994881690
1341846369.726074 0.223396212 -0.042699613 -0.009422954 0.023151994 0.082150243 0.051900014 0.994998336
1341846369.757962 0.215549812 -0.039035428 -0.010268263 0.024832122 0.078692257 0.052795250 0.995190203
1341846369.793964 0.204593629 -0.036600575 -0.005525727 0.024962921 0.076980017 0.053463172 0.995285213
1341846369.826161 0.189690098 -0.038882542 -0.005921572 0.024057958 0.074659824 0.054284617 0.995439768
1341846369.858015 0.181757435 -0.039690349 -0.001015294 0.024245841 0.070962466 0.053829923 0.995730281
1341846369.893954 0.175268829 -0.036854912 0.002789112 0.024554940 0.068107374 0.054899588 0.995863676
1341846369.926051 0.159163073 -0.038874470 -0.003301810 0.023611335 0.066590123 0.054046951 0.996035755
1341846369.958062 0.139507249 -0.041695472 -0.007692147 0.023385404 0.062868729 0.051651038 0.996409953
1341846369.994037 0.138115153 -0.041265126 0.005234575 0.023268681 0.058129642 0.050663035 0.996751130
1341846370.026058 0.128604442 -0.044887111 0.003867656 0.023737805 0.056395635 0.050448228 0.996850550
1341846370.062000 0.112536266 -0.040956177 -0.002322782 0.024053222 0.052222095 0.052812595 0.996947885
1341846370.094135 0.107891671 -0.030103015 -0.005217116 0.023731345 0.047701716 0.051499341 0.997250795
1341846370.126153 0.109660782 -0.043811914 0.007850795 0.021981044 0.046772107 0.052986536 0.997257054
1341846370.162082 0.094912678 -0.039268177 0.008596305 0.023548154 0.047758527 0.054690626 0.997082531
1341846370.194044 0.087097846 -0.037528723 -0.000330404 0.023481647 0.045819826 0.055291265 0.997141957
1341846370.230152 0.084302738 -0.044213627 0.012826483 0.024825998 0.045276333 0.057475995 0.997010648
1341846370.262175 0.075165898 -0.035274964 -0.000038771 0.026695844 0.046187725 0.054568134 0.997083962
1341846370.294216 0.066260450 -0.037628286 -0.002443438 0.027023155 0.047686711 0.051022001 0.997192323
1341846370.329892 0.051859997 -0.042709328 0.011049144 0.026423950 0.046529453 0.047985438 0.997413754
1341846370.361939 0.047342539 -0.045593090 0.018133845 0.027158532 0.044542041 0.044199459 0.997659683
1341846370.394073 0.030678501 -0.043427475 0.008429655 0.028608581 0.042376645 0.043833118 0.997729659
1341846370.429985 0.026114864 -0.036194708 0.008380356 0.028923519 0.035552699 0.043323617 0.998009264
1341846370.462095 0.018196698 -0.029249042 0.012281348 0.027087750 0.030620670 0.042258304 0.998269916
1341846370.498034 0.014408150 -0.028452560 0.013944684 0.023661705 0.025849177 0.042278085 0.998491108
1341846370.530176 0.008432399 -0.029705815 0.005718274 0.020379888 0.024318872 0.040303323 0.998683572
1341846370.561949 -0.000890681 -0.023561820 0.003767165 0.017074475 0.020457320 0.042121354 0.998757064
1341846370.597989 -0.001184474 -0.017237738 0.008134884 0.012506244 0.017060354 0.043409377 0.998833358
1341846370.629913 -0.006945320 -0.025032703 0.018391997 0.007443243 0.017311322 0.043925840 0.998857081
1341846370.662062 -0.012196145 -0.029594656 0.010766902 0.005991993 0.016384894 0.043744609 0.998890340
1341846370.697981 -0.016372308 -0.024194414 0.015719432 0.003993276 0.015440200 0.043588080 0.998922288
1341846370.730015 -0.016306542 -0.038247943 0.012670362 0.000059083 0.015531995 0.041452162 0.999019742
1341846370.766182 -0.015716590 -0.043827794 0.006336477 0.000691161 0.018154714 0.037951011 0.999114394
1341846370.797966 -0.021691795 -0.035912901 -0.002471734 -0.000621884 0.020725744 0.036003835 0.999136508
1341846370.830023 -0.025826626 -0.055194378 0.005347569 -0.004826456 0.021844557 0.034308564 0.999160826
1341846370.866186 -0.023107871 -0.066135682 0.000128641 -0.002534456 0.022132644 0.034361556 0.999161124
1341846370.897994 -0.023967300 -0.060835898 0.000267482 -0.002316751 0.024046252 0.035944369 0.999061704
1341846370.929983 -0.025967166 -0.081125475 -0.001282274 -0.005023845 0.024951378 0.037633535 0.998967409
1341846370.971974 -0.019534500 -0.093160369 -0.001548356 -0.001767169 0.025358224 0.037823088 0.998961091
1341846371.034127 -0.023190720 -0.108042821 -0.009793443 0.003650644 0.032008804 0.039495643 0.998700202
1341846371.066883 -0.025619499 -0.105064273 -0.006726320 0.005503804 0.034796827 0.038710415 0.998629212
1341846371.098209 -0.026035603 -0.111687131 -0.011925013 0.003053709 0.038822703 0.035363887 0.998615444
1341846371.134068 -0.024012456 -0.119440921 -0.012153632 0.001252128 0.041860085 0.033873960 0.998548269
1341846371.165993 -0.028996166 -0.124525242 -0.009053105 -0.001573793 0.044948794 0.034522973 0.998391330
1341846371.197951 -0.030224936 -0.135804504 -0.009374304 -0.004684251 0.045704234 0.035065636 0.998328388
1341846371.233950 -0.021793626 -0.142941907 -0.013747829 -0.005498521 0.045843910 0.035807498 0.998291433
1341846371.266433 -0.024667419 -0.133807361 -0.015774015 -0.007337177 0.049528144 0.035415258 0.998117685
1341846371.302051 -0.025731556 -0.138374761 -0.014498871 -0.013993070 0.052368481 0.036470581 0.997863531
1341846371.334010 -0.020446679 -0.146394297 -0.016977096 -0.020455560 0.055384278 0.034524191 0.997658372
1341846371.366198 -0.020063786 -0.157708570 -0.013370183 -0.025826672 0.061318204 0.031543147 0.997285366
1341846371.402482 -0.031246345 -0.175462663 -0.011452400 -0.029477349 0.065096401 0.032527041 0.996913016
1341846371.434055 -0.030414328 -0.189516604 -0.017101327 -0.029057654 0.063988857 0.034671146 0.996924758
1341846371.469998 -0.024873992 -0.195044875 -0.022646768 -0.026492892 0.063862786 0.032985196 0.997061491
1341846371.501933 -0.029782448 -0.201670289 -0.020483654 -0.024519285 0.066798069 0.030534474 0.996997714
1341846371.534269 -0.030495109 -0.204150975 -0.030198740 -0.023979502 0.066253357 0.030952720 0.997034311
1341846371.570100 -0.033947479 -0.217783213 -0.028088896 -0.025063071 0.064451084 0.027875060 0.997216582
1341846371.602162 -0.025738789 -0.229621977 -0.032699078 -0.023422400 0.062725134 0.025592754 0.997427642
1341846371.634012 -0.033137720 -0.231420308 -0.032995008 -0.021536371 0.064714745 0.024017291 0.997382283
1341846371.669927 -0.039364263 -0.239081994 -0.033476811 -0.021322973 0.062423188 0.022623936 0.997565448
1341846371.702051 -0.023524331 -0.241741434 -0.042539492 -0.021188272 0.058988646 0.020752285 0.997817993
1341846371.737891 -0.025671149 -0.255246490 -0.039979570 -0.022742696 0.062051691 0.016100382 0.997683883
1341846371.769979 -0.035024669 -0.257149309 -0.036528353 -0.021164807 0.061904471 0.015734384 0.997733593
1341846371.802101 -0.034906268 -0.255677074 -0.035527792 -0.020551477 0.059072684 0.017846426 0.997882545
1341846371.837951 -0.029399035 -0.263993859 -0.038656514 -0.021037687 0.056445330 0.020021271 0.997983217
1341846371.870043 -0.022315200 -0.260534018 -0.049564868 -0.021794979 0.056015614 0.022055928 0.997948289
1341846371.902330 -0.020116244 -0.262799650 -0.050581720 -0.026505254 0.057843592 0.021880060 0.997733891
1341846371.938165 -0.021397794 -0.268862188 -0.049857330 -0.031792395 0.059325956 0.019266635 0.997546256
1341846371.969938 -0.008539416 -0.274780184 -0.039271500 -0.036235001 0.062407613 0.017059708 0.997246861
1341846372.005861 -0.016339634 -0.287524521 -0.025448380 -0.039172456 0.068099163 0.015071452 0.996795297
1341846372.038440 -0.024803236 -0.298444211 -0.024324240 -0.036580320 0.068767831 0.015214025 0.996845722
1341846372.070518 -0.015770106 -0.297641188 -0.026973473 -0.033862155 0.066859432 0.015188810 0.997071922
1341846372.111944 -0.014665958 -0.305215359 -0.024793290 -0.033397872 0.068015911 0.012462502 0.997047186
1341846372.143876 -0.019242357 -0.311176121 -0.032916356 -0.030535346 0.068649992 0.008334911 0.997138560
1341846372.179919 -0.021783434 -0.314208895 -0.036950052 -0.027354753 0.068345711 0.005924873 0.997269034
1341846372.212119 -0.026464475 -0.325487971 -0.032673579 -0.025085017 0.066384003 0.004367560 0.997469246
1341846372.244067 -0.028923646 -0.333141506 -0.030648736 -0.020483976 0.063294403 0.001490084 0.997783542
1341846372.279961 -0.030376650 -0.347314179 -0.032713674 -0.015738113 0.061344907 -0.001210657 0.997991800
1341846372.312076 -0.029412480 -0.347307116 -0.031348374 -0.009195097 0.058697723 -0.004252420 0.998224437
1341846372.347910 -0.026499953 -0.350240946 -0.030629512 -0.005367832 0.056190953 -0.006264103 0.998385966
1341846372.379906 -0.020013427 -0.355208397 -0.032269806 -0.001601262 0.051725443 -0.006191375 0.998640835
1341846372.412137 -0.011935914 -0.354260743 -0.028994190 0.002418708 0.048473891 -0.007411637 0.998794019
1341846372.447783 -0.011400731 -0.364494801 -0.030437086 0.004153800 0.047529705 -0.006270420 0.998841524
1341846372.479920 -0.026241012 -0.375943810 -0.032519713 0.007099130 0.045807242 -0.003230451 0.998919845
1341846372.516195 -0.015456066 -0.370914608 -0.028573807 0.010903155 0.041049588 -0.000885450 0.999097228
1341846372.547915 -0.000895805 -0.366379440 -0.032439113 0.010843439 0.040226474 -0.001478803 0.999130666
1341846372.579923 -0.006030155 -0.371946782 -0.024760388 0.008773013 0.041304100 -0.004097335 0.999099672
1341846372.616037 -0.007051571 -0.381592751 -0.026699539 0.007421269 0.040277507 -0.002558442 0.999157667
1341846372.647968 0.001094116 -0.378437787 -0.026092928 0.007043162 0.039575838 -0.002252462 0.999189198
1341846372.679953 0.009122984 -0.383559763 -0.027223250 0.005307570 0.040626220 -0.005454149 0.999145389
1341846372.716073 0.013094702 -0.390609503 -0.024176160 0.003912884 0.041910466 -0.004652274 0.999102890
1341846372.747919 0.007832238 -0.396793038 -0.018486807 0.003651215 0.042514898 -0.003524144 0.999082923
1341846372.783912 0.015623074 -0.399497002 -0.020639244 0.004900474 0.040897541 -0.001295108 0.999150455
1341846372.816131 0.023323884 -0.396976292 -0.019735355 0.006122520 0.042366561 -0.000052779 0.999083340
1341846372.848115 0.019380681 -0.398470402 -0.018226974 0.005941587 0.044887971 0.003163115 0.998969316
1341846372.884003 0.019022172 -0.402840197 -0.023273289 0.005717604 0.045773488 0.001607479 0.998934150
1341846372.948016 0.024887135 -0.411381245 -0.011498964 0.005699825 0.051486149 0.001489416 0.998656332
1341846373.010206 0.026428184 -0.425287455 -0.019953351 0.011070995 0.047461167 0.005088124 0.998798788
1341846373.041934 0.034823265 -0.423605829 -0.024232518 0.014156040 0.048850238 0.004343887 0.998696327
1341846373.078079 0.032007739 -0.428220928 -0.027028980 0.015571822 0.051487345 0.005056781 0.998539448
1341846373.110028 0.030729519 -0.433735341 -0.028127307 0.017840354 0.052037694 0.003668155 0.998479009
1341846373.142204 0.035954211 -0.438593358 -0.030543668 0.020266125 0.052108977 0.004237739 0.998426735
1341846373.178121 0.037750527 -0.440180123 -0.034100886 0.022504356 0.053273760 0.005284816 0.998312354
1341846373.210218 0.040193275 -0.448493838 -0.035763081 0.025140682 0.054944921 0.003443407 0.998166919
1341846373.246073 0.042702299 -0.454841226 -0.033970937 0.029466407 0.056189869 0.003522125 0.997978985
1341846373.277962 0.045122437 -0.455611199 -0.038599197 0.034835879 0.057570498 0.004365650 0.997723937
1341846373.310189 0.050193526 -0.454524279 -0.045997385 0.038191151 0.059660580 0.002599775 0.997484446
1341846373.346051 0.054639407 -0.454650968 -0.049114581 0.038448989 0.062958285 -0.000124251 0.997275233
1341846373.377993 0.047736440 -0.459096164 -0.041854948 0.037827905 0.066151477 -0.000572694 0.997092128
1341846373.410038 0.047070809 -0.462648034 -0.045552917 0.037781782 0.066889375 0.000282437 0.997044742
1341846373.446109 0.047527526 -0.463293105 -0.044534214 0.037984580 0.067167655 -0.000923166 0.997017920
1341846373.478409 0.047512207 -0.470820010 -0.041246586 0.037925635 0.067159131 0.000377601 0.997021139
1341846373.514006 0.041434884 -0.475290418 -0.042486474 0.039899658 0.066757813 0.003044790 0.996966481
1341846373.546097 0.047206011 -0.469057322 -0.044325329 0.041988783 0.063725583 0.003771045 0.997076571
1341846373.578079 0.058579866 -0.468066216 -0.048103981 0.042101603 0.064074077 0.003043876 0.997052014
1341846373.613978 0.044545826 -0.463253379 -0.045617130 0.042356770 0.067118533 0.001491412 0.996844411
1341846373.646060 0.043283299 -0.456022322 -0.042777486 0.042069271 0.065130726 0.001377538 0.996988595
1341846373.682101 0.054070357 -0.446850806 -0.043938939 0.040994789 0.064554088 0.001391815 0.997070849
1341846373.713942 0.053171109 -0.436662674 -0.044273712 0.038208481 0.067708217 0.001576263 0.996972024
1341846373.746309 0.042091928 -0.429707021 -0.042064443 0.034404282 0.069639482 0.001470324 0.996977687
1341846373.782079 0.039257847 -0.428941816 -0.033534542 0.031080775 0.068644635 0.000757969 0.997156620
1341846373.814899 0.047287110 -0.427044094 -0.039520495 0.030019814 0.068277210 -0.001053221 0.997214079
1341846373.846131 0.037736475 -0.414173961 -0.034342404 0.030201055 0.070579007 -0.003816712 0.997041583
1341846373.882197 0.026526239 -0.404254287 -0.039706428 0.029116428 0.069131561 -0.005508244 0.997167349
1341846373.914066 0.026396431 -0.393927068 -0.033407290 0.026935892 0.065381132 -0.001830767 0.997495055
1341846373.949976 0.031910274 -0.385098398 -0.030328812 0.024426069 0.063437253 0.001415702 0.997685850
1341846373.982090 0.026735788 -0.374244124 -0.029989490 0.021674901 0.063374393 0.002749900 0.997750640
1341846374.014518 0.016997539 -0.367953807 -0.030409591 0.017923813 0.061557766 0.005677633 0.997926414
1341846374.050082 0.017462557 -0.358964413 -0.027582981 0.014594986 0.058042854 0.008760274 0.998168945
1341846374.082248 0.018510906 -0.360387206 -0.026035696 0.011399566 0.056397747 0.008951654 0.998303175
1341846374.114063 0.018045543 -0.346462965 -0.029174257 0.009846631 0.056877065 0.009793968 0.998284578
1341846374.150230 0.008624830 -0.352705389 -0.024545036 0.006667935 0.056787863 0.009493909 0.998318851
1341846374.181949 0.008174467 -0.345326155 -0.023323731 0.008062558 0.054257460 0.010271161 0.998441577
1341846374.217985 0.010543804 -0.337941647 -0.025803398 0.009583039 0.052737292 0.013699801 0.998468459
1341846374.250018 0.011481347 -0.319159001 -0.028067088 0.010751150 0.053414665 0.014479198 0.998409510
1341846374.281921 0.006633309 -0.302301615 -0.024262147 0.008764954 0.054579940 0.013638555 0.998377800
1341846374.318502 0.006324063 -0.299848080 -0.026108649 0.005255475 0.054905951 0.013105609 0.998391688
1341846374.350047 0.003086156 -0.286641628 -0.028251585 0.002329560 0.056605473 0.014018481 0.998295486
1341846374.382011 -0.004869751 -0.284351408 -0.024839234 -0.001468407 0.056970220 0.012873677 0.998291790
1341846374.418020 -0.008675988 -0.274458677 -0.020044087 -0.002622475 0.055190593 0.013212357 0.998384953
1341846374.450160 -0.008989355 -0.265967041 -0.016199980 -0.004424923 0.053557228 0.013331221 0.998465955
1341846374.486170 -0.001220158 -0.258246899 -0.016069423 -0.006828802 0.052122947 0.013512680 0.998525918
1341846374.524087 -0.008016450 -0.253023028 -0.013039469 -0.010399409 0.052379385 0.012828627 0.998490751
1341846374.586056 -0.013806823 -0.238160148 -0.002339839 -0.014810516 0.047553670 0.012484083 0.998680890
1341846374.617848 -0.022419283 -0.240033388 0.004522185 -0.016904622 0.046579346 0.013815118 0.998676002
1341846374.654133 -0.022764016 -0.231433302 0.002294845 -0.016344734 0.042954478 0.016355259 0.998809397
1341846374.685940 -0.021429947 -0.217552811 0.002968870 -0.014986550 0.039933305 0.018901328 0.998911142
1341846374.718159 -0.024978492 -0.212107971 0.002358175 -0.015135005 0.038009897 0.022394627 0.998911738
1341846374.754050 -0.024101270 -0.204240084 0.002958660 -0.014017661 0.034642737 0.024207715 0.999008179
1341846374.786226 -0.024972368 -0.191279337 0.001749495 -0.012938563 0.032621861 0.024972936 0.999071956
1341846374.818164 -0.025987646 -0.190936908 0.005043640 -0.012787123 0.031728592 0.024351947 0.999117970
1341846374.854017 -0.029989066 -0.184449792 0.002640535 -0.009903261 0.030238200 0.023346545 0.999220967
1341846374.886253 -0.037664246 -0.180393398 0.020082537 -0.008021270 0.028249510 0.022737050 0.999310076
1341846374.921999 -0.033828210 -0.171488449 0.016868398 -0.005286805 0.025593074 0.022956034 0.999394834
1341846374.953860 -0.035443101 -0.163639024 0.017749706 -0.003431517 0.024176212 0.024009001 0.999413490
1341846374.985929 -0.039779697 -0.158080474 0.015981926 -0.002806449 0.022022543 0.024568329 0.999451637
1341846375.022029 -0.035318445 -0.156398118 0.023093928 -0.000651671 0.019465795 0.026940962 0.999447286
1341846375.053968 -0.036809213 -0.152316883 0.014107755 0.003673146 0.017839922 0.030178238 0.999378562
1341846375.085937 -0.036649160 -0.144393593 0.014580464 0.007212738 0.016824467 0.031839881 0.999325335
1341846375.122015 -0.037031099 -0.129118681 0.011575525 0.008318717 0.016876318 0.029404206 0.999390483
1341846375.190345 -0.037723228 -0.125035137 0.012461057 0.003891599 0.023089368 0.023945646 0.999439001
1341846375.222041 -0.042382598 -0.124604255 0.014797843 0.004383413 0.023259858 0.021869134 0.999480605
1341846375.254127 -0.034230992 -0.120365590 0.015694501 0.006272418 0.022373712 0.022842033 0.999469042
1341846375.289892 -0.036405645 -0.118319981 0.017118642 0.009325716 0.024639167 0.023169873 0.999384344
1341846375.322192 -0.042964231 -0.107573554 0.008480287 0.012763419 0.025069248 0.024470193 0.999304652
1341846375.354172 -0.044534486 -0.085680537 0.006942580 0.012469154 0.024793504 0.023530411 0.999337852
1341846375.390033 -0.036988586 -0.073276833 0.008333685 0.008152572 0.025816401 0.020956818 0.999413729
1341846375.422976 -0.043861091 -0.068901144 0.011839817 0.002273206 0.028843019 0.017490875 0.999428332
1341846375.458036 -0.043810390 -0.060340442 0.009235186 -0.002280940 0.027246915 0.018670829 0.999451756
1341846375.489941 -0.036990762 -0.063901432 0.017869089 -0.007289448 0.026094953 0.019068222 0.999450982
1341846375.521981 -0.038854286 -0.067817479 0.020493228 -0.008333651 0.027282838 0.019274276 0.999407172
1341846375.557947 -0.044882976 -0.063400842 0.017980849 -0.006274474 0.026404513 0.022983128 0.999367416
1341846375.590116 -0.042256076 -0.060017448 0.023965511 -0.003972501 0.022829950 0.027389117 0.999356210
1341846375.622399 -0.034464866 -0.052132268 0.023724416 0.000052805 0.021779664 0.029637564 0.999323428
1341846375.658264 -0.034329537 -0.047654208 0.025896387 0.003536968 0.023219401 0.031310260 0.999233723
1341846375.690116 -0.039053716 -0.042547442 0.027853403 0.008350710 0.022711745 0.035800751 0.999065936
1341846375.726080 -0.031458490 -0.034446444 0.029595604 0.016248133 0.020427208 0.040669754 0.998831689
1341846375.757947 -0.037684679 -0.029343462 0.031028807 0.023914266 0.020647362 0.044776220 0.998497307
1341846375.789914 -0.037819203 -0.019008977 0.034849744 0.030436255 0.018665528 0.048201758 0.998199284
1341846375.826111 -0.038698658 0.003396195 0.037060022 0.034766130 0.017187653 0.047368996 0.998124242
1341846375.858282 -0.047698788 0.025633037 0.032087609 0.032560572 0.016078033 0.043926168 0.998374581
1341846375.893889 -0.039383821 0.034208473 0.037823442 0.021759827 0.011800688 0.043532435 0.998745322
1341846375.926121 -0.043075867 0.044949371 0.043118749 0.015966641 0.011917540 0.040086046 0.998997569
1341846375.958089 -0.046969727 0.056000911 0.046114959 0.011106320 0.013085295 0.039930686 0.999055028
1341846375.994060 -0.044390995 0.063376829 0.053283677 0.006932850 0.013045957 0.040996060 0.999050081
1341846376.026115 -0.040613629 0.066194370 0.059356973 0.005144991 0.014628235 0.042957552 0.998956561
1341846376.057999 -0.044134170 0.075106651 0.063341089 0.006388057 0.016930530 0.043643985 0.998883247
1341846376.094015 -0.041451596 0.091292560 0.066668466 0.006779260 0.018709194 0.045918733 0.998746932
1341846376.126126 -0.044873748 0.097373351 0.068247594 0.005564079 0.022960607 0.045055412 0.998705089
1341846376.162125 -0.049823202 0.109143317 0.070157297 0.003434781 0.027168417 0.044213220 0.998646736
1341846376.194033 -0.054991227 0.114697725 0.073805660 0.000243437 0.029195592 0.044638444 0.998576462
1341846376.226110 -0.055765718 0.121529572 0.079061426 -0.002153853 0.028777994 0.047014251 0.998477280
1341846376.262088 -0.055894136 0.124914348 0.083511136 -0.002909550 0.027464377 0.051173035 0.998307884
1341846376.293911 -0.054408886 0.130841389 0.090550594 -0.000846285 0.027540116 0.053183615 0.998204529
1341846376.326088 -0.053252175 0.136175185 0.086214267 0.001446234 0.027697723 0.054724261 0.998116255
1341846376.362076 -0.056982480 0.144422963 0.084577665 0.001803411 0.026282582 0.057309415 0.998008847
1341846376.393924 -0.052458029 0.151871130 0.089782819 0.001729871 0.025099212 0.055462606 0.998143733
1341846376.429909 -0.053025104 0.160884395 0.090562627 0.002071244 0.027641427 0.050653435 0.998331547
1341846376.462224 -0.043525171 0.165403053 0.090779126 -0.000535695 0.027001703 0.049678441 0.998400092
1341846376.494092 -0.044620439 0.165965036 0.095589213 -0.001801402 0.026271261 0.049048599 0.998449206
1341846376.529992 -0.040825199 0.174613461 0.098023854 -0.000974668 0.025754305 0.048794854 0.998476267
1341846376.562034 -0.040189017 0.183186948 0.102185614 -0.001264409 0.026983021 0.047307532 0.998515069
1341846376.594092 -0.044121407 0.186548859 0.102831528 -0.002708255 0.028568836 0.047214281 0.998472512
1341846376.630016 -0.039407648 0.194652975 0.105863608 -0.003733374 0.028407356 0.046444662 0.998509884
1341846376.662132 -0.036809236 0.201971009 0.109303474 -0.004211442 0.030531604 0.043937869 0.998558760
1341846376.697981 -0.041257787 0.207095116 0.112554274 -0.004897499 0.032924235 0.044358309 0.998461008
1341846376.730128 -0.040712025 0.213474765 0.115243986 -0.004953149 0.033797536 0.044573996 0.998421907
1341846376.762061 -0.051658329 0.226841196 0.113897227 -0.003915964 0.036366142 0.042523783 0.998425722
1341846376.797939 -0.052049145 0.238866284 0.113875866 -0.005936965 0.036366474 0.041189168 0.998471677
1341846376.829920 -0.050504562 0.242286310 0.118605398 -0.009666983 0.036838889 0.042868808 0.998354495
1341846376.866170 -0.053675693 0.252451479 0.119761094 -0.012005760 0.036954049 0.046562664 0.998159409
1341846376.898026 -0.048445825 0.264902085 0.119564064 -0.015449531 0.034941349 0.046794727 0.998173654
1341846376.930139 -0.042465381 0.273478985 0.120729759 -0.020048179 0.035870701 0.043213051 0.998220384
1341846376.966511 -0.045372721 0.281750143 0.123058394 -0.026170978 0.039461404 0.041678499 0.998008430
1341846376.997919 -0.046086900 0.293385357 0.128341481 -0.030614622 0.040973414 0.042970978 0.997766197
1341846377.030079 -0.045340829 0.297820538 0.135117874 -0.034343805 0.041718662 0.042870928 0.997618258
1341846377.066212 -0.048741497 0.303550661 0.133770511 -0.037930768 0.042796202 0.045265596 0.997336864
1341846377.097918 -0.051371563 0.315283388 0.148516506 -0.040868543 0.042387974 0.045259673 0.997238457
1341846377.134079 -0.055263251 0.319717973 0.149542347 -0.043884411 0.041459382 0.045162164 0.997153759
1341846377.166160 -0.053462941 0.319030911 0.150470242 -0.047710601 0.036268137 0.046682913 0.997110307
1341846377.197925 -0.060890667 0.326701343 0.153055936 -0.048624683 0.033222139 0.046260916 0.997191966
1341846377.233952 -0.055521771 0.342455477 0.151765063 -0.049564231 0.030486828 0.043858293 0.997341633
1341846377.266486 -0.050813206 0.342130393 0.156518385 -0.053687397 0.031605810 0.043005526 0.997130513
1341846377.298068 -0.055031747 0.350599319 0.154787540 -0.056541506 0.032540113 0.046173390 0.996801019
1341846377.334109 -0.054606229 0.350775778 0.157475829 -0.060539678 0.031252518 0.046992172 0.996569097
1341846377.366029 -0.052266203 0.348370492 0.156578675 -0.062654883 0.031294651 0.044902258 0.996533394
1341846377.401870 -0.053624164 0.350271642 0.156731918 -0.063720681 0.032284554 0.042753644 0.996528745
1341846377.434052 -0.049574420 0.339457542 0.158992931 -0.066328049 0.030929888 0.042939570 0.996393561
1341846377.466127 -0.050761692 0.339566171 0.160158232 -0.063629135 0.031312212 0.042523596 0.996575475
1341846377.502027 -0.052683238 0.341543108 0.157063290 -0.061686903 0.032337673 0.038812727 0.996816218
1341846377.534114 -0.048379239 0.338722825 0.155452326 -0.060640313 0.034612246 0.035926163 0.996912301
1341846377.566085 -0.050621763 0.317605108 0.158337548 -0.061704535 0.036154415 0.037080191 0.996749938
1341846377.602113 -0.050129119 0.313488722 0.158941641 -0.059358895 0.035547219 0.037835129 0.996885836
1341846377.633912 -0.046810534 0.304244190 0.163697869 -0.054598004 0.035757359 0.037317973 0.997169912
1341846377.676329 -0.047683883 0.299600750 0.148289368 -0.049705233 0.037914950 0.034240384 0.997456491
1341846377.743964 -0.044313882 0.273063421 0.145879552 -0.043848835 0.034971599 0.031099373 0.997941434
1341846377.802535 -0.042614225 0.256541014 0.137088493 -0.042775478 0.034298580 0.031729665 0.997991562
1341846377.835932 -0.043219700 0.238863364 0.138097867 -0.037580412 0.036129106 0.032431979 0.998113513
1341846377.872063 -0.060861662 0.240154684 0.131739631 -0.034155458 0.035484448 0.040157415 0.997978806
1341846377.902201 -0.047988981 0.235596508 0.136067331 -0.033756148 0.027760439 0.040386423 0.998227835
1341846377.939383 -0.041886851 0.236041233 0.142000899 -0.028286763 0.030631747 0.032714896 0.998594642
1341846377.970635 -0.048744030 0.222811878 0.114685804 -0.031853389 0.033446372 0.034637496 0.998332083
1341846378.002401 -0.042810939 0.201518193 0.126714215 -0.036941532 0.025923539 0.037481233 0.998277783
1341846378.038883 -0.036321245 0.194521576 0.120060027 -0.032908801 0.026482433 0.033942822 0.998530746
1341846378.106524 -0.029286319 0.174568132 0.102031752 -0.036517218 0.025174206 0.031887233 0.998506844
1341846378.138114 -0.027643075 0.163883060 0.104367271 -0.035128977 0.025854407 0.027226195 0.998677254
1341846378.170157 -0.026271755 0.156518281 0.090827681 -0.034663890 0.027628139 0.019516913 0.998826385
1341846378.206045 -0.026790604 0.144478932 0.092921264 -0.037237100 0.028584955 0.015278703 0.998780668
1341846378.238081 -0.053568631 0.108295202 0.092324607 -0.040353570 0.033749126 0.009800367 0.998567224
1341846378.275916 -0.051309980 0.103178486 0.088808969 -0.036536265 0.033964135 0.008180770 0.998721480
1341846378.312389 -0.048041329 0.096096218 0.083245061 -0.035557173 0.036011253 0.004868128 0.998706758
1341846378.344267 -0.048697840 0.078157261 0.091252685 -0.035124384 0.038737692 0.003133657 0.998627007
1341846378.376036 -0.046953447 0.067624755 0.080852874 -0.031192519 0.039763976 0.003709924 0.998715222
1341846378.411936 -0.044304669 0.060902648 0.075288460 -0.029682025 0.040841326 0.001967943 0.998722732
1341846378.444079 -0.045766152 0.048229881 0.074502893 -0.028708346 0.043942735 -0.002666039 0.998617947
1341846378.480041 -0.048491780 0.037395746 0.063629277 -0.028275823 0.044255435 -0.003853443 0.998612583
1341846378.512023 -0.048078153 0.027519956 0.070526399 -0.028418330 0.042272404 -0.005536510 0.998686552
1341846378.543975 -0.041371223 0.020092372 0.073741801 -0.025212782 0.043702833 -0.011871983 0.998655796
1341846378.579973 -0.047306627 0.006888980 0.065157108 -0.024110317 0.046625935 -0.013339384 0.998532295
1341846378.612676 -0.045217425 -0.001234650 0.071340449 -0.021609597 0.046285771 -0.013971013 0.998596728
1341846378.643945 -0.030320914 -0.022331862 0.065193422 -0.019918563 0.046849411 -0.013822824 0.998607695
1341846378.679954 -0.033621546 -0.023903355 0.060055148 -0.015813136 0.048262574 -0.013691172 0.998615682
1341846378.742199 -0.023573279 -0.046859901 0.053883728 -0.011204234 0.051419005 -0.019817680 0.998417675
1341846378.774089 -0.027097408 -0.027907906 0.067272879 -0.000988557 0.055313177 -0.020038763 0.998267472
1341846378.805994 -0.028583258 -0.030816928 0.066862904 0.002811206 0.055703238 -0.018610736 0.998269975
1341846378.842121 -0.020407820 -0.038742192 0.055348773 0.004457511 0.056083005 -0.021233708 0.998190343
1341846378.874022 -0.020763051 -0.050912779 0.055236954 0.006546197 0.058704562 -0.024671949 0.997949004
1341846378.911788 -0.021091418 -0.060558815 0.049094804 0.008246498 0.060120825 -0.022100382 0.997912347
1341846378.974034 -0.017386647 -0.077557914 0.043451700 0.011667974 0.061303049 -0.024698801 0.997745335
1341846379.009977 -0.009832646 -0.084622353 0.043074504 0.013757055 0.063289247 -0.023309566 0.997628093
1341846379.041991 -0.014855758 -0.087468721 0.039186507 0.015260417 0.064471252 -0.024630282 0.997498810
1341846379.078155 -0.010709288 -0.098900542 0.036923029 0.016203169 0.065950982 -0.028960742 0.997270882
1341846379.109871 -0.013466407 -0.104019150 0.033350009 0.017219171 0.066925354 -0.029865561 0.997162282
1341846379.142034 -0.009509709 -0.117209949 0.042061958 0.016320141 0.066871226 -0.029603563 0.997188807
1341846379.178080 -0.009555954 -0.134148046 0.031982642 0.018399052 0.068568684 -0.034116331 0.996893108
1341846379.209979 -0.013403003 -0.153204009 0.029143274 0.023055492 0.070010573 -0.035311915 0.996654451
1341846379.242047 -0.015703211 -0.160043418 0.036331721 0.030334515 0.067727804 -0.032924011 0.996698916
1341846379.278304 -0.010256074 -0.182495996 0.023159826 0.034241639 0.065220684 -0.035842363 0.996638894
1341846379.310076 0.008535086 -0.197076455 0.017835813 0.041768383 0.067217410 -0.037714183 0.996150017
1341846379.346166 0.008213594 -0.188283756 0.021787021 0.051578563 0.069717497 -0.034858055 0.995622456
1341846379.377944 -0.007989296 -0.212300435 0.016280778 0.056099776 0.071580701 -0.036154978 0.995199382
1341846379.409974 -0.007639095 -0.212004960 0.015571966 0.065935440 0.073976606 -0.037467703 0.994372249
1341846379.446065 -0.003380664 -0.204059064 0.018336426 0.072518095 0.074787341 -0.034334566 0.993966341
1341846379.478631 -0.000857352 -0.200980037 0.018720336 0.073106453 0.073827356 -0.033129439 0.994035900
1341846379.511214 0.007567330 -0.212113798 0.010555066 0.071102120 0.075024739 -0.035284419 0.994017482
1341846379.546204 -0.004031243 -0.221314833 0.015762694 0.072246805 0.077521190 -0.035241436 0.993744850
1341846379.578217 -0.010560641 -0.212315440 0.012370651 0.073975906 0.073749579 -0.031491376 0.994030595
1341846379.614096 0.005619566 -0.215187699 0.009043098 0.071864553 0.069756448 -0.029617785 0.994531155
1341846379.646030 0.006087827 -0.213703245 0.012835899 0.070144840 0.072017357 -0.029987982 0.994481683
1341846379.678830 -0.006936226 -0.214759812 0.010024497 0.067430273 0.072334625 -0.028023984 0.994703710
1341846379.714071 -0.005084344 -0.211051524 0.016732251 0.065988474 0.068717204 -0.024969300 0.995138168
1341846379.746082 0.006287322 -0.209442347 0.011902178 0.064206548 0.067988552 -0.024139041 0.995325208
1341846379.778087 -0.006342940 -0.196788937 0.014146381 0.062505625 0.070489220 -0.021683482 0.995316088
1341846379.813931 -0.009374460 -0.191294670 0.016978292 0.057935171 0.067691162 -0.018482001 0.995851278
1341846379.845927 -0.001796470 -0.183147386 0.023592358 0.054247472 0.065753855 -0.017407285 0.996208131
1341846379.881893 -0.007117635 -0.171618208 0.018998083 0.049736526 0.066645578 -0.015104915 0.996421754
1341846379.913954 -0.007357130 -0.158819988 0.019122316 0.042794548 0.064795204 -0.010254098 0.996927738
1341846379.946050 -0.013180218 -0.159255520 0.027485237 0.035215650 0.063717939 -0.010402841 0.997292101
1341846379.981969 -0.018312139 -0.157766879 0.026856560 0.030116580 0.062556237 -0.007570703 0.997558177
1341846380.013935 -0.017950229 -0.148104995 0.034945406 0.025807764 0.059115473 -0.002426873 0.997914553
1341846380.046124 -0.018855572 -0.133881956 0.043942120 0.020318449 0.056684319 0.001311710 0.998184502
1341846380.082142 -0.011902644 -0.126337513 0.043779872 0.014834114 0.055998679 0.001163550 0.998319924
1341846380.114330 -0.016239606 -0.126382649 0.051057111 0.009741106 0.057238448 0.003282933 0.998307586
1341846380.150278 -0.023251027 -0.127403393 0.054781124 0.007457921 0.056088954 0.006167324 0.998378873
1341846380.182030 -0.018992620 -0.118504606 0.055472013 0.008646123 0.054399114 0.007963454 0.998450041
1341846380.213908 -0.020708980 -0.096990056 0.048839837 0.008248455 0.054626551 0.007850315 0.998441935
1341846380.250090 -0.014675464 -0.077562489 0.049658876 0.002237022 0.054282039 0.007778361 0.998492777
1341846380.281996 -0.006863554 -0.077205293 0.049912442 -0.007885325 0.058354367 0.006627957 0.998242736
1341846380.318009 -0.011396171 -0.070881113 0.049956363 -0.013083515 0.062375590 0.006786152 0.997943878
1341846380.350031 -0.012294501 -0.056438193 0.054043833 -0.018497890 0.063390359 0.011262420 0.997753799
1341846380.382297 -0.011038541 -0.044670742 0.065415487 -0.021871742 0.064677484 0.012524591 0.997587860
1341846380.418020 -0.014473032 -0.037432883 0.062236644 -0.025583398 0.066151902 0.013542879 0.997389555
1341846380.450059 -0.024102595 -0.018881727 0.064194568 -0.032010052 0.063701600 0.019958045 0.997255743
1341846380.481987 -0.023358136 -0.006669328 0.070404984 -0.040094573 0.057562988 0.024683073 0.997230947
1341846380.518026 -0.008143032 -0.007294793 0.072615996 -0.046518434 0.052803587 0.025439849 0.997196376
1341846380.549973 -0.006937779 -0.002862022 0.079984494 -0.049244571 0.051474947 0.027260002 0.997086823
1341846380.585876 -0.010725820 -0.000157971 0.081926234 -0.049750987 0.047575124 0.027381433 0.997252047
1341846380.617833 -0.005414560 -0.004262375 0.072816938 -0.049649127 0.044193268 0.025677281 0.997458041
1341846380.650010 -0.002922941 0.000382605 0.070959218 -0.045930449 0.043195508 0.024268016 0.997715175
1341846380.686058 -0.007202052 0.007114458 0.066459924 -0.042195238 0.042315170 0.022287033 0.997964025
1341846380.718154 -0.011691117 0.006698393 0.071210124 -0.040513128 0.041188806 0.021464732 0.998098910
1341846380.750063 0.002646832 -0.002202111 0.058022801 -0.036736749 0.039279792 0.021523600 0.998320699
1341846380.785897 -0.003002540 0.017359694 0.061112348 -0.028878346 0.040083617 0.025004093 0.998465836
1341846380.818263 -0.013710462 0.027122669 0.059873890 -0.026973180 0.037889723 0.025520522 0.998591721
1341846380.854055 -0.004683185 0.018470628 0.060722794 -0.027210834 0.034335990 0.022767477 0.998780370
1341846380.886150 -0.008223482 0.026275968 0.066709019 -0.021972656 0.034363035 0.022747448 0.998908818
1341846380.918124 -0.017476117 0.035627931 0.076218084 -0.021113001 0.031134151 0.025390124 0.998969555
1341846380.954125 -0.002252630 0.033134993 0.084333189 -0.021807807 0.023715064 0.023819227 0.999196947
1341846380.985985 0.001134242 0.026824227 0.082293749 -0.021573318 0.025137829 0.021322411 0.999223650
1341846381.018098 0.001059236 0.029771550 0.089887716 -0.020444540 0.025895847 0.022339350 0.999205828
1341846381.054072 0.001875333 0.027585289 0.107525699 -0.019247295 0.022683771 0.022770483 0.999297976
1341846381.086074 0.013770970 0.016308997 0.108072102 -0.015603150 0.021468330 0.023298768 0.999376178
1341846381.122035 0.009890894 0.020502059 0.113132149 -0.013191911 0.023333717 0.024586184 0.999338269
1341846381.159808 0.013205701 0.022467762 0.123599119 -0.013277294 0.022647442 0.024062054 0.999365687
1341846381.222118 0.026900763 0.032838915 0.143345088 -0.011747281 0.025239363 0.027035628 0.999246716
1341846381.254198 0.039613470 0.034026109 0.162092164 -0.014387907 0.027223822 0.026004607 0.999187469
1341846381.289977 0.052408800 0.027087286 0.176931620 -0.014465483 0.033018060 0.025969271 0.999012589
1341846381.322365 0.042778466 0.040782992 0.188803241 -0.012583930 0.037687793 0.031297240 0.998720050
1341846381.353963 0.049148735 0.041561786 0.199580923 -0.014737941 0.037732702 0.036494870 0.998512506
1341846381.389983 0.063914068 0.044892471 0.203038380 -0.016216252 0.040715683 0.037455868 0.998336792
1341846381.421973 0.057510365 0.052997965 0.224290863 -0.019086810 0.048083246 0.039078694 0.997896016
1341846381.454108 0.059801724 0.044280656 0.240856081 -0.023398736 0.049475290 0.040853962 0.997665107
1341846381.489891 0.071778536 0.027839279 0.244015634 -0.022627385 0.051967412 0.041635111 0.997523844
1341846381.521988 0.075712994 0.040261086 0.265820086 -0.015731957 0.055489138 0.048548765 0.997154176
1341846381.558072 0.078042626 0.036826551 0.270472139 -0.013589293 0.058583554 0.052413292 0.996812999
1341846381.589879 0.081118509 0.038531482 0.282508343 -0.012243863 0.062602580 0.050079133 0.996706128
1341846381.622018 0.088359073 0.041178849 0.290697098 -0.013053855 0.065958068 0.048381131 0.996563315
1341846381.657894 0.089710847 0.033854283 0.306741625 -0.014124009 0.069495119 0.045667186 0.996436357
1341846381.689870 0.096737750 0.027424669 0.324196130 -0.010322556 0.072017916 0.044512834 0.996356130
1341846381.722338 0.096614718 0.032019779 0.333450437 -0.007543952 0.075007260 0.044679508 0.996152997
1341846381.758166 0.099182837 0.032140169 0.347380221 -0.007349941 0.076784343 0.044012621 0.996048689
1341846381.790889 0.104122512 0.030257579 0.353613615 -0.005228292 0.078507222 0.042324357 0.996000946
1341846381.826591 0.113619506 0.032147668 0.369719684 -0.002618869 0.080281995 0.042636085 0.995856464
1341846381.859589 0.096555106 0.027386080 0.376215369 -0.001625278 0.082447916 0.041490596 0.995729983
1341846381.890538 0.099105828 0.026773516 0.389267087 0.000028130 0.077898741 0.042276010 0.996064484
1341846381.926191 0.101145908 0.028909065 0.399306417 0.000906215 0.076227136 0.039342824 0.996313572
1341846381.958121 0.099729761 0.038396072 0.406663597 -0.001137074 0.073348440 0.039560385 0.996520758
1341846381.990050 0.106004201 0.028540602 0.421799690 -0.008052262 0.064176917 0.040778801 0.997072518
1341846382.026007 0.119581692 0.034915373 0.425873309 -0.010366275 0.058725502 0.035530172 0.997587800
1341846382.059217 0.121352278 0.042536534 0.443440288 -0.014690354 0.058561847 0.032223463 0.997655392
1341846382.094090 0.122174874 0.030664714 0.461503446 -0.021797726 0.056101236 0.030826911 0.997711003
1341846382.126195 0.123121455 0.025239876 0.467807293 -0.022769324 0.054419786 0.032331202 0.997734785
1341846382.158170 0.125205979 0.024231356 0.474321127 -0.022863472 0.055645559 0.033745974 0.997618198
1341846382.194097 0.127376840 0.023057334 0.487018645 -0.023834268 0.056189574 0.035536453 0.997502804
1341846382.226010 0.126668617 0.020220328 0.497228742 -0.024090642 0.056736551 0.037170742 0.997406065
1341846382.258172 0.143568784 0.022923844 0.514387786 -0.023466207 0.054413483 0.037066661 0.997554302
1341846382.294020 0.143477395 0.021478456 0.526713848 -0.023693163 0.057049945 0.035330337 0.997464657
1341846382.325957 0.128971696 0.023156179 0.532328188 -0.024210716 0.059375916 0.033244558 0.997388184
1341846382.361974 0.141443238 0.019204454 0.559742749 -0.025516737 0.055567596 0.031514995 0.997631133
1341846382.393888 0.131717131 0.014720080 0.560898304 -0.024602454 0.056066766 0.029623898 0.997684121
1341846382.425972 0.131006002 0.015051943 0.568012774 -0.024368886 0.055217329 0.025842912 0.997842312
1341846382.462037 0.125972524 0.013578710 0.580229402 -0.025906308 0.054639474 0.021272277 0.997943342
1341846382.494003 0.124322951 0.013084667 0.596698821 -0.027595470 0.052033965 0.016270280 0.998131335
1341846382.530148 0.130998313 0.014136891 0.613033950 -0.027004765 0.048466966 0.014531491 0.998353899
1341846382.562400 0.124834061 0.008783874 0.620518565 -0.027189307 0.049758881 0.012802572 0.998309016
1341846382.593981 0.129062951 0.005775515 0.628206074 -0.026773332 0.048749633 0.014184145 0.998351336
1341846382.629905 0.130721793 -0.000185547 0.641687810 -0.023702392 0.049185947 0.016721386 0.998368323
1341846382.661966 0.128358856 0.011596671 0.645331085 -0.018354762 0.049756709 0.019238535 0.998407364
1341846382.693976 0.137737617 0.006843578 0.662211597 -0.020598873 0.047422346 0.019663254 0.998468876
1341846382.730021 0.137606114 0.006449642 0.669707775 -0.019810958 0.048816588 0.019463440 0.998421550
1341846382.762004 0.131806836 0.015568076 0.677598298 -0.017587047 0.050347373 0.021214733 0.998351514
1341846382.798112 0.118118510 0.013342038 0.671365857 -0.020575691 0.051474854 0.018005047 0.998299956
1341846382.829949 0.124822609 0.007103918 0.673679590 -0.024005590 0.051300157 0.012945654 0.998310804
1341846382.861875 0.133619368 0.007733289 0.689850152 -0.024683744 0.050883822 0.010090169 0.998348475
1341846382.897967 0.133120164 0.006032565 0.692016602 -0.025151618 0.050932471 0.010844927 0.998326480
1341846382.930017 0.140084460 0.004958160 0.696839809 -0.023740839 0.050861165 0.011920982 0.998352349
1341846382.962121 0.136831120 0.012025355 0.700100780 -0.020900946 0.054798342 0.010759475 0.998220682
1341846382.997950 0.136348635 0.007267869 0.705127299 -0.021608429 0.055802632 0.012645711 0.998127878
1341846383.029927 0.135201260 0.010579677 0.709114492 -0.019904945 0.056001548 0.013428232 0.998141944
1341846383.104184 0.137909174 0.014702927 0.704126596 -0.022229241 0.060839903 0.005352291 0.997885644
1341846383.172122 0.139848083 0.007376379 0.710575283 -0.026362794 0.059307657 0.005027094 0.997878909
1341846383.236935 0.136096627 0.008277659 0.705754161 -0.026752269 0.068632431 0.005033643 0.997270525
1341846383.272112 0.141575977 0.011453883 0.720833361 -0.025067171 0.065615110 0.008632314 0.997492731
1341846383.303955 0.144606039 0.015713027 0.712046146 -0.023742396 0.066477902 0.011247996 0.997441947
1341846383.336133 0.141220972 0.019469282 0.702949703 -0.025974840 0.068111099 0.010820538 0.997280836
1341846383.398119 0.140720278 -0.000624051 0.695516825 -0.031695411 0.067707621 0.012613767 0.997121811
1341846383.433991 0.149437279 0.006336640 0.694491506 -0.030749558 0.067588963 0.014140439 0.997139037
1341846383.466087 0.140446350 0.003588351 0.693744719 -0.031068852 0.069531567 0.014398087 0.996991873
1341846383.501974 0.139212638 0.013693804 0.697025120 -0.027666204 0.067790478 0.016595216 0.997177839
1341846383.533975 0.133737206 0.005287663 0.682829976 -0.028993258 0.066585414 0.017162034 0.997211695
1341846383.565981 0.132941574 0.005997044 0.678705812 -0.029588277 0.065798827 0.014699934 0.997285783
1341846383.602253 0.125634938 0.004104962 0.675885737 -0.030218607 0.063981667 0.015081451 0.997379422
1341846383.634175 0.122876398 0.011243888 0.667001128 -0.028038248 0.058178134 0.014967524 0.997800112
1341846383.665988 0.121201940 0.011708562 0.662184656 -0.028556341 0.053722482 0.013326396 0.998058498
1341846383.702104 0.118349694 0.011556478 0.657262266 -0.028875567 0.051109392 0.010154943 0.998223841
1341846383.734131 0.117707133 0.013937604 0.657379806 -0.028762275 0.045617331 0.009792998 0.998496830
1341846383.770067 0.113143906 0.014968482 0.642348707 -0.028566638 0.040730886 0.012879474 0.998678625
1341846383.802027 0.100449860 0.011186169 0.633040547 -0.028378408 0.039183527 0.012204055 0.998754382
1341846383.870067 0.088418685 0.007744847 0.611417949 -0.030043006 0.034104757 0.014241116 0.998865068
1341846383.901854 0.095855124 0.013947623 0.606596172 -0.029061403 0.028387813 0.015934026 0.999047399
1341846383.934301 0.085370563 0.020918787 0.589850008 -0.030220678 0.029032301 0.014458533 0.999016881
1341846383.969997 0.081633441 0.017744195 0.580507874 -0.031632971 0.026923101 0.013921404 0.999039888
1341846384.001936 0.073397346 0.013395317 0.570362031 -0.030232655 0.024682699 0.018390544 0.999068797
1341846384.038092 0.067756601 0.022475209 0.559655666 -0.027491855 0.020085722 0.019145545 0.999236822
1341846384.070104 0.080389090 0.016903905 0.551420212 -0.030435476 0.015648631 0.016093060 0.999284625
1341846384.102008 0.063989036 0.016257888 0.537647307 -0.028190551 0.018393941 0.014895081 0.999322295
1341846384.138265 0.059080750 0.017823804 0.521441698 -0.026927618 0.014962191 0.017878236 0.999365509
1341846384.170093 0.057357475 0.020829678 0.508131027 -0.027015893 0.012832408 0.016144358 0.999422252
1341846384.202188 0.065118127 0.018115595 0.503044307 -0.027239317 0.012032310 0.013980458 0.999458730
1341846384.237844 0.059529856 0.020170163 0.495676219 -0.027365254 0.012842676 0.014063340 0.999444067
1341846384.269968 0.057131216 0.015123046 0.485297561 -0.027986964 0.011332634 0.015751291 0.999419928
1341846384.306015 0.058152456 0.021348167 0.476590246 -0.025553308 0.010733326 0.015443247 0.999496520
1341846384.337907 0.040473934 0.024713885 0.454536498 -0.025101483 0.014416783 0.014464536 0.999476314
1341846384.369865 0.041330952 0.025821399 0.446495712 -0.026214950 0.012894359 0.014133781 0.999473214
1341846384.406199 0.053409584 0.023874344 0.441134810 -0.026271686 0.011260835 0.011897867 0.999520600
1341846384.437788 0.041425020 0.031078512 0.428811163 -0.025610613 0.012496842 0.011068872 0.999532580
1341846384.469882 0.032587264 0.033306945 0.411820084 -0.027777446 0.013207753 0.008733335 0.999488711
1341846384.506115 0.043326486 0.029658347 0.412393540 -0.029753910 0.012419192 0.005767706 0.999463439
1341846384.537970 0.042544208 0.034259573 0.402503788 -0.030796280 0.014768625 0.004636740 0.999405801
1341846384.573994 0.025958536 0.033315603 0.391414136 -0.031700030 0.017242169 0.007252523 0.999322355
1341846384.606493 0.023536244 0.029603278 0.383830249 -0.030308837 0.015668212 0.011717762 0.999349058
1341846384.637999 0.036540687 0.036432147 0.375722170 -0.027869007 0.012149566 0.015099012 0.999423683
1341846384.674068 0.030928539 0.038496856 0.380097270 -0.027995236 0.011300491 0.013199660 0.999457002
1341846384.705921 0.022120710 0.031135513 0.356467545 -0.028275883 0.012086152 0.012074830 0.999454141
1341846384.742045 0.015473557 0.037616644 0.344856948 -0.027925413 0.009885745 0.011246252 0.999497831
1341846384.774082 0.013924103 0.040647756 0.337384850 -0.030427236 0.007885238 0.007116531 0.999480486
1341846384.805987 0.011180303 0.040773243 0.330761552 -0.031705230 0.007800217 0.001644963 0.999465406
1341846384.842025 0.004827536 0.043950792 0.317997038 -0.032339193 0.006750124 0.000728071 0.999453843
1341846384.874081 -0.001308457 0.046079099 0.312772602 -0.033044778 0.005261485 0.002528761 0.999436796
1341846384.905998 0.001586501 0.041887708 0.300034732 -0.031886477 0.004632368 0.005557600 0.999465287
1341846384.942014 -0.000890651 0.046369072 0.287705630 -0.031421356 0.004787841 0.008887123 0.999455214
1341846384.974049 -0.004639061 0.044328239 0.283966720 -0.032600049 0.004618760 0.011005647 0.999397159
1341846385.009917 -0.002721244 0.041880373 0.276522517 -0.030683246 0.004777533 0.015445297 0.999398410
1341846385.042211 -0.004080652 0.048601832 0.275992543 -0.029147074 0.004626821 0.017285544 0.999414921
1341846385.073967 -0.009906340 0.048221782 0.260417551 -0.030589797 0.006701713 0.017307524 0.999359667
1341846385.110157 -0.012915384 0.041120481 0.254302442 -0.030496862 0.008170300 0.017375251 0.999350429
1341846385.141931 -0.017058386 0.039359856 0.248971865 -0.028921634 0.008803482 0.019591579 0.999350846
1341846385.173929 -0.023726081 0.040222153 0.242414758 -0.027535837 0.007804779 0.019078095 0.999408245
1341846385.210052 -0.023902521 0.039890137 0.232746363 -0.026222199 0.007429038 0.013178879 0.999541640
1341846385.242941 -0.031660929 0.040099267 0.228782475 -0.025088271 0.008910645 0.007243421 0.999619246
1341846385.278001 -0.039380178 0.041667946 0.227011546 -0.024733825 0.008092932 0.003777686 0.999654174
1341846385.311234 -0.046387289 0.036373578 0.216959655 -0.022956809 0.008060630 0.003271573 0.999698579
1341846385.342936 -0.055470120 0.038145196 0.202444896 -0.019559337 0.007539015 0.001485398 0.999779165
1341846385.378101 -0.054695629 0.041804198 0.197170213 -0.018669941 0.007120635 -0.000193802 0.999800265
1341846385.410048 -0.058825668 0.041536402 0.203893900 -0.019032773 0.005464317 -0.000517351 0.999803782
1341846385.442088 -0.065547213 0.041020103 0.194069728 -0.018488195 0.003226846 -0.000545288 0.999823689
1341846385.477970 -0.075474225 0.044459254 0.186563492 -0.018906400 0.000442740 -0.001143226 0.999820471
1341846385.510109 -0.078776002 0.044691898 0.182207301 -0.019377509 -0.001493844 -0.000917436 0.999810696
1341846385.545989 -0.098796368 0.046135575 0.168825626 -0.019797970 -0.002612008 -0.000060492 0.999800563
1341846385.577939 -0.106102854 0.048759978 0.159122825 -0.021042028 -0.007197896 -0.000219766 0.999752641
1341846385.609948 -0.110835634 0.047999986 0.151571020 -0.021661703 -0.009737100 0.000542705 0.999717772
1341846385.646024 -0.120285906 0.051680680 0.144974753 -0.021523461 -0.013167444 0.002397822 0.999678731
1341846385.678122 -0.127426282 0.051235892 0.141052693 -0.023480505 -0.019153804 0.003704884 0.999533892
1341846385.713966 -0.126715258 0.051878266 0.132921025 -0.023597209 -0.022273188 0.003329999 0.999467850
1341846385.745986 -0.132952750 0.052712213 0.129360110 -0.022697303 -0.021827210 0.004021083 0.999495983
1341846385.778024 -0.142649382 0.057414614 0.119607776 -0.022262860 -0.023888065 0.007466551 0.999438822
1341846385.814480 -0.141333014 0.059596810 0.109017283 -0.022809893 -0.025419682 0.006480662 0.999395609
1341846385.846594 -0.142295644 0.062076572 0.100045428 -0.022908801 -0.022948252 0.004055064 0.999465883
1341846385.884072 -0.153305709 0.059614453 0.089283668 -0.024635395 -0.020410240 0.007291286 0.999461532
1341846385.920282 -0.158165708 0.063716486 0.088954546 -0.024589714 -0.022318095 0.008278708 0.999414206
1341846385.951967 -0.150398016 0.067529865 0.078717060 -0.023912126 -0.020953774 0.005077474 0.999481559
1341846385.983828 -0.157377109 0.066721946 0.071791954 -0.023739083 -0.017076399 0.005717869 0.999556005
1341846386.019954 -0.166717485 0.066578671 0.060748700 -0.023482366 -0.016594650 0.008338196 0.999551713
1341846386.053153 -0.169338226 0.061944749 0.059016623 -0.022608155 -0.017920326 0.006953187 0.999559581
1341846386.087964 -0.164462045 0.064907677 0.048513461 -0.019293480 -0.016510384 0.002847124 0.999673486
1341846386.120298 -0.169272304 0.061701987 0.038441431 -0.018745100 -0.013790609 0.000544299 0.999729037
1341846386.152323 -0.177355111 0.056660488 0.031228306 -0.016996225 -0.013554396 0.000216471 0.999763668
1341846386.187922 -0.180061489 0.060480967 0.021895278 -0.013539381 -0.014722908 -0.003212010 0.999794781
1341846386.220214 -0.177130267 0.058362067 0.014921056 -0.011683951 -0.014428084 -0.008211130 0.999793947
1341846386.251878 -0.178316593 0.052813806 0.001426109 -0.009192557 -0.013043448 -0.010885119 0.999813437
1341846386.287926 -0.185471997 0.051498070 -0.008903702 -0.006478910 -0.014231373 -0.011324225 0.999813616
1341846386.320048 -0.183534026 0.053751338 -0.020431273 -0.003943429 -0.015925547 -0.015040974 0.999752223
1341846386.351806 -0.179981053 0.054024380 -0.034614384 -0.002211442 -0.014043105 -0.019318856 0.999712288
1341846386.387904 -0.185733870 0.051464632 -0.051568870 -0.000587405 -0.013080445 -0.018663231 0.999740064
1341846386.420158 -0.189367548 0.052643500 -0.067955248 0.001320197 -0.015015918 -0.017507041 0.999733090
1341846386.488011 -0.173946396 0.063179269 -0.099179395 0.003140014 -0.020289328 -0.020353582 0.999582052
1341846386.550203 -0.184489504 0.058427460 -0.133770615 0.004543323 -0.019623846 -0.020469766 0.999587536
1341846386.582265 -0.184747711 0.065630592 -0.152386606 0.005658313 -0.022804487 -0.018084493 0.999560356
1341846386.618055 -0.175970331 0.072721742 -0.168062121 0.005791072 -0.023617299 -0.020329153 0.999497592
1341846386.651032 -0.179447204 0.080054931 -0.186257318 0.004970263 -0.021975623 -0.021226658 0.999520779
1341846386.682220 -0.180106699 0.081420593 -0.202249527 0.002402936 -0.023612559 -0.019154871 0.999534786
1341846386.718071 -0.174148634 0.074843004 -0.212740615 0.000995676 -0.024905110 -0.017019583 0.999544442
1341846386.750071 -0.164259955 0.078428812 -0.232655540 0.003210219 -0.022900976 -0.016260412 0.999600351
1341846386.786100 -0.176916361 0.086378865 -0.252295703 0.004591166 -0.018778918 -0.014408209 0.999709308
1341846386.817967 -0.180723578 0.085625671 -0.264288992 0.005440865 -0.018756054 -0.012659764 0.999729097
1341846386.850155 -0.170850530 0.094636403 -0.281711698 0.007208879 -0.018023951 -0.012493146 0.999733508
1341846386.886034 -0.171343610 0.094844438 -0.293693244 0.006759623 -0.015035345 -0.010797320 0.999805808
1341846386.918050 -0.171347320 0.095561907 -0.307663769 0.007133259 -0.013508478 -0.007639138 0.999854147
1341846386.954005 -0.173147619 0.098678447 -0.325134367 0.007684414 -0.012431536 -0.005645566 0.999877274
1341846386.986155 -0.167152867 0.100007132 -0.338610590 0.007482537 -0.011043605 -0.005530892 0.999895692
1341846387.018027 -0.164346695 0.096262321 -0.346101582 0.006805360 -0.006703146 -0.003665440 0.999947608
1341846387.054058 -0.174218670 0.098714560 -0.355652511 0.008632365 -0.004247993 -0.001527845 0.999952555
1341846387.086157 -0.171136290 0.102388658 -0.365521967 0.009394259 -0.004375455 -0.001204359 0.999945581
1341846387.118350 -0.163878605 0.101049095 -0.376105905 0.009917663 -0.002107296 -0.002264859 0.999945998
1341846387.153927 -0.175581366 0.103837468 -0.390170306 0.011631797 0.001348098 -0.003131236 0.999926507
1341846387.185953 -0.179386958 0.113619082 -0.399701476 0.012086956 0.000604508 -0.002846610 0.999922752
1341846387.222042 -0.173038915 0.114120618 -0.408855408 0.009741779 -0.000773118 -0.004387916 0.999942601
1341846387.253968 -0.169517756 0.108743250 -0.417804569 0.008182728 0.000898915 -0.005757393 0.999949515
1341846387.286046 -0.182062253 0.111675084 -0.434355557 0.007219912 0.002390258 -0.004664704 0.999960184
1341846387.322002 -0.172911063 0.116338141 -0.438755244 0.005743185 0.000204352 -0.003449603 0.999977529
1341846387.353879 -0.165875450 0.109935120 -0.454296798 0.003838442 0.001290630 -0.003554339 0.999985456
1341846387.386177 -0.174629986 0.106213249 -0.466080815 0.003251416 0.002231789 -0.000251292 0.999992192
1341846387.422132 -0.169465780 0.110755138 -0.475031316 0.004096404 0.000348700 0.002012366 0.999989510
1341846387.454043 -0.158603102 0.116972305 -0.483071744 0.004662563 0.000791608 0.000410457 0.999988735
1341846387.490166 -0.170775861 0.115593001 -0.496711612 0.003907156 0.002832929 0.000637357 0.999988139
1341846387.522009 -0.172553703 0.114903674 -0.506028533 0.004003662 0.000860003 0.005124002 0.999978483
1341846387.554619 -0.165466860 0.121240556 -0.517222404 0.004796184 -0.000285532 0.006589560 0.999966741
1341846387.590257 -0.164591029 0.131489992 -0.529264450 0.003748138 0.000831786 0.006265525 0.999972999
1341846387.622301 -0.163787693 0.132255748 -0.530842483 0.000830896 0.001883265 0.007091601 0.999972701
1341846387.654151 -0.171294376 0.130725369 -0.536122680 -0.001066918 0.002121566 0.007102404 0.999971986
1341846387.690110 -0.169877559 0.132433161 -0.548985481 -0.002269189 -0.000119553 0.006210758 0.999978125
1341846387.722109 -0.169408083 0.136387080 -0.553500831 -0.004310301 -0.001025574 0.005173212 0.999976814
1341846387.758177 -0.169771418 0.130658194 -0.561713159 -0.006145590 -0.001759365 0.006334713 0.999959469
1341846387.790191 -0.178418249 0.129905924 -0.567538679 -0.005849359 -0.002446010 0.009622394 0.999933600
1341846387.822157 -0.175579727 0.137977213 -0.573671281 -0.004378721 -0.004929598 0.009950452 0.999928772
1341846387.858179 -0.172901303 0.139623731 -0.584141672 -0.004944717 -0.006357708 0.013358342 0.999878347
1341846387.890013 -0.175306350 0.138298959 -0.587775111 -0.005200270 -0.008933235 0.014562265 0.999840558
1341846387.926103 -0.170203492 0.142054498 -0.595721722 -0.004834235 -0.010398225 0.013940437 0.999837041
1341846387.958426 -0.173753560 0.144907862 -0.592419386 -0.005543029 -0.010773024 0.017090078 0.999780536
1341846387.990086 -0.179152265 0.144907475 -0.594323456 -0.005971014 -0.012696093 0.018304342 0.999734044
1341846388.026158 -0.175710708 0.136113465 -0.587180436 -0.005322456 -0.016927501 0.017073870 0.999696732
1341846388.058060 -0.172108263 0.131430313 -0.591698706 -0.000852961 -0.019040437 0.023928888 0.999531925
1341846388.089974 -0.174172625 0.137882814 -0.586750090 0.004776806 -0.021623809 0.028035522 0.999361575
1341846388.126088 -0.171089560 0.154773831 -0.595318079 0.008120859 -0.023499716 0.026434988 0.999341309
1341846388.158090 -0.156865254 0.172286808 -0.596381843 0.006329563 -0.022813737 0.023551537 0.999442279
1341846388.194068 -0.165697291 0.156989023 -0.578260779 0.000548785 -0.019675869 0.020112269 0.999603987
1341846388.225961 -0.165548652 0.151496634 -0.572943687 -0.000525088 -0.020446898 0.018746398 0.999615014
1341846388.257928 -0.162783623 0.157980561 -0.568314552 -0.001277109 -0.020525783 0.019224631 0.999603689
1341846388.294066 -0.166967228 0.145756125 -0.554825723 -0.003022562 -0.020298652 0.019090999 0.999607086
1341846388.325954 -0.160162866 0.154249892 -0.552217782 -0.001206125 -0.021110544 0.017182177 0.999628723
1341846388.357936 -0.157236785 0.154241577 -0.549978971 -0.002857794 -0.019916149 0.016397109 0.999663115
1341846388.394202 -0.162197679 0.143164933 -0.537765026 -0.004807660 -0.020108862 0.014978108 0.999674022
1341846388.425957 -0.154666692 0.148917317 -0.535338759 -0.004468418 -0.021433098 0.011909716 0.999689341
1341846388.462012 -0.152409002 0.143352687 -0.518444479 -0.005939269 -0.019670753 0.009933990 0.999739468
1341846388.493961 -0.161098719 0.134153634 -0.501337111 -0.005710001 -0.019988539 0.009634290 0.999737501
1341846388.526293 -0.154958948 0.131766155 -0.497123420 -0.004274060 -0.022206377 0.009733737 0.999696851
1341846388.562293 -0.149079487 0.135346934 -0.485803068 -0.002080302 -0.020857530 0.007462873 0.999752402
1341846388.594090 -0.153025687 0.136609599 -0.473964930 -0.001167075 -0.018945022 0.007032697 0.999795139
1341846388.626030 -0.153440803 0.133599997 -0.456759244 -0.001568051 -0.019503918 0.005956876 0.999790788
1341846388.662009 -0.145361960 0.122370034 -0.450656414 -0.000913310 -0.019098027 0.004658805 0.999806345
1341846388.694110 -0.148888931 0.128876075 -0.437554061 0.001252388 -0.017587496 0.003984580 0.999836624
1341846388.730239 -0.149716049 0.127031118 -0.421038896 -0.000547702 -0.018440440 0.003281646 0.999824405
1341846388.762131 -0.141182885 0.114875838 -0.412078232 -0.001217787 -0.017746672 0.000186866 0.999841750
1341846388.794087 -0.146498278 0.125073016 -0.399031907 0.000762680 -0.015257295 0.000752764 0.999882996
1341846388.830117 -0.148401171 0.121898390 -0.376641929 -0.001883094 -0.016528836 0.002917406 0.999857366
1341846388.868548 -0.139652699 0.108809568 -0.372013658 -0.002948165 -0.017520202 0.002528826 0.999838948
1341846388.900942 -0.145428449 0.120296486 -0.356937945 -0.001493837 -0.015417445 0.002312824 0.999877334
1341846388.937157 -0.149155259 0.122720383 -0.335931003 -0.004401483 -0.016524114 0.002786146 0.999849856
1341846388.970712 -0.144832864 0.109649085 -0.319555253 -0.007134483 -0.017310446 0.002983578 0.999820232
1341846389.001153 -0.145272344 0.110443540 -0.305716276 -0.006816229 -0.017068308 0.001618033 0.999829769
1341846389.036956 -0.145128384 0.117101617 -0.284574807 -0.008683368 -0.017494479 0.000384791 0.999809146
1341846389.069208 -0.145640820 0.103771403 -0.272803605 -0.012284333 -0.017954217 0.000305305 0.999763310
1341846389.168276 -0.143033475 0.089610048 -0.230109572 -0.013113157 -0.017455183 0.000982793 0.999761164
1341846389.230639 -0.154498622 0.086945467 -0.196983486 -0.009835044 -0.016008245 0.002751041 0.999819696
1341846389.266034 -0.149950787 0.085682392 -0.183557704 -0.008758139 -0.017977159 0.001196083 0.999799311
1341846389.298760 -0.143372059 0.083192781 -0.173355207 -0.007471885 -0.015776834 -0.001043135 0.999847054
1341846389.329980 -0.149245039 0.082919009 -0.150131628 -0.005802911 -0.013672851 0.000336213 0.999889612
1341846389.366022 -0.145401224 0.085779317 -0.138678685 -0.005172270 -0.014165044 0.000552439 0.999886155
1341846389.397969 -0.137127236 0.075823732 -0.129452199 -0.005532026 -0.012054184 0.000423761 0.999911964
1341846389.433982 -0.138581440 0.077502809 -0.115488730 -0.002035077 -0.007861709 0.000605456 0.999966860
1341846389.466033 -0.140483439 0.082452193 -0.103961289 -0.001862273 -0.007060038 0.002863376 0.999969244
1341846389.498030 -0.134915605 0.078920521 -0.082570471 -0.002748355 -0.007786822 0.002500433 0.999962747
1341846389.534085 -0.127707899 0.082877189 -0.077567004 -0.001876319 -0.005474362 0.001256847 0.999982476
1341846389.565875 -0.134670720 0.090874612 -0.064758599 -0.003209957 -0.003000613 0.000846756 0.999989986
1341846389.597960 -0.134438351 0.087483428 -0.049504410 -0.007668094 -0.003978292 0.001049590 0.999962151
1341846389.634116 -0.128158808 0.086241722 -0.034169823 -0.008725435 -0.005117787 0.000237573 0.999948800
1341846389.665950 -0.125323907 0.099936187 -0.030594282 -0.010054107 -0.003911798 -0.001932439 0.999939919
1341846389.702127 -0.126432464 0.085818231 -0.008287418 -0.015969485 -0.002910981 -0.003878351 0.999860704
1341846389.734086 -0.125583753 0.080492660 -0.002219789 -0.016138025 -0.004690246 -0.001753194 0.999857247
1341846389.765898 -0.121160157 0.089642920 0.009691969 -0.015168204 -0.005634793 -0.002322918 0.999866366
1341846389.802126 -0.117381692 0.084375151 0.023384156 -0.016869664 -0.005817888 -0.003262482 0.999835432
1341846389.834063 -0.114285700 0.079332188 0.031989351 -0.015669961 -0.005675223 -0.001899550 0.999859273
1341846389.866260 -0.113333158 0.078138784 0.045216154 -0.013167022 -0.006016502 0.001871516 0.999893427
1341846389.902002 -0.109367974 0.079347819 0.048008934 -0.011762526 -0.007297975 0.001916085 0.999902308
1341846389.934117 -0.102049656 0.082135223 0.056075118 -0.010486809 -0.005758755 -0.001030256 0.999927878
1341846389.970116 -0.102172658 0.080945581 0.066970661 -0.010613278 -0.003533873 -0.000472867 0.999937296
1341846390.002129 -0.103467509 0.077605590 0.075756453 -0.011102517 -0.005256867 0.001890720 0.999922752
1341846390.034099 -0.098006286 0.076913327 0.087783501 -0.010020276 -0.008376071 0.001220195 0.999913990
1341846390.070024 -0.092528105 0.082074799 0.094105124 -0.009143948 -0.007534456 -0.002309764 0.999927163
1341846390.101910 -0.092306450 0.079247683 0.104911424 -0.010567276 -0.007618237 -0.003376057 0.999909401
1341846390.137924 -0.087161906 0.075186335 0.115857653 -0.009804663 -0.010236090 -0.002605388 0.999896169
1341846390.170038 -0.078214884 0.079550669 0.110963769 -0.008010255 -0.010527888 -0.002939121 0.999908149
1341846390.202115 -0.078392521 0.081771113 0.121118188 -0.010697055 -0.009004673 -0.005105173 0.999889195
1341846390.238117 -0.074960440 0.075629786 0.135103181 -0.011776537 -0.010391442 -0.003305537 0.999871194
1341846390.270052 -0.070323810 0.079555914 0.138833642 -0.010760643 -0.013599485 0.002220338 0.999847174
1341846390.302085 -0.059237670 0.082889929 0.148062810 -0.011835225 -0.014821880 0.004364405 0.999810576
1341846390.338496 -0.053135522 0.077104047 0.154779166 -0.012686322 -0.013769193 0.007348459 0.999797702
1341846390.370105 -0.058349870 0.081584796 0.164146915 -0.012020256 -0.014632645 0.011514333 0.999754369
1341846390.438106 -0.043539234 0.080667555 0.179098859 -0.017227888 -0.021523181 0.009292189 0.999576688
1341846390.505984 -0.038870566 0.088501655 0.198192865 -0.020951644 -0.030095512 0.012244905 0.999252379
1341846390.538495 -0.026862305 0.083664268 0.200082362 -0.022744503 -0.032676473 0.009257710 0.999164283
1341846390.606055 -0.027035838 0.092995040 0.220283926 -0.024372298 -0.034505889 0.015490550 0.998987198
1341846390.638031 -0.012454905 0.092959233 0.219403356 -0.024145121 -0.038026083 0.016886611 0.998842239
1341846390.673954 -0.005815693 0.096820928 0.220226273 -0.023831507 -0.034957908 0.014034578 0.999006033
1341846390.705937 -0.004288947 0.103859156 0.234190181 -0.026244340 -0.033873197 0.013371368 0.998992026
1341846390.737965 -0.001999628 0.097752228 0.243975952 -0.029351057 -0.035012249 0.012767760 0.998874187
1341846390.774135 0.012798354 0.092676938 0.240841940 -0.028273175 -0.034360841 0.012486508 0.998931468
1341846390.806067 0.015707860 0.102926627 0.250334829 -0.027326807 -0.030113447 0.013584854 0.999080539
1341846390.838026 0.014973509 0.102899596 0.258078456 -0.029463142 -0.029101906 0.015605382 0.999020278
1341846390.874116 0.019057853 0.105846658 0.264797449 -0.030242616 -0.028893158 0.017381765 0.998973727
1341846390.906067 0.016866762 0.108870618 0.268202633 -0.031719662 -0.026401501 0.020422135 0.998939335
1341846390.942137 0.017048486 0.108460434 0.274648368 -0.034127202 -0.026174346 0.024168974 0.998782337
1341846390.974052 0.020707114 0.098532230 0.280110240 -0.034471747 -0.027700461 0.028986664 0.998601079
1341846391.006164 0.026910106 0.110910274 0.276929200 -0.031437743 -0.030450132 0.031117676 0.998557031
1341846391.042303 0.031307548 0.105107583 0.279321313 -0.034837391 -0.031475939 0.028912913 0.998478651
1341846391.074134 0.028852846 0.102364048 0.281276762 -0.035116594 -0.031959981 0.025463983 0.998547435
1341846391.106097 0.026962910 0.106478013 0.278210074 -0.034009233 -0.033760376 0.025624871 0.998522401
1341846391.142154 0.037429955 0.108722195 0.279582232 -0.034112047 -0.037704282 0.027958483 0.998315156
1341846391.174124 0.035351053 0.105379902 0.275005758 -0.034294222 -0.037517920 0.028930822 0.998288214
1341846391.209961 0.032451354 0.108253792 0.272928178 -0.033618305 -0.036303140 0.029722156 0.998332858
1341846391.241977 0.036130529 0.097401142 0.276545137 -0.034636263 -0.038735256 0.032434311 0.998122215
1341846391.273984 0.037229367 0.100873120 0.274230361 -0.032085158 -0.040434297 0.031597301 0.998166919
1341846391.309946 0.041753381 0.100962818 0.272309989 -0.031381648 -0.040372081 0.030109568 0.998237789
1341846391.342018 0.030380134 0.097239695 0.267605096 -0.031976379 -0.040098984 0.029381266 0.998251617
1341846391.378060 0.040370125 0.099063806 0.273269385 -0.031072574 -0.044955138 0.026762139 0.998146951
1341846391.410037 0.047844402 0.098720729 0.267416477 -0.031204801 -0.046524230 0.024523286 0.998128414
1341846391.442052 0.041061450 0.093205221 0.264490098 -0.031014020 -0.044225886 0.025760343 0.998207688
1341846391.478040 0.035683524 0.093654394 0.261099160 -0.029466871 -0.045385666 0.031246018 0.998045862
1341846391.510072 0.038754322 0.101936020 0.261712760 -0.028270915 -0.047655273 0.032817084 0.997924268
1341846391.542159 0.037499361 0.100517914 0.260621339 -0.029162683 -0.046543367 0.032115407 0.997973919
1341846391.578010 0.038503204 0.098958090 0.263894856 -0.029155970 -0.046142671 0.032652974 0.997975230
1341846391.610169 0.036541250 0.095957324 0.265739381 -0.028505193 -0.047440886 0.035241045 0.997845113
1341846391.645942 0.038362347 0.093021750 0.261254221 -0.027737075 -0.049707845 0.035905942 0.997732699
1341846391.677959 0.038612746 0.093513124 0.259164572 -0.026376572 -0.049819823 0.034922358 0.997798920
1341846391.710022 0.033332475 0.089648277 0.260953099 -0.025147270 -0.049655668 0.036144949 0.997795284
1341846391.745846 0.032702424 0.087303601 0.261960089 -0.022979565 -0.052019376 0.036219247 0.997724473
1341846391.778020 0.031948589 0.085639685 0.256389976 -0.021303989 -0.051957373 0.033607844 0.997856259
1341846391.810026 0.030309731 0.081683487 0.260248333 -0.019790141 -0.051489774 0.033676948 0.997909367
1341846391.846013 0.031933699 0.075798199 0.257895619 -0.018654510 -0.052442137 0.035403356 0.997821808
1341846391.877984 0.031730067 0.077300012 0.255431801 -0.015386457 -0.052153230 0.036693066 0.997846127
1341846391.914033 0.030597575 0.074130088 0.250830144 -0.014445772 -0.051664673 0.038016673 0.997836053
1341846391.945996 0.028880967 0.077761717 0.247049496 -0.012251416 -0.051894009 0.037622999 0.997868419
1341846391.978037 0.029272817 0.077547498 0.245416224 -0.011982432 -0.051764075 0.034850962 0.997979105
1341846392.014187 0.030670272 0.073611610 0.247741506 -0.011821660 -0.051673640 0.034206230 0.998008013
1341846392.046054 0.031965215 0.073449582 0.247335523 -0.010576975 -0.052080341 0.035390679 0.997959554
1341846392.078061 0.028601456 0.079413347 0.249962211 -0.009268329 -0.052083813 0.035536055 0.997967184
1341846392.114010 0.030527517 0.078511208 0.250042766 -0.009813144 -0.052440256 0.034629159 0.997975230
1341846392.145989 0.030789392 0.079486981 0.250301152 -0.009326935 -0.052221213 0.033362795 0.998034477
1341846392.181959 0.022964893 0.080554046 0.239051014 -0.010620744 -0.053126346 0.034093801 0.997949123
1341846392.213917 0.031069009 0.079693146 0.248063460 -0.011781865 -0.056574181 0.031075569 0.997845113
1341846392.246105 0.031411242 0.081461288 0.241696119 -0.010149414 -0.054141507 0.025427401 0.998157859
1341846392.282032 0.032932576 0.078460068 0.242313296 -0.010789414 -0.054000519 0.026797159 0.998122990
1341846392.314025 0.034777682 0.075661987 0.249374539 -0.009915022 -0.056560408 0.029132176 0.997924805
1341846392.349981 0.039227888 0.083127551 0.249227002 -0.006432156 -0.056297105 0.028308233 0.997991920
1341846392.382103 0.038619120 0.084688865 0.247754365 -0.005721659 -0.054508533 0.029991711 0.998046398
1341846392.414056 0.039003424 0.081478372 0.249257281 -0.005867725 -0.055246789 0.031845905 0.997947514
1341846392.450136 0.042685188 0.077465817 0.245253384 -0.005047185 -0.056068618 0.036159802 0.997759163
1341846392.482091 0.044187430 0.072663896 0.244723439 -0.003218046 -0.056509148 0.037997704 0.997673571
1341846392.514096 0.043897193 0.076310098 0.237638429 -0.001695000 -0.056064587 0.036408022 0.997761667
1341846392.550030 0.047642644 0.071155332 0.241230458 -0.002627406 -0.057399724 0.038056668 0.997622192
1341846392.582053 0.046940971 0.065189369 0.232710868 -0.001695208 -0.058478046 0.041320946 0.997431695
1341846392.617983 0.046876494 0.065926790 0.232418969 0.000284770 -0.058735535 0.042201035 0.997381151
1341846392.649909 0.049019448 0.065347411 0.231485844 0.001527814 -0.058440357 0.039476179 0.997508883
1341846392.682128 0.045810856 0.061942019 0.232001409 0.001845843 -0.058282584 0.038193081 0.997567534
1341846392.718019 0.047742411 0.057048615 0.231675714 0.002928824 -0.060812365 0.040933486 0.997305274
1341846392.749829 0.049995702 0.057456166 0.229704320 0.005048600 -0.062657587 0.041509546 0.997158706
1341846392.782107 0.050930668 0.058292400 0.229023799 0.005773258 -0.062699482 0.041126508 0.997168005
1341846392.818251 0.049248818 0.054787505 0.230897337 0.005765830 -0.061903242 0.041428771 0.997205257
1341846392.852165 0.051491771 0.053050663 0.233225599 0.007535736 -0.062807046 0.042232260 0.997103274
1341846392.885913 0.054330520 0.051861316 0.229330152 0.008517392 -0.062319171 0.040502019 0.997197747
1341846392.917882 0.057849873 0.051568184 0.231349707 0.010017463 -0.061412375 0.040435798 0.997242749
1341846392.950023 0.057513215 0.049880326 0.234339267 0.011810126 -0.061059248 0.041026279 0.997220695
