1341846361.788774 0.000000000 0.000000000 0.000000000 0.000000000 0.000000000 0.000000000 1.000000000
1341846361.824112 -0.013324488 0.000785091 0.008827012 -0.002273796 0.003780309 -0.004899608 0.999978244
1341846361.856016 -0.027680673 0.009507268 0.009057928 -0.007081426 0.006038816 -0.009590862 0.999910712
1341846361.887871 -0.034527201 -0.009098977 0.029325379 -0.017457077 0.008137372 -0.014096027 0.999715090
1341846361.923930 -0.052706394 -0.027691716 0.037391726 -0.019473741 0.012455667 -0.011345482 0.999668360
1341846361.955927 -0.066975132 -0.028538931 0.031922612 -0.013885222 0.011518889 -0.004278681 0.999828100
1341846361.991999 -0.071976177 -0.024450261 0.033839498 -0.009612659 0.005705910 0.002875773 0.999933362
1341846362.023994 -0.068550922 -0.022345966 0.039114468 -0.005332082 0.002184852 0.003969591 0.999975502
1341846362.056118 -0.076754473 -0.012067409 0.034551542 -0.002504319 0.002950547 0.005760550 0.999975920
1341846362.091992 -0.091019735 -0.011737129 0.039681677 -0.003689398 0.003376383 0.005971742 0.999969661
1341846362.123929 -0.097677112 -0.025271740 0.046124801 -0.005140581 0.002245544 0.007314987 0.999957502
1341846362.156058 -0.104439966 -0.028727347 0.045401301 -0.001696959 0.002128946 0.009768598 0.999948561
1341846362.191987 -0.122072406 -0.025094301 0.053565711 0.001496147 0.002772093 0.012074237 0.999922156
1341846362.224138 -0.130818337 -0.030940391 0.047392663 0.004845875 0.001616353 0.015430644 0.999867857
1341846362.260011 -0.132135421 -0.017770380 0.044616763 0.011698552 0.002962616 0.013985645 0.999829352
1341846362.291979 -0.139884353 -0.021569997 0.044232730 0.013676521 0.006704554 0.015233876 0.999767900
1341846362.323947 -0.151803389 -0.020453677 0.050827228 0.016353372 0.010024514 0.012520235 0.999737620
1341846362.359889 -0.159130827 -0.017786326 0.051835101 0.018744817 0.013424139 0.011243848 0.999670923
1341846362.392021 -0.176192507 -0.024138212 0.046757635 0.018614400 0.019635143 0.010646954 0.999577224
1341846362.423868 -0.185964510 -0.027857043 0.059966523 0.019558029 0.021736937 0.011478166 0.999506474
1341846362.459968 -0.202558294 -0.030692188 0.062624179 0.022647712 0.024023188 0.012685023 0.999374330
1341846362.491924 -0.215087458 -0.032801412 0.069066033 0.024846800 0.024290869 0.011735420 0.999327242
1341846362.523976 -0.220419213 -0.032986086 0.071878068 0.026432417 0.023822699 0.013863184 0.999270558
1341846362.559933 -0.231366783 -0.035800129 0.071471222 0.028183896 0.025328886 0.014632711 0.999174654
1341846362.592338 -0.244526252 -0.034416668 0.069579095 0.029574735 0.026050972 0.015276510 0.999106288
1341846362.628177 -0.251172960 -0.032342978 0.073066160 0.029514419 0.025028858 0.014708239 0.999142706
1341846362.660128 -0.265284985 -0.034960262 0.069767356 0.028563164 0.026098479 0.013206703 0.999163985
1341846362.691901 -0.276579380 -0.028186737 0.073905386 0.027775327 0.024090968 0.014607337 0.999217093
1341846362.727993 -0.289286405 -0.031631511 0.066593505 0.025822869 0.021195101 0.013224130 0.999354362
1341846362.759942 -0.293928117 -0.034593150 0.070996888 0.025303595 0.018345276 0.011405692 0.999446392
1341846362.792002 -0.303875417 -0.031288929 0.070133552 0.025154386 0.017285468 0.008889792 0.999494553
1341846362.827965 -0.310843587 -0.033606108 0.074770585 0.023603033 0.014889226 0.006572410 0.999588907
1341846362.859959 -0.319035470 -0.036960632 0.071633838 0.022791492 0.013884261 0.003437945 0.999637902
1341846362.891861 -0.330472440 -0.034055967 0.075288728 0.023656344 0.014227175 0.002516380 0.999615729
1341846362.928098 -0.341625452 -0.040233202 0.077070728 0.023165084 0.012614436 0.003233783 0.999646842
1341846362.959894 -0.347159952 -0.050537266 0.082579024 0.025249712 0.011872428 0.004790701 0.999599218
1341846362.995909 -0.357005060 -0.049360413 0.083829015 0.029021749 0.010536819 0.008350926 0.999488354
1341846363.028072 -0.367091477 -0.052418862 0.078443095 0.031063547 0.008794431 0.009634348 0.999432325
1341846363.059896 -0.361697495 -0.060216647 0.082961589 0.034820728 0.008054769 0.009423948 0.999316692
1341846363.096102 -0.368602723 -0.047706697 0.085416876 0.039320305 0.010619341 0.005905057 0.999152780
1341846363.127992 -0.375940502 -0.048753601 0.087749332 0.038469531 0.011896430 0.003267156 0.999183595
1341846363.159870 -0.374199510 -0.053268619 0.089070596 0.039436594 0.014368425 -0.000021002 0.999118745
1341846363.195966 -0.390202940 -0.052446581 0.089442827 0.042007029 0.019205110 0.002664997 0.998929143
1341846363.227902 -0.413855314 -0.059219096 0.087063976 0.043207839 0.018116351 0.005916754 0.998884320
1341846363.259977 -0.408239633 -0.061324183 0.087433726 0.045924537 0.015625283 0.010654216 0.998765886
1341846363.296031 -0.413940102 -0.055809274 0.087766320 0.050186481 0.017943768 0.012805013 0.998496592
1341846363.328065 -0.429832995 -0.053537156 0.085021205 0.050896686 0.018856298 0.016586639 0.998388112
1341846363.364023 -0.437212735 -0.050642937 0.075988218 0.049416546 0.014399318 0.018295405 0.998506844
1341846363.395985 -0.444797873 -0.053832583 0.076404206 0.048487101 0.010048057 0.018635515 0.998599410
1341846363.427955 -0.452355444 -0.047936577 0.077151261 0.048538882 0.007245813 0.014510249 0.998689592
1341846363.463979 -0.461216867 -0.050749548 0.083358288 0.046423066 0.004535955 0.015209103 0.998795748
1341846363.495986 -0.468923420 -0.046554253 0.088571914 0.045163866 0.000395061 0.017542720 0.998825490
1341846363.527941 -0.480540454 -0.048701040 0.077767909 0.042314243 -0.002289906 0.020075444 0.998899996
1341846363.564057 -0.487615407 -0.044702996 0.085336670 0.038802855 -0.004360422 0.024196135 0.998944402
1341846363.596025 -0.496987224 -0.054258354 0.083196737 0.034055676 -0.008339382 0.027761921 0.998999476
1341846363.632058 -0.504318476 -0.066847935 0.087468863 0.034253120 -0.015004954 0.031607643 0.998800576
1341846363.663931 -0.504898250 -0.056261316 0.079081252 0.036727089 -0.016845431 0.029313959 0.998753250
1341846363.695998 -0.513857603 -0.051924754 0.078865618 0.035557400 -0.018332198 0.023500523 0.998923123
1341846363.732007 -0.520471931 -0.056580916 0.084150627 0.032888271 -0.023723280 0.017179230 0.999029756
1341846363.794060 -0.506826043 -0.057676140 0.093954392 0.035758290 -0.037933376 0.021804929 0.998402178
1341846363.826406 -0.495677084 -0.051809158 0.090912916 0.037340295 -0.040976696 0.019108478 0.998279274
1341846363.861897 -0.490131080 -0.050185300 0.088205464 0.038513411 -0.040827468 0.017710222 0.998266637
1341846363.893984 -0.486487538 -0.044783760 0.083971061 0.038960721 -0.040378302 0.016859928 0.998282254
1341846363.926076 -0.475244373 -0.043042548 0.085579611 0.036872171 -0.040909510 0.017278848 0.998332739
1341846363.962090 -0.466343135 -0.045919795 0.086039953 0.035483867 -0.039349105 0.018199451 0.998429418
1341846363.994287 -0.461096257 -0.050365519 0.085752532 0.034187686 -0.038584553 0.021167343 0.998445988
1341846364.025993 -0.453247130 -0.039677791 0.096660867 0.033890516 -0.038470890 0.021429237 0.998454928
1341846364.061809 -0.443410993 -0.039829306 0.094064526 0.032532062 -0.036052611 0.020754026 0.998604596
1341846364.094209 -0.428452790 -0.058856733 0.088324852 0.031510551 -0.034219526 0.021302475 0.998690307
1341846364.130022 -0.419116855 -0.060117051 0.093145393 0.033109281 -0.034184396 0.021613853 0.998633087
1341846364.162231 -0.403692424 -0.074643858 0.083263390 0.035156574 -0.036519978 0.021050597 0.998492479
1341846364.194049 -0.391782969 -0.070126615 0.081434257 0.040741548 -0.038016047 0.017472591 0.998293340
1341846364.230023 -0.377874285 -0.065154292 0.096528567 0.044048283 -0.039654866 0.015392436 0.998123407
1341846364.262044 -0.359830260 -0.066754989 0.120549418 0.048092049 -0.041107882 0.013906128 0.997899771
1341846364.294059 -0.347711772 -0.062731847 0.078203052 0.052229609 -0.035913460 0.008685134 0.997951329
1341846364.330003 -0.339180440 -0.058788642 0.079291299 0.051710889 -0.032504763 0.006560784 0.998111427
1341846364.362052 -0.324128121 -0.067491755 0.073200986 0.050319027 -0.029916877 0.005822668 0.998268068
1341846364.397902 -0.295624316 -0.064460091 0.079848193 0.051951941 -0.024590053 0.003119010 0.998341918
1341846364.430108 -0.298490494 -0.066848800 0.076131359 0.051721469 -0.019005874 0.002839249 0.998476624
1341846364.462063 -0.283855230 -0.066976085 0.064355180 0.051084097 -0.015826058 0.001116838 0.998568356
1341846364.498091 -0.269811243 -0.066041775 0.079697929 0.051204197 -0.011160492 -0.001463237 0.998624802
1341846364.530058 -0.260388732 -0.069736391 0.073149450 0.050396286 -0.008180127 -0.002675028 0.998692214
1341846364.561952 -0.241535112 -0.063628696 0.076335229 0.050840765 -0.005601660 -0.006296523 0.998671234
1341846364.597928 -0.237277851 -0.065352984 0.072324082 0.049589828 -0.001495879 -0.009802491 0.998720407
1341846364.629950 -0.225459650 -0.073570684 0.067613408 0.048291214 0.000489058 -0.009424760 0.998788714
1341846364.665991 -0.222797945 -0.076255679 0.059503857 0.049339004 0.000384047 -0.007709648 0.998752236
1341846364.698004 -0.212853417 -0.072883271 0.062840074 0.049661718 -0.001882419 -0.006401585 0.998743832
1341846364.730097 -0.188442186 -0.075687729 0.060486667 0.049967635 -0.003409491 -0.005542866 0.998729646
1341846364.766057 -0.181833148 -0.072718367 0.058754321 0.051707126 -0.002202895 -0.005294352 0.998645842
1341846364.798632 -0.175047278 -0.065192185 0.048733503 0.051177427 -0.002440055 -0.004602646 0.998676002
1341846364.833901 -0.155454367 -0.070839435 0.044721644 0.049633797 -0.001295942 -0.006099704 0.998748004
1341846364.865923 -0.149721175 -0.073020920 0.042421479 0.051025473 0.002943183 -0.010310721 0.998639762
1341846364.897970 -0.147738025 -0.071581520 0.048292231 0.050975215 0.001852949 -0.007822510 0.998667598
1341846364.934019 -0.123500645 -0.075041480 0.032492615 0.050201982 -0.001847520 -0.004798345 0.998725832
1341846364.966047 -0.103886776 -0.066705041 0.025686042 0.051405158 0.000090948 -0.007397116 0.998650491
1341846364.998055 -0.095886193 -0.061251104 0.028463326 0.048725706 0.001715924 -0.008287757 0.998776317
1341846365.034125 -0.091307007 -0.059125774 0.022238037 0.042737547 -0.000070072 -0.005010065 0.999073803
1341846365.066106 -0.079153232 -0.062724240 0.028336072 0.038280033 -0.002674981 -0.007078300 0.999238431
1341846365.101953 -0.053232472 -0.064197920 0.014104161 0.036834829 -0.000547164 -0.013973198 0.999223530
1341846365.133922 -0.045751564 -0.058255974 0.024681389 0.034209453 0.005346585 -0.021149589 0.999176562
1341846365.165953 -0.036939099 -0.061911963 0.026256293 0.030921614 0.008233464 -0.023050355 0.999222100
1341846365.201856 -0.028436681 -0.079192698 0.039927002 0.029532159 0.010562544 -0.025628939 0.999179363
1341846365.234093 -0.003807453 -0.078341231 0.051535424 0.031067776 0.014663430 -0.024327520 0.999113619
1341846365.266094 0.000600809 -0.082509242 0.060828082 0.034560055 0.020641495 -0.019999942 0.998989284
1341846365.302078 0.016090237 -0.090730906 0.034785878 0.039875634 0.024610460 -0.015879514 0.998775303
1341846365.334027 0.026467653 -0.086833984 0.043111552 0.045120098 0.028387602 -0.014384509 0.998474538
1341846365.369945 0.060021129 -0.085717082 0.044000637 0.047210332 0.032367922 -0.010446711 0.998305738
1341846365.401963 0.060448684 -0.080116503 0.040493313 0.048911389 0.038836304 -0.008301069 0.998013258
1341846365.434082 0.073923156 -0.077659369 0.035758790 0.049399793 0.042157408 -0.011494565 0.997822762
1341846365.469939 0.095852502 -0.064826690 0.020462889 0.045643818 0.048740178 -0.013401128 0.997678101
1341846365.502100 0.100049093 -0.078917854 0.045215506 0.036558565 0.053571545 -0.012026281 0.997822106
1341846365.533844 0.103664234 -0.092117406 0.052264076 0.033622634 0.053186100 -0.007224833 0.997992337
1341846365.569876 0.120329127 -0.091944829 0.044638839 0.035153396 0.050528798 -0.003440569 0.998097837
1341846365.601930 0.119924620 -0.078142107 0.041367747 0.036178455 0.050594490 -0.001227716 0.998063028
1341846365.637899 0.134405151 -0.083030403 0.041607182 0.034386035 0.050425295 0.001747327 0.998134196
1341846365.669890 0.142290413 -0.078455120 0.035231758 0.034279559 0.051099785 0.003670405 0.998098314
1341846365.701977 0.152564332 -0.070781276 0.046937007 0.032155912 0.050351586 0.003552107 0.998207450
1341846365.738098 0.162683815 -0.081882454 0.043247204 0.030903138 0.053087510 0.001919068 0.998109698
1341846365.770026 0.168681577 -0.084816150 0.044496398 0.032891754 0.055056073 0.002726646 0.997937620
1341846365.805834 0.175031856 -0.084161960 0.047560208 0.035553910 0.053305667 0.006121323 0.997926354
1341846365.837937 0.184702396 -0.081610397 0.049501490 0.037533160 0.050410058 0.007071602 0.997998059
1341846365.869952 0.197682932 -0.079282567 0.033064477 0.039350647 0.050267469 0.007627282 0.997931123
1341846365.906411 0.207012683 -0.070434310 0.026279110 0.038855668 0.049329344 0.006572021 0.998004794
1341846365.938000 0.218479648 -0.080054082 0.028081989 0.035332348 0.048355252 0.009402624 0.998160779
1341846365.970022 0.219441026 -0.082390949 0.030198868 0.037346538 0.048806965 0.013311682 0.998021007
1341846366.006126 0.235239401 -0.078069404 0.028788052 0.039243385 0.047197178 0.019274553 0.997928262
1341846366.043876 0.243356124 -0.074644558 0.034109980 0.039419375 0.047835059 0.022565737 0.997821927
1341846366.076490 0.247789860 -0.065740943 0.005438647 0.038449910 0.049768597 0.026004687 0.997681558
1341846366.111888 0.264403760 -0.060616855 -0.003052606 0.034921724 0.053047858 0.027544085 0.997600973
1341846366.143907 0.280189276 -0.047038626 -0.002378916 0.031340457 0.057774663 0.028731383 0.997423887
1341846366.176044 0.283879280 -0.050350990 0.010798800 0.026925167 0.060349949 0.033628821 0.997247219
1341846366.212022 0.288602293 -0.052249771 0.009738582 0.025002586 0.060781207 0.038236715 0.997105062
1341846366.243981 0.306800276 -0.045953050 0.001492316 0.024411535 0.061185036 0.040639207 0.996999919
1341846366.280032 0.300941765 -0.037839908 0.005045403 0.022213630 0.064218447 0.040621337 0.996861279
1341846366.344115 0.325888008 -0.042078316 0.004793033 0.013711780 0.062500872 0.041238405 0.997098267
1341846366.406057 0.339591712 -0.046801757 0.006137239 0.011952742 0.063723482 0.044399668 0.996907771
1341846366.442042 0.352087110 -0.040504381 0.006327133 0.013220874 0.062818997 0.045199852 0.996913195
1341846366.506117 0.362094730 -0.036743704 0.010342535 0.013850055 0.065083556 0.047949858 0.996630847
1341846366.542004 0.366659880 -0.031951200 0.004762695 0.014448789 0.064771466 0.046922144 0.996691644
1341846366.573848 0.374383599 -0.031958696 -0.011170068 0.012773729 0.065988213 0.047346935 0.996614575
1341846366.610058 0.372504026 -0.030828854 -0.009604705 0.010823613 0.067803524 0.048137683 0.996477962
1341846366.642206 0.384121478 -0.031158308 -0.012352667 0.009258104 0.067638218 0.048706383 0.996477306
1341846366.674164 0.385988474 -0.027131801 -0.010713017 0.008462097 0.070197999 0.048642620 0.996310472
1341846366.710207 0.389036506 -0.020514935 -0.011023764 0.006186391 0.070212141 0.050432410 0.996237218
1341846366.741976 0.395222247 -0.021698005 -0.017593933 0.003082672 0.070914827 0.049056083 0.996270597
1341846366.773916 0.411679745 -0.022672188 -0.008257017 0.002084402 0.073163629 0.047962327 0.996163785
1341846366.810122 0.412081867 -0.021681121 -0.004485254 0.001820421 0.074905448 0.051637527 0.995851099
1341846366.841893 0.416329801 -0.021923307 -0.005435497 0.002246762 0.073813707 0.053864758 0.995813787
1341846366.878062 0.421557993 -0.019455388 -0.007438706 0.003995417 0.074255683 0.052423526 0.995852351
1341846366.909933 0.425110608 -0.013404523 -0.010194026 0.005598597 0.075993538 0.053522423 0.995655060
1341846366.941941 0.425322443 -0.010753557 -0.013858684 0.004534622 0.076502010 0.054165747 0.995586753
1341846366.977906 0.438823074 -0.007201043 -0.015909012 0.004080269 0.077588193 0.053626854 0.995533824
1341846367.009852 0.459073454 -0.003733837 -0.012830510 0.003825445 0.079818442 0.056275319 0.995212257
1341846367.045944 0.467186272 -0.004802561 -0.015823727 0.004124572 0.083196893 0.057545438 0.994861662
1341846367.077914 0.474906147 -0.006316373 -0.023320226 0.005707793 0.088811532 0.057388961 0.994377434
1341846367.110077 0.478064686 0.001914581 -0.024234315 0.007250875 0.095016636 0.056780316 0.993828595
1341846367.145997 0.482763290 -0.000987019 -0.018386202 0.006823823 0.098056391 0.060352884 0.993325651
1341846367.177894 0.492752790 -0.001324377 -0.022690479 0.008908021 0.099758163 0.062191848 0.993026257
1341846367.209903 0.498093277 0.002807762 -0.041838482 0.011484005 0.105158664 0.062127914 0.992446423
1341846367.245970 0.498255670 0.006240707 -0.041001238 0.009560101 0.110116139 0.066606060 0.991638362
1341846367.277966 0.501158595 0.000575855 -0.034325626 0.008060333 0.112386733 0.069732085 0.991181970
1341846367.314058 0.504554212 0.003559491 -0.046974957 0.010093594 0.114762999 0.069431029 0.990912139
1341846367.346333 0.515335500 0.015148992 -0.053930823 0.011177354 0.118656084 0.069789000 0.990416706
1341846367.378615 0.508610964 0.014807124 -0.046602316 0.008428691 0.122083120 0.072948061 0.989799619
1341846367.413946 0.521128595 0.010987897 -0.046986423 0.006621478 0.121051632 0.075130247 0.989776790
1341846367.446060 0.530430973 0.020855052 -0.050428584 0.006593934 0.123126365 0.076349378 0.989427745
1341846367.478095 0.528302312 0.019543709 -0.046450693 0.004265788 0.126927704 0.079759188 0.988690853
1341846367.514115 0.535981119 0.011446780 -0.041654523 0.003749233 0.125507861 0.085052766 0.988433003
1341846367.546096 0.539468229 0.016657131 -0.047254063 0.008332346 0.125197232 0.086130336 0.988351047
1341846367.581982 0.545455098 0.027449436 -0.049807914 0.010632705 0.125513345 0.088389315 0.988089383
1341846367.613951 0.542047918 0.028524259 -0.052245010 0.008259708 0.125288665 0.091634609 0.987844944
1341846367.645894 0.567233860 0.022930708 -0.069031559 0.006453114 0.122016959 0.090039164 0.988414466
1341846367.682223 0.568750739 0.021110045 -0.067911267 0.006412513 0.125380799 0.089664556 0.988027751
1341846367.714019 0.571298659 0.019399248 -0.072813638 0.007240112 0.127056226 0.091731153 0.987618208
1341846367.745904 0.574229598 0.019154049 -0.072415039 0.008291479 0.128116280 0.093296550 0.987326324
1341846367.781973 0.580323458 0.022209805 -0.076956771 0.009677221 0.129340082 0.092492931 0.987229705
1341846367.813986 0.582207918 0.022917038 -0.084035173 0.009241784 0.131216928 0.093995392 0.986844242
1341846367.850189 0.583786249 0.021593042 -0.085477062 0.008756969 0.133714870 0.092109188 0.986691236
1341846367.881960 0.584492922 0.026661852 -0.087134890 0.007920449 0.134680599 0.092632085 0.986517966
1341846367.914064 0.580359459 0.032037511 -0.082949355 0.005250231 0.135118932 0.094238751 0.986323655
1341846367.950095 0.577584684 0.021896260 -0.079450078 0.002820253 0.137384385 0.093424141 0.986098111
1341846367.981916 0.581084251 0.025535714 -0.078507751 0.004907592 0.139635339 0.091805637 0.985925794
1341846368.017965 0.578102052 0.027558345 -0.077704124 0.004040332 0.140424997 0.094638981 0.985549569
1341846368.050897 0.570993841 0.026009232 -0.072557472 0.003487345 0.139729962 0.094530933 0.985660851
1341846368.082322 0.573393047 0.021878181 -0.075905636 0.002969756 0.139475733 0.092755504 0.985867202
1341846368.118029 0.570214868 0.025317237 -0.070428714 0.003079709 0.139450744 0.093398869 0.985809624
1341846368.150026 0.565232098 0.023085430 -0.066672951 0.001733580 0.138378680 0.095095925 0.985801756
1341846368.181952 0.560053229 0.015763931 -0.065273315 0.002930658 0.137765110 0.093097396 0.986075580
1341846368.217882 0.559528589 0.024547342 -0.069532454 0.004905133 0.137513652 0.092946395 0.986117065
1341846368.250223 0.557681978 0.026418347 -0.065014437 0.002747360 0.137074515 0.093921095 0.986094236
1341846368.286003 0.551118195 0.020541809 -0.056654282 0.000956845 0.137710810 0.092194892 0.986171842
1341846368.317994 0.542954385 0.024619795 -0.058193889 0.000758094 0.136615843 0.091477662 0.986391068
1341846368.350010 0.531459272 0.034262344 -0.051805835 -0.001324296 0.134007856 0.090852819 0.986805916
1341846368.385949 0.517140985 0.029240588 -0.041779157 -0.004700849 0.132093579 0.087868571 0.987323821
1341846368.417845 0.515747726 0.022834120 -0.043853272 -0.006364041 0.129258186 0.084595621 0.987975359
1341846368.450062 0.516329885 0.020000648 -0.038182482 -0.008907580 0.126224607 0.086668186 0.988168359
1341846368.485968 0.504175007 0.015875166 -0.035512235 -0.010194466 0.123047911 0.085282549 0.988676965
1341846368.517939 0.500796020 0.008475008 -0.033503819 -0.010142059 0.120134287 0.082800180 0.989246726
1341846368.554171 0.493114084 0.011044530 -0.031098524 -0.008400778 0.118296541 0.082945041 0.989472330
1341846368.618123 0.483106136 0.010598263 -0.033360019 -0.009964073 0.111969322 0.077879682 0.990605056
1341846368.654302 0.477725565 0.001094706 -0.029011019 -0.011140432 0.111460879 0.074250601 0.990928471
1341846368.685914 0.482763946 -0.002086887 -0.020528283 -0.010351447 0.107295521 0.074407734 0.991384923
1341846368.717980 0.463771760 -0.002833812 -0.022668324 -0.008709211 0.106163211 0.070080899 0.991837800
1341846368.786190 0.462183952 -0.011411045 -0.017894471 -0.005890090 0.103286371 0.071603768 0.992053509
1341846368.821968 0.457764059 -0.005204748 -0.026338687 -0.003509394 0.100190885 0.069366574 0.992541075
1341846368.853991 0.451750904 -0.004016622 -0.024980674 -0.004323487 0.100840986 0.065453589 0.992737710
1341846368.885978 0.443632245 -0.012069828 -0.018443819 -0.005435353 0.101441473 0.062294766 0.992874324
1341846368.923221 0.436131626 -0.017692134 -0.014097897 -0.003650541 0.099842139 0.061647009 0.993085027
1341846368.953942 0.426154792 -0.015322674 -0.018373128 -0.000462227 0.098440059 0.058915682 0.993397355
1341846368.986016 0.409490585 -0.011389013 -0.016404023 0.001322446 0.097954184 0.056489967 0.993585467
1341846369.021938 0.401112914 -0.012396622 -0.013896697 0.001467008 0.097078346 0.055390302 0.993733108
1341846369.053927 0.399675786 -0.014566583 -0.019237483 0.001829708 0.096847840 0.051060706 0.993986905
1341846369.090047 0.406866699 -0.019768789 -0.017376423 0.001687876 0.096371740 0.049113814 0.994131505
1341846369.121845 0.398080111 -0.028488379 -0.001609716 0.003057834 0.096169472 0.049722485 0.994117558
1341846369.154351 0.379622519 -0.034460764 -0.013421303 0.006943785 0.095698699 0.050538100 0.994102299
1341846369.189885 0.382089168 -0.021372885 -0.013540357 0.011402059 0.094607122 0.048290510 0.994277358
1341846369.222188 0.373417556 -0.020178605 -0.019658552 0.010473378 0.096657231 0.045297269 0.994231284
1341846369.257947 0.355704844 -0.034674954 -0.015885893 0.009092459 0.098942295 0.044289492 0.994065464
1341846369.289994 0.360938281 -0.037198905 -0.009903958 0.011489160 0.097184129 0.044771738 0.994192481
1341846369.322196 0.357904941 -0.033171438 -0.011757964 0.014518094 0.097135969 0.045685492 0.994116008
1341846369.357830 0.352044702 -0.031621620 -0.013001700 0.015028222 0.098548643 0.044881854 0.994005978
1341846369.390267 0.338035226 -0.033720598 -0.011314659 0.014822043 0.099979520 0.042965863 0.993950844
1341846369.422057 0.326487124 -0.029237239 -0.006262122 0.016154181 0.101073280 0.041151460 0.993896246
1341846369.457950 0.318750918 -0.038623817 -0.004368181 0.015503172 0.100809373 0.041937917 0.993900597
1341846369.490144 0.296641350 -0.040040988 -0.004118429 0.017794088 0.100417815 0.041674905 0.993912876
1341846369.526405 0.291385353 -0.032086998 -0.004387867 0.019868201 0.097310863 0.042972662 0.994127333
1341846369.557969 0.280660719 -0.037479304 -0.003636901 0.019527830 0.095032096 0.043852583 0.994316101
1341846369.590093 0.271002144 -0.040464785 0.000468416 0.020893035 0.091599539 0.045261867 0.994547307
1341846369.625895 0.262034118 -0.033769410 0.002204736 0.023087304 0.088975206 0.045999002 0.994703233
1341846369.657961 0.256685168 -0.034983046 -0.000357400 0.022205472 0.087135755 0.045709662 0.994899452
1341846369.690135 0.244864985 -0.039485577 0.007124271 0.022236260 0.085567288 0.046882577 0.994980335
1341846369.726074 0.224013135 -0.042951904 -0.002601224 0.024171965 0.082874827 0.048560958 0.995082557
1341846369.757962 0.216038287 -0.039519481 -0.001238411 0.025682423 0.079600051 0.049458791 0.995267868
1341846369.793964 0.205874145 -0.036815248 0.003890784 0.025908886 0.077482626 0.049988363 0.995402575
1341846369.826161 0.190359205 -0.039085779 0.000966642 0.024961215 0.075246766 0.050450783 0.995575011
1341846369.858015 0.180930674 -0.041667473 -0.000788271 0.024860971 0.071856096 0.050343949 0.995833397
1341846369.893954 0.175209403 -0.038729548 0.005905317 0.025323316 0.068991020 0.051025342 0.995989621
1341846369.926051 0.160848454 -0.040072385 0.001890575 0.024488337 0.067053415 0.050741654 0.996157348
1341846369.958062 0.143065304 -0.042443454 -0.002934870 0.024051990 0.063331127 0.048954409 0.996500909
1341846369.994037 0.139934927 -0.042188689 0.005583752 0.023976564 0.058757804 0.047476228 0.996854365
1341846370.026058 0.127325103 -0.044080690 0.005775391 0.024615552 0.057386100 0.047409646 0.996921837
1341846370.062000 0.109031618 -0.038547009 -0.003627595 0.025361788 0.053522203 0.048540115 0.997063696
1341846370.094135 0.108352505 -0.034877114 0.012143304 0.023978988 0.048607353 0.049563017 0.997299254
1341846370.126153 0.105454907 -0.040784821 0.016848989 0.023344947 0.048045028 0.048885807 0.997374952
1341846370.162082 0.094073378 -0.036466230 0.015614563 0.024681907 0.048625063 0.050620548 0.997228146
1341846370.194044 0.088051051 -0.040626291 0.018919481 0.023898942 0.046534631 0.053369887 0.997203588
1341846370.230152 0.084673069 -0.043240029 0.014628278 0.025635093 0.045731537 0.054210965 0.997152269
1341846370.262175 0.078208841 -0.039564721 0.015492715 0.027032716 0.046749618 0.052742917 0.997146845
1341846370.294216 0.067022592 -0.040483005 0.017893972 0.027601676 0.048369136 0.049066007 0.997241735
1341846370.329892 0.048999548 -0.039352141 0.019252926 0.027635608 0.047571301 0.044864152 0.997477055
1341846370.361939 0.048051372 -0.042430449 0.023844620 0.028222280 0.044956282 0.041196030 0.997740090
1341846370.394073 0.035176199 -0.042454101 0.018072823 0.029334057 0.042631842 0.040648643 0.997832477
1341846370.429985 0.022555321 -0.035002492 0.014039423 0.029707745 0.036854327 0.039398842 0.998101652
1341846370.462095 0.014248854 -0.032469559 0.056435674 0.027663149 0.031465232 0.038321014 0.998386800
1341846370.498034 0.012290843 -0.031832024 0.056391411 0.024164794 0.026745632 0.038131319 0.998622417
1341846370.530176 0.002960680 -0.028470198 0.054426234 0.021162247 0.024519028 0.037961792 0.998754144
1341846370.561949 -0.003644699 -0.025647433 0.048678942 0.017722728 0.020538678 0.039724313 0.998842359
1341846370.597989 -0.006676251 -0.019427441 0.041015439 0.012900475 0.017433012 0.040852368 0.998929799
1341846370.629913 -0.006761137 -0.028068194 0.054533578 0.007929057 0.017226767 0.040839761 0.998985708
1341846370.662062 -0.015518651 -0.031846650 0.049475797 0.006609883 0.016944645 0.040437233 0.999016523
1341846370.697981 -0.017894698 -0.028133167 0.052367210 0.004336534 0.015747637 0.040611606 0.999041498
1341846370.730015 -0.018045956 -0.037449043 0.055105034 0.001110241 0.015708223 0.037629470 0.999167681
1341846370.766182 -0.020886499 -0.044823084 0.046177920 0.001460032 0.018829804 0.034425009 0.999228835
1341846370.797966 -0.025975958 -0.038350340 0.043242462 0.000219695 0.021343598 0.032370791 0.999247968
1341846370.830023 -0.028661292 -0.057407036 0.046676222 -0.004058959 0.022199027 0.030319503 0.999285460
1341846370.866186 -0.022621391 -0.069890931 0.044711381 -0.002150689 0.021969195 0.031088870 0.999272823
1341846370.897994 -0.026580546 -0.063765332 0.043501776 -0.001748088 0.024274675 0.032721225 0.999168158
1341846370.929983 -0.032346260 -0.082081594 0.034078453 -0.004309915 0.025626238 0.034589428 0.999063671
1341846370.971974 -0.025000161 -0.094867833 0.039502710 -0.001038403 0.025962301 0.034482852 0.999067485
1341846371.034127 -0.029269926 -0.109672062 0.035241704 0.004666320 0.032340940 0.036108844 0.998813510
1341846371.066883 -0.029416200 -0.104898266 0.031896524 0.006664872 0.035357274 0.034518722 0.998756230
1341846371.098209 -0.021635259 -0.109031290 -0.000912597 0.004122273 0.038389537 0.032327380 0.998731256
1341846371.134068 -0.020903062 -0.116614334 -0.000417030 0.002349540 0.041512579 0.031293415 0.998645008
1341846371.165993 -0.023416184 -0.122772343 -0.000784760 -0.000694762 0.044292048 0.032339104 0.998494804
1341846371.197951 -0.026240192 -0.132627517 -0.000055043 -0.003572251 0.045181390 0.032885313 0.998430967
1341846371.233950 -0.019462964 -0.140204892 -0.005615137 -0.004453760 0.045685679 0.033224419 0.998393238
1341846371.266433 -0.019903116 -0.131122142 -0.010561205 -0.006460337 0.049101718 0.033508811 0.998210609
1341846371.302051 -0.020824742 -0.137456149 -0.012208864 -0.013577388 0.051893413 0.034169644 0.997975528
1341846371.334010 -0.017168514 -0.149231762 -0.016689148 -0.020367524 0.055064838 0.032322176 0.997751594
1341846371.366198 -0.012342948 -0.155920133 -0.014988488 -0.025143033 0.060318552 0.030005090 0.997411191
1341846371.402482 -0.023180844 -0.172810838 -0.011282989 -0.028768416 0.064128749 0.031059358 0.997043192
1341846371.434055 -0.027167780 -0.183840722 -0.011720941 -0.027686361 0.063755661 0.032490280 0.997052193
1341846371.469998 -0.019872235 -0.191278741 -0.015545983 -0.025462663 0.063344665 0.031238236 0.997177660
1341846371.501933 -0.023804327 -0.197639793 -0.017375445 -0.023552809 0.066078521 0.028624475 0.997125626
1341846371.534269 -0.031615805 -0.202182025 -0.020476393 -0.023147767 0.067067228 0.028550772 0.997071207
1341846371.570100 -0.031926006 -0.212851807 -0.021455282 -0.023749845 0.064848483 0.025507031 0.997286320
1341846371.602162 -0.023134755 -0.223580882 -0.024676891 -0.021924976 0.063126609 0.022941926 0.997500896
1341846371.634012 -0.030158075 -0.228083953 -0.028373640 -0.020478329 0.064996690 0.021528538 0.997443020
1341846371.669927 -0.035725713 -0.236766264 -0.026112257 -0.020507030 0.062672079 0.020786166 0.997606933
1341846371.702051 -0.024735736 -0.239915133 -0.034302048 -0.020400891 0.059737753 0.018196929 0.997839689
1341846371.737891 -0.024869714 -0.252527446 -0.034175754 -0.021797167 0.062428329 0.013676278 0.997717679
1341846371.769979 -0.033868719 -0.256778538 -0.029466541 -0.020674700 0.062599182 0.013170719 0.997737646
1341846371.802101 -0.034241095 -0.261473686 -0.028020557 -0.021007255 0.059828795 0.015291013 0.997870445
1341846371.837951 -0.028305260 -0.266310096 -0.028336231 -0.020931290 0.056917079 0.017600372 0.998004258
1341846371.870043 -0.017375125 -0.259589791 -0.039089676 -0.021102473 0.055939313 0.020151500 0.998007715
1341846371.902330 -0.020641420 -0.260746509 -0.039655212 -0.025684087 0.058571544 0.020274991 0.997746766
1341846371.938165 -0.025349146 -0.267572880 -0.038444389 -0.031247064 0.060640067 0.016041478 0.997541487
1341846371.969938 -0.015745515 -0.273234546 -0.044977907 -0.035168216 0.063398317 0.014111484 0.997268617
1341846372.005861 -0.020947790 -0.285023034 -0.030616697 -0.038013663 0.068897367 0.012175385 0.996824861
1341846372.038440 -0.025943585 -0.297964931 -0.031949934 -0.035608947 0.069073349 0.013253800 0.996887743
1341846372.070518 -0.014381517 -0.294135809 -0.030200362 -0.032455996 0.066994429 0.012643254 0.997145176
1341846372.111944 -0.022282336 -0.306764096 -0.042175405 -0.032630727 0.069304876 0.009085998 0.997020304
1341846372.143876 -0.020695843 -0.312802732 -0.038387254 -0.029971577 0.069503836 0.005590454 0.997115672
1341846372.179919 -0.023288753 -0.315855473 -0.039115518 -0.026658194 0.069196194 0.003557835 0.997240484
1341846372.212119 -0.024898339 -0.326849073 -0.037732091 -0.024154995 0.066503748 0.002637475 0.997490287
1341846372.244067 -0.021715190 -0.333303869 -0.032302007 -0.019760396 0.062946700 -0.001310374 0.997820377
1341846372.279961 -0.021997742 -0.345312268 -0.033064209 -0.014529252 0.060731366 -0.003328434 0.998042822
1341846372.312076 -0.020871533 -0.347616017 -0.033762004 -0.008544243 0.058007702 -0.006814416 0.998256326
1341846372.347910 -0.017443467 -0.348707885 -0.030538809 -0.004144446 0.055471744 -0.007764999 0.998421431
1341846372.379906 -0.017889705 -0.356095284 -0.029138681 -0.001009708 0.052131619 -0.008932101 0.998599768
1341846372.412137 -0.008229093 -0.356618613 -0.030937176 0.002697086 0.048635386 -0.009619283 0.998766601
1341846372.447783 -0.010385192 -0.363048285 -0.027620291 0.004935396 0.048181828 -0.009009176 0.998785734
1341846372.479920 -0.018593382 -0.371723026 -0.029334905 0.008244942 0.045877133 -0.006613575 0.998891175
1341846372.516195 -0.005972342 -0.367608935 -0.025417859 0.011862829 0.040770173 -0.003713807 0.999091208
1341846372.547915 0.002297492 -0.365845561 -0.032367535 0.011492568 0.040609583 -0.003213342 0.999103844
1341846372.579923 0.000321783 -0.375772715 -0.030304559 0.008959092 0.041494887 -0.005100796 0.999085546
1341846372.616037 0.000958578 -0.383899480 -0.028145887 0.007752695 0.040065899 -0.003191393 0.999161899
1341846372.647968 0.007360726 -0.379659683 -0.027553182 0.007606708 0.039621986 -0.003735436 0.999178827
1341846372.679953 0.013713686 -0.383875489 -0.025909146 0.005856140 0.040298741 -0.006618430 0.999148607
1341846372.716073 0.015691368 -0.388731241 -0.021836374 0.004870473 0.041779224 -0.007036943 0.999090195
1341846372.747919 0.010848607 -0.394520283 -0.018149028 0.004750743 0.042466637 -0.005107629 0.999073505
1341846372.783912 0.017132225 -0.396856368 -0.019436188 0.005933223 0.040936802 -0.003723639 0.999137163
1341846372.816131 0.022816949 -0.397830516 -0.019381534 0.006887358 0.042737786 -0.002651299 0.999059021
1341846372.848115 0.018078137 -0.395499438 -0.017904347 0.007089637 0.045135431 0.000503954 0.998955607
1341846372.884003 0.019420136 -0.397952706 -0.018194057 0.006979722 0.045611273 -0.001147965 0.998934209
1341846372.948016 0.024872780 -0.406553596 -0.010096747 0.006993494 0.051645838 -0.000949827 0.998640478
1341846373.010206 0.026995270 -0.420909941 -0.015082268 0.012389114 0.047538333 0.002318501 0.998789847
1341846373.041934 0.037040237 -0.418906301 -0.018564563 0.015353842 0.048786301 0.002365320 0.998688400
1341846373.078079 0.033305842 -0.425984055 -0.016245775 0.016252030 0.051768247 0.002600003 0.998523474
1341846373.110028 0.031466577 -0.430258125 -0.019568777 0.018853227 0.052488901 0.001278822 0.998442709
1341846373.142204 0.037588987 -0.432626784 -0.022331942 0.021622352 0.052522127 0.001968051 0.998383701
1341846373.178121 0.048490033 -0.438253880 -0.029106002 0.023439545 0.052592829 0.003437187 0.998335004
1341846373.210218 0.048463073 -0.445157409 -0.031230191 0.026114406 0.054473907 0.001247550 0.998172879
1341846373.246073 0.052929640 -0.451530755 -0.028829858 0.030220702 0.055479974 0.001213640 0.998001575
1341846373.277962 0.057440069 -0.455341876 -0.035096146 0.035424694 0.056615219 0.002473410 0.997764349
1341846373.310189 0.059053775 -0.452273905 -0.047022983 0.039115150 0.058977954 0.000814035 0.997492313
1341846373.346051 0.063303128 -0.452719152 -0.050693166 0.039492767 0.062487394 -0.001937752 0.997262180
1341846373.377993 0.056533858 -0.457360178 -0.045064814 0.038818732 0.065632723 -0.002669694 0.997084916
1341846373.410038 0.057211366 -0.461884737 -0.047814656 0.038862262 0.066380754 -0.001993428 0.997035265
1341846373.446109 0.055340394 -0.462345570 -0.043599270 0.038916830 0.066801421 -0.003247098 0.997001767
1341846373.478409 0.054038011 -0.471160471 -0.042741340 0.038771775 0.066886239 -0.002299517 0.997004390
1341846373.514006 0.048494697 -0.474306732 -0.042636342 0.040930882 0.066278815 0.000886664 0.996960878
1341846373.546097 0.056973651 -0.469723821 -0.046525672 0.042789135 0.063121147 0.001600774 0.997086883
1341846373.578079 0.065677933 -0.469044298 -0.047141764 0.042866912 0.063790567 0.000420986 0.997042120
1341846373.613978 0.053583033 -0.463501304 -0.044386394 0.043085359 0.066461675 -0.000814272 0.996858001
1341846373.646060 0.053379603 -0.456672788 -0.042891365 0.042777378 0.064445876 -0.000434731 0.997003853
1341846373.682101 0.064323232 -0.448194653 -0.047229674 0.041515835 0.063947871 -0.000400816 0.997089207
1341846373.713942 0.060945455 -0.439625084 -0.044632941 0.038516186 0.067378536 -0.000250339 0.996983707
1341846373.746309 0.050566591 -0.430700243 -0.042344060 0.034928780 0.069253378 -0.000837400 0.996987104
1341846373.782079 0.047643557 -0.430346459 -0.036588740 0.031642437 0.068161033 -0.001487776 0.997171342
1341846373.814899 0.056524269 -0.429357648 -0.038764011 0.030386638 0.067717664 -0.002902049 0.997237504
1341846373.846131 0.046728112 -0.416010648 -0.036197037 0.030721005 0.069995038 -0.005873755 0.997056901
1341846373.882197 0.035040777 -0.405966789 -0.034996442 0.029472264 0.068625040 -0.007680334 0.997177541
1341846373.914066 0.033364523 -0.394130111 -0.030340368 0.027607176 0.065132543 -0.004078442 0.997486293
1341846373.949976 0.040148679 -0.383591443 -0.028162302 0.025237253 0.063056611 -0.001042272 0.997690260
1341846373.982090 0.035985112 -0.375309020 -0.029421633 0.022384625 0.062867641 0.000097599 0.997770786
1341846374.014518 0.025492655 -0.366830349 -0.031275794 0.018780300 0.061152473 0.003373093 0.997946024
1341846374.050082 0.027903549 -0.359411687 -0.026467972 0.015427989 0.057505980 0.006142918 0.998207033
1341846374.082248 0.028717939 -0.360543966 -0.025911879 0.012215063 0.055839609 0.006452277 0.998344183
1341846374.114063 0.027752845 -0.346287519 -0.025848316 0.010558509 0.056337662 0.007276920 0.998329401
1341846374.150230 0.018298324 -0.350229979 -0.020193115 0.007536683 0.056209877 0.007400437 0.998363078
1341846374.181949 0.015735215 -0.344077051 -0.016506195 0.008732155 0.054003969 0.008375362 0.998467445
1341846374.217985 0.019215822 -0.339291781 -0.022052906 0.010189052 0.052427199 0.011530793 0.998506188
1341846374.250018 0.021831255 -0.318808526 -0.025679585 0.011425423 0.052847926 0.012074471 0.998464167
1341846374.281921 0.013541060 -0.302013755 -0.021470517 0.009402654 0.054247130 0.011257127 0.998419821
1341846374.318502 0.015975853 -0.299712926 -0.021221431 0.005798665 0.054396003 0.011160959 0.998440206
1341846374.350047 0.014158191 -0.284271866 -0.022385502 0.003157945 0.055959143 0.011754405 0.998358905
1341846374.382011 0.005071435 -0.283640474 -0.018356094 -0.000840709 0.056411128 0.010886513 0.998347878
1341846374.418020 0.002788211 -0.274851590 -0.014116652 -0.001930309 0.054598134 0.011068780 0.998445213
1341846374.450160 0.001662658 -0.264886677 -0.014886879 -0.003830255 0.052897651 0.011311920 0.998528481
1341846374.486170 -0.004776001 -0.255814046 -0.008035891 -0.005989152 0.053048275 0.011165922 0.998511553
1341846374.524087 -0.008939095 -0.247293577 -0.001961604 -0.009216111 0.053210020 0.010807785 0.998482347
1341846374.586056 -0.017081309 -0.237501681 0.000467160 -0.014185604 0.048775755 0.009854542 0.998660386
1341846374.617848 -0.020651225 -0.234954402 0.006563286 -0.015844410 0.046499535 0.011518250 0.998726249
1341846374.654133 -0.021917701 -0.227761731 0.009976323 -0.015275267 0.043447204 0.013664047 0.998845518
1341846374.685940 -0.021738103 -0.214950874 0.011639848 -0.014094154 0.040543843 0.016648974 0.998939633
1341846374.718159 -0.022456503 -0.208630070 0.013457661 -0.014147616 0.038349729 0.019925086 0.998965561
1341846374.754050 -0.021479050 -0.202088118 0.005746796 -0.013278825 0.035360303 0.021298580 0.999059379
1341846374.786226 -0.020460458 -0.190481156 0.000617703 -0.012415549 0.032976773 0.022430470 0.999127269
1341846374.818164 -0.021136399 -0.190788046 0.005094190 -0.012322835 0.032167822 0.021822080 0.999168217
1341846374.854017 -0.026355049 -0.185949430 0.004427994 -0.009629001 0.030834213 0.021312717 0.999250889
1341846374.886253 -0.028288210 -0.182861939 0.020646280 -0.007037724 0.027158126 0.023518568 0.999329686
1341846374.921999 -0.024733927 -0.174466103 0.017343637 -0.004410804 0.024537029 0.023666603 0.999409020
1341846374.953860 -0.029323308 -0.168893725 0.015399422 -0.003002949 0.023416827 0.024414597 0.999423087
1341846374.985929 -0.033278760 -0.161870554 0.015883679 -0.002145477 0.021311909 0.024769792 0.999463677
1341846375.022029 -0.028572639 -0.163829699 0.016642412 -0.000542496 0.018646609 0.027062636 0.999459684
1341846375.053968 -0.029720811 -0.156716600 0.016241161 0.004215769 0.017138204 0.030398535 0.999382079
1341846375.085937 -0.032331571 -0.150328532 0.012856706 0.007486023 0.016498424 0.032316010 0.999313474
1341846375.122015 -0.032757863 -0.130937621 0.013263708 0.009126223 0.016614107 0.030006407 0.999369979
1341846375.190345 -0.035516698 -0.128844351 0.009977442 0.004839084 0.023082007 0.024031134 0.999432981
1341846375.222041 -0.039773203 -0.131220564 0.009961408 0.005056689 0.023287900 0.022077968 0.999472201
1341846375.254127 -0.033797398 -0.125271276 0.009439050 0.007250857 0.022505160 0.022974964 0.999456406
1341846375.289892 -0.034816183 -0.123712577 0.009805016 0.010086450 0.024733255 0.023302231 0.999371588
1341846375.322192 -0.042991590 -0.110821158 0.005878384 0.013721034 0.025477758 0.023807010 0.999297678
1341846375.354172 -0.041535769 -0.095003784 0.004831641 0.013047503 0.024771111 0.023701105 0.999327004
1341846375.390033 -0.030672541 -0.077148408 0.005360897 0.009140216 0.025439380 0.021445051 0.999404550
1341846375.422976 -0.039798550 -0.074693881 0.006192443 0.002925516 0.028556379 0.017733550 0.999430597
1341846375.458036 -0.045427006 -0.068768971 0.008410522 -0.002369504 0.027811045 0.017175317 0.999462783
1341846375.489941 -0.035591893 -0.071457915 0.013829787 -0.007249708 0.026366681 0.017612919 0.999470890
1341846375.521981 -0.035232298 -0.076451458 0.018087760 -0.008439171 0.027180752 0.018261719 0.999428093
1341846375.557947 -0.044865329 -0.072166853 0.015672529 -0.006361321 0.026821898 0.021368742 0.999391556
1341846375.590116 -0.043356139 -0.070710294 0.019787738 -0.004282109 0.023152106 0.026523478 0.999370873
1341846375.622399 -0.032611270 -0.062735870 0.023485154 -0.000496806 0.021753380 0.028900133 0.999345422
1341846375.658264 -0.031786811 -0.058114227 0.023745064 0.003243811 0.023455264 0.030177630 0.999264061
1341846375.690116 -0.036297601 -0.055119257 0.026750436 0.007708389 0.022884397 0.033926278 0.999132574
1341846375.726080 -0.028415084 -0.047798540 0.028696671 0.015674369 0.020663468 0.038962658 0.998904049
1341846375.757947 -0.033593625 -0.038321629 0.030110329 0.023546744 0.020873735 0.042338602 0.998607635
1341846375.789914 -0.034959160 -0.029820371 0.029538549 0.029732389 0.018940987 0.046100326 0.998314559
1341846375.826111 -0.035611909 -0.009739625 0.038581718 0.033855632 0.017515117 0.044293210 0.998291135
1341846375.858282 -0.043703351 0.029423147 0.033646777 0.033492360 0.016177114 0.040327948 0.998493969
1341846375.893889 -0.044788782 0.047103994 0.039962184 0.025597224 0.013629953 0.037034418 0.998893142
1341846375.926121 -0.038135022 0.045316081 0.048647754 0.015860058 0.012485867 0.035971556 0.999148965
1341846375.958089 -0.038191326 0.052158993 0.053835697 0.010242435 0.012975761 0.036693029 0.999189854
1341846375.994060 -0.034685254 0.059739865 0.062182061 0.006091014 0.012877761 0.038104881 0.999172211
1341846376.026115 -0.032026600 0.060867354 0.067867555 0.003923875 0.014783436 0.039814830 0.999090016
1341846376.057999 -0.032940295 0.071752936 0.069988154 0.005384417 0.016680907 0.041637741 0.998979032
1341846376.094015 -0.033294257 0.086851150 0.071630523 0.005709467 0.018938031 0.043179199 0.998871505
1341846376.126126 -0.034155458 0.099663675 0.076225378 0.005774159 0.022658009 0.042363875 0.998828590
1341846376.162125 -0.038316771 0.109662436 0.076209910 0.003448956 0.026865659 0.041158233 0.998785436
1341846376.194033 -0.042759035 0.115375839 0.081423387 0.000316764 0.028575651 0.041761700 0.998718798
1341846376.226110 -0.046088561 0.117714033 0.077473499 -0.002570663 0.028179694 0.045844622 0.998547733
1341846376.262088 -0.044783588 0.116931438 0.082303889 -0.003905324 0.026808769 0.049814880 0.998390973
1341846376.293911 -0.042831194 0.124165528 0.084880583 -0.001669522 0.026896771 0.051418904 0.998313546
1341846376.326088 -0.044330209 0.131334141 0.086319387 0.000928918 0.027312409 0.053223699 0.998208642
1341846376.362076 -0.047059491 0.141658247 0.087019533 0.001868821 0.025826415 0.055030502 0.998148859
1341846376.393924 -0.042391658 0.145289332 0.089431427 0.001286839 0.024623396 0.053265683 0.998275936
1341846376.429909 -0.042486869 0.153485015 0.090454400 0.001490061 0.027066706 0.048382122 0.998461008
1341846376.462224 -0.045847818 0.160716459 0.092338115 -0.000350263 0.028526407 0.045241520 0.998568654
1341846376.494092 -0.048402447 0.163103089 0.101083107 -0.001533651 0.027968675 0.044487618 0.998617172
1341846376.529992 -0.045931790 0.173389912 0.102900095 -0.000428028 0.027442968 0.044503972 0.998632073
1341846376.562034 -0.046138439 0.178921863 0.104073115 -0.001021020 0.028958518 0.042787053 0.998663902
1341846376.594092 -0.048696809 0.186656594 0.104466781 -0.001637853 0.030374493 0.042254709 0.998643696
1341846376.630016 -0.045121580 0.193210602 0.107372269 -0.002914955 0.030345669 0.041719284 0.998664141
1341846376.662132 -0.047086675 0.196324915 0.110072099 -0.003356777 0.033470590 0.038064651 0.998708904
1341846376.697981 -0.053752888 0.201993480 0.114173651 -0.003954527 0.036063239 0.038516738 0.998599172
1341846376.730128 -0.050209615 0.207040831 0.115465574 -0.004133689 0.036546372 0.038682159 0.998574436
1341846376.762061 -0.050620563 0.221835166 0.114660189 -0.003638229 0.037352044 0.038737018 0.998544455
1341846376.797939 -0.049742512 0.232254177 0.112590536 -0.005856447 0.037174471 0.037291318 0.998595595
1341846376.829920 -0.049685311 0.237895072 0.117156029 -0.009331439 0.038023084 0.038951114 0.998473823
1341846376.866170 -0.051623445 0.246681422 0.117204793 -0.011794708 0.038068362 0.042044885 0.998320520
1341846376.898026 -0.049789194 0.258958459 0.116481781 -0.015277680 0.036664058 0.042446118 0.998308897
1341846376.930139 -0.045939948 0.272943705 0.120083347 -0.018296560 0.037845142 0.038761914 0.998363912
1341846376.966511 -0.047592126 0.278183222 0.121679083 -0.025887610 0.041047502 0.038397729 0.998083413
1341846376.997919 -0.047379620 0.285127431 0.126482219 -0.031014256 0.042398274 0.040342707 0.997804046
1341846377.030079 -0.049501158 0.292135984 0.133605778 -0.034142114 0.043778121 0.039819468 0.997663379
1341846377.066212 -0.052375574 0.299291670 0.133076638 -0.037328117 0.044949468 0.041757483 0.997417867
1341846377.097918 -0.045263775 0.313900709 0.140863732 -0.040905550 0.042370111 0.043228373 0.997327864
1341846377.134079 -0.050694041 0.316692412 0.141389668 -0.044297624 0.041773986 0.042632088 0.997233748
1341846377.166160 -0.051193070 0.314504892 0.142748371 -0.048488483 0.037177514 0.044272054 0.997149289
1341846377.197925 -0.052740525 0.328749388 0.147124946 -0.048014704 0.032748755 0.044020925 0.997338593
1341846377.233952 -0.045708131 0.338906974 0.142807424 -0.050140508 0.029787896 0.042067215 0.997411132
1341846377.266486 -0.043329217 0.339829415 0.148780227 -0.053987347 0.031360909 0.040882297 0.997211397
1341846377.298068 -0.047295325 0.344634861 0.146574885 -0.057427764 0.032210946 0.043940578 0.996861935
1341846377.334109 -0.047587316 0.347489625 0.149689466 -0.061172470 0.030979566 0.045405887 0.996612489
1341846377.366029 -0.046232305 0.348965943 0.149147242 -0.062471662 0.031302601 0.042969331 0.996629834
1341846377.401870 -0.044711187 0.349733144 0.149495333 -0.063673191 0.031777602 0.040858172 0.996627569
1341846377.434052 -0.048762783 0.337421238 0.154642999 -0.066521183 0.031896226 0.040402856 0.996456325
1341846377.466127 -0.047829684 0.339239031 0.153246015 -0.063668273 0.031996973 0.040585805 0.996631980
1341846377.502027 -0.046357062 0.341795087 0.147458032 -0.061551444 0.032373477 0.036974136 0.996893346
1341846377.534114 -0.042237107 0.331989676 0.148216814 -0.062053055 0.034623928 0.033705425 0.996902466
1341846377.566085 -0.041806739 0.323643059 0.149245933 -0.060372271 0.035630640 0.035923518 0.996892750
1341846377.602113 -0.042641662 0.309144020 0.146717295 -0.060194466 0.035583451 0.036185563 0.996895730
1341846377.633912 -0.049676679 0.296398520 0.149727568 -0.054849777 0.038274299 0.032253094 0.997239351
1341846377.676329 -0.047508206 0.296981841 0.140030473 -0.049768113 0.039144203 0.031277645 0.997503161
1341846377.743964 -0.037421484 0.268721402 0.137863398 -0.044024348 0.034937326 0.028543022 0.998011291
1341846377.802535 -0.039678346 0.254201412 0.129928634 -0.042944122 0.034859505 0.028779006 0.998054326
1341846377.835932 -0.041149102 0.234307528 0.132160693 -0.037976645 0.036675155 0.029802909 0.998160541
1341846377.872063 -0.046678852 0.244122237 0.113924913 -0.032957587 0.034575075 0.036547586 0.998189688
1341846377.902201 -0.037195321 0.233855993 0.124615923 -0.033940207 0.027046062 0.038427051 0.998318553
1341846377.939383 -0.030300548 0.229187712 0.128418446 -0.029179523 0.030106377 0.029625934 0.998681366
1341846377.970635 -0.048527297 0.217580929 0.105588645 -0.031446017 0.034909349 0.030204067 0.998438895
1341846378.002401 -0.037443098 0.198120311 0.117532074 -0.037213258 0.026326753 0.035889626 0.998315573
1341846378.038883 -0.031651437 0.195373952 0.114761300 -0.032561179 0.026652729 0.033008981 0.998568892
1341846378.106524 -0.033869334 0.176364288 0.106392592 -0.035370767 0.027002010 0.029107524 0.998585284
1341846378.138114 -0.030473012 0.162527964 0.108308546 -0.034752667 0.027565546 0.024748325 0.998709142
1341846378.170157 -0.032810885 0.156899393 0.095606364 -0.033679131 0.029833537 0.016562978 0.998850048
1341846378.206045 -0.032916449 0.143051222 0.097589329 -0.036646936 0.030551977 0.012452715 0.998783529
1341846378.238081 -0.030997545 0.121663898 0.107510015 -0.037544854 0.030158065 0.011809036 0.998769939
1341846378.275916 -0.028225524 0.113227434 0.100057043 -0.034147386 0.030373875 0.010070459 0.998904407
1341846378.312389 -0.024349537 0.107231423 0.093718350 -0.033258282 0.032378267 0.006968901 0.998897851
1341846378.344267 -0.026947308 0.089888677 0.103309609 -0.032639224 0.035440832 0.004793069 0.998827159
1341846378.376036 -0.028926682 0.076712042 0.092281900 -0.028678823 0.037100434 0.004622335 0.998889208
1341846378.411936 -0.021854250 0.074084550 0.085240625 -0.026716601 0.037438270 0.003615602 0.998935163
1341846378.444079 -0.024049176 0.059829131 0.086539991 -0.026174933 0.040630300 -0.000833236 0.998830974
1341846378.480041 -0.026199970 0.047521759 0.073288202 -0.025685200 0.041045703 -0.002486548 0.998824000
1341846378.512023 -0.025453830 0.039868955 0.081370033 -0.025601242 0.038941305 -0.003857579 0.998906016
1341846378.543975 -0.020694669 0.029880794 0.079752728 -0.022731103 0.040787283 -0.010181942 0.998857379
1341846378.579973 -0.024041539 0.020348195 0.079995312 -0.021109842 0.043261573 -0.011393876 0.998775780
1341846378.612676 -0.022589693 0.008507972 0.078194931 -0.019105881 0.043250479 -0.012711660 0.998800635
1341846378.643945 -0.019731659 -0.003116702 0.067689896 -0.015474715 0.045819942 -0.015403549 0.998711109
1341846378.679954 -0.022932863 -0.008766599 0.063831247 -0.012000912 0.047281690 -0.014880753 0.998698652
1341846378.742199 -0.009912245 -0.031601302 0.047839329 -0.006746483 0.050460082 -0.020559927 0.998491645
1341846378.774089 -0.014250170 -0.039217461 0.048003372 -0.001963624 0.054997128 -0.021761324 0.998247445
1341846378.805994 -0.018453339 -0.047304098 0.048159719 0.001222797 0.055607844 -0.020698456 0.998237371
1341846378.842121 -0.008455000 -0.049796794 0.032666679 0.003870598 0.055659268 -0.023444567 0.998167038
1341846378.874022 -0.011899916 -0.063756838 0.036654230 0.005697000 0.058617312 -0.027018838 0.997898579
1341846378.911788 -0.019350257 -0.068474203 0.046449814 0.008471162 0.061040018 -0.025851585 0.997764528
1341846378.974034 -0.007043505 -0.079215303 0.040506434 0.012143009 0.060881745 -0.027297687 0.997697771
1341846379.009977 -0.008170335 -0.082560204 0.042156778 0.014646512 0.063463300 -0.026330769 0.997529209
1341846379.041991 -0.009127369 -0.087095417 0.038962465 0.016145365 0.064597167 -0.027178356 0.997410595
1341846379.078155 -0.004453050 -0.095863536 0.043315984 0.017409619 0.066252001 -0.031636167 0.997149289
1341846379.109871 -0.007725827 -0.102619193 0.033073135 0.018206559 0.067205645 -0.032084402 0.997056961
1341846379.142034 -0.006730548 -0.117330059 0.026192930 0.016982015 0.067107879 -0.032484453 0.997072160
1341846379.178080 -0.004825123 -0.131191745 0.035318568 0.019600270 0.068526074 -0.036193877 0.996799886
1341846379.209979 -0.005936518 -0.143647656 0.034689985 0.025368216 0.069643699 -0.037790395 0.996533036
1341846379.242047 -0.008938788 -0.151525348 0.055631094 0.032098353 0.067471266 -0.034349099 0.996613026
1341846379.278304 -0.006757365 -0.171786383 0.030786837 0.035960913 0.065712966 -0.037988700 0.996466458
1341846379.310076 0.002171402 -0.198044091 0.019848626 0.041532941 0.068404377 -0.041823350 0.995914996
1341846379.346166 -0.002836670 -0.187106043 0.029464457 0.052097563 0.071489990 -0.039235480 0.995306790
1341846379.377944 -0.003252146 -0.191526145 0.032879386 0.059605505 0.072015546 -0.037565529 0.994911909
1341846379.409974 0.001712388 -0.195994079 0.030227428 0.068701968 0.073465452 -0.037846692 0.994208515
1341846379.446065 0.002003258 -0.196382076 0.029020822 0.073949359 0.074577734 -0.036870129 0.993785799
1341846379.478631 0.008685224 -0.198080733 0.024825165 0.074019969 0.073025808 -0.034608103 0.993977129
1341846379.511214 0.017729523 -0.208530203 0.021144526 0.071994081 0.074131131 -0.037023596 0.993957043
1341846379.546204 0.005711300 -0.217151821 0.025966827 0.073290676 0.076690927 -0.036488365 0.993687868
1341846379.578217 -0.004080103 -0.202776402 0.032658853 0.075512901 0.073199250 -0.033020962 0.993906081
1341846379.614096 0.012907092 -0.207365677 0.024756933 0.073142640 0.069175713 -0.031440664 0.994422615
1341846379.646030 0.013115302 -0.205027699 0.027393237 0.071635634 0.071585827 -0.031847928 0.994348764
1341846379.678830 0.000467553 -0.207068503 0.022451378 0.068945840 0.071796447 -0.030246360 0.994573712
1341846379.714071 -0.000819059 -0.206618592 0.026680388 0.066820890 0.068500809 -0.027321750 0.995035708
1341846379.746082 0.010401868 -0.206955060 0.021969924 0.064908482 0.067665800 -0.026287924 0.995247304
1341846379.778087 0.001602416 -0.191919625 0.026390754 0.063646153 0.069758140 -0.023695154 0.995249450
1341846379.813931 -0.006461278 -0.184975848 0.028321700 0.059144709 0.067643486 -0.021061487 0.995732248
1341846379.845927 0.000921794 -0.181695014 0.027319349 0.054863974 0.065695927 -0.019416649 0.996141016
1341846379.881893 -0.001045030 -0.166579083 0.031728812 0.050855540 0.065995857 -0.016955519 0.996378779
1341846379.913954 -0.003916316 -0.156099096 0.033802852 0.044069573 0.064462319 -0.013094032 0.996860564
1341846379.946050 -0.007935228 -0.154143840 0.035470504 0.036226075 0.063116550 -0.012682294 0.997267783
1341846379.981969 -0.011485402 -0.155667499 0.038229749 0.031136042 0.061873924 -0.010257408 0.997545481
1341846380.013935 -0.017863309 -0.144310370 0.036528237 0.026993714 0.059256665 -0.005769291 0.997861087
1341846380.046124 -0.016042713 -0.131348491 0.048526231 0.021038767 0.056366201 -0.001982734 0.998186469
1341846380.082142 -0.007514068 -0.128350377 0.047380000 0.015052528 0.055549067 -0.001548088 0.998341322
1341846380.114330 -0.013277699 -0.127666011 0.052675139 0.010072995 0.056972105 0.000416416 0.998324871
1341846380.150278 -0.017743403 -0.126832634 0.058600709 0.008086828 0.055508558 0.004015503 0.998417377
1341846380.182030 -0.014232376 -0.116893120 0.059398416 0.009334674 0.053908899 0.005844367 0.998485088
1341846380.213908 -0.012963773 -0.093464240 0.058088332 0.009163310 0.053676229 0.005870529 0.998499095
1341846380.250090 -0.011207240 -0.069073059 0.058543406 0.001987594 0.054603901 0.003311215 0.998500645
1341846380.281996 -0.011351817 -0.064998627 0.072838545 -0.006550330 0.059563030 0.000701073 0.998202801
1341846380.318009 -0.013506739 -0.051785361 0.070372850 -0.010858887 0.063328400 0.001403962 0.997932673
1341846380.350031 -0.015688375 -0.042882305 0.077582687 -0.016414993 0.064675622 0.005274813 0.997757375
1341846380.382297 -0.006640104 -0.043868873 0.071103312 -0.021379780 0.064265549 0.010545262 0.997648060
1341846380.418020 -0.013071474 -0.022291727 0.076893948 -0.023989931 0.066302210 0.010735936 0.997453392
1341846380.450059 -0.011998490 -0.024799066 0.078767590 -0.033053722 0.061861455 0.022236774 0.997289360
1341846380.481987 -0.010746703 -0.011240602 0.079485588 -0.040858336 0.055489328 0.026092872 0.997281671
1341846380.518026 0.003688477 -0.016484993 0.074495941 -0.047236465 0.050993536 0.025141779 0.997264385
1341846380.549973 0.001780313 -0.014208551 0.078897670 -0.050205961 0.050278407 0.025595084 0.997144103
1341846380.585876 -0.003514392 -0.007721801 0.075785145 -0.050215680 0.046697173 0.026394894 0.997296870
1341846380.617833 0.010462528 -0.008300567 0.083663054 -0.049793437 0.041704584 0.027388591 0.997512519
1341846380.650010 -0.003211559 0.010391770 0.079989836 -0.044020884 0.043592483 0.021814909 0.997840643
1341846380.686058 -0.004359674 0.019553659 0.075430863 -0.040115677 0.042002548 0.020754935 0.998096049
1341846380.718154 -0.005333873 0.001994109 0.081042483 -0.040198565 0.040538404 0.020602711 0.998156428
1341846380.750063 -0.001744787 -0.007243420 0.076251060 -0.036563221 0.040265817 0.020402567 0.998311341
1341846380.785897 -0.008147688 0.008281976 0.070658609 -0.029362671 0.041474044 0.022959346 0.998444080
1341846380.818263 -0.013329844 0.019421145 0.071892723 -0.027369458 0.038494673 0.024444392 0.998584747
1341846380.854055 -0.003079941 0.009472669 0.077387974 -0.027606076 0.034601472 0.021355487 0.998791575
1341846380.886150 -0.003163098 0.021409031 0.083821684 -0.021852998 0.034254801 0.021046776 0.998952508
1341846380.918124 -0.012232790 0.028093748 0.092236057 -0.021396577 0.030684257 0.024041314 0.999010861
1341846380.954125 0.006248501 0.027728517 0.108432837 -0.021578770 0.023036188 0.022794316 0.999241769
1341846380.985985 0.011923271 0.020175477 0.099831030 -0.021681100 0.023942301 0.020161532 0.999274850
1341846381.018098 0.005604911 0.022916220 0.108844273 -0.020523179 0.025553826 0.020830603 0.999245703
1341846381.054072 0.008499683 0.019643616 0.118987925 -0.019676110 0.022319552 0.021339089 0.999329448
1341846381.086074 0.011309159 0.009059970 0.113222077 -0.015864301 0.022740237 0.022212379 0.999368727
1341846381.122035 0.010320703 0.021001341 0.128213570 -0.011987918 0.023893673 0.023140427 0.999374747
1341846381.159808 0.014875702 0.017974544 0.139323860 -0.013088238 0.022988016 0.022761732 0.999390900
1341846381.222118 0.029920114 0.027205385 0.163901433 -0.011655871 0.025297411 0.025408080 0.999289095
1341846381.254198 0.028159028 0.016787194 0.164621711 -0.015537489 0.029913029 0.022558909 0.999177158
1341846381.289977 0.033102904 0.011981143 0.183019400 -0.015150477 0.037001658 0.022285176 0.998951793
1341846381.322365 0.031387195 0.025938263 0.198925942 -0.013210816 0.039965406 0.028135499 0.998717487
1341846381.353963 0.035871822 0.024357451 0.208432436 -0.015836028 0.040465947 0.033076081 0.998507738
1341846381.389983 0.051336642 0.024911283 0.207032174 -0.017825454 0.043548223 0.033240121 0.998339057
1341846381.421973 0.043942705 0.031715199 0.231214091 -0.020936921 0.051166397 0.036509223 0.997802973
1341846381.454108 0.048432779 0.029314490 0.251852632 -0.024006527 0.052075233 0.037560813 0.997647762
1341846381.489891 0.059487764 0.011947431 0.260217845 -0.024167266 0.054491952 0.038607441 0.997474849
1341846381.521988 0.060534500 0.013353514 0.269501239 -0.018768163 0.058585137 0.044340022 0.997120619
1341846381.558072 0.065880589 0.016479610 0.278607428 -0.015207903 0.061346300 0.047446102 0.996872246
1341846381.589879 0.070846856 0.016714223 0.289238811 -0.014070036 0.064861014 0.045956310 0.996736228
1341846381.622018 0.076205328 0.022492476 0.299375415 -0.014174817 0.068413824 0.044940259 0.996543527
1341846381.657894 0.077124543 0.013294879 0.314478725 -0.015926691 0.072279751 0.041200008 0.996405840
1341846381.689870 0.082834475 0.007440101 0.327989846 -0.012013626 0.075100034 0.039458435 0.996322572
1341846381.722338 0.085790768 0.015210168 0.341406941 -0.008438146 0.077743538 0.040419750 0.996117949
1341846381.758166 0.088417627 0.013787370 0.356114686 -0.008577337 0.079632640 0.039658144 0.995998144
1341846381.790889 0.093954936 0.011505995 0.364666998 -0.006714938 0.080709353 0.038227689 0.995981693
1341846381.826591 0.100814149 0.012570709 0.376176775 -0.003812255 0.083249494 0.037410647 0.995818973
1341846381.859589 0.101784065 0.011392214 0.393530905 -0.003288040 0.082818978 0.040919751 0.995718718
1341846381.890538 0.105089046 0.010599175 0.406688958 -0.001571440 0.078171812 0.042213161 0.996044576
1341846381.926191 0.109077074 0.015775131 0.412307262 -0.000319730 0.076126762 0.038779821 0.996343672
1341846381.958121 0.101107813 0.024438925 0.409725904 -0.002369619 0.074262656 0.037566308 0.996528089
1341846381.990050 0.113217026 0.030128848 0.423318088 -0.005636191 0.063985437 0.035504498 0.997303128
1341846382.026007 0.138186738 0.037545457 0.436366230 -0.007817787 0.056088008 0.032192342 0.997876108
1341846382.059217 0.137483805 0.045592245 0.444597274 -0.011950653 0.056544524 0.027173454 0.997958660
1341846382.094090 0.129744396 0.029511878 0.462879270 -0.019893266 0.055894665 0.026426829 0.997888625
1341846382.126195 0.142287195 0.025676355 0.480309427 -0.020857057 0.051704772 0.027922137 0.998054087
1341846382.158170 0.144708857 0.026644472 0.486133665 -0.020524705 0.052800365 0.029307412 0.997963905
1341846382.194097 0.145415097 0.027193245 0.494976133 -0.021107009 0.053745355 0.031263992 0.997841895
1341846382.226010 0.146377474 0.023545703 0.507644653 -0.021415373 0.053779218 0.032342091 0.997799158
1341846382.258172 0.152586773 0.024489811 0.515832722 -0.020876897 0.053613182 0.032405116 0.997817457
1341846382.294020 0.148863718 0.025595484 0.530086577 -0.020586219 0.057205711 0.029984219 0.997699678
1341846382.325957 0.150782615 0.021724023 0.546325624 -0.022385407 0.056200378 0.028235797 0.997769117
1341846382.361974 0.151823983 0.015616162 0.558929205 -0.023910493 0.054474335 0.026657645 0.997872829
1341846382.393888 0.150723472 0.011601857 0.570008874 -0.023328511 0.053324670 0.025480237 0.997979462
1341846382.425972 0.152855352 0.016497394 0.582981050 -0.022136336 0.051996421 0.021357475 0.998173475
1341846382.462037 0.134884030 -0.001139981 0.593911409 -0.027258191 0.054002311 0.020436315 0.997959495
1341846382.494003 0.133545682 -0.005744338 0.606702089 -0.029789779 0.051418230 0.015541976 0.998111784
1341846382.530148 0.149755776 0.003357721 0.619673252 -0.027406707 0.045861710 0.009692831 0.998524725
1341846382.562400 0.131864130 -0.006313935 0.632575095 -0.028556349 0.049698442 0.011455723 0.998290241
1341846382.593981 0.136210039 -0.010972878 0.641211092 -0.028412558 0.048701581 0.012020408 0.998336852
1341846382.629905 0.144532844 -0.008332626 0.643776536 -0.023480959 0.047557533 0.011490411 0.998526394
1341846382.661966 0.142581835 0.009137101 0.653086483 -0.017033448 0.048257627 0.014290303 0.998587430
1341846382.693976 0.141263708 0.010290512 0.663124442 -0.017676663 0.048280865 0.014568021 0.998571098
1341846382.730021 0.145309508 0.008098111 0.668264031 -0.017071074 0.048430450 0.014415090 0.998576641
1341846382.762004 0.138844654 0.013927693 0.676590502 -0.015541938 0.050290607 0.015289956 0.998496652
1341846382.798112 0.138137355 0.015992440 0.683577716 -0.017802594 0.048226468 0.013385537 0.998588026
1341846382.829949 0.142121419 0.007397961 0.685727894 -0.021671128 0.048589122 0.007352446 0.998556674
1341846382.861875 0.140036941 0.009295291 0.691855848 -0.021916293 0.050654199 0.004772927 0.998464346
1341846382.897967 0.139110312 0.005078686 0.694897652 -0.023063492 0.051028222 0.006020896 0.998412728
1341846382.930017 0.146352664 0.004183214 0.697478712 -0.021562323 0.050849725 0.006440903 0.998452723
1341846382.962121 0.147082880 0.015586887 0.702777326 -0.017571537 0.053834442 0.005535727 0.998379886
1341846382.997950 0.146379113 0.010030794 0.709577858 -0.018601127 0.054861706 0.007470541 0.998292744
1341846383.029927 0.146343485 0.010881246 0.711693048 -0.017381141 0.054892380 0.008596787 0.998304009
1341846383.104184 0.151267841 0.015244476 0.710758507 -0.019664576 0.059205197 -0.000106889 0.998052120
1341846383.172122 0.150876924 0.010568340 0.719246328 -0.023213219 0.058163073 -0.000315507 0.998037100
1341846383.236935 0.144812062 -0.005442025 0.728524327 -0.027844315 0.067891732 0.002555421 0.997300804
1341846383.272112 0.140937999 -0.009495880 0.729432702 -0.027499987 0.067218013 0.007471372 0.997331262
1341846383.303955 0.151570350 -0.006803316 0.722772360 -0.026492834 0.066326305 0.009491281 0.997401059
1341846383.336133 0.152449220 0.000489079 0.719366789 -0.028199915 0.067186899 0.009049629 0.997300744
1341846383.398119 0.154956535 -0.007543983 0.718783379 -0.031188753 0.066117115 0.011218374 0.997261226
1341846383.433991 0.152515143 -0.003868108 0.716271877 -0.030770456 0.068490863 0.012628299 0.997097135
1341846383.466087 0.154083505 -0.005569250 0.715070009 -0.031027189 0.067776345 0.013379781 0.997128248
1341846383.501974 0.159977645 0.006284555 0.706006169 -0.027209122 0.064496167 0.012751170 0.997465432
1341846383.533975 0.158382729 0.001867203 0.697010636 -0.027483741 0.062649637 0.012207010 0.997582436
1341846383.565981 0.143364131 -0.004844725 0.697674215 -0.029894914 0.064788364 0.013038148 0.997365892
1341846383.602253 0.135521442 -0.010215895 0.689708769 -0.031247349 0.062996820 0.012361430 0.997447848
1341846383.634175 0.131789863 0.005093308 0.675359726 -0.027390538 0.057679527 0.009695881 0.997912228
1341846383.665988 0.135142043 0.005200168 0.671528399 -0.028032821 0.052054800 0.008764470 0.998212218
1341846383.702104 0.130004540 0.004961266 0.664859533 -0.028392041 0.050036687 0.005606785 0.998328030
1341846383.734131 0.126355171 0.011721808 0.655325353 -0.027088847 0.044952288 0.005157666 0.998608470
1341846383.770067 0.119788051 0.013724801 0.646408141 -0.026143167 0.040561784 0.007252062 0.998808622
1341846383.802027 0.114151865 0.015191418 0.634215593 -0.025434298 0.037389204 0.006731151 0.998954356
1341846383.870067 0.091626659 -0.002480786 0.622858465 -0.030160965 0.034594283 0.012461524 0.998868525
1341846383.901854 0.089815535 0.003359589 0.611313999 -0.029096678 0.030895699 0.013669974 0.999005497
1341846383.934301 0.092331350 0.001127247 0.599297285 -0.032706063 0.028693620 0.013135520 0.998966694
1341846383.969997 0.082695261 -0.003364759 0.593204200 -0.034314595 0.028162325 0.012425505 0.998936951
1341846384.001936 0.076457419 -0.008479068 0.573302388 -0.033225391 0.025489261 0.016592111 0.998984993
1341846384.038092 0.086791456 0.020681709 0.563618183 -0.026225884 0.017377006 0.014684265 0.999397099
1341846384.070104 0.088367231 0.022537988 0.552505612 -0.027172012 0.015841186 0.010783820 0.999447048
1341846384.102008 0.068480588 -0.004066600 0.545383096 -0.030819980 0.019154012 0.012959467 0.999257386
1341846384.138265 0.074426077 0.016371388 0.524757266 -0.025581922 0.013023814 0.012554769 0.999509037
1341846384.170093 0.078442588 0.019859746 0.517894924 -0.025611097 0.010068079 0.011859143 0.999550939
1341846384.202188 0.076184623 0.020117478 0.504853547 -0.025075167 0.011454962 0.009368969 0.999576032
1341846384.237844 0.068546109 0.024037791 0.495639920 -0.024826773 0.012594994 0.008470694 0.999576509
1341846384.269968 0.066819720 0.016412267 0.493142754 -0.025791584 0.010951492 0.010435059 0.999552906
1341846384.306015 0.067530595 0.024137229 0.476262331 -0.023061996 0.010547146 0.010171564 0.999626637
1341846384.337907 0.062691800 0.026248429 0.466773629 -0.023418495 0.011361004 0.010058919 0.999610603
1341846384.369865 0.047019187 0.008938174 0.455880851 -0.028103869 0.013347099 0.012305132 0.999440193
1341846384.406199 0.062485747 0.023342658 0.444277972 -0.024619240 0.010815556 0.007435453 0.999610722
1341846384.437788 0.054173898 0.029679243 0.431044340 -0.023983972 0.011653929 0.005878842 0.999627113
1341846384.469882 0.052955162 0.032445673 0.424497813 -0.026382793 0.010632945 0.004040252 0.999587178
1341846384.506115 0.055743821 0.034177419 0.415071845 -0.027067849 0.011478558 0.000834677 0.999567330
1341846384.537970 0.036124110 0.020876780 0.411354423 -0.031668358 0.016807567 0.003323554 0.999351621
1341846384.573994 0.046519522 0.030501740 0.400959343 -0.030619355 0.014794999 0.002135622 0.999419332
1341846384.606493 0.028622847 0.014035056 0.401934385 -0.031622205 0.015586235 0.010285110 0.999325454
1341846384.637999 0.043209706 0.035245363 0.387906611 -0.026254809 0.012052311 0.009658281 0.999535978
1341846384.674068 0.041559443 0.036943238 0.380559117 -0.026620273 0.010834954 0.008269130 0.999552727
1341846384.705921 0.017796658 0.021641586 0.373735219 -0.028644035 0.013176989 0.009887607 0.999453962
1341846384.742045 0.010978157 0.028631605 0.366457760 -0.028272832 0.011094108 0.008041168 0.999506354
1341846384.774082 0.029731391 0.047037870 0.354454160 -0.028085146 0.005890501 0.001972728 0.999586225
1341846384.805987 0.005147642 0.033806805 0.350214362 -0.031852279 0.009168469 -0.000372211 0.999450505
1341846384.842025 0.000005089 0.037413590 0.340260178 -0.032152645 0.008072156 -0.002091816 0.999448180
1341846384.874081 -0.001497506 0.035278182 0.331861824 -0.033529468 0.006010456 0.000165861 0.999419630
1341846384.905998 0.000068056 0.029695295 0.321922898 -0.032859772 0.005235414 0.004378120 0.999436677
1341846384.942014 -0.008035467 0.037212003 0.311067045 -0.031757992 0.006368892 0.006719722 0.999452710
1341846384.974049 -0.010038861 0.039373796 0.305173010 -0.032232977 0.006131875 0.008008657 0.999429524
1341846385.009917 -0.010262732 0.035096962 0.297023237 -0.030597098 0.006391556 0.013307570 0.999422789
1341846385.042211 -0.015190909 0.039355610 0.287523329 -0.029317349 0.007356248 0.015682546 0.999420047
1341846385.073967 -0.016854478 0.041065980 0.279590189 -0.030633230 0.008510332 0.014376446 0.999391079
1341846385.110157 -0.010749519 0.036682840 0.274481386 -0.030043742 0.008335807 0.016480001 0.999377966
1341846385.141931 -0.024263740 0.033283435 0.271864086 -0.029013555 0.010279018 0.016742941 0.999385953
1341846385.173929 -0.032029722 0.034214646 0.264864236 -0.027377190 0.009513144 0.015364000 0.999461830
1341846385.210052 -0.018915560 0.032951113 0.253064632 -0.026311595 0.007079786 0.012894567 0.999545574
1341846385.242941 -0.035921346 0.028669329 0.245398909 -0.026163436 0.009990165 0.004913487 0.999595702
1341846385.278001 -0.033324700 0.028056612 0.242175967 -0.025747528 0.008403188 0.001696032 0.999631703
1341846385.311234 -0.041339476 0.018706061 0.232290164 -0.024610749 0.008519407 0.001127450 0.999660194
1341846385.342936 -0.047637291 0.025741376 0.217046797 -0.020538313 0.007446329 -0.000479313 0.999761224
1341846385.378101 -0.048250377 0.034835193 0.207178801 -0.018916717 0.006703099 -0.000890671 0.999798179
1341846385.410048 -0.065239191 0.030021599 0.213868678 -0.019754132 0.007144822 -0.002242452 0.999776840
1341846385.442088 -0.070364453 0.027978683 0.201525345 -0.019406740 0.005230195 -0.002635652 0.999794543
1341846385.477970 -0.075998873 0.030606518 0.190812036 -0.019924318 0.001992089 -0.003347062 0.999793947
1341846385.510109 -0.081640437 0.030343585 0.186804026 -0.020586887 0.000197382 -0.002345670 0.999785304
1341846385.545989 -0.100593269 0.033626057 0.182709530 -0.020374265 -0.001209762 -0.002923663 0.999787390
1341846385.577939 -0.105052210 0.036618680 0.176083222 -0.021703463 -0.006635712 -0.003238323 0.999737203
1341846385.609948 -0.112052917 0.034827761 0.171848431 -0.022386717 -0.008931746 -0.002140504 0.999707222
1341846385.646024 -0.127551883 0.040205698 0.156193033 -0.022132907 -0.010888796 -0.001974956 0.999693811
1341846385.678122 -0.135141924 0.045602478 0.159438163 -0.023256341 -0.016803807 -0.001648595 0.999586940
1341846385.713966 -0.129568577 0.039660018 0.144256905 -0.024576632 -0.020553876 0.000111198 0.999486625
1341846385.745986 -0.136519983 0.037837330 0.140463546 -0.023929810 -0.020327015 0.001521907 0.999505818
1341846385.778024 -0.145407543 0.043799005 0.128077403 -0.023292663 -0.022438878 0.004185214 0.999468088
1341846385.814480 -0.145585015 0.044389337 0.122583590 -0.023917876 -0.023984812 0.004079987 0.999417841
1341846385.846594 -0.142565057 0.048465561 0.113798253 -0.023863312 -0.022086214 0.001361047 0.999470294
1341846385.884072 -0.154241517 0.053801741 0.114731960 -0.024106614 -0.019075694 0.002119124 0.999525130
1341846385.920282 -0.158566117 0.054955572 0.105086222 -0.024745375 -0.021041749 0.003714513 0.999465406
1341846385.951967 -0.156410292 0.055064477 0.085277401 -0.024599874 -0.019341940 0.002094225 0.999508023
1341846385.983828 -0.162089556 0.054058094 0.085012987 -0.024388079 -0.015348244 0.001347904 0.999583840
1341846386.019954 -0.170114711 0.054743011 0.082150415 -0.024068562 -0.014840016 0.002867069 0.999596059
1341846386.053153 -0.175598249 0.049482226 0.070757948 -0.023318745 -0.016008060 0.003602576 0.999593437
1341846386.087964 -0.167426929 0.051724177 0.064595804 -0.020085370 -0.015248328 -0.000492980 0.999681890
1341846386.120298 -0.154987618 0.062631145 0.045211229 -0.017490260 -0.014727239 -0.003718077 0.999731660
1341846386.152323 -0.163777202 0.061802786 0.036119293 -0.015048135 -0.014478520 -0.004315325 0.999772608
1341846386.187922 -0.162066832 0.061195660 0.028333073 -0.012372472 -0.016373757 -0.007346625 0.999762416
1341846386.220214 -0.160134807 0.059254359 0.019967709 -0.010571369 -0.015866827 -0.013065966 0.999732852
1341846386.251878 -0.161290526 0.052369229 0.006000257 -0.008365109 -0.014631448 -0.014925963 0.999746501
1341846386.287926 -0.167281613 0.052604556 -0.008568195 -0.005195103 -0.016039910 -0.014831209 0.999747872
1341846386.320048 -0.166864082 0.058302619 -0.017279275 -0.002260784 -0.017429670 -0.018728370 0.999670088
1341846386.351806 -0.164412946 0.058238912 -0.031145399 -0.000466545 -0.015344453 -0.023035211 0.999616742
1341846386.387904 -0.169665322 0.053685352 -0.049011178 0.000791545 -0.014296287 -0.022772374 0.999638140
1341846386.420158 -0.173085332 0.054200809 -0.068030447 0.002586857 -0.016594896 -0.021195984 0.999634266
1341846386.488011 -0.162414223 0.068451330 -0.095291317 0.005021063 -0.021152340 -0.024960628 0.999452055
1341846386.550203 -0.176280707 0.061788976 -0.129574880 0.006070397 -0.020024527 -0.025046015 0.999467254
1341846386.582265 -0.173952907 0.070860416 -0.145100087 0.007582332 -0.023414316 -0.022840830 0.999436080
1341846386.618055 -0.163857982 0.075055331 -0.162462831 0.007375902 -0.024249105 -0.025094682 0.999363661
1341846386.651032 -0.169007272 0.081747599 -0.185606346 0.006527405 -0.022380913 -0.026550295 0.999375582
1341846386.682220 -0.170915753 0.082928091 -0.200977638 0.003872952 -0.023813536 -0.024782833 0.999401689
1341846386.718071 -0.162602216 0.075721443 -0.212638646 0.002498132 -0.025500944 -0.021923492 0.999431193
1341846386.750071 -0.158070743 0.083252817 -0.226883277 0.005119122 -0.022725523 -0.021269124 0.999502361
1341846386.786100 -0.163373560 0.088720225 -0.247677684 0.005832091 -0.019883802 -0.017596567 0.999630392
1341846386.817967 -0.172045067 0.082804218 -0.252092063 0.005521093 -0.019006813 -0.014747217 0.999695361
1341846386.850155 -0.164175704 0.089440040 -0.271611571 0.006849520 -0.018068444 -0.014401757 0.999709547
1341846386.886034 -0.164249241 0.089797482 -0.282801718 0.006395893 -0.014970788 -0.012722406 0.999786496
1341846386.918050 -0.167477235 0.090591811 -0.296069354 0.006813735 -0.012926072 -0.009532826 0.999847770
1341846386.954005 -0.167768419 0.095149949 -0.308614492 0.007636213 -0.012271242 -0.007521546 0.999867260
1341846386.986155 -0.157942191 0.095854774 -0.327884078 0.007293576 -0.011323330 -0.007289906 0.999882698
1341846387.018027 -0.158483818 0.094690949 -0.331246942 0.007032004 -0.006753737 -0.005452220 0.999937594
1341846387.054058 -0.167889267 0.095821097 -0.344167501 0.008583484 -0.004241760 -0.003346816 0.999948561
1341846387.086157 -0.162992582 0.098946989 -0.361992121 0.009404488 -0.004291429 -0.003547855 0.999940276
1341846387.118350 -0.160417736 0.098221779 -0.370522767 0.009944100 -0.001543953 -0.005234947 0.999935627
1341846387.153927 -0.168825850 0.099592552 -0.376615137 0.011644580 0.001337327 -0.005103473 0.999918282
1341846387.185953 -0.172855243 0.109245993 -0.391106457 0.011987882 0.000773215 -0.005108631 0.999914765
1341846387.222042 -0.165112033 0.109888978 -0.399332643 0.009650392 -0.000795076 -0.006578464 0.999931455
1341846387.253968 -0.163935497 0.104891859 -0.411183506 0.008150739 0.001191635 -0.008494236 0.999930024
1341846387.286046 -0.172291741 0.108075410 -0.423493803 0.007176610 0.001923845 -0.006624995 0.999950469
1341846387.322002 -0.166038930 0.110599719 -0.435287654 0.005522036 0.000195885 -0.005995630 0.999966741
1341846387.353879 -0.159198463 0.108449891 -0.440972269 0.004181860 0.001563822 -0.006142242 0.999971211
1341846387.386177 -0.170492426 0.106599145 -0.453778595 0.003749988 0.002783397 -0.003417806 0.999983251
1341846387.422132 -0.166206419 0.109450109 -0.463304013 0.004298252 0.001106724 -0.000790983 0.999989867
1341846387.454043 -0.158611789 0.115302548 -0.472155422 0.005060255 0.002121676 -0.002773114 0.999981105
1341846387.490166 -0.165205762 0.114106685 -0.482499540 0.004115184 0.003378440 -0.001844469 0.999984145
1341846387.522009 -0.164085671 0.113629438 -0.490838885 0.004331091 0.000895780 0.002675348 0.999986649
1341846387.554619 -0.156231090 0.119508825 -0.504615426 0.005036270 -0.000332829 0.004084450 0.999978960
1341846387.590257 -0.153801188 0.130716011 -0.516684592 0.004047286 0.000535725 0.003364579 0.999986053
1341846387.622301 -0.154669806 0.129033342 -0.523484468 0.000784381 0.001961354 0.004154621 0.999989092
1341846387.654151 -0.162403345 0.128476202 -0.527347267 -0.000904527 0.002192340 0.004382295 0.999987602
1341846387.690110 -0.165594161 0.134640515 -0.540655494 -0.001449667 0.000236047 0.003242244 0.999993682
1341846387.722109 -0.164818406 0.135384589 -0.547333062 -0.003917094 -0.000791739 0.002915200 0.999987781
1341846387.758177 -0.166364715 0.130624563 -0.555280507 -0.005662249 -0.001246394 0.003860725 0.999975741
1341846387.790191 -0.171222091 0.129506290 -0.558453143 -0.005302061 -0.002740747 0.007020905 0.999957561
1341846387.822157 -0.169206381 0.136910439 -0.564980567 -0.003966145 -0.004948620 0.007237749 0.999953687
1341846387.858179 -0.167267188 0.140777215 -0.574306667 -0.004415350 -0.006223352 0.010702189 0.999913573
1341846387.890013 -0.172411516 0.139323816 -0.579787970 -0.004667539 -0.008431570 0.011955613 0.999882102
1341846387.926103 -0.167596936 0.142838374 -0.587502182 -0.004419527 -0.009907406 0.011643050 0.999873340
1341846387.958426 -0.163259998 0.142026007 -0.585083187 -0.005292128 -0.011029934 0.014631119 0.999818087
1341846387.990086 -0.171201810 0.142422885 -0.591879368 -0.006146106 -0.012890617 0.016938545 0.999754548
1341846388.026158 -0.160710171 0.132096544 -0.577295125 -0.005349553 -0.017536813 0.014624466 0.999724925
1341846388.058060 -0.161565721 0.131007254 -0.578129351 -0.000404566 -0.019022675 0.020856148 0.999601424
1341846388.089974 -0.164887547 0.138081595 -0.575746834 0.005186388 -0.021430274 0.024708606 0.999451518
1341846388.126088 -0.159225851 0.152627319 -0.581211746 0.008318163 -0.023679588 0.023339849 0.999412477
1341846388.158090 -0.146540806 0.167356893 -0.592914760 0.006263459 -0.022938563 0.021014361 0.999496341
1341846388.194068 -0.150991574 0.152909890 -0.581605852 0.000638554 -0.020279713 0.017985029 0.999632359
1341846388.225961 -0.155842528 0.147152096 -0.570021212 -0.000694601 -0.020804474 0.016868575 0.999641001
1341846388.257928 -0.152563751 0.157546937 -0.566460788 -0.001154901 -0.020989265 0.017931286 0.999618232
1341846388.294066 -0.151556492 0.143768430 -0.552205801 -0.003081639 -0.021356050 0.017764155 0.999609351
1341846388.325954 -0.150218934 0.149453357 -0.549900472 -0.001441475 -0.021386011 0.015731130 0.999646485
1341846388.357936 -0.151182964 0.147104427 -0.552121341 -0.003441871 -0.020118810 0.014991350 0.999679267
1341846388.394202 -0.157036290 0.138103202 -0.538785398 -0.005242889 -0.020158978 0.013213827 0.999695718
1341846388.425957 -0.149103180 0.143749535 -0.533972979 -0.004695181 -0.021287400 0.009420777 0.999718010
1341846388.462012 -0.145653531 0.141389847 -0.521325409 -0.005889118 -0.019666748 0.007535613 0.999760807
1341846388.493961 -0.151594639 0.133270487 -0.502293348 -0.005481482 -0.020187445 0.007218318 0.999755085
1341846388.526293 -0.149916410 0.132406279 -0.493203789 -0.003750210 -0.021812810 0.006754144 0.999732196
1341846388.562293 -0.140486211 0.133230418 -0.481521755 -0.001822042 -0.020871473 0.005344035 0.999766231
1341846388.594090 -0.141403615 0.135547683 -0.468076587 -0.000706554 -0.019330688 0.004982253 0.999800503
1341846388.626030 -0.148931459 0.129465967 -0.458011538 -0.001555729 -0.019263770 0.004197936 0.999804378
1341846388.662009 -0.138817132 0.116991930 -0.445189059 -0.001128924 -0.018973706 0.001787699 0.999817729
1341846388.694110 -0.143627331 0.126232848 -0.431504220 0.001285891 -0.017308304 0.001274190 0.999848545
1341846388.730239 -0.141997784 0.124708109 -0.415199012 -0.000604627 -0.018385338 0.001289803 0.999829948
1341846388.762131 -0.134235665 0.114939168 -0.404197335 -0.000739213 -0.017670246 -0.002422168 0.999840677
1341846388.794087 -0.137501687 0.119911663 -0.397317588 0.000577141 -0.015436703 -0.001491561 0.999879539
1341846388.830117 -0.139250010 0.119723395 -0.371172637 -0.001777793 -0.016769184 0.000507508 0.999857664
1341846388.868548 -0.132561132 0.106037274 -0.368390888 -0.002746218 -0.017417418 0.000127248 0.999844491
1341846388.900942 -0.139027491 0.118696973 -0.350185752 -0.001310191 -0.015376610 0.000241522 0.999880850
1341846388.937157 -0.141361192 0.120678239 -0.330277383 -0.004326473 -0.016677855 0.001151708 0.999850869
1341846388.970712 -0.136358738 0.110326752 -0.304518402 -0.006609800 -0.017260650 -0.000281625 0.999829113
1341846389.001153 -0.136916921 0.108328193 -0.298351735 -0.006669179 -0.017255703 -0.000602486 0.999828696
1341846389.036956 -0.138214052 0.115214020 -0.279308587 -0.008612053 -0.017465061 -0.001845998 0.999808669
1341846389.069208 -0.136470556 0.100761585 -0.262628198 -0.012180652 -0.018138196 -0.002468060 0.999758244
1341846389.168276 -0.136046723 0.086664788 -0.223992810 -0.012979972 -0.017510908 -0.001085875 0.999761820
1341846389.230639 -0.144901857 0.086214676 -0.187561557 -0.009510024 -0.016189244 0.000257639 0.999823689
1341846389.266034 -0.141959116 0.083390705 -0.178111240 -0.008673794 -0.018052218 -0.001197976 0.999798715
1341846389.298760 -0.136653900 0.081578597 -0.164551511 -0.007243359 -0.015750004 -0.003066243 0.999845028
1341846389.329980 -0.138362169 0.078976713 -0.141849115 -0.005804263 -0.014265428 -0.001371846 0.999880433
1341846389.366022 -0.137495756 0.082287043 -0.136873215 -0.005211557 -0.014363207 -0.001755990 0.999881685
1341846389.397969 -0.127415791 0.076902278 -0.124705851 -0.004904218 -0.012294424 -0.002198945 0.999909997
1341846389.433982 -0.127515480 0.076940961 -0.109268710 -0.001563476 -0.008476732 -0.001749238 0.999961317
1341846389.466033 -0.132414684 0.080893248 -0.100080848 -0.001805579 -0.007294990 0.000767927 0.999971449
1341846389.498030 -0.128131166 0.076322459 -0.087523513 -0.002866893 -0.007848275 0.000462126 0.999964952
1341846389.534085 -0.121590406 0.080970079 -0.078787692 -0.001774679 -0.005277626 -0.001072333 0.999983907
1341846389.565875 -0.127845600 0.087534226 -0.067069866 -0.003251850 -0.002899608 -0.000817960 0.999990165
1341846389.597960 -0.127517968 0.083482802 -0.053995181 -0.007955514 -0.003970185 -0.000787547 0.999960124
1341846389.634116 -0.121488869 0.083139740 -0.030804828 -0.008670482 -0.004933941 -0.002123529 0.999947965
1341846389.665950 -0.121728569 0.095548213 -0.031043846 -0.010307290 -0.003263847 -0.004866337 0.999929726
1341846389.702127 -0.120829999 0.080212362 -0.005596819 -0.016230626 -0.002853794 -0.005517114 0.999848962
1341846389.734086 -0.119469970 0.078396425 0.006276911 -0.015846595 -0.004530388 -0.004575517 0.999853730
1341846389.765898 -0.114501566 0.086590186 0.018253632 -0.014966059 -0.005618253 -0.004539598 0.999861896
1341846389.802126 -0.109790444 0.082341187 0.032017995 -0.016473457 -0.006007668 -0.005345248 0.999831975
1341846389.834063 -0.106616125 0.077820808 0.039437719 -0.015272414 -0.005733019 -0.005104341 0.999853909
1341846389.866260 -0.106204763 0.077033669 0.054377593 -0.012805077 -0.006166097 -0.000665089 0.999898791
1341846389.902002 -0.101898238 0.079089880 0.053801410 -0.011237051 -0.007376468 -0.000859749 0.999909282
1341846389.934117 -0.094744638 0.080094032 0.062622428 -0.010201456 -0.005965782 -0.003530563 0.999923944
1341846389.970116 -0.092449725 0.080945350 0.077389598 -0.009936857 -0.003869306 -0.003495449 0.999936998
1341846390.002129 -0.096898228 0.078132562 0.085612103 -0.010382539 -0.005079548 -0.001198539 0.999932468
1341846390.034099 -0.089793317 0.077537559 0.090279266 -0.009474819 -0.008543617 -0.001578429 0.999917388
1341846390.070024 -0.084198602 0.081858389 0.094340868 -0.008806096 -0.007688886 -0.004919338 0.999919593
1341846390.101910 -0.084532760 0.078728661 0.106009796 -0.010152297 -0.007678567 -0.005938539 0.999901354
1341846390.137924 -0.080162235 0.073657580 0.117609501 -0.009709016 -0.010327378 -0.004850166 0.999887764
1341846390.170038 -0.071680509 0.080694795 0.117089964 -0.007411385 -0.010582224 -0.005792519 0.999899805
1341846390.202115 -0.070138246 0.082176931 0.127355248 -0.010081538 -0.009269388 -0.007579644 0.999877453
1341846390.238117 -0.068140119 0.073776849 0.136279598 -0.011631532 -0.010281963 -0.006460150 0.999858618
1341846390.270052 -0.062704861 0.078082003 0.142961338 -0.010403528 -0.013672252 -0.000353981 0.999852359
1341846390.302085 -0.049220733 0.079774320 0.145681322 -0.011897479 -0.015342087 0.002768255 0.999807656
1341846390.338496 -0.045151792 0.073269129 0.160697937 -0.012617636 -0.013845312 0.004509735 0.999814391
1341846390.370105 -0.050677024 0.080011778 0.170874447 -0.011589179 -0.014551315 0.008791204 0.999788284
1341846390.438106 -0.035321388 0.082331628 0.191887230 -0.016159210 -0.021391457 0.005122875 0.999627471
1341846390.505984 -0.034131672 0.089057811 0.205183432 -0.020353761 -0.029491950 0.009343003 0.999314070
1341846390.538495 -0.023806114 0.087452061 0.205380574 -0.021583624 -0.031694658 0.005473845 0.999249518
1341846390.606055 -0.018027566 0.087845311 0.228302106 -0.024735065 -0.034723241 0.013104239 0.999004841
1341846390.638031 -0.005894475 0.092972703 0.230671063 -0.023575114 -0.037764400 0.013944646 0.998911202
1341846390.673954 0.002338602 0.098559089 0.231054515 -0.022963950 -0.035054766 0.011093469 0.999059916
1341846390.705937 0.000633210 0.102424502 0.238719657 -0.025924033 -0.033422250 0.010518689 0.999049664
1341846390.737965 0.006958828 0.096160807 0.252301574 -0.029120527 -0.035167735 0.009657576 0.998910367
1341846390.774135 0.021198496 0.094869897 0.252586544 -0.027318755 -0.034506686 0.010423740 0.998976648
1341846390.806067 0.023837371 0.104589187 0.259958208 -0.026508767 -0.030022541 0.011484735 0.999131680
1341846390.838026 0.024614569 0.104504108 0.268142670 -0.028470499 -0.029324831 0.013618858 0.999071598
1341846390.874116 0.031781912 0.109103985 0.275015086 -0.029041886 -0.029516174 0.014146900 0.999042153
1341846390.906067 0.030902676 0.109969348 0.277258456 -0.030787043 -0.027369926 0.017293490 0.999001503
1341846390.942137 0.030009616 0.112156451 0.283281565 -0.032819379 -0.026671430 0.020315824 0.998898804
1341846390.974052 0.036620431 0.100933924 0.286753476 -0.033458889 -0.029006112 0.025985105 0.998681068
1341846391.006164 0.033459425 0.113822855 0.286131293 -0.030233316 -0.029763415 0.027441075 0.998722732
1341846391.042303 0.044368438 0.112402834 0.287020475 -0.032948978 -0.032182820 0.025502980 0.998613119
1341846391.074134 0.041763980 0.108576722 0.292911142 -0.033147801 -0.032728471 0.022813974 0.998653889
1341846391.106097 0.044553086 0.110444345 0.291084766 -0.032523882 -0.035255514 0.022228826 0.998601556
1341846391.142154 0.045486547 0.105879106 0.290831506 -0.033885650 -0.037688527 0.025583562 0.998387098
1341846391.174124 0.047007035 0.109162785 0.282509327 -0.033108946 -0.037875514 0.025276840 0.998413920
1341846391.209961 0.047451373 0.109461270 0.278957188 -0.032794856 -0.037515223 0.026593467 0.998403668
1341846391.241977 0.045280986 0.103176892 0.289064795 -0.032924201 -0.038903907 0.029649477 0.998260200
1341846391.273984 0.043025352 0.105120994 0.288366348 -0.030773731 -0.039924264 0.028120084 0.998332739
1341846391.309946 0.047237474 0.103828438 0.283899486 -0.030215500 -0.039540261 0.026339658 0.998413622
1341846391.342018 0.039005570 0.101829432 0.279053092 -0.030415291 -0.039805621 0.025645653 0.998415112
1341846391.378060 0.042260654 0.102537945 0.276930541 -0.029884085 -0.043556184 0.023737339 0.998321772
1341846391.410037 0.045041475 0.102000222 0.273607492 -0.030055869 -0.044560999 0.020891521 0.998335838
1341846391.442052 0.043638118 0.096156016 0.273788184 -0.029828327 -0.043383811 0.022160787 0.998367190
1341846391.478040 0.044101432 0.093599759 0.268770814 -0.028818164 -0.045335758 0.027743736 0.998170555
1341846391.510072 0.048367649 0.100758657 0.275233239 -0.027875552 -0.048102517 0.030385211 0.997990906
1341846391.542159 0.051282901 0.097584642 0.272194833 -0.029142806 -0.047608454 0.029914200 0.997992635
1341846391.578010 0.048192520 0.095573872 0.269206941 -0.029219517 -0.046748318 0.030792886 0.998004317
1341846391.610169 0.044659842 0.093670830 0.269224316 -0.028575649 -0.047723692 0.032803271 0.997912705
1341846391.645942 0.047432207 0.091722175 0.267907768 -0.027514944 -0.050210770 0.033785820 0.997787714
1341846391.677959 0.047930572 0.092917636 0.266244948 -0.026005741 -0.050124750 0.032176603 0.997885704
1341846391.710022 0.045135502 0.086732805 0.269583762 -0.025117587 -0.050509404 0.034068763 0.997826219
1341846391.745846 0.040637642 0.083138637 0.261413366 -0.023381708 -0.052277103 0.033722337 0.997789145
1341846391.778020 0.043921638 0.088037476 0.264162123 -0.020475820 -0.052652705 0.030379687 0.997940660
1341846391.810026 0.041614037 0.082130998 0.264485329 -0.019390607 -0.052158870 0.031169726 0.997963846
1341846391.846013 0.042167194 0.074339800 0.266206622 -0.018200887 -0.052784767 0.033166699 0.997888982
1341846391.877984 0.040941779 0.076574236 0.265384853 -0.014788049 -0.052465551 0.034144815 0.997929275
1341846391.914033 0.039067011 0.075162172 0.262434900 -0.013439211 -0.051649146 0.035603061 0.997940004
1341846391.945996 0.038952582 0.075179212 0.256917000 -0.012057105 -0.052175190 0.035301492 0.997940958
1341846391.978037 0.038087182 0.075093433 0.256454140 -0.011871068 -0.052015014 0.032731496 0.998039186
1341846392.014187 0.040807955 0.071381494 0.255708605 -0.011753188 -0.052027665 0.032343861 0.998052537
1341846392.046054 0.039389767 0.072357208 0.255518109 -0.010233344 -0.052111465 0.033258282 0.998034835
1341846392.078061 0.038286753 0.075216651 0.255938858 -0.009519428 -0.052352015 0.033258859 0.998029292
1341846392.114010 0.040152714 0.075483307 0.255912989 -0.009826842 -0.052810680 0.032869797 0.998015046
1341846392.145989 0.039839547 0.076186500 0.254771799 -0.009364497 -0.052580331 0.031378709 0.998079658
1341846392.181959 0.033352129 0.078582697 0.253580302 -0.010336338 -0.053566590 0.031778648 0.998004973
1341846392.213917 0.042246353 0.075730108 0.258837223 -0.011906274 -0.057238437 0.029195935 0.997862518
1341846392.246105 0.042956039 0.079391047 0.252379179 -0.009912699 -0.054817092 0.023436634 0.998172104
1341846392.282032 0.042112663 0.079481035 0.254413992 -0.010188008 -0.054226138 0.023963047 0.998189092
1341846392.314025 0.044883735 0.073643290 0.258306891 -0.009628110 -0.057021741 0.026940098 0.997962952
1341846392.349981 0.049676150 0.082848907 0.259433776 -0.005882263 -0.056934003 0.026239395 0.998015761
1341846392.382103 0.048814107 0.081157885 0.256021559 -0.005775186 -0.055016674 0.027453123 0.998091221
1341846392.414056 0.048814461 0.077007309 0.253573328 -0.006080018 -0.055817816 0.029896697 0.997974753
1341846392.450136 0.052292369 0.072957374 0.250153422 -0.005273129 -0.056550726 0.033923287 0.997809291
1341846392.482091 0.052278370 0.070266403 0.250869781 -0.003029897 -0.056744784 0.035488710 0.997753143
1341846392.514096 0.053344369 0.073270135 0.243748009 -0.001656084 -0.056545559 0.034812290 0.997791529
1341846392.550030 0.054821320 0.067289837 0.246851146 -0.002610568 -0.057421070 0.036089551 0.997694135
1341846392.582053 0.059087351 0.061807375 0.240687504 -0.001627409 -0.059222292 0.039246157 0.997471690
1341846392.617983 0.054972909 0.064205982 0.242926702 0.000613697 -0.058829550 0.039787538 0.997474670
1341846392.649909 0.057880670 0.061880659 0.241910011 0.001470964 -0.058705676 0.037961591 0.997552216
1341846392.682128 0.057700437 0.059964199 0.243738696 0.002109042 -0.059096206 0.036622249 0.997578084
1341846392.718019 0.057983715 0.055869404 0.243771181 0.003376312 -0.061246790 0.038511164 0.997373700
1341846392.749829 0.059645742 0.056693017 0.241693243 0.005467786 -0.062998429 0.038461525 0.997257233
1341846392.782107 0.060541123 0.057130948 0.239662915 0.006106501 -0.062905483 0.038011175 0.997276664
1341846392.818251 0.059177738 0.056111038 0.243042842 0.006396581 -0.062177669 0.038364783 0.997306943
1341846392.852165 0.060148977 0.051078420 0.243406430 0.007702488 -0.062952757 0.039628632 0.997199655
1341846392.885913 0.064073429 0.051473763 0.232148990 0.008881261 -0.062799670 0.037915342 0.997266114
1341846392.917882 0.063701577 0.050243877 0.234848171 0.010237800 -0.061270937 0.038125094 0.997340202
1341846392.950023 0.063445181 0.048234966 0.237573445 0.011981829 -0.060847200 0.038714446 0.997324049
