1341846361.788774 0.000000000 0.000000000 0.000000000 0.000000000 0.000000000 0.000000000 1.000000000
1341846361.824112 -0.012879534 0.000862910 0.009231205 -0.002270451 0.003697318 -0.004918700 0.999978483
1341846361.856016 -0.034005824 0.015961280 0.005481240 -0.006701201 0.005947912 -0.008371226 0.999924779
1341846361.887871 -0.039458562 -0.002053643 0.016974241 -0.016701657 0.008519349 -0.013587794 0.999731898
1341846361.923930 -0.058206886 -0.019091593 0.024278551 -0.018521924 0.012896548 -0.010983257 0.999684930
1341846361.955927 -0.069508292 -0.022641556 0.016337400 -0.013235016 0.011542412 -0.003274405 0.999840438
1341846361.991999 -0.081430726 -0.031517841 0.038159043 -0.010820545 0.006340231 0.004611353 0.999910712
1341846362.023994 -0.077974558 -0.028890289 0.043983221 -0.006404348 0.002859723 0.005875412 0.999958158
1341846362.056118 -0.082649767 -0.017442122 0.036507659 -0.003467039 0.003172129 0.007863144 0.999958038
1341846362.091992 -0.101282403 -0.019113997 0.043294348 -0.004902171 0.004113565 0.007815593 0.999948978
1341846362.123929 -0.106896698 -0.032405164 0.050638638 -0.006316191 0.002890383 0.009244265 0.999933124
1341846362.156058 -0.113781676 -0.037117612 0.048402049 -0.003110491 0.002793269 0.011613810 0.999923825
1341846362.191987 -0.133358449 -0.032470971 0.058345340 0.000319093 0.003649170 0.013901174 0.999896646
1341846362.224138 -0.143827602 -0.031880684 0.046693828 0.004760122 0.003323552 0.013600490 0.999890625
1341846362.260011 -0.142706454 -0.020993097 0.044211145 0.011230403 0.004323081 0.012696876 0.999846935
1341846362.291979 -0.151724905 -0.023262471 0.048348211 0.013534107 0.008175791 0.013732290 0.999780655
1341846362.323947 -0.163822174 -0.024650780 0.052216247 0.015719661 0.011557106 0.011302880 0.999745727
1341846362.359889 -0.171271861 -0.023079634 0.051946983 0.017888756 0.014885237 0.010126093 0.999677896
1341846362.392021 -0.189977691 -0.027151000 0.049496070 0.018258248 0.021477396 0.009242736 0.999559879
1341846362.423868 -0.205922201 -0.031695005 0.059608504 0.019131029 0.024539582 0.010295825 0.999462724
1341846362.459968 -0.215184435 -0.035358842 0.062130276 0.021945320 0.025576562 0.011196658 0.999369204
1341846362.491924 -0.224880069 -0.034487646 0.055755600 0.024176100 0.025244193 0.012125988 0.999315381
1341846362.523976 -0.230190605 -0.035543051 0.059016172 0.025658589 0.024792533 0.014155620 0.999263048
1341846362.559933 -0.242418095 -0.036980100 0.057604320 0.027612880 0.026517270 0.014871476 0.999156237
1341846362.592338 -0.254089415 -0.035889022 0.057065774 0.028942391 0.026974143 0.015420698 0.999098063
1341846362.628177 -0.263004422 -0.034054790 0.060771458 0.028787674 0.026276665 0.015565417 0.999118865
1341846362.660128 -0.275885224 -0.036546923 0.057673562 0.027922371 0.027149111 0.014268015 0.999139488
1341846362.691901 -0.287081897 -0.031842418 0.065020911 0.027174670 0.025647448 0.014159436 0.999201298
1341846362.727993 -0.297983855 -0.036313899 0.060219556 0.025009660 0.022341661 0.013436778 0.999347210
1341846362.759942 -0.300837100 -0.043063145 0.059591915 0.023922406 0.019297926 0.011338419 0.999463201
1341846362.792002 -0.311554492 -0.037721571 0.055312175 0.023873745 0.018378166 0.008761910 0.999507606
1341846362.827965 -0.320799112 -0.040895481 0.059004556 0.022268672 0.016239967 0.006883418 0.999596417
1341846362.859959 -0.327526689 -0.041601814 0.061282981 0.021965623 0.015068426 0.003481182 0.999639094
1341846362.891861 -0.338637471 -0.040396154 0.065030299 0.022528255 0.015317923 0.002705269 0.999625206
1341846362.928098 -0.349633098 -0.043322455 0.066268586 0.022463087 0.013643628 0.003186250 0.999649525
1341846362.959894 -0.354457974 -0.050126359 0.071718067 0.024703870 0.012755441 0.004738514 0.999602199
1341846362.995909 -0.363634348 -0.050386462 0.072863787 0.028412309 0.011192444 0.008704847 0.999495745
1341846363.028072 -0.374662817 -0.055508252 0.066249229 0.030279512 0.009127948 0.010440547 0.999445260
1341846363.059896 -0.376426637 -0.060489882 0.063899085 0.034435343 0.009366501 0.008412762 0.999327600
1341846363.096102 -0.381288767 -0.046997618 0.081849970 0.039003052 0.012029713 0.005229817 0.999152958
1341846363.127992 -0.388514936 -0.047909312 0.083067484 0.038086519 0.013307297 0.002274594 0.999183238
1341846363.159870 -0.389411002 -0.054534677 0.079466075 0.038729358 0.016072558 -0.000535989 0.999120295
1341846363.195966 -0.404427677 -0.054471217 0.086299285 0.041404691 0.020753019 0.002216415 0.998924434
1341846363.227902 -0.416324586 -0.061658084 0.087394908 0.042369217 0.018854903 0.007147821 0.998898506
1341846363.259977 -0.419135451 -0.061662629 0.077649355 0.045089372 0.016460145 0.011227418 0.998784244
1341846363.296031 -0.426240057 -0.061709419 0.074299045 0.049236055 0.019477263 0.013327681 0.998508275
1341846363.328065 -0.441856861 -0.060359627 0.068348609 0.049832013 0.020312075 0.017024009 0.998405933
1341846363.364023 -0.454663515 -0.062390950 0.064234510 0.048141703 0.016577063 0.018927885 0.998523533
1341846363.395985 -0.461064249 -0.064469174 0.062755167 0.047294345 0.011863278 0.019633980 0.998617530
1341846363.427955 -0.461849123 -0.057058048 0.074190453 0.047395006 0.008542092 0.015623578 0.998717487
1341846363.463979 -0.472016782 -0.058551993 0.070078559 0.045370344 0.005963415 0.015959289 0.998824954
1341846363.495986 -0.484114915 -0.052139577 0.089735515 0.044573866 0.002025804 0.018318348 0.998836100
1341846363.527941 -0.491191387 -0.049409755 0.090012744 0.042508792 -0.000844272 0.020156816 0.998892367
1341846363.564057 -0.498941272 -0.055050157 0.072582200 0.037828784 -0.003003151 0.025100755 0.998964369
1341846363.596025 -0.510176778 -0.060595110 0.080258287 0.033725839 -0.006663134 0.028132902 0.999012887
1341846363.632058 -0.514566600 -0.069598235 0.085153580 0.033950526 -0.013515164 0.031080091 0.998848677
1341846363.663931 -0.509661198 -0.061239980 0.092327185 0.036522906 -0.016297666 0.029191306 0.998773396
1341846363.695998 -0.518295288 -0.054253031 0.092006445 0.035292134 -0.017921975 0.024505399 0.998915792
1341846363.732007 -0.523687065 -0.058190607 0.087935805 0.032427490 -0.023227897 0.018104034 0.999040127
1341846363.794060 -0.523112178 -0.058914993 0.083758965 0.035594296 -0.036277167 0.021353021 0.998479366
1341846363.826406 -0.511469960 -0.054861728 0.085149765 0.037098158 -0.039352715 0.018318597 0.998368442
1341846363.861897 -0.504664660 -0.053475797 0.084536470 0.038162462 -0.039332166 0.016904296 0.998354077
1341846363.893984 -0.502522767 -0.048057325 0.083870478 0.038699638 -0.038759176 0.016072772 0.998369515
1341846363.926076 -0.491382539 -0.043767363 0.082863718 0.036861688 -0.039201289 0.016098434 0.998421371
1341846363.962090 -0.479446352 -0.044105809 0.088924684 0.035399541 -0.038176790 0.018247072 0.998477042
1341846363.994287 -0.476534843 -0.048313085 0.081229605 0.033946455 -0.037233390 0.021655209 0.998495042
1341846364.025993 -0.466176480 -0.049434185 0.076310247 0.033334702 -0.036698703 0.021075603 0.998547852
1341846364.061809 -0.455357999 -0.049651980 0.071878783 0.031873059 -0.034367196 0.020634931 0.998687744
1341846364.094209 -0.444398642 -0.057245735 0.083123744 0.031512752 -0.032674845 0.021483162 0.998738110
1341846364.130022 -0.434604734 -0.060372032 0.085958481 0.032914523 -0.032479830 0.021560213 0.998697639
1341846364.162231 -0.417837024 -0.068997905 0.085724056 0.035508595 -0.035215225 0.020904643 0.998529971
1341846364.194049 -0.404555380 -0.062792271 0.088851050 0.041187871 -0.036908764 0.017098581 0.998323083
1341846364.230023 -0.395728916 -0.059833881 0.088222727 0.044150468 -0.038084459 0.015659992 0.998175859
1341846364.262044 -0.373885930 -0.073149592 0.075209387 0.047232136 -0.039015569 0.013591817 0.998029113
1341846364.294059 -0.364592016 -0.063452624 0.069984369 0.051841773 -0.034454763 0.008621604 0.998023510
1341846364.330003 -0.351122439 -0.061825186 0.065925777 0.051185675 -0.031372916 0.007094064 0.998171031
1341846364.362052 -0.334422588 -0.069884337 0.075233147 0.050024267 -0.029034432 0.006137212 0.998307049
1341846364.397902 -0.318055809 -0.068781592 0.062561505 0.051133271 -0.022429308 0.004053601 0.998431683
1341846364.430108 -0.311344951 -0.069798037 0.059903726 0.050932921 -0.018130768 0.003785475 0.998530328
1341846364.462063 -0.298617601 -0.069034554 0.051938280 0.050469473 -0.014774250 0.001735538 0.998614788
1341846364.498091 -0.282109022 -0.068065166 0.066869669 0.050625794 -0.010054983 -0.001021555 0.998666584
1341846364.530058 -0.270873457 -0.071455397 0.066156022 0.049612571 -0.007140961 -0.002880306 0.998738885
1341846364.561952 -0.256092161 -0.069959596 0.061533816 0.050150711 -0.004194056 -0.006784497 0.998709798
1341846364.597928 -0.242683604 -0.068911463 0.059420317 0.048675604 -0.000902673 -0.009071452 0.998773038
1341846364.629950 -0.230087221 -0.076500669 0.061739597 0.047424283 0.000874085 -0.008473331 0.998838484
1341846364.665991 -0.225607365 -0.076986670 0.052804913 0.048803449 0.000817576 -0.006899012 0.998784184
1341846364.698004 -0.209828928 -0.077128433 0.049402367 0.048584390 -0.001907160 -0.005108930 0.998804212
1341846364.730097 -0.212053299 -0.074619085 0.091351651 0.049779296 -0.002488362 -0.005229236 0.998743474
1341846364.766057 -0.204468489 -0.070914306 0.088722333 0.051564086 -0.001299660 -0.004616352 0.998658180
1341846364.798632 -0.182538196 -0.069642439 0.047866359 0.050676573 -0.001873623 -0.004943055 0.998701096
1341846364.833901 -0.162976757 -0.074372984 0.040543031 0.049340311 -0.000549562 -0.006829034 0.998758554
1341846364.865923 -0.155626327 -0.076614834 0.024331022 0.050068662 0.003397739 -0.009725855 0.998692632
1341846364.897970 -0.152444333 -0.076711737 0.025780253 0.049599089 0.002218084 -0.006882603 0.998743057
1341846364.934019 -0.130064398 -0.079097077 0.029175652 0.049489275 -0.001277906 -0.003912093 0.998766184
1341846364.966047 -0.116375484 -0.069605619 0.028717071 0.050896108 0.001006323 -0.006314461 0.998683453
1341846364.998055 -0.105713099 -0.064831667 0.016859846 0.047599971 0.002587236 -0.006247030 0.998843551
1341846365.034125 -0.096838392 -0.065899454 0.012551622 0.041439235 0.000546881 -0.003918098 0.999133170
1341846365.066106 -0.083029121 -0.069249034 0.022366218 0.037187044 -0.002309944 -0.005855186 0.999288499
1341846365.101953 -0.056030240 -0.070257440 -0.019314609 0.035586059 0.000208221 -0.013123071 0.999280393
1341846365.133922 -0.061227422 -0.055547159 0.018145064 0.035202842 0.007431093 -0.025028076 0.999039114
1341846365.165953 -0.051120467 -0.060680065 0.017762566 0.031690456 0.010138354 -0.026841486 0.999085844
1341846365.201856 -0.040394906 -0.066547155 0.037149850 0.031525124 0.012128609 -0.029243708 0.999001443
1341846365.234093 -0.017157601 -0.072542459 0.040334325 0.032511327 0.016556662 -0.028412476 0.998930275
1341846365.266094 -0.008874885 -0.077198520 0.045947131 0.035871465 0.021912700 -0.020451531 0.998906791
1341846365.302078 0.004421285 -0.072485477 0.040191114 0.042139541 0.025458196 -0.015125978 0.998672783
1341846365.334027 0.025920492 -0.073105499 0.028293334 0.046511322 0.028563095 -0.012466745 0.998431504
1341846365.369945 0.057595320 -0.084015571 0.022139058 0.046952359 0.032661546 -0.011560985 0.998296082
1341846365.401963 0.057463255 -0.077860259 0.031324003 0.049100325 0.038495697 -0.010386908 0.997997642
1341846365.434082 0.070004016 -0.074988604 0.015871957 0.049142249 0.042651184 -0.013051502 0.997795343
1341846365.469939 0.088643774 -0.053536527 0.011783011 0.047168296 0.048364896 -0.013262293 0.997627258
1341846365.502100 0.083206140 -0.072100900 0.042164892 0.037646696 0.053653751 -0.008874710 0.997810245
1341846365.533844 0.091074698 -0.075963601 0.058385916 0.036271393 0.052690893 -0.005859523 0.997934759
1341846365.569876 0.095169269 -0.074581839 0.016246425 0.038628012 0.053665265 -0.008492828 0.997775435
1341846365.601930 0.114326209 -0.077583387 0.009534271 0.035732787 0.051279731 -0.002712804 0.998041213
1341846365.637899 0.124515012 -0.080084465 0.023434151 0.034394793 0.051249657 0.002566057 0.998090148
1341846365.669890 0.132840976 -0.072608955 0.024889998 0.034889814 0.051689982 0.003834144 0.998046160
1341846365.701977 0.148061559 -0.070122525 0.023901159 0.031620882 0.050342515 0.005632038 0.998215437
1341846365.738098 0.157721847 -0.081180491 0.019795451 0.030426024 0.053098530 0.003237366 0.998120368
1341846365.770026 0.161400124 -0.083329745 0.023752885 0.032541808 0.055576440 0.003625480 0.997917414
1341846365.805834 0.168769404 -0.083999366 0.025223233 0.034862861 0.053370237 0.007304869 0.997939289
1341846365.837937 0.177204326 -0.081162997 0.016807033 0.037087981 0.051161394 0.008066367 0.997968912
1341846365.869952 0.185096607 -0.075998344 0.010365474 0.039408378 0.051689550 0.007104931 0.997860074
1341846365.906411 0.199445769 -0.064804696 0.004803851 0.039128363 0.049883120 0.006799768 0.997965157
1341846365.938000 0.206328735 -0.075072601 0.015997773 0.035728771 0.049391303 0.009451907 0.998095512
1341846365.970022 0.212523773 -0.080553576 0.012932342 0.036851872 0.048963815 0.014216254 0.998019218
1341846366.006126 0.228042319 -0.075268432 0.010653421 0.039095473 0.047543205 0.019269574 0.997917771
1341846366.043876 0.232787773 -0.071122505 0.015369387 0.039425969 0.048770815 0.022802526 0.997771025
1341846366.076490 0.253324658 -0.066049561 0.012750668 0.038209394 0.049013749 0.026727144 0.997709036
1341846366.111888 0.263557792 -0.055412449 0.005375134 0.035562791 0.053334489 0.026964525 0.997578919
1341846366.143907 0.269543201 -0.054150585 0.015332074 0.031104809 0.058271602 0.027285356 0.997442961
1341846366.176044 0.271973491 -0.060960177 0.022399619 0.026248896 0.060857516 0.032038130 0.997286737
1341846366.212022 0.278283119 -0.063220620 0.019549627 0.024277581 0.061149273 0.036463905 0.997166872
1341846366.243981 0.292813957 -0.057132695 0.013082405 0.023570206 0.062035188 0.039049029 0.997031212
1341846366.280032 0.288485110 -0.045451093 0.021601001 0.021863800 0.064893849 0.039308205 0.996877909
1341846366.344115 0.308330208 -0.050129548 0.021916306 0.013134811 0.063563928 0.038469356 0.997149527
1341846366.406057 0.321751893 -0.050214749 0.029869810 0.012214581 0.064442955 0.041044369 0.997002125
1341846366.442042 0.334639251 -0.045751762 0.019573541 0.013051515 0.063582584 0.042807087 0.996972620
1341846366.506117 0.343435436 -0.043290034 0.018504756 0.013452007 0.066172190 0.045214973 0.996692479
1341846366.542004 0.349655241 -0.038714394 0.016851442 0.013971366 0.065524355 0.044501092 0.996760249
1341846366.573848 0.361123323 -0.030895442 0.013707851 0.013442645 0.066766515 0.044178881 0.996699393
1341846366.610058 0.357297719 -0.030585499 0.019185301 0.011360970 0.068829887 0.044833291 0.996555746
1341846366.642206 0.379222840 -0.031378932 0.002939420 0.008611028 0.068373583 0.047444273 0.996493816
1341846366.674164 0.384558499 -0.026704989 0.006514208 0.008093528 0.070353158 0.048002936 0.996333599
1341846366.710207 0.382807642 -0.015491702 0.004214847 0.006812269 0.071102858 0.049000882 0.996241391
1341846366.741976 0.394677490 -0.022237062 0.000371423 0.002494866 0.070941955 0.048107643 0.996316552
1341846366.773916 0.400257558 -0.024033653 -0.000266680 0.001562321 0.074572057 0.047422461 0.996086180
1341846366.810122 0.396655381 -0.024058973 0.005179378 0.001303522 0.077060468 0.050552964 0.995743155
1341846366.841893 0.403616995 -0.021483380 -0.006600611 0.002163488 0.074633807 0.053578101 0.995768309
1341846366.878062 0.414947152 -0.020913813 -0.008771208 0.003414802 0.074335694 0.052659713 0.995836079
1341846366.909933 0.419112831 -0.015350492 -0.011548181 0.004922482 0.075980522 0.054284483 0.995618343
1341846366.941941 0.417956322 -0.012740891 -0.014865944 0.003757004 0.076964892 0.055122674 0.995501757
1341846366.977906 0.433464915 -0.013022532 -0.021467270 0.002799852 0.077231251 0.053663440 0.995564044
1341846367.009852 0.445868075 -0.002732281 -0.009982191 0.003622366 0.080618389 0.055244844 0.995206296
1341846367.045944 0.450547308 -0.007741035 -0.011334287 0.003068199 0.084510311 0.056685440 0.994804204
1341846367.077914 0.459749311 -0.005202539 -0.014432858 0.005185651 0.090192504 0.055351291 0.994371474
1341846367.110077 0.462594777 -0.000123653 -0.015701706 0.006335407 0.096223600 0.054949995 0.993821621
1341846367.145997 0.468793690 0.001962560 -0.005302264 0.006663451 0.099244773 0.058656953 0.993310332
1341846367.177894 0.473821640 -0.005437758 -0.017621163 0.007860462 0.101591103 0.060000841 0.992984056
1341846367.209903 0.488672167 -0.003443218 -0.048640110 0.010698870 0.105003960 0.062386945 0.992455363
1341846367.245970 0.486695826 0.008479353 -0.044072744 0.010127414 0.110632181 0.066976197 0.991550386
1341846367.277966 0.486986250 -0.001661573 -0.037363898 0.007441497 0.113265328 0.069923051 0.991073310
1341846367.314058 0.495758146 0.000013869 -0.049844921 0.009479087 0.114841998 0.071080357 0.990792155
1341846367.346333 0.517508388 0.017266877 -0.048142787 0.011309922 0.116921619 0.071183197 0.990522265
1341846367.378615 0.506053388 0.014438489 -0.050219700 0.008148842 0.120927192 0.075301170 0.989767611
1341846367.413946 0.513526976 0.014348885 -0.051832940 0.006852510 0.120749570 0.075820841 0.989759445
1341846367.446060 0.522645950 0.022418309 -0.051713351 0.006822753 0.122949101 0.076085858 0.989468515
1341846367.478095 0.519746542 0.018931551 -0.051123392 0.004109645 0.126688451 0.079527371 0.988740861
1341846367.514115 0.524806201 0.015495154 -0.045695048 0.004644223 0.125720769 0.084449619 0.988453805
1341846367.546096 0.531744123 0.014021534 -0.048822682 0.007976792 0.125082418 0.086548403 0.988332033
1341846367.581982 0.536034524 0.027034311 -0.056114916 0.010576644 0.125573799 0.088138036 0.988104761
1341846367.613951 0.535296023 0.028228870 -0.062530145 0.008428360 0.124960408 0.090795062 0.987962604
1341846367.645894 0.554755092 0.025102688 -0.063994281 0.006504613 0.122334518 0.090916611 0.988294542
1341846367.682223 0.558265567 0.024127085 -0.063474186 0.006560965 0.125493571 0.090342022 0.987950683
1341846367.714019 0.560899436 0.022027871 -0.065257162 0.007355080 0.127195865 0.092358664 0.987540901
1341846367.745904 0.564208627 0.022167601 -0.066858150 0.008119936 0.128126293 0.094043143 0.987255633
1341846367.781973 0.567923188 0.025749544 -0.069703944 0.009853228 0.129837334 0.093442798 0.987073243
1341846367.813986 0.574551046 0.026977606 -0.077842914 0.009468351 0.130958483 0.094630942 0.986815691
1341846367.850189 0.573534787 0.023646731 -0.083102122 0.008617242 0.133831754 0.093204603 0.986573696
1341846367.881960 0.572149396 0.033210270 -0.075896382 0.008644851 0.135263279 0.093393639 0.986360371
1341846367.914064 0.572693288 0.034686532 -0.077720493 0.005356725 0.134780660 0.094902225 0.986305773
1341846367.950095 0.575722814 0.020283928 -0.074576713 0.002056376 0.136129573 0.094793618 0.986143351
1341846367.981916 0.579279602 0.024658324 -0.074132212 0.004210383 0.138435647 0.093151703 0.985971928
1341846368.017965 0.568234444 0.029728318 -0.073147662 0.004221634 0.140324935 0.095176436 0.985511303
1341846368.050897 0.569671333 0.028703855 -0.063604444 0.003462581 0.138854563 0.095038421 0.985735834
1341846368.082322 0.570327222 0.026015569 -0.066315465 0.003300638 0.138848066 0.093018822 0.985929906
1341846368.118029 0.568375349 0.029863529 -0.064525977 0.003476455 0.138727620 0.093709029 0.985880911
1341846368.150026 0.560794532 0.029280636 -0.056891900 0.002183920 0.137684137 0.095028184 0.985904634
1341846368.181952 0.557025075 0.022663074 -0.055865869 0.003637870 0.137145996 0.093066931 0.986162424
1341846368.217882 0.556772411 0.031829007 -0.060350671 0.005596191 0.136810124 0.092896007 0.986216009
1341846368.250223 0.550987422 0.033515062 -0.056292322 0.003505079 0.136876971 0.093890868 0.986122131
1341846368.286003 0.547564328 0.026050035 -0.053228665 0.001436822 0.136837929 0.092995323 0.986217618
1341846368.317994 0.537336946 0.029922746 -0.050382905 0.001384860 0.136395603 0.091077082 0.986457944
1341846368.350010 0.536189854 0.036835823 -0.045119222 -0.001569825 0.132728726 0.093406729 0.986739993
1341846368.385949 0.523366868 0.030917563 -0.040824026 -0.005108826 0.130453870 0.089474790 0.987395525
1341846368.417845 0.516932249 0.020597333 -0.045717940 -0.007564974 0.128007710 0.087486364 0.987877965
1341846368.450062 0.513057530 0.023913272 -0.039483704 -0.008755617 0.125681311 0.087159641 0.988195717
1341846368.485968 0.503370225 0.016419949 -0.038752593 -0.010831730 0.122237600 0.086695336 0.988647819
1341846368.517939 0.502539873 0.011710656 -0.033373583 -0.010360589 0.118788376 0.085414231 0.989184737
1341846368.554171 0.493857771 0.014765407 -0.029405963 -0.008519313 0.117145181 0.084922910 0.989440501
1341846368.618123 0.483318925 0.012117429 -0.031103393 -0.010217504 0.110948183 0.078809991 0.990643799
1341846368.654302 0.478427708 0.004585750 -0.022851819 -0.011352400 0.110155657 0.076338626 0.990913332
1341846368.685914 0.468207031 -0.000413459 -0.017106108 -0.010433367 0.108186737 0.075008519 0.991241872
1341846368.717980 0.462737113 -0.002384819 -0.019750288 -0.009132640 0.105347075 0.072029635 0.991781354
1341846368.786190 0.451872915 -0.010055142 -0.024366133 -0.006037243 0.103476994 0.071968935 0.992006302
1341846368.821968 0.446929723 -0.006000392 -0.024637032 -0.003984699 0.100487679 0.070046283 0.992461503
1341846368.853991 0.442955136 -0.002153021 -0.028720658 -0.004161817 0.100919992 0.065107070 0.992753208
1341846368.885978 0.432740331 -0.010971772 -0.018970085 -0.005507975 0.101915404 0.062325913 0.992823422
1341846368.923221 0.423302203 -0.018206935 -0.016207304 -0.003901049 0.100574479 0.061769210 0.993002594
1341846368.953942 0.417590857 -0.014581240 -0.019209556 -0.000665977 0.098554291 0.059641100 0.993342638
1341846368.986016 0.415140927 -0.004566976 -0.010078069 0.001719222 0.096588954 0.057836279 0.993641078
1341846369.021938 0.408651054 -0.007254899 -0.008836824 0.001670960 0.095563270 0.057138178 0.993780732
1341846369.053927 0.401772171 -0.013884453 -0.020532524 0.001322320 0.095799267 0.053129002 0.993980885
1341846369.090047 0.394074142 -0.017321119 -0.018759483 0.001709301 0.097134285 0.049223237 0.994051874
1341846369.121845 0.385888934 -0.023381490 -0.012763527 0.003398986 0.096815586 0.050193716 0.994030058
1341846369.154351 0.377410024 -0.030284528 -0.015676152 0.006947997 0.095368154 0.051070713 0.994106829
1341846369.189885 0.375693738 -0.022601966 -0.018561309 0.010883443 0.094532803 0.048409883 0.994284451
1341846369.222188 0.367063612 -0.019475853 -0.020619238 0.010199481 0.096555568 0.045933392 0.994214833
1341846369.257947 0.356724769 -0.030198885 -0.011039030 0.009358017 0.098075420 0.044241164 0.994151056
1341846369.289994 0.347937018 -0.036366750 -0.013911295 0.011304443 0.097954459 0.044971809 0.994109988
1341846369.322196 0.346521467 -0.032411877 -0.015814712 0.014432129 0.097725816 0.045524076 0.994066834
1341846369.357830 0.340219021 -0.029498534 -0.016798139 0.014995730 0.099044658 0.045066074 0.993948817
1341846369.390267 0.329160392 -0.033368353 -0.012607862 0.014581073 0.100175232 0.043457754 0.993913352
1341846369.422057 0.312936485 -0.036123164 0.002354857 0.015448143 0.101307869 0.039412372 0.993954062
1341846369.457950 0.301418275 -0.040000889 0.010042658 0.015733114 0.101817027 0.039822966 0.993881226
1341846369.490144 0.292547941 -0.043471597 -0.011421018 0.016814541 0.099867664 0.043074895 0.993925691
1341846369.526405 0.287778080 -0.035836417 -0.009178354 0.018937008 0.096731648 0.043792933 0.994166255
1341846369.557969 0.275168657 -0.042973921 -0.007328994 0.018329535 0.094678439 0.044641763 0.994337499
1341846369.590093 0.267868578 -0.042344093 -0.004970591 0.020217303 0.090911664 0.046115167 0.994585156
1341846369.625895 0.251445264 -0.040682252 0.001126074 0.021725547 0.090114266 0.045208316 0.994667590
1341846369.657961 0.244879961 -0.038070899 0.006443181 0.021557314 0.088400744 0.044823304 0.994842410
1341846369.690135 0.228555396 -0.043873165 0.005509350 0.021888925 0.086960904 0.046166494 0.994900703
1341846369.726074 0.212840289 -0.043452509 0.009890312 0.024174377 0.083190553 0.046498645 0.995154679
1341846369.757962 0.209416404 -0.042544976 0.002050777 0.024757648 0.080388032 0.049057543 0.995247781
1341846369.793964 0.194285855 -0.037445601 0.010444501 0.025913538 0.078456178 0.049856152 0.995332897
1341846369.826161 0.179837897 -0.038051933 0.009906304 0.025075762 0.076149270 0.050339181 0.995509148
1341846369.858015 0.169106126 -0.041112863 0.014376417 0.024943782 0.072689027 0.049966548 0.995789886
1341846369.893954 0.166769266 -0.038358096 0.015204639 0.025279116 0.069503531 0.051252339 0.995943487
1341846369.926051 0.147555977 -0.041059650 0.007463440 0.024213724 0.068363450 0.050212916 0.996101797
1341846369.958062 0.135554269 -0.048093300 0.003850028 0.023020951 0.063899882 0.048742868 0.996499360
1341846369.994037 0.135608524 -0.047210831 0.018631540 0.022988826 0.058976047 0.047495876 0.996863782
1341846370.026058 0.126732066 -0.052694988 0.015906997 0.023197632 0.057182178 0.047471516 0.996964633
1341846370.062000 0.109240055 -0.044969682 0.009352349 0.024247529 0.053172387 0.049215738 0.997076988
1341846370.094135 0.108491369 -0.041881628 0.020355923 0.022771727 0.048002243 0.050573532 0.997306168
1341846370.126153 0.109030105 -0.047022309 0.021808634 0.022105746 0.047173589 0.049629100 0.997408152
1341846370.162082 0.098582745 -0.044542540 0.023013901 0.023369303 0.047670171 0.051382687 0.997266889
1341846370.194044 0.087563857 -0.048750810 0.023205189 0.022512393 0.046412971 0.053888567 0.997213662
1341846370.230152 0.084627107 -0.050096724 0.022812074 0.024404064 0.045501802 0.054573894 0.997173846
1341846370.262175 0.079330601 -0.047540218 0.021593947 0.025762461 0.046271164 0.053215250 0.997177720
1341846370.294216 0.067310661 -0.048658848 0.029500660 0.026192430 0.047892272 0.049688980 0.997271895
1341846370.329892 0.048517801 -0.046896171 0.031537157 0.026339881 0.047286551 0.044752181 0.997530639
1341846370.361939 0.045965090 -0.050298519 0.030714499 0.026995642 0.045009524 0.041108981 0.997775197
1341846370.394073 0.030664623 -0.048976630 0.023331953 0.028371681 0.042754121 0.040352542 0.997867107
1341846370.429985 0.021555347 -0.042183995 0.021023983 0.028589761 0.036849394 0.039475065 0.998131454
1341846370.462095 0.016671803 -0.036959797 0.023405615 0.026531924 0.031165864 0.039033856 0.998399258
1341846370.498034 0.016888918 -0.032897014 0.027029643 0.023401640 0.025864942 0.039031442 0.998629034
1341846370.530176 0.011743513 -0.032057483 0.035306994 0.020023379 0.023203740 0.039747667 0.998739600
1341846370.561949 -0.002666830 -0.027115386 0.027964042 0.016886182 0.020193620 0.040407185 0.998836458
1341846370.597989 -0.005314802 -0.020719880 0.031731889 0.012460682 0.016790373 0.041639730 0.998913884
1341846370.629913 -0.004035639 -0.032102246 0.036435463 0.006934686 0.016496157 0.042284086 0.998945355
1341846370.662062 -0.014303155 -0.035609107 0.030929159 0.005721265 0.016289540 0.041971520 0.998969615
1341846370.697981 -0.015490637 -0.030718831 0.032579105 0.003638396 0.015006852 0.041720323 0.999010026
1341846370.730015 -0.013384426 -0.042695139 0.030185353 0.000055568 0.014828983 0.038993906 0.999129415
1341846370.766182 -0.013800443 -0.047366664 0.025230648 0.000669493 0.017593123 0.036142729 0.999191523
1341846370.797966 -0.032794390 -0.036064785 0.017497601 -0.000271416 0.021801420 0.033879418 0.999188066
1341846370.830023 -0.025919294 -0.062154617 0.018365819 -0.005355109 0.021475045 0.032379303 0.999230564
1341846370.866186 -0.028482115 -0.068047114 0.015236216 -0.002366304 0.022381036 0.032069370 0.999232233
1341846370.897994 -0.034908559 -0.061105553 0.009097346 -0.001963864 0.025155496 0.033329893 0.999125838
1341846370.929983 -0.027648568 -0.087964341 0.018408768 -0.005429499 0.024705645 0.035733014 0.999041200
1341846370.971974 -0.023711469 -0.098547444 0.014448284 -0.001912058 0.025400724 0.035485126 0.999045491
1341846371.034127 -0.036363546 -0.104970194 0.013288626 0.004752252 0.032898352 0.036585130 0.998777568
1341846371.066883 -0.023802731 -0.110394470 0.004262439 0.005047661 0.034405835 0.036948059 0.998711944
1341846371.098209 -0.035760660 -0.110443927 0.002343662 0.003786464 0.039816350 0.032518279 0.998670578
1341846371.134068 -0.037170645 -0.119068213 -0.000885189 0.001907885 0.043230645 0.031042138 0.998580933
1341846371.165993 -0.039150421 -0.123481490 0.001904842 -0.000957029 0.046075415 0.032088559 0.998422027
1341846371.197951 -0.040489219 -0.134420022 0.002501460 -0.004111003 0.046769883 0.032819502 0.998357952
1341846371.233950 -0.032242607 -0.141635343 -0.001373474 -0.004864787 0.046871699 0.033969995 0.998311281
1341846371.266433 -0.027407322 -0.136728525 -0.004310252 -0.007389043 0.049777392 0.033848744 0.998159230
1341846371.302051 -0.030360196 -0.142539710 -0.005634515 -0.014123793 0.052778490 0.034663219 0.997904539
1341846371.334010 -0.023031583 -0.151810184 -0.014877971 -0.020686818 0.055506852 0.032692593 0.997708499
1341846371.366198 -0.020540508 -0.160613880 -0.008834610 -0.025794802 0.061023448 0.030127583 0.997348011
1341846371.402482 -0.027150162 -0.178399250 -0.004361892 -0.029516296 0.064377718 0.031338993 0.996996582
1341846371.434055 -0.031548169 -0.190362841 -0.007592242 -0.028605366 0.063880377 0.032950539 0.997003138
1341846371.469998 -0.023328878 -0.199234888 -0.012675630 -0.026540561 0.063288450 0.031625651 0.997140884
1341846371.501933 -0.027018733 -0.205633387 -0.014518777 -0.024563711 0.066135183 0.029202206 0.997080743
1341846371.534269 -0.035146900 -0.207775816 -0.019919276 -0.023787672 0.067187741 0.029053742 0.997033536
1341846371.570100 -0.037771501 -0.219751477 -0.015959049 -0.024888910 0.065328613 0.026057517 0.997213006
1341846371.602162 -0.034882694 -0.216523573 -0.022852041 -0.021540642 0.064184465 0.022725457 0.997446716
1341846371.634012 -0.038864929 -0.218639404 -0.023123765 -0.019673049 0.065673403 0.021418152 0.997417271
1341846371.669927 -0.048843283 -0.227149770 -0.021148119 -0.019669022 0.064013593 0.020271692 0.997549236
1341846371.702051 -0.036863759 -0.229153484 -0.031109478 -0.019491466 0.060965300 0.017979749 0.997787595
1341846371.737891 -0.039267525 -0.242761955 -0.028758572 -0.021002993 0.064096190 0.013531502 0.997630954
1341846371.769979 -0.046519339 -0.245846644 -0.023096999 -0.019610593 0.063915849 0.013171858 0.997675657
1341846371.802101 -0.045392610 -0.247063637 -0.025567824 -0.019330237 0.060704589 0.015631752 0.997846186
1341846371.837951 -0.042562068 -0.252120435 -0.030092554 -0.019450571 0.058540467 0.017266886 0.997946143
1341846371.870043 -0.037959766 -0.262734234 -0.027825817 -0.021550920 0.058791488 0.018218666 0.997871339
1341846371.902330 -0.038975276 -0.264228135 -0.030439483 -0.026233433 0.061016772 0.017777603 0.997633576
1341846371.938165 -0.042757519 -0.270722747 -0.027366221 -0.031737290 0.063077867 0.014340688 0.997400761
1341846371.969938 -0.025281943 -0.276686609 -0.030169573 -0.035955086 0.065049551 0.010923388 0.997174263
1341846372.005861 -0.032562084 -0.296736747 -0.018041410 -0.039859820 0.070630029 0.009700865 0.996658683
1341846372.038440 -0.042516839 -0.304533184 -0.017002683 -0.036882143 0.071793362 0.010401791 0.996683121
1341846372.070518 -0.034124129 -0.303777516 -0.019513262 -0.034191623 0.069925100 0.009489426 0.996920943
1341846372.111944 -0.034232408 -0.306197017 -0.020037025 -0.032783519 0.070671700 0.008305081 0.996926129
1341846372.143876 -0.031818785 -0.311642766 -0.014490600 -0.030190380 0.070927761 0.005126783 0.997011244
1341846372.179919 -0.035001628 -0.315719515 -0.016430123 -0.026798630 0.070771426 0.002795833 0.997128606
1341846372.212119 -0.038628772 -0.330524772 -0.013968918 -0.024765611 0.068635106 0.001113576 0.997333765
1341846372.244067 -0.042708438 -0.337498575 -0.012590333 -0.020455120 0.065883823 -0.002751677 0.997613847
1341846372.279961 -0.035234887 -0.346594870 -0.028224861 -0.015332448 0.062019374 -0.004271600 0.997948050
1341846372.312076 -0.028568117 -0.346384138 -0.026564334 -0.009088655 0.058594637 -0.006745022 0.998217702
1341846372.347910 -0.029577076 -0.350474358 -0.026437789 -0.005260522 0.056654971 -0.008488292 0.998343885
1341846372.379906 -0.030025620 -0.356892109 -0.027311064 -0.001792884 0.053371247 -0.009187278 0.998530865
1341846372.412137 -0.017548325 -0.360505283 -0.027832385 0.001651358 0.049412280 -0.009457520 0.998732328
1341846372.447783 -0.014927469 -0.368568569 -0.027626280 0.003722992 0.048114631 -0.008111398 0.998801947
1341846372.479920 -0.027840944 -0.376704246 -0.022802571 0.007234626 0.046547331 -0.005598679 0.998874187
1341846372.516195 -0.014574387 -0.371418983 -0.017520666 0.010995547 0.041608468 -0.003119721 0.999068618
1341846372.547915 -0.001761864 -0.363772392 -0.018361162 0.011363416 0.040815346 -0.004063318 0.999093831
1341846372.579923 -0.006500935 -0.372449517 -0.014045293 0.008976218 0.041998874 -0.006125643 0.999058545
1341846372.616037 -0.003927007 -0.380522043 -0.013833208 0.007807141 0.040419128 -0.004022095 0.999144197
1341846372.647968 0.002587537 -0.376554847 -0.011611473 0.007551476 0.039940763 -0.003953096 0.999165714
1341846372.679953 0.008007843 -0.379399478 -0.009879288 0.005931748 0.040674664 -0.006798606 0.999131680
1341846372.716073 0.002282036 -0.379478961 -0.011943475 0.005331108 0.042623591 -0.007116430 0.999051630
1341846372.747919 0.000260518 -0.386043072 -0.010206905 0.004911281 0.042872619 -0.005741953 0.999051988
1341846372.783912 0.006282703 -0.388772249 -0.014196829 0.006278599 0.041537259 -0.003746412 0.999110222
1341846372.816131 0.011730900 -0.387694746 -0.010746663 0.007397011 0.043253008 -0.002960154 0.999032378
1341846372.848115 0.006404442 -0.387586832 -0.010456401 0.007296027 0.045961149 0.000363979 0.998916507
1341846372.884003 0.008641418 -0.393415064 -0.013736951 0.006819979 0.046364725 -0.001140609 0.998900652
1341846372.948016 0.012680795 -0.402563840 -0.006911156 0.006897800 0.052447461 -0.001228908 0.998599112
1341846373.010206 0.016984319 -0.416799128 -0.011698885 0.012067028 0.048098605 0.002400302 0.998766840
1341846373.041934 0.029426444 -0.413910091 -0.014257459 0.015212378 0.048943028 0.002703650 0.998682082
1341846373.078079 0.022905698 -0.420646727 -0.015331136 0.016382359 0.052401911 0.002623871 0.998488247
1341846373.110028 0.020603571 -0.426013499 -0.016268633 0.018760210 0.053041503 0.001419839 0.998415053
1341846373.142204 0.026658598 -0.429575741 -0.014157085 0.021276882 0.053029254 0.002357991 0.998363495
1341846373.178121 0.026416168 -0.430661947 -0.017871771 0.023737103 0.054451369 0.002814766 0.998230278
1341846373.210218 0.029625071 -0.437644690 -0.021288555 0.026334452 0.056053847 0.001260973 0.998079598
1341846373.246073 0.034054410 -0.443185240 -0.021803832 0.030601580 0.057035469 0.000849749 0.997902691
1341846373.277962 0.036960892 -0.447594434 -0.029518597 0.035657957 0.058329847 0.001859646 0.997658610
1341846373.310189 0.038387183 -0.443025321 -0.033624303 0.039610289 0.060710117 0.000250210 0.997369170
1341846373.346051 0.043997817 -0.443192750 -0.038840089 0.039698064 0.063863032 -0.002034176 0.997166753
1341846373.377993 0.036557652 -0.449099511 -0.032595158 0.038914278 0.067215055 -0.002864510 0.996975243
1341846373.410038 0.034823716 -0.454612970 -0.038975429 0.038917463 0.068074420 -0.003375528 0.996915162
1341846373.446109 0.034891546 -0.456770152 -0.041149084 0.038868435 0.068487480 -0.005028643 0.996881843
1341846373.478409 0.032569479 -0.463694394 -0.035762217 0.038989592 0.068672784 -0.003764020 0.996869922
1341846373.514006 0.028255867 -0.469940096 -0.039974291 0.040799551 0.068006538 -0.000870731 0.996849895
1341846373.546097 0.034051806 -0.463144422 -0.041239880 0.042949483 0.065077029 0.000041674 0.996955514
1341846373.578079 0.045403581 -0.460747391 -0.045456301 0.043247182 0.065425724 -0.000880726 0.996919453
1341846373.613978 0.032605968 -0.455512613 -0.040608510 0.043519404 0.068284392 -0.002641168 0.996712744
1341846373.646060 0.031564578 -0.448453575 -0.038740147 0.043213412 0.066385888 -0.002283917 0.996855199
1341846373.682101 0.043874159 -0.437477559 -0.042340219 0.042227656 0.065652840 -0.002057098 0.996946454
1341846373.713942 0.040653232 -0.431059480 -0.039297152 0.038876131 0.069017984 -0.002122451 0.996855378
1341846373.746309 0.032942887 -0.418802828 -0.030893307 0.035519667 0.070527099 -0.000460923 0.996877193
1341846373.782079 0.029468244 -0.418874681 -0.025656795 0.032076698 0.069465764 -0.001186082 0.997067809
1341846373.814899 0.039631262 -0.414549530 -0.027787734 0.031460457 0.068845056 -0.002629160 0.997127771
1341846373.846131 0.028557725 -0.401907206 -0.022375954 0.031638362 0.071439743 -0.005804821 0.996926129
1341846373.882197 0.017965617 -0.392217189 -0.024063291 0.030393114 0.069921046 -0.007738289 0.997059405
1341846373.914066 0.015628746 -0.381467491 -0.019621519 0.028326157 0.066427037 -0.004176943 0.997380435
1341846373.949976 0.025057297 -0.373051405 -0.018745137 0.025645867 0.064096659 -0.000224258 0.997614086
1341846373.982090 0.016458075 -0.364562124 -0.018685520 0.022960696 0.064449064 -0.000371863 0.997656763
1341846374.014518 0.003427480 -0.356688201 -0.021836130 0.019302106 0.063086048 0.002687654 0.997817814
1341846374.050082 0.007825410 -0.346574873 -0.014914917 0.016179688 0.059089303 0.006346423 0.998101413
1341846374.082248 0.008789976 -0.348171473 -0.014222567 0.012779307 0.057464357 0.006593613 0.998243988
1341846374.114063 0.007773533 -0.336241543 -0.015575950 0.010880023 0.057928301 0.007063254 0.998236477
1341846374.150230 -0.001745780 -0.337145686 -0.013361345 0.008287441 0.057993427 0.007381704 0.998255312
1341846374.181949 -0.003508962 -0.334364235 -0.010114597 0.009178219 0.055487469 0.008052102 0.998384714
1341846374.217985 0.004041701 -0.326179922 -0.012164844 0.010805160 0.053476486 0.012447421 0.998433113
1341846374.250018 0.001824766 -0.307663441 -0.014534698 0.011837878 0.054477125 0.012531804 0.998366237
1341846374.281921 -0.002560449 -0.293192625 -0.017319629 0.009770902 0.055504773 0.011326005 0.998346388
1341846374.318502 -0.002411161 -0.288288116 -0.015340269 0.006432831 0.055801172 0.011002129 0.998360574
1341846374.350047 -0.008687921 -0.272786140 -0.011836390 0.003767567 0.057996884 0.011083205 0.998248160
1341846374.382011 -0.015391858 -0.271977037 -0.004793283 -0.000105660 0.058287397 0.010368257 0.998246014
1341846374.418020 -0.019950384 -0.279158443 0.005697236 -0.002545897 0.057315364 0.009941534 0.998303413
1341846374.450160 -0.021308808 -0.270939589 0.006273153 -0.004446227 0.055653960 0.010290535 0.998387218
1341846374.486170 -0.011349634 -0.245660886 -0.008654564 -0.005222670 0.053642500 0.011306833 0.998482525
1341846374.524087 -0.023831049 -0.252796739 0.010171489 -0.009913053 0.055206284 0.009284324 0.998382628
1341846374.586056 -0.032686491 -0.239460438 0.013332820 -0.014396590 0.050877329 0.008703626 0.998563230
1341846374.617848 -0.037700690 -0.238716096 0.018213775 -0.016472699 0.048861448 0.010365560 0.998615921
1341846374.654133 -0.039255481 -0.230267093 0.023992984 -0.015707960 0.045821056 0.012288723 0.998750567
1341846374.685940 -0.037821386 -0.219334975 0.022268346 -0.014783175 0.042793240 0.015246497 0.998858213
1341846374.718159 -0.042668533 -0.212239712 0.025467454 -0.014683385 0.041131336 0.018518627 0.998874187
1341846374.754050 -0.041314922 -0.204578996 0.023985982 -0.013457530 0.037638254 0.019946801 0.999001682
1341846374.786226 -0.039673649 -0.191435620 0.025348770 -0.012391236 0.035318367 0.020937258 0.999079943
1341846374.818164 -0.042814270 -0.192073494 0.025324600 -0.012392099 0.034624491 0.020320119 0.999116957
1341846374.854017 -0.051284607 -0.187392294 0.026046962 -0.009922268 0.033917166 0.019192681 0.999191105
1341846374.886253 -0.047597799 -0.182394519 0.024108266 -0.007240562 0.029780475 0.021073300 0.999308050
1341846374.921999 -0.043286931 -0.173542380 0.022568643 -0.004453802 0.027199900 0.021449795 0.999389946
1341846374.953860 -0.050544649 -0.166023105 0.021014875 -0.002898869 0.026462356 0.021501342 0.999414325
1341846374.985929 -0.052831978 -0.160542935 0.021516984 -0.002209305 0.024007892 0.022359340 0.999459267
1341846375.022029 -0.047739647 -0.162346229 0.025196770 -0.000606425 0.021249399 0.024358276 0.999477267
1341846375.053968 -0.047458399 -0.158090174 0.021452073 0.003830034 0.019491706 0.028526224 0.999395609
1341846375.085937 -0.049501743 -0.144114286 -0.011844782 0.007839769 0.018261265 0.031248635 0.999314070
1341846375.122015 -0.050322335 -0.129141524 -0.018641630 0.008923000 0.018227268 0.028826291 0.999378383
1341846375.190345 -0.048900824 -0.123474702 -0.011810456 0.004607989 0.024305701 0.023498882 0.999417722
1341846375.222041 -0.052419648 -0.123773314 -0.007696540 0.005056321 0.024520643 0.021146871 0.999462843
1341846375.254127 -0.046140540 -0.118262425 -0.010288068 0.007098309 0.023708053 0.021713831 0.999457896
1341846375.289892 -0.047799900 -0.115933165 -0.009911260 0.010115144 0.025882576 0.022224249 0.999366701
1341846375.322192 -0.052783482 -0.105383545 -0.012324491 0.013629926 0.026376514 0.023569496 0.999281228
1341846375.354172 -0.045933295 -0.087103486 0.006125497 0.013457514 0.025149269 0.023482321 0.999317229
1341846375.390033 -0.038881417 -0.073026426 0.007402052 0.009128180 0.026137238 0.020857772 0.999399066
1341846375.422976 -0.047316637 -0.068773508 0.012750740 0.003502378 0.029519156 0.017462896 0.999405503
1341846375.458036 -0.052641597 -0.062405627 0.009411939 -0.001719683 0.028625017 0.015805371 0.999463797
1341846375.489941 -0.046687692 -0.066612862 0.017023768 -0.006941177 0.027535513 0.016400265 0.999462187
1341846375.521981 -0.045494061 -0.070214540 0.020788155 -0.008052151 0.028164130 0.016966691 0.999426901
1341846375.557947 -0.050457455 -0.066607028 0.023380570 -0.005962005 0.027845113 0.020235350 0.999389648
1341846375.590116 -0.048529327 -0.063753843 0.028404323 -0.003818179 0.024310566 0.024925817 0.999386370
1341846375.622399 -0.038281374 -0.057641912 0.028274329 -0.000163634 0.022815285 0.027012536 0.999374688
1341846375.658264 -0.038348734 -0.053394124 0.029922098 0.003493694 0.024446731 0.028917061 0.999276698
1341846375.690116 -0.045519300 -0.050134279 0.030554846 0.007852194 0.024095567 0.033419862 0.999120057
1341846375.726080 -0.038059819 -0.038466260 0.025769692 0.016511304 0.021484364 0.038962480 0.998873234
1341846375.757947 -0.040216818 -0.027066961 0.026003048 0.024574865 0.021391880 0.042548329 0.998563051
1341846375.789914 -0.041802596 -0.017837564 0.028408311 0.030677831 0.019599071 0.045778193 0.998288095
1341846375.826111 -0.041830737 0.002478971 0.031214451 0.034604810 0.017979205 0.044512529 0.998247385
1341846375.858282 -0.047054663 0.033452604 0.040024210 0.034189560 0.016547233 0.039939549 0.998479843
1341846375.893889 -0.044799227 0.044349205 0.047566224 0.024143772 0.013200209 0.038686778 0.998872399
1341846375.926121 -0.048850976 0.051731501 0.041888811 0.016760096 0.013449325 0.036365550 0.999107480
1341846375.958089 -0.049961925 0.061169378 0.042772219 0.011771380 0.014143541 0.036905389 0.999149323
1341846375.994060 -0.048871703 0.067327522 0.050801903 0.007358199 0.014358553 0.037860055 0.999152780
1341846376.026115 -0.046170432 0.071256392 0.055030584 0.005553732 0.016218418 0.039497256 0.999072611
1341846376.057999 -0.049849935 0.077714622 0.061470598 0.006674978 0.018394712 0.040493730 0.998988152
1341846376.094015 -0.047355432 0.093874782 0.065546118 0.007148729 0.020260731 0.042798612 0.998852670
1341846376.126126 -0.048799995 0.106519498 0.071426176 0.007409083 0.023983948 0.042305633 0.998789310
1341846376.162125 -0.052439060 0.120460838 0.070327193 0.005355083 0.028251415 0.040975437 0.998746336
1341846376.194033 -0.057671241 0.125377908 0.076014549 0.002097056 0.030087208 0.041210059 0.998695195
1341846376.226110 -0.057119951 0.120516196 0.078584939 -0.001591997 0.029119140 0.044204533 0.998596728
1341846376.262088 -0.054996278 0.120140672 0.082883075 -0.002733207 0.027803984 0.047516990 0.998479664
1341846376.293911 -0.051655024 0.128910184 0.086060993 -0.000162308 0.027719259 0.049452476 0.998391747
1341846376.326088 -0.055974789 0.135115072 0.088144749 0.002043805 0.028429143 0.051516838 0.998265326
1341846376.362076 -0.057816390 0.144387409 0.087896422 0.002830721 0.026799483 0.053467758 0.998205841
1341846376.393924 -0.054807812 0.149967730 0.089952692 0.002636093 0.025827173 0.051210631 0.998350382
1341846376.429909 -0.053398252 0.157767385 0.091539651 0.002666214 0.028118493 0.046700660 0.998509526
1341846376.462224 -0.056477681 0.163433269 0.093548872 0.000748221 0.029485133 0.043663997 0.998610795
1341846376.494092 -0.057038918 0.166000485 0.101916648 -0.000550722 0.028500373 0.043204952 0.998659492
1341846376.529992 -0.057224885 0.175000191 0.105289996 0.000423540 0.028510520 0.043004476 0.998667896
1341846376.562034 -0.055524912 0.183100492 0.104380310 0.000096268 0.029861510 0.041746743 0.998681843
1341846376.594092 -0.059274144 0.191107094 0.104889981 -0.000361969 0.031465661 0.040947411 0.998665631
1341846376.630016 -0.055371437 0.195542946 0.106999688 -0.002071893 0.031215508 0.040584054 0.998686254
1341846376.662132 -0.051911734 0.199834600 0.108691059 -0.003258724 0.033115651 0.039648458 0.998659432
1341846376.697981 -0.058497157 0.207318902 0.112861387 -0.003480691 0.035750598 0.040188652 0.998546243
1341846376.730128 -0.054418545 0.212151945 0.114269190 -0.003809732 0.035995107 0.040323295 0.998530865
1341846376.762061 -0.054582745 0.224913612 0.112655945 -0.003532097 0.036937200 0.040539321 0.998488724
1341846376.797939 -0.055363782 0.235223681 0.112121828 -0.005887391 0.036877856 0.038941883 0.998543382
1341846376.829920 -0.054935325 0.241951302 0.116970390 -0.009212015 0.037646782 0.040722784 0.998418510
1341846376.866170 -0.056377314 0.248422638 0.115876779 -0.011843043 0.037671000 0.043802340 0.998259485
1341846376.898026 -0.052328594 0.260306358 0.117146112 -0.015426194 0.035824243 0.044441085 0.998250306
1341846376.930139 -0.053896915 0.280637741 0.130517781 -0.018295391 0.038099911 0.039744105 0.998315632
1341846376.966511 -0.055788845 0.291506439 0.130812839 -0.024162909 0.041410487 0.038561828 0.998105347
1341846376.997919 -0.058891416 0.295741409 0.137489855 -0.030122200 0.043320183 0.040685482 0.997777879
1341846377.030079 -0.055318315 0.299157619 0.141779035 -0.033865221 0.043888241 0.039866768 0.997666061
1341846377.066212 -0.061573513 0.311939269 0.144403413 -0.035704393 0.045455378 0.041603953 0.997460842
1341846377.097918 -0.060507897 0.318996996 0.149373129 -0.039944790 0.044509027 0.041786268 0.997335076
1341846377.134079 -0.067118265 0.319377065 0.150084034 -0.043752830 0.043957967 0.041845210 0.997197270
1341846377.166160 -0.062365271 0.329568803 0.146726787 -0.045573052 0.038065303 0.043297440 0.997296035
1341846377.197925 -0.060550649 0.339191973 0.148403332 -0.045891229 0.033300892 0.043760870 0.997431695
1341846377.233952 -0.057018630 0.355732948 0.147240356 -0.046686336 0.030876080 0.040751565 0.997600317
1341846377.266486 -0.055136599 0.356670201 0.152825296 -0.050571200 0.032549374 0.039607704 0.997403800
1341846377.298068 -0.059817862 0.356148005 0.150112137 -0.054917030 0.033818740 0.042291868 0.997021437
1341846377.334109 -0.056739412 0.360233724 0.156478614 -0.058385622 0.031858664 0.043483134 0.996837676
1341846377.366029 -0.055408582 0.361781776 0.158206537 -0.059945673 0.031912111 0.041825049 0.996814311
1341846377.401870 -0.056223147 0.362566978 0.155014023 -0.061212528 0.032904804 0.039792929 0.996788263
1341846377.434052 -0.056678247 0.355785131 0.161114752 -0.063215144 0.032222439 0.040186103 0.996669769
1341846377.466127 -0.057852078 0.353858531 0.162119985 -0.060733903 0.032709137 0.039352708 0.996841431
1341846377.502027 -0.055254422 0.357060373 0.156262919 -0.058421172 0.033184458 0.035853371 0.997095942
1341846377.534114 -0.050200325 0.350572646 0.158080325 -0.058797836 0.034716669 0.033691347 0.997097015
1341846377.566085 -0.055243760 0.335231572 0.157758728 -0.058397736 0.037057873 0.035172097 0.996985137
1341846377.602113 -0.052605707 0.330975205 0.155837297 -0.056028046 0.035998516 0.035603557 0.997144580
1341846377.633912 -0.054649550 0.316086143 0.158883393 -0.051182084 0.037763450 0.032243505 0.997454107
1341846377.676329 -0.050245024 0.319124073 0.149069443 -0.045730148 0.038201276 0.031663544 0.997720838
1341846377.743964 -0.048528485 0.289652944 0.154460877 -0.040330295 0.035341769 0.028817439 0.998145282
1341846377.802535 -0.048451148 0.279466480 0.137113363 -0.038575336 0.035219751 0.028692398 0.998222530
1341846377.835932 -0.050492335 0.252736390 0.139239639 -0.034929607 0.037149429 0.029624201 0.998259604
1341846377.872063 -0.059875321 0.243724346 0.118577763 -0.033270601 0.035477355 0.037185293 0.998124063
1341846377.902201 -0.048814312 0.248603582 0.133302465 -0.031268392 0.027906738 0.037721068 0.998409033
1341846377.939383 -0.047234219 0.239465833 0.124056727 -0.026543712 0.032836501 0.027892990 0.998718739
1341846377.970635 -0.057540547 0.228257522 0.105067149 -0.029625203 0.035946198 0.029688397 0.998473227
1341846378.002401 -0.055639688 0.211352587 0.115765698 -0.034212194 0.029074330 0.032535158 0.998461664
1341846378.038883 -0.046545871 0.200958684 0.115674056 -0.030810909 0.028745586 0.029437313 0.998678029
1341846378.106524 -0.049965043 0.184616461 0.106599286 -0.033358857 0.028987972 0.026336510 0.998675764
1341846378.138114 -0.048635643 0.174345642 0.104984187 -0.031719979 0.030020941 0.021064188 0.998823762
1341846378.170157 -0.048910107 0.168208674 0.094233692 -0.031121835 0.032000009 0.013001754 0.998918593
1341846378.206045 -0.049621150 0.152952895 0.095395468 -0.034087699 0.032887723 0.008757994 0.998839200
1341846378.238081 -0.046415281 0.127501935 0.104574136 -0.035703532 0.032282799 0.008633669 0.998803556
1341846378.275916 -0.043706596 0.123452283 0.097861938 -0.031767365 0.032252114 0.007034532 0.998950005
1341846378.312389 -0.040841945 0.116776094 0.091911189 -0.030815123 0.034554299 0.003650682 0.998920977
1341846378.344267 -0.039780237 0.094900139 0.090191036 -0.031011881 0.037438158 0.001540656 0.998816431
1341846378.376036 -0.041093182 0.082797579 0.083462223 -0.027112152 0.038740411 0.002053887 0.998879313
1341846378.411936 -0.040355247 0.081032097 0.081592076 -0.024711695 0.040037874 0.000036194 0.998892546
1341846378.444079 -0.039890792 0.068671435 0.081240349 -0.023861274 0.042764653 -0.004347527 0.998790741
1341846378.480041 -0.041080724 0.057352636 0.069954708 -0.023674225 0.042880293 -0.005030222 0.998787045
1341846378.512023 -0.040030885 0.047939472 0.074799687 -0.023728240 0.040822025 -0.006682755 0.998862267
1341846378.543975 -0.035633191 0.039787900 0.077287182 -0.020504871 0.042618956 -0.013207925 0.998793662
1341846378.579973 -0.041718498 0.026123540 0.069145009 -0.019584773 0.045609511 -0.014678936 0.998659492
1341846378.612676 -0.038042732 0.017026633 0.073028535 -0.017314663 0.045113273 -0.015157497 0.998716831
1341846378.643945 -0.029030688 -0.001754825 0.071322061 -0.014860794 0.046437569 -0.016167725 0.998679817
1341846378.679954 -0.035272580 -0.004994861 0.068002887 -0.010912441 0.048242267 -0.016012743 0.998647690
1341846378.742199 -0.020448204 -0.026581710 0.067566060 -0.006647881 0.050574958 -0.019564411 0.998506486
1341846378.774089 -0.028824385 -0.031024329 0.061494462 -0.001543045 0.055842061 -0.021317031 0.998210847
1341846378.805994 -0.035138920 -0.039398905 0.062895045 0.002116946 0.056956816 -0.021413535 0.998144746
1341846378.842121 -0.024743000 -0.042111471 0.055051789 0.004341798 0.056525178 -0.023271635 0.998120487
1341846378.874022 -0.027382057 -0.056304924 0.059217233 0.006358678 0.059524931 -0.027094787 0.997838795
1341846378.911788 -0.024696467 -0.062791094 0.047001548 0.008363966 0.061013196 -0.025015013 0.997788429
1341846378.974034 -0.016108757 -0.081409991 0.039063610 0.011876230 0.061566930 -0.027371513 0.997656882
1341846379.009977 -0.017788321 -0.086689167 0.041012008 0.013849958 0.064230792 -0.025025712 0.997525096
1341846379.041991 -0.014899636 -0.091466144 0.042125117 0.015063732 0.064925678 -0.025587466 0.997448266
1341846379.078155 -0.012977040 -0.105589151 0.041999906 0.015924802 0.066836335 -0.030762916 0.997162461
1341846379.109871 -0.018820239 -0.107741505 0.033923294 0.017444201 0.067817010 -0.030317821 0.997084439
1341846379.142034 -0.016920289 -0.115022644 0.036385130 0.016797498 0.068220638 -0.032743521 0.996991277
1341846379.178080 -0.015087730 -0.136071354 0.023328515 0.018296225 0.069439456 -0.036716629 0.996742368
1341846379.209979 -0.009886082 -0.143224061 0.019511703 0.025473852 0.069394648 -0.036191680 0.996607065
1341846379.242047 -0.017258132 -0.151319072 0.028384274 0.031948619 0.067795917 -0.034920506 0.996575892
1341846379.278304 -0.017930346 -0.175199702 0.018573495 0.035727646 0.066810496 -0.037063073 0.996436775
1341846379.310076 -0.011984309 -0.203578517 0.010341294 0.041016687 0.070171148 -0.041841622 0.995812654
1341846379.346166 -0.018698120 -0.197916567 0.016330604 0.050510556 0.073147289 -0.038512066 0.995296419
1341846379.377944 -0.017803308 -0.212260872 0.018649580 0.056597054 0.073008202 -0.038536385 0.994978130
1341846379.409974 -0.012346763 -0.218707904 0.012567222 0.065183640 0.074543916 -0.038597912 0.994336188
1341846379.446065 -0.009191495 -0.205785230 0.019792881 0.072354794 0.075447336 -0.034735493 0.993914425
1341846379.478631 -0.007828138 -0.204877555 0.014246949 0.072673813 0.074526906 -0.033387169 0.994006813
1341846379.511214 -0.000166461 -0.208758116 0.012688880 0.071045205 0.075699948 -0.037027851 0.993906975
1341846379.546204 -0.012856730 -0.219962046 0.014128310 0.071999803 0.078228913 -0.035981726 0.993680835
1341846379.578217 -0.016772747 -0.205752775 0.027901700 0.074714594 0.074186362 -0.032704495 0.993903697
1341846379.614096 -0.001593318 -0.210366830 0.023931032 0.072074190 0.070420861 -0.031652085 0.994406521
1341846379.646030 -0.001254746 -0.209237427 0.023266783 0.070366479 0.072594710 -0.031841777 0.994366467
1341846379.678830 -0.009747089 -0.206728563 0.023739710 0.068311326 0.072439983 -0.029371189 0.994597077
1341846379.714071 -0.011406626 -0.204244107 0.029390238 0.066601470 0.069287360 -0.026344102 0.995022357
1341846379.746082 0.001529232 -0.204942673 0.023916151 0.064592391 0.068188213 -0.025290662 0.995258033
1341846379.778087 -0.010986185 -0.191894934 0.028059030 0.062997431 0.070802785 -0.022729384 0.995239496
1341846379.813931 -0.013315638 -0.184978098 0.029128373 0.058543548 0.067879744 -0.019089920 0.995791435
1341846379.845927 -0.009134356 -0.183244944 0.031073725 0.054182649 0.066454336 -0.018637136 0.996142924
1341846379.881893 -0.015242389 -0.168883711 0.026584025 0.049892511 0.067373127 -0.016514283 0.996342719
1341846379.913954 -0.022151150 -0.154203013 0.025351297 0.043688767 0.066534154 -0.013309087 0.996738374
1341846379.946050 -0.021914259 -0.156427190 0.029167743 0.035244208 0.064462081 -0.012440748 0.997219980
1341846379.981969 -0.027207075 -0.157609522 0.033153012 0.030004999 0.063375197 -0.009593705 0.997492492
1341846380.013935 -0.031956755 -0.145846829 0.034555834 0.025901623 0.060365599 -0.005288764 0.997826219
1341846380.046124 -0.028778583 -0.132788062 0.040493116 0.020233667 0.057486992 -0.000975565 0.998140693
1341846380.082142 -0.023469957 -0.128760010 0.040160570 0.014418352 0.057187978 -0.001335038 0.998258412
1341846380.114330 -0.027737914 -0.126785964 0.051476769 0.009516937 0.058330540 0.000730327 0.998251677
1341846380.150278 -0.033297233 -0.127688169 0.055807479 0.007302824 0.057086729 0.004237209 0.998333514
1341846380.182030 -0.029277233 -0.119439073 0.059130248 0.008556419 0.055419795 0.005937543 0.998408854
1341846380.213908 -0.029721003 -0.096365832 0.054812662 0.008300103 0.055565357 0.005962168 0.998402715
1341846380.250090 -0.021982227 -0.060026690 0.057631150 0.003049804 0.055718575 0.004383749 0.998432219
1341846380.281996 -0.018240077 -0.065422937 0.062104713 -0.006507101 0.060154945 0.002167578 0.998165488
1341846380.318009 -0.022862893 -0.054775462 0.064833574 -0.011192515 0.064081818 0.002850677 0.997877777
1341846380.350031 -0.022074837 -0.038174812 0.077063620 -0.016090913 0.064979590 0.008575148 0.997720003
1341846380.382297 -0.017051673 -0.033911981 0.079706058 -0.020901995 0.065318696 0.011501125 0.997579217
1341846380.418020 -0.023918170 -0.032840259 0.070755139 -0.025196591 0.067114748 0.011752538 0.997357786
1341846380.450059 -0.028653203 -0.012718959 0.083029658 -0.030930767 0.064309090 0.019092185 0.997267783
1341846380.481987 -0.029014405 0.002033273 0.100761645 -0.038659800 0.057506677 0.024937404 0.997284532
1341846380.518026 -0.014967624 -0.002226388 0.110680841 -0.045915943 0.052564997 0.025567308 0.997233629
1341846380.549973 -0.017110048 0.000365880 0.109543726 -0.048758022 0.051922631 0.025538202 0.997133076
1341846380.585876 -0.015900178 -0.000566157 0.092377171 -0.049395181 0.047785208 0.024536492 0.997333765
1341846380.617833 -0.011675603 0.001578245 0.095332772 -0.048479848 0.044752754 0.024192378 0.997527719
1341846380.650010 -0.005986743 0.006358242 0.094355591 -0.044654518 0.043125357 0.022789080 0.997811019
1341846380.686058 -0.012423120 0.009875134 0.088364854 -0.041705597 0.042541422 0.020914543 0.998004675
1341846380.718154 -0.015816804 0.011429099 0.090937011 -0.039572868 0.041233171 0.020391796 0.998157263
1341846380.750063 -0.007135768 0.004047507 0.080384135 -0.035460562 0.040184662 0.019205870 0.998378098
1341846380.785897 -0.010188997 0.016784523 0.085404217 -0.028800042 0.041178979 0.022416703 0.998485029
1341846380.818263 -0.017158667 0.026132999 0.088993274 -0.026892671 0.038156446 0.023552660 0.998632133
1341846380.854055 -0.018067742 0.021174520 0.081538960 -0.026328458 0.036899723 0.018668601 0.998797655
1341846380.886150 -0.015981231 0.029742857 0.075251959 -0.021538585 0.035532959 0.020091243 0.998934388
1341846380.918124 -0.018540775 0.039651729 0.094340585 -0.020171266 0.031148840 0.023207525 0.999041617
1341846380.954125 -0.012633174 0.025593085 0.102907583 -0.022666525 0.025182042 0.022764577 0.999166548
1341846380.985985 -0.005804339 0.036652911 0.092963658 -0.019959185 0.026215570 0.018334903 0.999288857
1341846381.018098 -0.009331002 0.025488924 0.112841547 -0.020521779 0.027439233 0.019018145 0.999231815
1341846381.054072 -0.001854191 0.018293189 0.120562099 -0.020545805 0.023199325 0.020643434 0.999306500
1341846381.086074 0.008116131 0.016567314 0.125663325 -0.015365986 0.022089986 0.022394169 0.999386966
1341846381.122035 -0.004147762 0.029017236 0.137141973 -0.011488233 0.026155379 0.020814093 0.999375165
1341846381.159808 -0.001762807 0.026646927 0.147857904 -0.012251877 0.025745854 0.019279072 0.999407530
1341846381.222118 0.010591089 0.031634007 0.164675310 -0.011384334 0.028562723 0.021696463 0.999291658
1341846381.254198 0.022025306 0.028701507 0.179437920 -0.013835219 0.030955281 0.021195440 0.999200225
1341846381.289977 0.030637605 0.021906624 0.190713018 -0.013921884 0.037603453 0.020217730 0.998991191
1341846381.322365 0.027484138 0.037475679 0.208533287 -0.011661840 0.041022748 0.026540872 0.998737574
1341846381.353963 0.029581130 0.037818350 0.222388327 -0.014014160 0.042029805 0.031716269 0.998514473
1341846381.389983 0.050407946 0.038596623 0.216350019 -0.015890384 0.043277308 0.033323701 0.998380721
1341846381.421973 0.050458089 0.038537804 0.230129823 -0.020543555 0.049155895 0.037308890 0.997882605
1341846381.454108 0.050860129 0.037865147 0.256241262 -0.023317296 0.050995115 0.038544476 0.997682333
1341846381.489891 0.057749934 0.021358456 0.263032466 -0.022925003 0.054458514 0.038789731 0.997498870
1341846381.521988 0.058886401 0.025967309 0.267997891 -0.017215945 0.058611583 0.045672674 0.997086883
1341846381.558072 0.065073326 0.030163759 0.278308451 -0.013552119 0.060880654 0.048698567 0.996864200
1341846381.589879 0.068952970 0.032862321 0.288853526 -0.011868808 0.064651221 0.047198474 0.996720433
1341846381.622018 0.074096590 0.037279811 0.305010706 -0.012310586 0.068290383 0.045325924 0.996559262
1341846381.657894 0.074228518 0.024568530 0.312667400 -0.014526716 0.072192691 0.042152338 0.996393621
1341846381.689870 0.083253741 0.017596621 0.327751189 -0.010842240 0.074418120 0.041519541 0.996303380
1341846381.722338 0.083125152 0.026999649 0.347661614 -0.006773449 0.077374898 0.041956455 0.996095777
1341846381.758166 0.089478828 0.028223971 0.352902025 -0.006387545 0.078390986 0.040899884 0.996062815
1341846381.790889 0.091627613 0.022657778 0.360194683 -0.005286106 0.080666952 0.038956929 0.995965481
1341846381.826591 0.099226564 0.025586324 0.373132288 -0.002255363 0.082763605 0.038606726 0.995818555
1341846381.859589 0.091709465 0.025303153 0.393228859 -0.000920846 0.083615072 0.039564662 0.995711923
1341846381.890538 0.097722255 0.021821072 0.405989051 0.000047444 0.078556851 0.041023131 0.996065140
1341846381.926191 0.104068957 0.026883779 0.411943287 0.001266210 0.076164626 0.038551964 0.996348858
1341846381.958121 0.103758126 0.037159998 0.418075621 -0.000732316 0.073052034 0.038736019 0.996575296
1341846381.990050 0.091200754 0.028185185 0.427899748 -0.006876125 0.067133181 0.038852993 0.996963501
1341846382.026007 0.104529500 0.028487016 0.435633659 -0.010532165 0.061866086 0.032874059 0.997487307
1341846382.059217 0.106395841 0.039014485 0.441884875 -0.014231675 0.061684262 0.029688045 0.997552574
1341846382.094090 0.101852685 0.024999652 0.466537595 -0.021839373 0.060386840 0.029480087 0.997500539
1341846382.126195 0.117578804 0.023385037 0.483815849 -0.022091497 0.055813488 0.030790936 0.997721732
1341846382.158170 0.121523455 0.022264400 0.488300264 -0.022347011 0.056342777 0.032310374 0.997638285
1341846382.194097 0.122829475 0.020668807 0.499754518 -0.023555797 0.057124224 0.034192644 0.997503281
1341846382.226010 0.126241669 0.017913591 0.514488339 -0.023589386 0.056999374 0.035841491 0.997451723
1341846382.258172 0.134301484 0.020624449 0.525000691 -0.022827530 0.056554284 0.035717793 0.997499228
1341846382.294020 0.131589264 0.019051358 0.534216344 -0.023041436 0.059850950 0.033672962 0.997373044
1341846382.325957 0.117651880 0.019505346 0.552832305 -0.023776753 0.062008146 0.030982269 0.997311234
1341846382.361974 0.131142795 0.013426724 0.567521155 -0.025534058 0.057997290 0.030055495 0.997537434
1341846382.393888 0.128049880 0.012414803 0.577688515 -0.024032431 0.057156634 0.028207744 0.997677207
1341846382.425972 0.127428874 0.016742378 0.586646199 -0.023164289 0.056350179 0.023871066 0.997856796
1341846382.462037 0.123478644 0.011007916 0.598423302 -0.025667926 0.055421088 0.019925179 0.997934163
1341846382.494003 0.123235993 0.013750352 0.613322854 -0.026488530 0.052439101 0.015727360 0.998148799
1341846382.530148 0.124782175 0.010776148 0.624396265 -0.026767457 0.050110847 0.012735286 0.998303652
1341846382.562400 0.121849731 0.009399832 0.634325683 -0.026094077 0.050616518 0.011079523 0.998315692
1341846382.593981 0.126508668 0.006006632 0.643515944 -0.025791526 0.049582496 0.012094873 0.998363674
1341846382.629905 0.127917781 0.006488109 0.652611911 -0.020932920 0.050165839 0.014395191 0.998417675
1341846382.661966 0.119731344 0.010151700 0.661212862 -0.017750327 0.052121695 0.017285455 0.998333275
1341846382.693976 0.124882489 0.009329077 0.671007216 -0.018922560 0.050521720 0.018445173 0.998373270
1341846382.730021 0.120421737 -0.000009980 0.671566665 -0.020388687 0.052693419 0.018036094 0.998239636
1341846382.762004 0.112085447 0.005612964 0.679056406 -0.018793125 0.055059832 0.019486846 0.998115957
1341846382.798112 0.111845769 0.010891556 0.685055614 -0.020430731 0.053112127 0.016919952 0.998236120
1341846382.829949 0.121085756 0.007870842 0.692832828 -0.022793701 0.052295223 0.011293303 0.998307586
1341846382.861875 0.119836517 0.008025750 0.697592258 -0.023330510 0.053993225 0.008353137 0.998233736
1341846382.897967 0.121132091 0.006014413 0.701975286 -0.024154749 0.053884465 0.009904961 0.998205781
1341846382.930017 0.126506418 0.005130173 0.703050852 -0.022460222 0.054203387 0.009902730 0.998228133
1341846382.962121 0.125446454 0.012443727 0.709061682 -0.019544056 0.057648808 0.009025106 0.998104751
1341846382.997950 0.121943943 0.004667969 0.713392138 -0.020738045 0.059418716 0.010452756 0.997962892
1341846383.029927 0.125812516 0.002714137 0.714755237 -0.020604176 0.058499400 0.012107768 0.998001277
1341846383.104184 0.131003737 0.010288212 0.716038823 -0.022258129 0.062604479 0.004129096 0.997781634
1341846383.172122 0.128922909 0.008925795 0.721633554 -0.025242295 0.061770100 0.003193569 0.997766018
1341846383.236935 0.133041158 0.006029698 0.727494359 -0.026701450 0.069213413 0.002987225 0.997239947
1341846383.272112 0.132422149 0.004227614 0.729396999 -0.025609728 0.068002664 0.007299582 0.997329652
1341846383.303955 0.140851095 0.006702874 0.723492324 -0.024700772 0.067515470 0.009819285 0.997364044
1341846383.336133 0.135183066 0.015688779 0.721569777 -0.025833014 0.070267759 0.008380916 0.997158349
1341846383.398119 0.141204461 0.005868799 0.719564080 -0.029042181 0.068023533 0.011856087 0.997190416
1341846383.433991 0.132028520 0.014064678 0.716061890 -0.027483860 0.072100863 0.011510995 0.996952116
1341846383.466087 0.135472506 0.006941593 0.710962296 -0.029026985 0.071162246 0.012962183 0.996957958
1341846383.501974 0.137138307 0.001008301 0.703416526 -0.029764995 0.068733461 0.015954139 0.997063279
1341846383.533975 0.138589770 0.003193361 0.702332199 -0.028499382 0.066016771 0.015203648 0.997295499
1341846383.565981 0.128771693 0.009999299 0.695259571 -0.027696515 0.067070797 0.013019733 0.997278690
1341846383.602253 0.126899704 0.000953160 0.693838954 -0.029723350 0.063938476 0.013235727 0.997423232
1341846383.634175 0.110497847 0.004121840 0.682097018 -0.028659528 0.060981724 0.013043410 0.997642040
1341846383.665988 0.106192499 0.013237325 0.672584951 -0.027356943 0.057295918 0.011471977 0.997916400
1341846383.702104 0.102564164 0.008073874 0.666385710 -0.028901430 0.054686196 0.008392404 0.998049915
1341846383.734131 0.101777278 0.008677903 0.660917699 -0.028941754 0.049309388 0.008468280 0.998328149
1341846383.770067 0.092292048 0.002809016 0.649611235 -0.029837139 0.045515440 0.011850185 0.998447597
1341846383.802027 0.099164709 0.015362514 0.644815266 -0.026471781 0.039673403 0.011029355 0.998801053
1341846383.870067 0.083031751 0.011804780 0.625098050 -0.028198643 0.035401832 0.012731927 0.998894036
1341846383.901854 0.085985862 0.014284572 0.614273667 -0.027690616 0.030876486 0.014104150 0.999039948
1341846383.934301 0.080085970 0.017520387 0.598109961 -0.030176582 0.030243155 0.013166082 0.999000132
1341846383.969997 0.075463660 0.012409534 0.594907939 -0.031939734 0.028421611 0.012562033 0.999006569
1341846384.001936 0.071088269 0.010146633 0.583741307 -0.030176295 0.025450181 0.016687876 0.999081135
1341846384.038092 0.065953806 0.016846672 0.569572568 -0.027896900 0.020702565 0.017616242 0.999241114
1341846384.070104 0.068691693 0.020178253 0.561322331 -0.028442904 0.018828951 0.014272743 0.999316096
1341846384.102008 0.061743185 0.009697992 0.550312102 -0.028725712 0.019231835 0.012990084 0.999317825
1341846384.138265 0.058132231 0.012805106 0.540347755 -0.027142964 0.015354284 0.015763858 0.999389291
1341846384.170093 0.059138291 0.020225380 0.527690709 -0.026404122 0.013087490 0.014903306 0.999454498
1341846384.202188 0.056275062 0.018436402 0.514993846 -0.026271595 0.014459426 0.012531433 0.999471664
1341846384.237844 0.050500590 0.016609218 0.504516900 -0.027228821 0.015193351 0.012510207 0.999435425
1341846384.269968 0.047115386 0.016511768 0.497848511 -0.026601110 0.013877808 0.014038270 0.999451160
1341846384.306015 0.048954893 0.020513231 0.486608118 -0.024663899 0.013363461 0.013612355 0.999513745
1341846384.337907 0.041169245 0.022255786 0.473253936 -0.024876699 0.014661220 0.013279676 0.999494731
1341846384.369865 0.040601559 0.023764608 0.465492487 -0.025975058 0.013524653 0.012176319 0.999496877
1341846384.406199 0.042675633 0.022908324 0.455696642 -0.025306700 0.013831249 0.009971540 0.999534249
1341846384.437788 0.035148129 0.028132657 0.441301972 -0.025127271 0.014443046 0.009462076 0.999535084
1341846384.469882 0.035876404 0.030496154 0.430538863 -0.027633501 0.013120780 0.007969847 0.999500215
1341846384.506115 0.028035808 0.024642581 0.422386825 -0.029962253 0.015662689 0.004000831 0.999420285
1341846384.537970 0.033371314 0.031447627 0.414092720 -0.030306350 0.017018279 0.003925897 0.999388039
1341846384.573994 0.029081460 0.025515633 0.407848746 -0.032463148 0.017111862 0.006217394 0.999307036
1341846384.606493 0.024861606 0.025435364 0.401979595 -0.030215863 0.015872587 0.010805225 0.999358892
1341846384.637999 0.023625340 0.030158395 0.392849505 -0.027894048 0.014797231 0.013059785 0.999415994
1341846384.674068 0.019380512 0.032334790 0.385390639 -0.028271167 0.013988080 0.011915087 0.999431312
1341846384.705921 0.014944463 0.029225664 0.374707907 -0.028075512 0.013560717 0.010077182 0.999462962
1341846384.742045 0.003070698 0.038002152 0.365081549 -0.027578609 0.012287628 0.008636535 0.999506772
1341846384.774082 0.003064317 0.042817634 0.360822737 -0.029644078 0.009925393 0.005484922 0.999496162
1341846384.805987 0.005399312 0.042978242 0.352462828 -0.030851481 0.008754690 0.000211115 0.999485612
1341846384.842025 -0.001690981 0.048564468 0.344462991 -0.030794196 0.008004346 -0.001347082 0.999492764
1341846384.874081 -0.002734263 0.044905413 0.334168911 -0.032614838 0.005883003 0.001538414 0.999449432
1341846384.905998 -0.003804001 0.044113006 0.320755988 -0.030661218 0.005822424 0.003432081 0.999506950
1341846384.942014 -0.006802733 0.050390847 0.308067262 -0.029953791 0.006012639 0.006719577 0.999510586
1341846384.974049 -0.008999669 0.045062359 0.302341878 -0.031931154 0.005504075 0.009851801 0.999426305
1341846385.009917 -0.010226820 0.044889703 0.297633529 -0.029435750 0.006183396 0.013637302 0.999454498
1341846385.042211 -0.016518340 0.051479932 0.288321108 -0.027843690 0.007385797 0.015869236 0.999458969
1341846385.073967 -0.016349357 0.051838186 0.280425340 -0.029351795 0.008030107 0.015676443 0.999413908
1341846385.110157 -0.017942863 0.044360518 0.277637422 -0.029380782 0.009208445 0.015950611 0.999398530
1341846385.141931 -0.028286817 0.039283615 0.271759152 -0.028558578 0.010867634 0.017835792 0.999373913
1341846385.173929 -0.037860520 0.038734265 0.263543457 -0.027355742 0.010486938 0.017014453 0.999425948
1341846385.210052 -0.029241366 0.039822936 0.251435190 -0.025878195 0.008312575 0.012152869 0.999556601
1341846385.242941 -0.038649686 0.040568400 0.246775463 -0.024623824 0.010099998 0.005161998 0.999632418
1341846385.278001 -0.041039258 0.041603059 0.246893153 -0.024057604 0.008728341 0.001758588 0.999670863
1341846385.311234 -0.049968295 0.031847537 0.234453991 -0.023042444 0.009079668 0.001181904 0.999692500
1341846385.342936 -0.052243829 0.036378615 0.223281488 -0.019204486 0.007294943 0.000976757 0.999788463
1341846385.378101 -0.060095552 0.043561507 0.215185463 -0.018014830 0.008066945 -0.001214376 0.999804378
1341846385.410048 -0.068170413 0.039383821 0.211025730 -0.018890146 0.007425854 -0.001427909 0.999792933
1341846385.442088 -0.076402865 0.039745152 0.206757337 -0.018059928 0.005392339 -0.001669315 0.999820948
1341846385.477970 -0.081609592 0.041122478 0.195221484 -0.018781768 0.002069788 -0.001891825 0.999819636
1341846385.510109 -0.086361557 0.041896980 0.191328168 -0.019266786 0.000203670 -0.001972067 0.999812365
1341846385.545989 -0.097745262 0.043943591 0.184103474 -0.019421039 -0.002025308 -0.002563904 0.999805987
1341846385.577939 -0.109318994 0.044653550 0.174645782 -0.020912649 -0.005970869 -0.002574149 0.999760151
1341846385.609948 -0.117623672 0.039508071 0.170315310 -0.022604294 -0.007887700 -0.001250709 0.999712586
1341846385.646024 -0.125886321 0.047606014 0.153645739 -0.021607406 -0.011581209 -0.001287958 0.999698579
1341846385.678122 -0.137122422 0.049596060 0.150629550 -0.023267632 -0.016741131 -0.000688209 0.999588847
1341846385.713966 -0.130312160 0.046084590 0.148001060 -0.024067556 -0.020855146 0.000759044 0.999492466
1341846385.745986 -0.135658786 0.048008546 0.140002102 -0.022871520 -0.020496966 0.001671243 0.999526799
1341846385.778024 -0.153114676 0.051441025 0.135737628 -0.022682505 -0.021339528 0.004793478 0.999503434
1341846385.814480 -0.147526562 0.049635705 0.121347085 -0.023816517 -0.023983626 0.004905547 0.999416590
1341846385.846594 -0.151695266 0.053247772 0.112745784 -0.023745116 -0.020851975 0.001567036 0.999499321
1341846385.884072 -0.156627715 0.061876442 0.109595947 -0.023387540 -0.018906273 0.002814817 0.999543667
1341846385.920282 -0.161676452 0.062489662 0.106611647 -0.023968151 -0.020903742 0.004656170 0.999483287
1341846385.951967 -0.152807310 0.067881785 0.097576015 -0.023129409 -0.020045122 0.003182774 0.999526381
1341846385.983828 -0.166246414 0.065260567 0.087030046 -0.023298364 -0.015160530 0.003906225 0.999605954
1341846386.019954 -0.173048139 0.059071999 0.073136568 -0.024124129 -0.014857907 0.006135258 0.999579668
1341846386.053153 -0.170188695 0.063517265 0.074867010 -0.021598840 -0.017195722 0.005323580 0.999604583
1341846386.087964 -0.166544348 0.066872746 0.064300299 -0.018183658 -0.015563324 0.000689716 0.999713242
1341846386.120298 -0.176941872 0.063066147 0.057369795 -0.017729040 -0.011880837 -0.001645109 0.999770820
1341846386.152323 -0.180199847 0.054642171 0.044132225 -0.016578078 -0.012534549 -0.001298925 0.999783099
1341846386.187922 -0.182361946 0.057544548 0.038333204 -0.013267878 -0.013817235 -0.005238775 0.999802709
1341846386.220214 -0.178901002 0.054959547 0.028451027 -0.011554082 -0.013645296 -0.010273642 0.999787331
1341846386.251878 -0.179941431 0.049618211 0.016835567 -0.009107512 -0.012219880 -0.012883341 0.999800801
1341846386.287926 -0.191296563 0.048035461 0.001817012 -0.006474439 -0.012683410 -0.013130450 0.999812365
1341846386.320048 -0.185998946 0.054620486 -0.005759475 -0.003143950 -0.015126009 -0.017058836 0.999735057
1341846386.351806 -0.183459058 0.053881191 -0.020090668 -0.001546924 -0.013066590 -0.021039873 0.999692023
1341846386.387904 -0.189881533 0.050887130 -0.036055516 -0.000107519 -0.011828708 -0.020821236 0.999713182
1341846386.420158 -0.193527028 0.053753946 -0.050955597 0.002258138 -0.013782352 -0.019961558 0.999703169
1341846386.488011 -0.184697643 0.064875431 -0.084577374 0.004025579 -0.018286187 -0.023153724 0.999556482
1341846386.550203 -0.196542278 0.058905751 -0.113973603 0.005501990 -0.017436754 -0.023468519 0.999557316
1341846386.582265 -0.194170564 0.065650538 -0.137457505 0.006183598 -0.020733383 -0.021285050 0.999539256
1341846386.618055 -0.187461093 0.072568230 -0.153731227 0.006362146 -0.021031080 -0.024046673 0.999469340
1341846386.651032 -0.191878945 0.076942243 -0.174530461 0.005154748 -0.019307904 -0.025145862 0.999484003
1341846386.682220 -0.194246143 0.076706104 -0.191173539 0.002417892 -0.020681622 -0.023294074 0.999511778
1341846386.718071 -0.184374124 0.071774259 -0.199230701 0.001264839 -0.022524586 -0.020537389 0.999534488
1341846386.750071 -0.177930221 0.079511277 -0.218496293 0.004140228 -0.020186262 -0.019905206 0.999589503
1341846386.786100 -0.184985921 0.085431777 -0.237345576 0.004877813 -0.017048854 -0.016127232 0.999712706
1341846386.817967 -0.185320020 0.084101185 -0.247800484 0.005780795 -0.017593957 -0.014293665 0.999726295
1341846386.850155 -0.176370457 0.090647817 -0.267595977 0.007027426 -0.016839851 -0.014123091 0.999733746
1341846386.886034 -0.177217215 0.090404689 -0.281381011 0.006563761 -0.013697729 -0.012507129 0.999806404
1341846386.918050 -0.180052057 0.091882706 -0.295421243 0.007004909 -0.011707139 -0.009400927 0.999862731
1341846386.954005 -0.181617990 0.094856896 -0.307736844 0.007775071 -0.010613165 -0.007310307 0.999886751
1341846386.986155 -0.173038289 0.096058741 -0.324250311 0.007336523 -0.009610439 -0.007162832 0.999901175
1341846387.018027 -0.172202408 0.092096686 -0.331219077 0.006728216 -0.005065762 -0.005242112 0.999950767
1341846387.054058 -0.180601582 0.095726714 -0.342559993 0.008580505 -0.002677148 -0.003366523 0.999953926
1341846387.086157 -0.177049786 0.099004291 -0.354281664 0.009348839 -0.002924365 -0.003191100 0.999946892
1341846387.118350 -0.169271216 0.094654076 -0.365527064 0.009418743 -0.000535645 -0.004400562 0.999945760
1341846387.153927 -0.189691633 0.098581962 -0.380277097 0.011264466 0.003354876 -0.004590201 0.999920368
1341846387.185953 -0.193872258 0.108036079 -0.395076364 0.011588141 0.002628424 -0.004237933 0.999920428
1341846387.222042 -0.186959147 0.107747376 -0.403370500 0.009186825 0.001222119 -0.005850098 0.999939919
1341846387.253968 -0.186088771 0.104492068 -0.413045913 0.007960478 0.003119443 -0.007568329 0.999934793
1341846387.286046 -0.194527909 0.109901756 -0.425882816 0.007218603 0.003850912 -0.006110142 0.999947846
1341846387.322002 -0.185695469 0.109708928 -0.438080549 0.005143492 0.002022798 -0.005046047 0.999971926
1341846387.353879 -0.179366291 0.107160978 -0.446885467 0.003831776 0.003253443 -0.005383363 0.999972820
1341846387.386177 -0.190288290 0.106261306 -0.457099348 0.003438262 0.004529485 -0.002820279 0.999979794
1341846387.422132 -0.184749946 0.107889153 -0.465854883 0.003808997 0.002677286 -0.000267352 0.999989092
1341846387.454043 -0.177014247 0.113651618 -0.479014993 0.004538570 0.003656666 -0.002406237 0.999980092
1341846387.490166 -0.180001825 0.116671570 -0.493374616 0.004183771 0.004494432 -0.002484015 0.999978065
1341846387.522009 -0.184132174 0.110577129 -0.495714307 0.003691190 0.002776586 0.003205859 0.999984205
1341846387.554619 -0.178665847 0.118570939 -0.508713901 0.004777662 0.001660557 0.004761780 0.999975801
1341846387.590257 -0.177907035 0.129691243 -0.517846823 0.003745902 0.002730357 0.004001227 0.999981225
1341846387.622301 -0.168418542 0.130659878 -0.528670371 0.000657950 0.003048174 0.004078112 0.999986827
1341846387.654151 -0.176981807 0.130347371 -0.533407152 -0.001006738 0.003434348 0.004052943 0.999985397
1341846387.690110 -0.174193144 0.135645479 -0.544772446 -0.001789044 0.000953152 0.002941160 0.999993622
1341846387.722109 -0.173421219 0.135918930 -0.553043246 -0.004216806 -0.000034035 0.002826747 0.999987125
1341846387.758177 -0.176159948 0.131127596 -0.560860634 -0.005951114 -0.000438739 0.003437925 0.999976277
1341846387.790191 -0.182728797 0.129224226 -0.563922882 -0.005661820 -0.001672930 0.006698479 0.999960124
1341846387.822157 -0.177353621 0.137409538 -0.573402941 -0.004151206 -0.004424295 0.007180737 0.999955833
1341846387.858179 -0.181026593 0.139520451 -0.579104006 -0.004743217 -0.005132247 0.010404360 0.999921441
1341846387.890013 -0.180560306 0.137913182 -0.583467603 -0.005240851 -0.007850919 0.012211502 0.999880910
1341846387.926103 -0.177194148 0.141965538 -0.595007062 -0.004910769 -0.008990432 0.011327794 0.999883354
1341846387.958426 -0.180408075 0.144057095 -0.600286901 -0.005629366 -0.009310882 0.013754406 0.999846220
1341846387.990086 -0.184526458 0.143430546 -0.596773207 -0.006252003 -0.011633223 0.015709590 0.999789357
1341846388.026158 -0.180469677 0.134063214 -0.586885095 -0.005768766 -0.015699655 0.014629374 0.999753058
1341846388.058060 -0.175448820 0.133527592 -0.587222874 -0.000639165 -0.017684951 0.020000378 0.999643326
1341846388.089974 -0.180184141 0.137404755 -0.587393761 0.004871084 -0.020063672 0.025018223 0.999473751
1341846388.126088 -0.172849834 0.150948390 -0.594539225 0.007779828 -0.022379480 0.023509935 0.999442816
1341846388.158090 -0.168006524 0.167692855 -0.601596832 0.005774227 -0.020816142 0.019824307 0.999570072
1341846388.194068 -0.170235977 0.151304886 -0.581623256 -0.000075389 -0.018419353 0.017458431 0.999677896
1341846388.225961 -0.170481667 0.146539658 -0.576890588 -0.000965988 -0.019199524 0.016106885 0.999685466
1341846388.257928 -0.164032876 0.155037850 -0.572381198 -0.001530691 -0.019715138 0.016811859 0.999663115
1341846388.294066 -0.167814925 0.141943246 -0.559694231 -0.003401620 -0.019535292 0.017115222 0.999656856
1341846388.325954 -0.164865628 0.147598147 -0.558263898 -0.001797833 -0.020007616 0.015425033 0.999679208
1341846388.357936 -0.166202635 0.151067838 -0.550723135 -0.003127524 -0.018520540 0.014408587 0.999719739
1341846388.394202 -0.171618968 0.147548199 -0.533214867 -0.004155758 -0.018521363 0.012419154 0.999742687
1341846388.425957 -0.162717804 0.148229167 -0.532500029 -0.004483095 -0.020007323 0.009533943 0.999744296
1341846388.462012 -0.163689613 0.141033396 -0.517634094 -0.006257317 -0.017746845 0.006642489 0.999800861
1341846388.493961 -0.170292541 0.132319257 -0.502174556 -0.005841497 -0.018107159 0.006062492 0.999800622
1341846388.526293 -0.165454552 0.132780030 -0.497343689 -0.004021872 -0.020106615 0.005700316 0.999773502
1341846388.562293 -0.157857627 0.130528957 -0.488613009 -0.002557632 -0.018848654 0.004038206 0.999810874
1341846388.594090 -0.162125453 0.131926045 -0.474285722 -0.001656227 -0.016827784 0.003253066 0.999851704
1341846388.626030 -0.162472516 0.129583001 -0.458444625 -0.001867288 -0.017625324 0.002843864 0.999838889
1341846388.662009 -0.155564651 0.118196711 -0.450039089 -0.001372857 -0.017231353 0.001221961 0.999849856
1341846388.694110 -0.157870486 0.127742112 -0.435372591 0.001121901 -0.015872223 0.000776053 0.999873102
1341846388.730239 -0.157324240 0.121136509 -0.426210731 -0.001210606 -0.017012976 0.000839789 0.999854207
1341846388.762131 -0.149233326 0.114962518 -0.411340982 -0.001222255 -0.016148699 -0.002706053 0.999865174
1341846388.794087 -0.154383093 0.122458480 -0.398308933 0.000533898 -0.013567967 -0.002344980 0.999905050
1341846388.830117 -0.155777022 0.124052279 -0.373913527 -0.001675585 -0.014917281 -0.000377684 0.999887288
1341846388.868548 -0.150433183 0.109618172 -0.370584100 -0.002873378 -0.015470196 -0.000659322 0.999875963
1341846388.900942 -0.154287428 0.120502688 -0.355936438 -0.001517262 -0.013573003 -0.000823383 0.999906421
1341846388.937157 -0.152104124 0.122669928 -0.331050307 -0.004517057 -0.015538280 0.000175655 0.999869049
1341846388.970712 -0.151982903 0.116156630 -0.310547411 -0.006378880 -0.015547939 -0.000825455 0.999858439
1341846389.001153 -0.153457090 0.108620495 -0.306092083 -0.007137737 -0.015407451 -0.000884125 0.999855399
1341846389.036956 -0.155914053 0.119072296 -0.284248829 -0.008602341 -0.015412238 -0.002967650 0.999839783
1341846389.069208 -0.152007386 0.102252997 -0.266468823 -0.012407119 -0.016375853 -0.002694480 0.999785304
1341846389.168276 -0.151317537 0.087829679 -0.228290841 -0.013335409 -0.015782174 -0.001588225 0.999785244
1341846389.230639 -0.160589173 0.086279705 -0.194511771 -0.009969304 -0.014474591 -0.000222307 0.999845505
1341846389.266034 -0.156536564 0.085692018 -0.178481042 -0.008798104 -0.016385557 -0.001789842 0.999825418
1341846389.298760 -0.148865208 0.085047744 -0.165265203 -0.007208865 -0.014328924 -0.003887274 0.999863803
1341846389.329980 -0.154339567 0.083821386 -0.147336632 -0.005626514 -0.012354073 -0.002489530 0.999904752
1341846389.366022 -0.151977450 0.083286248 -0.139968306 -0.005472542 -0.012731170 -0.001830323 0.999902308
1341846389.397969 -0.146259889 0.076910734 -0.125483260 -0.005330171 -0.010170260 -0.002652499 0.999930561
1341846389.433982 -0.145514682 0.077051967 -0.113508835 -0.002108384 -0.006408256 -0.001903635 0.999975443
1341846389.466033 -0.145909533 0.082880408 -0.097641192 -0.001895338 -0.005715608 0.000425325 0.999981761
1341846389.498030 -0.142869681 0.077382229 -0.081905015 -0.002983253 -0.005958854 -0.000191618 0.999977767
1341846389.534085 -0.136796623 0.080710419 -0.083565868 -0.002164175 -0.003524765 -0.001373273 0.999990523
1341846389.565875 -0.140159547 0.087051474 -0.070908614 -0.003843273 -0.001564136 -0.000894507 0.999991000
1341846389.597960 -0.141163841 0.085069336 -0.054773416 -0.008051540 -0.002381020 -0.001236894 0.999963999
1341846389.634116 -0.134560093 0.083543420 -0.038402684 -0.009201384 -0.003583684 -0.001929179 0.999949396
1341846389.665950 -0.136025846 0.094879583 -0.032859795 -0.010741513 -0.001971605 -0.003477350 0.999934316
1341846389.702127 -0.135356054 0.085902944 -0.004257992 -0.015959362 -0.000947253 -0.006746173 0.999849439
1341846389.734086 -0.132147461 0.080464751 -0.003211611 -0.016078908 -0.003007529 -0.004245699 0.999857187
1341846389.765898 -0.129279688 0.087300368 0.007843899 -0.015393552 -0.003857667 -0.004306382 0.999864817
1341846389.802126 -0.124074169 0.083275720 0.018219488 -0.017105667 -0.004299549 -0.005609993 0.999828696
1341846389.834063 -0.121152684 0.079039976 0.035139110 -0.015713081 -0.003972594 -0.005280953 0.999854684
1341846389.866260 -0.122691005 0.080707923 0.042865586 -0.012910285 -0.003868217 -0.001225182 0.999908447
1341846389.902002 -0.117799774 0.084270045 0.054686856 -0.011070981 -0.005231696 -0.001718716 0.999923587
1341846389.934117 -0.109853685 0.080615327 0.060369093 -0.010655692 -0.003994195 -0.003422851 0.999929428
1341846389.970116 -0.110052921 0.079378419 0.071795478 -0.010711806 -0.001535517 -0.003443139 0.999935508
1341846390.002129 -0.111158624 0.078061499 0.079263754 -0.011057083 -0.003295930 -0.001080559 0.999932885
1341846390.034099 -0.103303246 0.076963991 0.092552774 -0.009993211 -0.006792900 -0.001770029 0.999925435
1341846390.070024 -0.098771945 0.082421891 0.099544652 -0.009004328 -0.005829434 -0.005362156 0.999928057
1341846390.101910 -0.096451841 0.079080634 0.108499199 -0.010570553 -0.006233003 -0.006056088 0.999906361
1341846390.137924 -0.091183841 0.073435590 0.119379431 -0.010017286 -0.008903459 -0.005300719 0.999896109
1341846390.170038 -0.085417546 0.080853418 0.118680306 -0.007775265 -0.008749859 -0.006479263 0.999910474
1341846390.202115 -0.084273271 0.081679352 0.127532735 -0.010651588 -0.007416506 -0.008098498 0.999882936
1341846390.238117 -0.082205556 0.075117230 0.138481051 -0.011872686 -0.008499426 -0.006390848 0.999872983
1341846390.270052 -0.077967748 0.077670440 0.140837312 -0.011075115 -0.011726818 0.000222844 0.999869883
1341846390.302085 -0.066806473 0.080654755 0.148696646 -0.012167500 -0.012933669 0.001569796 0.999841094
1341846390.338496 -0.058877602 0.075499520 0.160798147 -0.012738136 -0.012151769 0.004215452 0.999836147
1341846390.370105 -0.065210819 0.078492373 0.170115039 -0.012266809 -0.012907634 0.008858919 0.999802232
1341846390.438106 -0.053142536 0.079973377 0.185977548 -0.017110273 -0.019292254 0.005328016 0.999653280
1341846390.505984 -0.044633560 0.090074770 0.204335719 -0.020480027 -0.028313274 0.008799681 0.999350548
1341846390.538495 -0.035096321 0.083337918 0.205117777 -0.022660950 -0.030389063 0.004922220 0.999269128
1341846390.606055 -0.031789955 0.087237343 0.228960454 -0.025138823 -0.032891721 0.012353357 0.999066353
1341846390.638031 -0.019780261 0.088465221 0.225046232 -0.024780137 -0.036077961 0.014230158 0.998940349
1341846390.673954 -0.011124669 0.092111737 0.229644313 -0.024505284 -0.033492573 0.012070389 0.999065578
1341846390.705937 -0.011584185 0.096871868 0.234782666 -0.027423205 -0.032098848 0.011541797 0.999041736
1341846390.737965 -0.007536773 0.092076488 0.250381708 -0.030146936 -0.033400171 0.010558541 0.998931468
1341846390.774135 0.006549503 0.093606427 0.248083115 -0.028049586 -0.032488625 0.009992468 0.999028444
1341846390.806067 0.004928746 0.100610003 0.259085834 -0.027641153 -0.027348859 0.010915143 0.999184132
1341846390.838026 0.005058480 0.099084578 0.267922282 -0.029902469 -0.026549885 0.012974312 0.999115944
1341846390.874116 0.015104310 0.104974382 0.270058483 -0.030339394 -0.027386812 0.014474203 0.999059558
1341846390.906067 0.014777602 0.108007081 0.272917271 -0.031774800 -0.025297152 0.017558744 0.999020576
1341846390.942137 0.017144635 0.107706264 0.280505687 -0.034191631 -0.025214581 0.021324709 0.998869598
1341846390.974052 0.027233342 0.097296335 0.283609331 -0.034684625 -0.028265389 0.026158756 0.998655975
1341846391.006164 0.022833150 0.110612959 0.281688601 -0.031433474 -0.028754164 0.028112596 0.998696566
1341846391.042303 0.027211282 0.108597338 0.284821123 -0.034242377 -0.029944256 0.026018523 0.998625994
1341846391.074134 0.026173934 0.104979299 0.284591734 -0.034492727 -0.030627066 0.023065858 0.998669207
1341846391.106097 0.028486984 0.106269777 0.284143329 -0.033897806 -0.033162586 0.022359204 0.998624682
1341846391.142154 0.030238699 0.102875374 0.283644140 -0.034993146 -0.035465084 0.024848538 0.998448968
1341846391.174124 0.032016095 0.105330124 0.281126887 -0.034185551 -0.035924707 0.025337193 0.998448193
1341846391.209961 0.027859136 0.105767593 0.280593455 -0.033985540 -0.034395467 0.025612347 0.998501837
1341846391.241977 0.032625724 0.098249562 0.283820003 -0.034352642 -0.037258822 0.029077733 0.998291612
1341846391.273984 0.033059802 0.099121690 0.277444869 -0.032432217 -0.038824666 0.028054895 0.998325467
1341846391.309946 0.034859911 0.099537037 0.268484980 -0.031572293 -0.038184959 0.026314786 0.998425066
1341846391.342018 0.025970757 0.097051114 0.275860995 -0.031659983 -0.038327254 0.025841681 0.998429179
1341846391.378060 0.028381215 0.094580367 0.272597849 -0.031723019 -0.042038858 0.023593668 0.998333454
1341846391.410037 0.032668561 0.096624024 0.267656356 -0.031471655 -0.043159593 0.020815114 0.998355389
1341846391.442052 0.029687725 0.094044037 0.274069667 -0.030664124 -0.041477982 0.022064500 0.998425007
1341846391.478040 0.030363871 0.093797728 0.271318227 -0.029096907 -0.043519050 0.027828399 0.998241007
1341846391.510072 0.031984217 0.101648569 0.267898053 -0.028171036 -0.045604393 0.028948950 0.998142600
1341846391.542159 0.030070975 0.097178884 0.265781611 -0.029570404 -0.044421379 0.029100852 0.998151004
1341846391.578010 0.029009743 0.095422290 0.265795618 -0.029672248 -0.043612048 0.028950416 0.998188078
1341846391.610169 0.027808065 0.090760879 0.265297681 -0.029409483 -0.045019720 0.031990301 0.998040557
1341846391.645942 0.028198320 0.090392679 0.265720844 -0.028087603 -0.047184672 0.032655176 0.997957051
1341846391.677959 0.029518362 0.090388328 0.266869962 -0.026737494 -0.047246326 0.030998142 0.998044074
1341846391.710022 0.025366709 0.084419951 0.263406605 -0.025988720 -0.047315642 0.032864723 0.998000860
1341846391.745846 0.023575129 0.083284557 0.259331763 -0.023707271 -0.049590837 0.032293051 0.997965872
1341846391.778020 0.025899155 0.083024226 0.259410620 -0.021700922 -0.050132778 0.030752603 0.998033106
1341846391.810026 0.023073139 0.077042930 0.261382252 -0.020554794 -0.049432211 0.031033421 0.998083591
1341846391.846013 0.024207219 0.073828936 0.263588101 -0.018631971 -0.050249912 0.033123147 0.998013377
1341846391.877984 0.024175605 0.075815402 0.260712832 -0.015301136 -0.050082538 0.034354456 0.998036742
1341846391.914033 0.023772264 0.075168826 0.262658477 -0.013699067 -0.049461592 0.035594847 0.998047531
1341846391.945996 0.019535657 0.074295022 0.250056952 -0.012580565 -0.049494058 0.034668002 0.998093307
1341846391.978037 0.021741774 0.074562103 0.247170568 -0.012273337 -0.049833201 0.032371797 0.998157322
1341846392.014187 0.020965725 0.071475923 0.247450143 -0.012153004 -0.049146678 0.031102948 0.998233199
1341846392.046054 0.020589873 0.070668705 0.248646632 -0.010836129 -0.049382165 0.032315671 0.998198211
1341846392.078061 0.021128077 0.076215506 0.248112619 -0.009734469 -0.050140511 0.032892123 0.998152912
1341846392.114010 0.023044117 0.074834019 0.249109581 -0.010359786 -0.050532807 0.031952187 0.998157382
1341846392.145989 0.022623034 0.076212712 0.250039190 -0.009674033 -0.050149489 0.030150250 0.998239636
1341846392.181959 0.015909955 0.080977283 0.244148970 -0.010536036 -0.051407576 0.030610932 0.998152912
1341846392.213917 0.024709860 0.075380720 0.251055390 -0.012412914 -0.054767422 0.028848739 0.998005092
1341846392.246105 0.025236795 0.078161627 0.251414508 -0.010560637 -0.052313704 0.022878837 0.998312712
1341846392.282032 0.025202293 0.078704372 0.250515848 -0.010718701 -0.051793665 0.023233829 0.998329937
1341846392.314025 0.026670514 0.073685937 0.254475802 -0.010175858 -0.054379381 0.026060343 0.998128355
1341846392.349981 0.032550059 0.079940513 0.250277311 -0.007173312 -0.054527406 0.025453715 0.998162031
1341846392.382103 0.031411011 0.079831816 0.250177890 -0.006492144 -0.052620776 0.026804125 0.998233676
1341846392.414056 0.033119883 0.076574981 0.248923808 -0.006660935 -0.053621165 0.028978482 0.998118520
1341846392.450136 0.035913736 0.073233791 0.245403752 -0.005701755 -0.054239213 0.033121608 0.997962177
1341846392.482091 0.037332818 0.071626566 0.247121990 -0.003305827 -0.054786228 0.035565168 0.997859001
1341846392.514096 0.039715093 0.072000153 0.241313919 -0.002187794 -0.054697312 0.034035973 0.997920275
1341846392.550030 0.038002003 0.069020778 0.245218784 -0.002837164 -0.055082992 0.034962937 0.997865438
1341846392.582053 0.042292770 0.064564697 0.241905332 -0.001613931 -0.056986228 0.038472593 0.997632086
1341846392.617983 0.040778257 0.063126810 0.239734709 0.000015456 -0.056989696 0.039737135 0.997583628
1341846392.649909 0.042575356 0.063381359 0.237902716 0.001261372 -0.056628540 0.036738515 0.997718334
1341846392.682128 0.041971210 0.061182454 0.240016922 0.001803277 -0.056998398 0.035949808 0.997725189
1341846392.718019 0.041540898 0.056647044 0.237500384 0.003002018 -0.059126861 0.037809692 0.997529685
1341846392.749829 0.042995755 0.057163924 0.238886967 0.005102191 -0.060789473 0.038024843 0.997412980
1341846392.782107 0.043207619 0.056798667 0.231338456 0.005534256 -0.060547646 0.037550006 0.997443378
1341846392.818251 0.041738365 0.053512506 0.233655900 0.005436224 -0.059900098 0.038122091 0.997461319
1341846392.852165 0.043029372 0.053682912 0.235698596 0.007615102 -0.060581353 0.038498230 0.997391462
1341846392.885913 0.045430489 0.052418873 0.227482334 0.008520823 -0.060145378 0.036791660 0.997474968
1341846392.917882 0.046956580 0.050325364 0.231185406 0.009845105 -0.059010856 0.037234388 0.997514129
1341846392.950023 0.047902964 0.050218441 0.234702602 0.011838592 -0.058719471 0.037595846 0.997496068
