1341846361.788774 0.000000000 0.000000000 0.000000000 0.000000000 0.000000000 0.000000000 1.000000000
1341846361.824112 -0.012857337 0.000746812 0.009177830 -0.002291409 0.003694986 -0.004852310 0.999978781
1341846361.856016 -0.026851587 0.017758179 0.007404886 -0.006560199 0.005175368 -0.007852092 0.999934256
1341846361.887871 -0.033865441 -0.005191434 0.016861217 -0.017446427 0.007557867 -0.012642374 0.999739289
1341846361.923930 -0.052508891 -0.021256171 0.024922196 -0.019042172 0.011922845 -0.009704917 0.999700487
1341846361.955927 -0.064423010 -0.024310892 0.019115351 -0.013654804 0.010692185 -0.002012793 0.999847591
1341846361.991999 -0.080124795 -0.020040868 0.046428327 -0.009216686 0.006470211 0.002545998 0.999933362
1341846362.023994 -0.075083047 -0.019452520 0.047398660 -0.005149503 0.002805577 0.004223926 0.999973893
1341846362.056118 -0.083705641 -0.009356171 0.049062092 -0.002324956 0.003713648 0.005665256 0.999974370
1341846362.091992 -0.101502806 -0.009388872 0.051092423 -0.003549048 0.004520237 0.005656355 0.999967456
1341846362.123929 -0.104293376 -0.024331771 0.055057690 -0.005283249 0.002861002 0.007219372 0.999955893
1341846362.156058 -0.112164006 -0.028897844 0.052777041 -0.002034900 0.002886300 0.009931364 0.999944448
1341846362.191987 -0.133267283 -0.027964493 0.046021909 0.000585038 0.004305208 0.011832224 0.999920547
1341846362.224138 -0.139933020 -0.033873606 0.051509123 0.004187906 0.002643976 0.014423407 0.999883711
1341846362.260011 -0.144438416 -0.027503716 0.052485805 0.010096404 0.004393509 0.013507353 0.999848127
1341846362.291979 -0.152741954 -0.030628718 0.053072605 0.012124628 0.008268723 0.013028938 0.999807417
1341846362.323947 -0.166947067 -0.027887318 0.057463393 0.015046815 0.011956778 0.010907616 0.999755800
1341846362.359889 -0.173482880 -0.028386956 0.051959071 0.016860310 0.015281643 0.009062666 0.999700010
1341846362.392021 -0.177765369 -0.027616087 0.065290019 0.018004691 0.019473180 0.010581096 0.999592245
1341846362.423868 -0.193933308 -0.029943069 0.073492810 0.019110577 0.022672985 0.011431009 0.999494910
1341846362.459968 -0.205339223 -0.032191295 0.077323429 0.022092387 0.024077525 0.012455164 0.999388337
1341846362.491924 -0.219995365 -0.032401320 0.073881090 0.024183454 0.024158927 0.014624829 0.999308586
1341846362.523976 -0.225094959 -0.030745575 0.076134801 0.026033089 0.023599086 0.016453117 0.999247074
1341846362.559933 -0.231404766 -0.036671832 0.078913815 0.027338717 0.024348695 0.018499937 0.999158382
1341846362.592338 -0.248430803 -0.034464713 0.072632551 0.028783074 0.025669394 0.018726526 0.999080539
1341846362.628177 -0.256741762 -0.032160968 0.073973767 0.028607303 0.024850406 0.018640874 0.999107897
1341846362.660128 -0.271542281 -0.028977539 0.074760586 0.029070059 0.026126049 0.016339516 0.999102294
1341846362.691901 -0.284915894 -0.027645348 0.075348102 0.027793773 0.024713362 0.015381981 0.999189734
1341846362.727993 -0.298870862 -0.029447339 0.070258208 0.025907978 0.021716442 0.014294693 0.999326169
1341846362.759942 -0.303956449 -0.032305185 0.072218195 0.025376176 0.018988114 0.012753221 0.999416292
1341846362.792002 -0.314432561 -0.028799331 0.070291072 0.025114868 0.018084532 0.009885883 0.999472082
1341846362.827965 -0.323645443 -0.031975485 0.074768417 0.023627479 0.016136725 0.006918573 0.999566615
1341846362.859959 -0.331515670 -0.033938356 0.080701381 0.023072291 0.015011772 0.004307128 0.999611795
1341846362.891861 -0.341242760 -0.036063295 0.073967017 0.023433052 0.015134349 0.003905369 0.999603212
1341846362.928098 -0.352580875 -0.041680504 0.074984975 0.023058582 0.013574811 0.004067470 0.999633670
1341846362.959894 -0.352572888 -0.039258488 0.086390190 0.026278071 0.011962750 0.005495070 0.999567986
1341846362.995909 -0.363618195 -0.038518451 0.087720215 0.029989671 0.010854098 0.008976335 0.999450982
1341846363.028072 -0.369449556 -0.043028731 0.080985427 0.031909037 0.008391299 0.010954639 0.999395490
1341846363.059896 -0.369098365 -0.045554042 0.087428205 0.036503553 0.008381818 0.009642651 0.999251842
1341846363.096102 -0.381124169 -0.037325148 0.082682021 0.040383361 0.011520396 0.006284962 0.999098063
1341846363.127992 -0.390603364 -0.037742853 0.084544033 0.039666794 0.013150651 0.003358161 0.999120772
1341846363.159870 -0.388333946 -0.046336289 0.085261732 0.039998006 0.015565837 0.000267671 0.999078512
1341846363.195966 -0.400343984 -0.047596589 0.086859390 0.042279013 0.019894447 0.002798103 0.998903871
1341846363.227902 -0.422782838 -0.047734190 0.084038407 0.043952286 0.019011788 0.007124597 0.998827279
1341846363.259977 -0.426286787 -0.048224732 0.074470744 0.046718732 0.016807698 0.010982563 0.998706281
1341846363.296031 -0.426842481 -0.050554436 0.083822981 0.050580099 0.018685253 0.014774887 0.998435855
1341846363.328065 -0.441109270 -0.047432348 0.078572869 0.051431593 0.019347705 0.018559258 0.998316586
1341846363.364023 -0.457878560 -0.048110630 0.079914287 0.049746264 0.016188137 0.019761370 0.998435140
1341846363.395985 -0.464169204 -0.051487636 0.075535618 0.048713505 0.011584277 0.020327535 0.998538733
1341846363.427955 -0.466229886 -0.047511760 0.081525609 0.048453026 0.008371969 0.016872173 0.998647869
1341846363.463979 -0.475387126 -0.048233218 0.081638686 0.046590615 0.005688404 0.016882280 0.998755217
1341846363.495986 -0.479516625 -0.052316535 0.078587629 0.043994807 0.001047135 0.020839691 0.998813808
1341846363.527941 -0.488012731 -0.048947237 0.073960759 0.042008042 -0.001767009 0.022642242 0.998859107
1341846363.564057 -0.497749567 -0.041331209 0.075477056 0.039135315 -0.003160188 0.025553685 0.998902142
1341846363.596025 -0.511905491 -0.051095493 0.081419274 0.034599822 -0.006341519 0.028348526 0.998978972
1341846363.632058 -0.514702380 -0.058848705 0.071897455 0.034909476 -0.013501838 0.031823650 0.998792410
1341846363.663931 -0.513725460 -0.051607262 0.081271835 0.037037529 -0.016291717 0.030541824 0.998714149
1341846363.695998 -0.523234189 -0.048846036 0.084914967 0.035674226 -0.017786417 0.024827307 0.998896658
1341846363.732007 -0.525451005 -0.053742532 0.082258388 0.033038896 -0.023138434 0.017941481 0.999025106
1341846363.794060 -0.521197438 -0.053816583 0.088867925 0.036564767 -0.036826342 0.021672767 0.998417318
1341846363.826406 -0.508995652 -0.045771569 0.079074137 0.037665721 -0.039958403 0.020686191 0.998276830
1341846363.861897 -0.504419088 -0.044776879 0.078558840 0.038758516 -0.039565999 0.018688865 0.998290062
1341846363.893984 -0.501906455 -0.039473519 0.074347682 0.039127044 -0.038961481 0.017967762 0.998312712
1341846363.926076 -0.488652229 -0.036567375 0.076707520 0.037377942 -0.039887983 0.018518558 0.998333037
1341846363.962090 -0.482910037 -0.041209050 0.092068031 0.036228467 -0.038537409 0.018886102 0.998421609
1341846363.994287 -0.479596645 -0.045230392 0.090485930 0.034868844 -0.037565574 0.022032386 0.998442531
1341846364.025993 -0.467115730 -0.046001747 0.086052381 0.034121808 -0.037398435 0.022434330 0.998465717
1341846364.061809 -0.457142442 -0.046289273 0.080221556 0.032494374 -0.034977939 0.021626065 0.998625517
1341846364.094209 -0.447999269 -0.055667024 0.080858551 0.032162666 -0.032793745 0.022019969 0.998701751
1341846364.130022 -0.437639624 -0.060408045 0.084417373 0.033426918 -0.032768566 0.022534253 0.998649597
1341846364.162231 -0.414359927 -0.069400698 0.078281723 0.035585497 -0.035520282 0.022038277 0.998492002
1341846364.194049 -0.400361896 -0.067723677 0.069737218 0.040786989 -0.037259389 0.018557653 0.998300433
1341846364.230023 -0.386494249 -0.063976958 0.079759799 0.044084463 -0.038590953 0.016573356 0.998144567
1341846364.262044 -0.373923123 -0.064904734 0.076646768 0.048257150 -0.039044097 0.014073841 0.997972310
1341846364.294059 -0.364009708 -0.060236238 0.067459792 0.052503422 -0.034787189 0.009638866 0.997968078
1341846364.330003 -0.352741599 -0.055281430 0.072979525 0.052070212 -0.031787183 0.008073178 0.998104751
1341846364.362052 -0.337577671 -0.057949353 0.071891621 0.051179804 -0.029101599 0.007290560 0.998238742
1341846364.397902 -0.314617068 -0.066190973 0.061260436 0.051824614 -0.022893524 0.004864939 0.998381913
1341846364.430108 -0.301447630 -0.061374433 0.067853235 0.052328430 -0.018908024 0.004355682 0.998441398
1341846364.462063 -0.287829250 -0.062591106 0.059349675 0.051609058 -0.015697686 0.002485738 0.998540878
1341846364.498091 -0.274520427 -0.061841939 0.068445764 0.051473070 -0.011038524 0.000128957 0.998613358
1341846364.530058 -0.260426819 -0.060852710 0.073341958 0.051201634 -0.008039616 -0.002490463 0.998652875
1341846364.561952 -0.245517835 -0.063206270 0.064329356 0.051110774 -0.004936822 -0.005430452 0.998666048
1341846364.597928 -0.233349979 -0.064118959 0.056794874 0.049329575 -0.001653443 -0.007365028 0.998754025
1341846364.629950 -0.227755949 -0.068749309 0.068456456 0.048378021 0.000482632 -0.007200710 0.998803020
1341846364.665991 -0.230770782 -0.065111697 0.062438615 0.050070066 0.000900760 -0.006425788 0.998724639
1341846364.698004 -0.219451845 -0.061884966 0.062025014 0.050520346 -0.001399089 -0.005424605 0.998707294
1341846364.730097 -0.206951275 -0.067122430 0.064446881 0.050852105 -0.002039982 -0.005430084 0.998689353
1341846364.766057 -0.196823135 -0.062138766 0.056054950 0.052723549 -0.000963424 -0.004772861 0.998597264
1341846364.798632 -0.185194135 -0.056394793 0.053840064 0.052431487 -0.001659266 -0.004965449 0.998610795
1341846364.833901 -0.166164666 -0.062176581 0.045131825 0.051011082 -0.000351883 -0.006788432 0.998674929
1341846364.865923 -0.159383267 -0.064801678 0.046887830 0.051525608 0.003338223 -0.008301605 0.998631597
1341846364.897970 -0.149001241 -0.067754075 0.048259582 0.050325036 0.001393055 -0.004186243 0.998723149
1341846364.934019 -0.136386067 -0.068024956 0.038305331 0.050649825 -0.001075664 -0.002913852 0.998711646
1341846364.966047 -0.122911386 -0.059880573 0.029180938 0.052228067 0.001396472 -0.005531952 0.998618901
1341846364.998055 -0.114536859 -0.053988144 0.031500898 0.049405899 0.003205690 -0.005873793 0.998756349
1341846365.034125 -0.104671493 -0.052765243 0.029186916 0.043238316 0.000935961 -0.003512633 0.999058187
1341846365.066106 -0.089106977 -0.058817815 0.026231216 0.038320236 -0.001885953 -0.005051819 0.999250948
1341846365.101953 -0.063534074 -0.059808284 0.017396929 0.036946349 -0.000096809 -0.011917030 0.999246180
1341846365.133922 -0.059704166 -0.055454321 0.025428565 0.034190550 0.006018278 -0.019490037 0.999207139
1341846365.165953 -0.048103280 -0.062749043 0.017442316 0.030345520 0.008860037 -0.021244608 0.999274433
1341846365.201856 -0.023488937 -0.070701212 0.007665022 0.029720530 0.010547735 -0.024524201 0.999201655
1341846365.234093 -0.005346360 -0.075701185 0.028762259 0.031162724 0.014781817 -0.023105014 0.999137878
1341846365.266094 0.002045429 -0.081103787 0.023293177 0.034428447 0.021104125 -0.018068826 0.999020934
1341846365.302078 0.016948588 -0.078856491 0.028939830 0.040517297 0.023849865 -0.013056872 0.998808861
1341846365.334027 0.028703384 -0.076282702 0.029328048 0.045621265 0.027997153 -0.012286793 0.998490810
1341846365.369945 0.052187320 -0.075993486 0.024888828 0.047975291 0.032824453 -0.008964148 0.998268783
1341846365.401963 0.053920351 -0.075526588 0.005464094 0.049661186 0.039633654 -0.008848821 0.997940183
1341846365.434082 0.072517581 -0.071990296 0.005208914 0.049189616 0.042428989 -0.010111541 0.997836649
1341846365.469939 0.094353743 -0.058122043 -0.002428887 0.044980559 0.047952026 -0.010579614 0.997780263
1341846365.502100 0.082141384 -0.074189492 0.033909667 0.036215927 0.054289091 -0.008750614 0.997829914
1341846365.533844 0.089155473 -0.080677524 0.037153430 0.034385409 0.053984109 -0.005562829 0.997934043
1341846365.569876 0.101600319 -0.076436117 0.021258943 0.036772754 0.051717591 -0.003186392 0.997979403
1341846365.601930 0.113414265 -0.070567511 0.019057535 0.036365233 0.050206672 0.000656713 0.998076379
1341846365.637899 0.132471219 -0.078355230 0.014458046 0.033412371 0.050090671 0.005968753 0.998167753
1341846365.669890 0.138990000 -0.068912663 0.012100094 0.034617018 0.051257774 0.004963860 0.998072982
1341846365.701977 0.153379336 -0.065027483 0.022956263 0.031761616 0.049543645 0.006646798 0.998244703
1341846365.738098 0.168972433 -0.079218954 0.010805292 0.029911341 0.051617026 0.005757179 0.998202324
1341846365.770026 0.163441509 -0.078047000 0.017370032 0.032908078 0.055479478 0.004928428 0.997905195
1341846365.805834 0.171172157 -0.080124401 0.023773989 0.034874190 0.053139120 0.008048179 0.997945547
1341846365.837937 0.181323111 -0.075034276 0.012723452 0.037285637 0.050661054 0.009676198 0.997972786
1341846365.869952 0.198633686 -0.069634095 0.005070260 0.039604381 0.050006188 0.009153438 0.997921407
1341846365.906411 0.208331734 -0.058728840 0.004313768 0.039201822 0.048509240 0.009389648 0.998008966
1341846365.938000 0.216926321 -0.068027146 0.008120125 0.035930578 0.047946211 0.011612764 0.998135924
1341846365.970022 0.218969226 -0.073772907 0.011187296 0.037469544 0.048400309 0.015187168 0.998009443
1341846366.006126 0.237118170 -0.068913095 0.005092517 0.039341774 0.046569001 0.021308383 0.997912586
1341846366.043876 0.247059792 -0.062781885 0.005526091 0.039891604 0.047282714 0.024975561 0.997772098
1341846366.076490 0.258826137 -0.054053117 -0.006171131 0.039426256 0.048787747 0.027771987 0.997644246
1341846366.111888 0.276319414 -0.049187619 -0.021365127 0.035555720 0.052028015 0.029327607 0.997581482
1341846366.143907 0.283344090 -0.045113381 -0.012220968 0.031382468 0.057516675 0.030795217 0.997375846
1341846366.176044 0.285130680 -0.047606286 -0.002368828 0.026724348 0.059840914 0.036125727 0.997195959
1341846366.212022 0.288889170 -0.050824143 0.005254793 0.025445318 0.060540196 0.039316595 0.997066557
1341846366.243981 0.307143211 -0.042715877 -0.002766790 0.024747077 0.060724698 0.042108942 0.996958852
1341846366.280032 0.306226224 -0.033915922 -0.003613589 0.022302652 0.063195065 0.042893276 0.996829569
1341846366.344115 0.323134631 -0.036786038 0.000801524 0.013678780 0.061985712 0.042448469 0.997080147
1341846366.406057 0.335536659 -0.038743623 0.010845585 0.012173052 0.063434906 0.045505241 0.996873677
1341846366.442042 0.346609324 -0.032767564 0.002395709 0.013448824 0.062954351 0.045983031 0.996865809
1341846366.506117 0.359821200 -0.034987621 -0.002270295 0.013021492 0.064539731 0.049113426 0.996620774
1341846366.542004 0.369059205 -0.029697562 -0.004274402 0.013620168 0.063443623 0.048446253 0.996715784
1341846366.573848 0.378619641 -0.024913266 -0.007076271 0.012321020 0.065133780 0.047824994 0.996653676
1341846366.610058 0.374287337 -0.025029290 -0.007461768 0.010289269 0.067100480 0.048645049 0.996506572
1341846366.642206 0.388531268 -0.024421224 -0.009373472 0.008687696 0.066666491 0.049527448 0.996507466
1341846366.674164 0.392036974 -0.021848917 -0.009627628 0.007873388 0.068930723 0.049959909 0.996338606
1341846366.710207 0.388356090 -0.008014480 -0.002802756 0.007048919 0.069978908 0.050585404 0.996240139
1341846366.741976 0.398846716 -0.011177020 -0.006401362 0.003474160 0.069912992 0.049148232 0.996335566
1341846366.773916 0.408919901 -0.012543023 -0.004076808 0.002652410 0.073022865 0.048171312 0.996162713
1341846366.810122 0.405931711 -0.010625316 0.001611290 0.002585560 0.075180888 0.052089747 0.995805085
1341846366.841893 0.409189224 -0.013032650 -0.002385097 0.002678447 0.074368246 0.053990107 0.995764673
1341846366.878062 0.420898914 -0.007535959 -0.004129246 0.004847832 0.073869444 0.053825457 0.995802522
1341846366.909933 0.424913138 -0.005504100 -0.008320780 0.005903813 0.075502805 0.054839838 0.995618939
1341846366.941941 0.424789548 -0.003161173 -0.012506970 0.004673813 0.076250032 0.055453360 0.995534539
1341846366.977906 0.436124444 -0.004329631 -0.021673825 0.003708506 0.076997049 0.054696828 0.995522976
1341846367.009852 0.445319265 -0.002898096 -0.022718553 0.003038943 0.080689803 0.055653758 0.995179653
1341846367.045944 0.455230445 -0.006785947 -0.021885540 0.003032353 0.084033445 0.056812141 0.994837463
1341846367.077914 0.464819044 -0.005015103 -0.027722204 0.004832762 0.089313142 0.055279505 0.994456649
1341846367.110077 0.466095895 0.003251294 -0.028144920 0.006680282 0.095980056 0.055433143 0.993816078
1341846367.145997 0.466281861 0.000948994 -0.017165348 0.006279978 0.099794336 0.058278657 0.993280053
1341846367.177894 0.476301551 -0.000592736 -0.021476530 0.008224974 0.101627134 0.060359634 0.992955685
1341846367.209903 0.492946714 0.007253672 -0.051745877 0.011296391 0.104430281 0.061478242 0.992565930
1341846367.245970 0.487269640 0.016150499 -0.047257323 0.010189448 0.110329419 0.065275878 0.991696835
1341846367.277966 0.487689227 0.005211201 -0.038608477 0.007540977 0.113185681 0.068323024 0.991193295
1341846367.314058 0.495699674 0.008942162 -0.049949992 0.009930996 0.114915878 0.068935938 0.990930676
1341846367.346333 0.513594091 0.019723112 -0.051963039 0.010794924 0.117732160 0.070567802 0.990476072
1341846367.378615 0.502174735 0.022205075 -0.047426309 0.008608543 0.121628001 0.073099405 0.989842892
1341846367.413946 0.507125080 0.016520446 -0.055289373 0.006623144 0.121716060 0.073958121 0.989783585
1341846367.446060 0.525967181 0.026372962 -0.056461178 0.006547014 0.122470982 0.076109193 0.989527881
1341846367.478095 0.523248911 0.026447276 -0.049360320 0.004566579 0.126291186 0.078897938 0.988840103
1341846367.514115 0.539940298 0.010856275 -0.050247677 0.003134283 0.124002621 0.085324511 0.988601685
1341846367.546096 0.544442475 0.014080372 -0.053764697 0.007227029 0.123667270 0.087304361 0.988449335
1341846367.581982 0.549037576 0.027083835 -0.059495155 0.009616461 0.124097176 0.089146383 0.988210678
1341846367.613951 0.546596646 0.026676005 -0.061388720 0.007333093 0.123795561 0.091898493 0.988015950
1341846367.645894 0.557384074 0.025357338 -0.066505164 0.006273173 0.122495800 0.090059683 0.988354504
1341846367.682223 0.566175103 0.023913058 -0.066724271 0.006141030 0.124808975 0.089985467 0.988072693
1341846367.714019 0.568962753 0.022839842 -0.067232594 0.007009322 0.126322269 0.092629433 0.987630188
1341846367.745904 0.567399263 0.024486216 -0.069916993 0.008395839 0.128139809 0.092569567 0.987390816
1341846367.781973 0.572728455 0.027807338 -0.072813794 0.009973341 0.129552990 0.092677273 0.987181604
1341846367.813986 0.576205969 0.030541567 -0.078881517 0.009627106 0.130900487 0.094484188 0.986835897
1341846367.850189 0.575633526 0.029584421 -0.085096814 0.009140274 0.133688003 0.093337722 0.986575902
1341846367.881960 0.577627540 0.034611039 -0.083020590 0.008529206 0.134449467 0.094157621 0.986400008
1341846367.914064 0.575316370 0.035625678 -0.077282995 0.005104825 0.134521082 0.094886929 0.986344039
1341846367.950095 0.577049553 0.026835898 -0.076690242 0.002927791 0.135870203 0.094273441 0.986226797
1341846367.981916 0.579827666 0.029380418 -0.075658835 0.004764969 0.138312206 0.092457861 0.986052036
1341846368.017965 0.574789703 0.032038976 -0.073220022 0.004079516 0.139576703 0.095309541 0.985605299
1341846368.050897 0.571278155 0.026804220 -0.064265333 0.002829821 0.138366416 0.095638722 0.985748410
1341846368.082322 0.569427252 0.025829488 -0.069179192 0.002996362 0.138735116 0.092977427 0.985950708
1341846368.118029 0.564139187 0.033168904 -0.067929432 0.003647763 0.139048904 0.093033575 0.985899031
1341846368.150026 0.560294628 0.027588585 -0.061200231 0.001703923 0.137673780 0.095466167 0.985864758
1341846368.181952 0.553668201 0.020741189 -0.060348678 0.003085836 0.137440130 0.092949636 0.986134410
1341846368.217882 0.554754913 0.031979401 -0.062459048 0.005169306 0.136966258 0.093239650 0.986164272
1341846368.250223 0.552387893 0.030543089 -0.063070118 0.002661183 0.136359796 0.095091745 0.986081362
1341846368.286003 0.544535160 0.023211287 -0.059167117 0.000815804 0.137379184 0.093187556 0.986124933
1341846368.317994 0.538848162 0.028823117 -0.054568712 0.000831134 0.135906756 0.092005752 0.986439884
1341846368.350010 0.536150634 0.037813626 -0.048857808 -0.001963197 0.132405370 0.093315236 0.986791372
1341846368.385949 0.525274813 0.028473767 -0.049734775 -0.005874695 0.130749941 0.089202367 0.987376809
1341846368.417845 0.526603758 0.019472407 -0.048896607 -0.008005985 0.127381265 0.086874753 0.988009453
1341846368.450062 0.515735269 0.030870494 -0.035579626 -0.008035262 0.125756264 0.086126432 0.988282859
1341846368.485968 0.506612778 0.023509242 -0.030497223 -0.010098938 0.122363359 0.085329108 0.988758862
1341846368.517939 0.505494893 0.017165253 -0.031218143 -0.009940122 0.118898354 0.083848856 0.989309728
1341846368.554171 0.500076711 0.019650200 -0.025555193 -0.008169500 0.116945937 0.083575949 0.989581704
1341846368.618123 0.486729413 0.021552935 -0.027280061 -0.009167798 0.110925816 0.076979995 0.990800440
1341846368.654302 0.481553078 0.013230058 -0.021516589 -0.010288927 0.110325135 0.073615536 0.991112113
1341846368.685914 0.472817302 0.009060748 -0.011231328 -0.009329712 0.108077005 0.072631590 0.991441846
1341846368.717980 0.469035476 0.006732613 -0.018478893 -0.008256843 0.104822211 0.070662439 0.991943002
1341846368.786190 0.456821650 0.001635689 -0.013626109 -0.004563605 0.103205547 0.070254229 0.992165387
1341846368.821968 0.448885709 0.002388109 -0.021629045 -0.003020473 0.100814976 0.067670234 0.992596567
1341846368.853991 0.447380781 0.006750192 -0.022904012 -0.003379289 0.100658610 0.064210884 0.992841065
1341846368.885978 0.438794971 -0.001780071 -0.015503886 -0.004502725 0.101380728 0.061210543 0.992952645
1341846368.923221 0.427919507 -0.007954729 -0.010362213 -0.002697586 0.100273848 0.060089715 0.993140042
1341846368.953942 0.426467240 -0.011674005 -0.023004979 -0.000487345 0.097626217 0.058913447 0.993477762
1341846368.986016 0.421717674 -0.008074722 -0.022944406 0.000978072 0.095616974 0.057779677 0.993739367
1341846369.021938 0.407772094 -0.003217968 -0.012794522 0.001831003 0.095524393 0.055871010 0.993856192
1341846369.053927 0.411439091 -0.011082824 -0.023000514 0.001461537 0.094675064 0.052444074 0.994124770
1341846369.090047 0.403729439 -0.015639173 -0.019805783 0.001626126 0.096188016 0.048336875 0.994187474
1341846369.121845 0.390920103 -0.024470503 -0.015079000 0.003079561 0.096505389 0.049098466 0.994115949
1341846369.154351 0.384862006 -0.026910936 -0.013563955 0.007152385 0.094778687 0.050087214 0.994211793
1341846369.189885 0.381905824 -0.016922759 -0.020339908 0.011341359 0.094059587 0.047414213 0.994372189
1341846369.222188 0.376709133 -0.016647030 -0.020674691 0.010258094 0.095596634 0.045398064 0.994331479
1341846369.257947 0.366247237 -0.027598159 -0.014976771 0.009411299 0.097136684 0.044123191 0.994247973
1341846369.289994 0.359147251 -0.032009214 -0.016460840 0.011595829 0.096862532 0.044029318 0.994255781
1341846369.322196 0.354454517 -0.030354315 -0.019066425 0.014468497 0.096825168 0.044947747 0.994180679
1341846369.357830 0.345191449 -0.028371559 -0.022865858 0.014978694 0.098699786 0.043585844 0.994049430
1341846369.390267 0.333923489 -0.031090843 -0.020169443 0.014717147 0.099849373 0.042331666 0.993992746
1341846369.422057 0.328957289 -0.032185819 -0.019731371 0.015008489 0.099789351 0.041855898 0.994014561
1341846369.457950 0.316950470 -0.035738401 -0.019102762 0.015203631 0.100390330 0.041765917 0.993954837
1341846369.490144 0.300875545 -0.041482195 -0.015527590 0.016900700 0.098971695 0.042195328 0.994051576
1341846369.526405 0.292754412 -0.033114113 -0.016933953 0.018452177 0.096267238 0.044956829 0.994168520
1341846369.557969 0.284876198 -0.038103662 -0.021084072 0.018617693 0.093686529 0.044113852 0.994449675
1341846369.590093 0.263258576 -0.041033641 -0.004803360 0.020225640 0.092061900 0.044789195 0.994539857
1341846369.625895 0.253805012 -0.035625454 -0.005721649 0.022133345 0.089349203 0.046041414 0.994689405
1341846369.657961 0.249190539 -0.031647533 -0.002943611 0.022394679 0.087493367 0.045347173 0.994880378
1341846369.690135 0.239005685 -0.038005814 0.000416700 0.022083357 0.085728332 0.046997655 0.994964421
1341846369.726074 0.220474899 -0.037706397 0.001040235 0.024476068 0.082980171 0.048411570 0.995073617
1341846369.757962 0.215088069 -0.031770587 -0.001336204 0.026292576 0.079171360 0.049911506 0.995263517
1341846369.793964 0.206023440 -0.031507231 -0.002685358 0.026063053 0.077059902 0.051173571 0.995371163
1341846369.826161 0.187598571 -0.033864051 -0.005003670 0.025118051 0.075341478 0.051755052 0.995496929
1341846369.858015 0.179328129 -0.035957169 -0.001178065 0.025142631 0.071425341 0.051351629 0.995805860
1341846369.893954 0.173855305 -0.033921044 0.003945127 0.025395468 0.068630747 0.052163541 0.995953739
1341846369.926051 0.160052449 -0.034647182 -0.000744194 0.024616499 0.066764012 0.051668562 0.996125937
1341846369.958062 0.138749614 -0.035848223 -0.010436920 0.024347093 0.063431181 0.049762007 0.996447384
1341846369.994037 0.138270825 -0.035933051 0.009322739 0.024266824 0.058388829 0.048002593 0.996843815
1341846370.026058 0.129436210 -0.039139040 0.005781689 0.024791298 0.056732342 0.047791012 0.996936738
1341846370.062000 0.105772451 -0.034166615 -0.000817697 0.025362711 0.053409413 0.049208932 0.997036934
1341846370.094135 0.108083561 -0.030442275 0.011842754 0.024089169 0.048201263 0.050169174 0.997286022
1341846370.126153 0.108942546 -0.035786808 0.012521702 0.023421859 0.047139227 0.049785066 0.997371912
1341846370.162082 0.093853816 -0.033285037 0.012224796 0.024551790 0.048176292 0.051944565 0.997185051
1341846370.194044 0.087849602 -0.037333738 0.015028922 0.023782421 0.046219192 0.054327983 0.997169316
1341846370.230152 0.083558016 -0.037426237 0.019179808 0.025878455 0.045586761 0.054591682 0.997131824
1341846370.262175 0.079256512 -0.033431128 0.019610787 0.027346034 0.046077035 0.053434383 0.997132778
1341846370.294216 0.067910865 -0.034940373 0.020891547 0.027859202 0.047885936 0.050062783 0.997208357
1341846370.329892 0.051366497 -0.035181172 0.021579171 0.027763614 0.046730861 0.045206089 0.997497737
1341846370.361939 0.049993441 -0.039895199 0.019673603 0.028066417 0.044331122 0.042134095 0.997733295
1341846370.394073 0.034764290 -0.037690513 0.020151511 0.029451370 0.042575780 0.041617975 0.997791469
1341846370.429985 0.025878802 -0.030906551 0.006826000 0.029541118 0.035865322 0.040878069 0.998083115
1341846370.462095 0.019648021 -0.023955328 0.015873928 0.027833195 0.030805083 0.039896931 0.998340905
1341846370.498034 0.015543806 -0.023989800 0.012362403 0.024341632 0.026055206 0.039970916 0.998564422
1341846370.530176 0.010274193 -0.022123573 0.018171685 0.021110158 0.023419740 0.040309697 0.998689651
1341846370.561949 0.000095826 -0.017215397 0.014697882 0.018112054 0.020079521 0.040553484 0.998811364
1341846370.597989 -0.005401334 -0.012179594 0.019846300 0.012675455 0.016816584 0.042932682 0.998856008
1341846370.629913 -0.007316192 -0.024048675 0.022151396 0.007596461 0.016989913 0.042873852 0.998907149
1341846370.662062 -0.015102760 -0.027129928 0.016690044 0.006275484 0.016645361 0.042492360 0.998938382
1341846370.697981 -0.017799640 -0.023126416 0.016948346 0.004195356 0.015523298 0.042154621 0.998981714
1341846370.730015 -0.014894723 -0.031562936 0.015785763 0.001067764 0.014961908 0.040246248 0.999077201
1341846370.766182 -0.018395374 -0.039704558 0.014297768 0.001109774 0.018147666 0.036830954 0.999156117
1341846370.797966 -0.027912961 -0.035973612 0.009148306 -0.000777811 0.021121262 0.034930650 0.999166250
1341846370.830023 -0.026951184 -0.052960884 0.010638196 -0.004484706 0.021663221 0.032621503 0.999222934
1341846370.866186 -0.020811243 -0.063905306 0.008562765 -0.002414681 0.021457752 0.033171520 0.999216378
1341846370.897994 -0.026283639 -0.058379419 0.001302032 -0.002135939 0.024077760 0.034955163 0.999096513
1341846370.929983 -0.030943910 -0.075954206 0.004884210 -0.004493104 0.025147824 0.036194351 0.999018192
1341846370.971974 -0.020072486 -0.087231293 0.003055972 -0.000833535 0.025086137 0.035966631 0.999037683
1341846371.034127 -0.026433820 -0.104260065 0.000911849 0.004125941 0.031910636 0.038453329 0.998742223
1341846371.066883 -0.022786923 -0.098312475 -0.002033468 0.006519026 0.034161281 0.037294801 0.998698950
1341846371.098209 -0.025931090 -0.104546569 -0.003622964 0.004121942 0.038661100 0.033242088 0.998690784
1341846371.134068 -0.023348374 -0.111908570 -0.006552106 0.002504428 0.041381735 0.032672383 0.998605907
1341846371.165993 -0.025427580 -0.116333038 -0.004660744 -0.000189137 0.044246059 0.032852992 0.998480320
1341846371.197951 -0.031807911 -0.128892601 -0.005126886 -0.003925299 0.045704249 0.033937689 0.998370647
1341846371.233950 -0.027901787 -0.139154553 -0.006685177 -0.005130613 0.046293348 0.034720469 0.998311102
1341846371.266433 -0.028020188 -0.135279968 -0.017363440 -0.007737225 0.049583968 0.034924686 0.998129189
1341846371.302051 -0.026916115 -0.131630316 -0.017053459 -0.013426410 0.052438032 0.035659287 0.997896969
1341846371.334010 -0.021696763 -0.137903005 -0.019474028 -0.019364094 0.055407152 0.032776896 0.997737825
1341846371.366198 -0.018121257 -0.146107838 -0.017031014 -0.024278056 0.060819611 0.030775312 0.997378767
1341846371.402482 -0.031145113 -0.161919683 -0.010647199 -0.027593900 0.064840443 0.031602602 0.997013330
1341846371.434055 -0.031827651 -0.177782521 -0.013579776 -0.027293354 0.064044192 0.033544570 0.997009635
1341846371.469998 -0.023356143 -0.184819683 -0.018152302 -0.025069227 0.063520744 0.032518238 0.997135520
1341846371.501933 -0.025228424 -0.191203684 -0.022292031 -0.023272783 0.065898910 0.030291880 0.997094810
1341846371.534269 -0.030924000 -0.199005231 -0.028154256 -0.023140559 0.066679589 0.030088985 0.997052133
1341846371.570100 -0.033074830 -0.209872246 -0.025363384 -0.023824900 0.064601101 0.027451182 0.997248948
1341846371.602162 -0.025524024 -0.222876281 -0.027918518 -0.022484450 0.063117996 0.024606802 0.997449279
1341846371.634012 -0.031664148 -0.224077106 -0.031020822 -0.020454207 0.064923227 0.022704195 0.997422218
1341846371.669927 -0.042177930 -0.235098794 -0.031214897 -0.020551784 0.063143834 0.021867294 0.997553170
1341846371.702051 -0.028537801 -0.238449112 -0.039439458 -0.020651793 0.059934251 0.019662473 0.997794926
1341846371.737891 -0.030554628 -0.248598009 -0.035334367 -0.021670610 0.062945962 0.015234176 0.997665346
1341846371.769979 -0.042434659 -0.259564728 -0.031196663 -0.021795798 0.063533224 0.014391173 0.997637868
1341846371.802101 -0.043257024 -0.264874578 -0.032307670 -0.022171028 0.060665019 0.016855324 0.997769535
1341846371.837951 -0.040560216 -0.269609958 -0.033218980 -0.022257272 0.058400027 0.019043844 0.997863412
1341846371.870043 -0.031769760 -0.266357124 -0.041990250 -0.022860290 0.057766646 0.020838942 0.997850776
1341846371.902330 -0.030141992 -0.268543094 -0.045260556 -0.027532229 0.059658166 0.021059906 0.997616827
1341846371.938165 -0.031667601 -0.273849547 -0.043131333 -0.033103127 0.061249577 0.017445998 0.997420788
1341846371.969938 -0.012718598 -0.268780470 -0.051754594 -0.035135888 0.062811017 0.016528247 0.997269809
1341846372.005861 -0.019955454 -0.281575650 -0.037331238 -0.038238134 0.068543337 0.013933725 0.996817708
1341846372.038440 -0.025836036 -0.289685100 -0.041048277 -0.035078205 0.068794802 0.015018886 0.996900797
1341846372.070518 -0.021486739 -0.292889744 -0.039395791 -0.033095855 0.067561559 0.014066313 0.997066855
1341846372.111944 -0.022078862 -0.305129558 -0.041060556 -0.033079565 0.068664536 0.011238622 0.997027874
1341846372.143876 -0.023363814 -0.310987204 -0.038859446 -0.030350506 0.069351390 0.007433870 0.997102797
1341846372.179919 -0.024438081 -0.313227862 -0.039396916 -0.026949950 0.068904214 0.005486051 0.997244120
1341846372.212119 -0.032495577 -0.326521635 -0.037551653 -0.025093570 0.067323275 0.003304614 0.997410119
1341846372.244067 -0.028473509 -0.331204683 -0.033116147 -0.020330777 0.063699096 0.000073181 0.997762024
1341846372.279961 -0.028191535 -0.344308913 -0.036548141 -0.015307031 0.061220542 -0.002307907 0.998004198
1341846372.312076 -0.025364347 -0.347724229 -0.033488695 -0.009407061 0.058407366 -0.005323458 0.998234332
1341846372.347910 -0.024305101 -0.348441124 -0.033525404 -0.004764822 0.056050614 -0.006643657 0.998394430
1341846372.379906 -0.028375400 -0.356757402 -0.031080808 -0.001626750 0.053180613 -0.008065250 0.998551011
1341846372.412137 -0.016242884 -0.357201815 -0.029023420 0.002195363 0.049363710 -0.008547030 0.998741865
1341846372.447783 -0.015911657 -0.364043057 -0.030698907 0.004202107 0.048534174 -0.007842418 0.998781860
1341846372.479920 -0.023904374 -0.375182599 -0.033333674 0.007032084 0.046269432 -0.004633756 0.998893499
1341846372.516195 -0.013433672 -0.372454345 -0.027788885 0.010727293 0.041500568 -0.002013335 0.999078870
1341846372.547915 -0.001648428 -0.366474867 -0.031208297 0.010954950 0.040881671 -0.003402781 0.999098122
1341846372.579923 -0.004154539 -0.373896152 -0.022712160 0.008708439 0.041728437 -0.005546841 0.999075651
1341846372.616037 0.000090282 -0.380463272 -0.032819211 0.007624361 0.039850693 -0.002314285 0.999173939
1341846372.647968 0.003004229 -0.376581997 -0.021514129 0.007341150 0.039860576 -0.003197921 0.999173164
1341846372.679953 0.012080109 -0.381813645 -0.028247606 0.005886025 0.040293708 -0.005539624 0.999155164
1341846372.716073 0.014311039 -0.387629390 -0.025329486 0.004741609 0.041777361 -0.005197997 0.999102175
1341846372.747919 0.009617815 -0.392508537 -0.022257902 0.004602927 0.042375099 -0.003841968 0.999083757
1341846372.783912 0.018198796 -0.396136075 -0.024060950 0.005811149 0.040571604 -0.001783442 0.999158144
1341846372.816131 0.023409998 -0.394227087 -0.024113001 0.007048368 0.042609870 -0.000725465 0.999066651
1341846372.848115 0.022535807 -0.396775842 -0.024902787 0.006610734 0.044710934 0.003043205 0.998973429
1341846372.884003 0.022826135 -0.399270862 -0.026344219 0.006595052 0.045249015 0.001360229 0.998953044
1341846372.948016 0.028417254 -0.409673721 -0.019772667 0.006405115 0.051170319 0.001414011 0.998668373
1341846373.010206 0.031961430 -0.421916425 -0.020690797 0.011722472 0.046857771 0.005308112 0.998818696
1341846373.041934 0.040945373 -0.421098650 -0.026384357 0.014737201 0.048160970 0.005199141 0.998717308
1341846373.078079 0.035792079 -0.428380340 -0.026789976 0.015769517 0.051462673 0.005024836 0.998537719
1341846373.110028 0.034024071 -0.432848454 -0.025446186 0.018103240 0.052126158 0.003617079 0.998469830
1341846373.142204 0.038771261 -0.435751230 -0.026868902 0.020889523 0.052172080 0.004044057 0.998411417
1341846373.178121 0.040508203 -0.437150598 -0.030043276 0.023233661 0.053304084 0.005197031 0.998294473
1341846373.210218 0.042969350 -0.445442021 -0.034528323 0.025672015 0.054925472 0.003500200 0.998154223
1341846373.246073 0.044037465 -0.453122973 -0.031414881 0.029649708 0.056325369 0.003176447 0.997967064
1341846373.277962 0.045999017 -0.455030262 -0.035156459 0.035198867 0.057846736 0.003661347 0.997698069
1341846373.310189 0.049154472 -0.452234089 -0.044166807 0.038868956 0.060019281 0.002139667 0.997437894
1341846373.346051 0.056704737 -0.453750700 -0.047021341 0.039027371 0.063066527 -0.000127016 0.997245967
1341846373.377993 0.049446285 -0.457759470 -0.042888634 0.038442880 0.066362448 -0.000502719 0.997054636
1341846373.410038 0.050129123 -0.460883290 -0.044375878 0.038615569 0.066851668 0.000477530 0.997015297
1341846373.446109 0.047119502 -0.463354141 -0.043272372 0.038517017 0.067550935 -0.001533370 0.996970892
1341846373.478409 0.047106288 -0.471475750 -0.040031955 0.038339905 0.067422539 -0.000280677 0.996987581
1341846373.514006 0.040193234 -0.474471778 -0.040339660 0.040518347 0.067177035 0.002281413 0.996915400
1341846373.546097 0.048758380 -0.468546987 -0.041190963 0.042581700 0.063877039 0.003359718 0.997043252
1341846373.578079 0.060525846 -0.466082007 -0.048748229 0.042890228 0.064130649 0.002684504 0.997015834
1341846373.613978 0.048634306 -0.461261243 -0.043316837 0.043128569 0.066874944 0.001077233 0.996828258
1341846373.646060 0.046544079 -0.454364955 -0.040238734 0.042756665 0.064994685 0.001328766 0.996968329
1341846373.682101 0.058364592 -0.444390565 -0.045322388 0.041675594 0.064343221 0.001424980 0.997056246
1341846373.713942 0.055252194 -0.436848193 -0.042399872 0.038654808 0.067620993 0.001472526 0.996960938
1341846373.746309 0.044956308 -0.430921704 -0.038026031 0.034596611 0.069639757 0.001409546 0.996971130
1341846373.782079 0.039746914 -0.428627014 -0.034467366 0.031546511 0.068844996 0.000334976 0.997128427
1341846373.814899 0.051005322 -0.425607681 -0.037675187 0.030705204 0.068078108 -0.001251698 0.997206628
1341846373.846131 0.039178997 -0.413501263 -0.033734847 0.030858938 0.070667833 -0.004424675 0.997012675
1341846373.882197 0.029207006 -0.403684825 -0.036009900 0.029494496 0.069162779 -0.006093806 0.997150660
1341846373.914066 0.027740169 -0.394666731 -0.034561206 0.027308458 0.065709382 -0.002518494 0.997461855
1341846373.949976 0.033644982 -0.383288354 -0.025989974 0.024957582 0.063527465 0.001261359 0.997667193
1341846373.982090 0.028464204 -0.373462051 -0.028524842 0.022368582 0.063494496 0.001587822 0.997730196
1341846374.014518 0.018560734 -0.367546052 -0.034238394 0.018564081 0.061671127 0.005031904 0.997911215
1341846374.050082 0.019269155 -0.358189017 -0.024117565 0.015211547 0.058124788 0.008268243 0.998159230
1341846374.082248 0.021267103 -0.356286526 -0.019367594 0.012363377 0.056338724 0.008198789 0.998301506
1341846374.114063 0.020429136 -0.345737189 -0.025032846 0.010358138 0.056866836 0.009271368 0.998284996
1341846374.150230 0.009686430 -0.347867697 -0.017980058 0.007478245 0.056998827 0.009157334 0.998304248
1341846374.181949 0.008312161 -0.342806786 -0.017034698 0.008580308 0.054598838 0.009886227 0.998422563
1341846374.217985 0.012587895 -0.335583359 -0.020546427 0.010248356 0.052896373 0.013520436 0.998455882
1341846374.250018 0.013828392 -0.316888005 -0.021806639 0.011498868 0.053420227 0.014546847 0.998399973
1341846374.281921 0.007264019 -0.303618729 -0.021050720 0.008999419 0.054765999 0.013106397 0.998372674
1341846374.318502 0.007798495 -0.296399742 -0.021290552 0.005929624 0.054893438 0.013047276 0.998389363
1341846374.350047 0.005916741 -0.282243639 -0.022256047 0.003011340 0.056445811 0.013583716 0.998308718
1341846374.382011 -0.003218813 -0.281086564 -0.017015653 -0.000803139 0.057043787 0.012892315 0.998288155
1341846374.418020 -0.007691985 -0.274172902 -0.014454535 -0.002158281 0.055469494 0.012700350 0.998377264
1341846374.450160 -0.007978274 -0.268316835 -0.015054531 -0.004512113 0.053715523 0.012915105 0.998462558
1341846374.486170 -0.004591172 -0.256003410 -0.018448025 -0.006418513 0.052872088 0.012664158 0.998500347
1341846374.524087 -0.015087802 -0.249552727 -0.012787431 -0.009823446 0.053727683 0.011668134 0.998439133
1341846374.586056 -0.025707126 -0.243249938 -0.005163737 -0.015831981 0.049915783 0.010791566 0.998569608
1341846374.617848 -0.028721279 -0.239173800 0.001520661 -0.017403282 0.047445551 0.013100264 0.998636246
1341846374.654133 -0.031927258 -0.234080091 0.004881798 -0.017065747 0.044752542 0.014944492 0.998740494
1341846374.685940 -0.024115421 -0.212441862 0.005347248 -0.014072770 0.040730655 0.018041611 0.998908162
1341846374.718159 -0.028829586 -0.207186237 0.000121665 -0.014275170 0.039126035 0.021457117 0.998901904
1341846374.754050 -0.034821220 -0.207373083 0.008038708 -0.014740088 0.036645964 0.022532426 0.998965502
1341846374.786226 -0.026206594 -0.188612282 0.003189888 -0.012389200 0.033139247 0.024135197 0.999082506
1341846374.818164 -0.030250346 -0.188722640 0.006182993 -0.012192925 0.032604825 0.023372808 0.999120593
1341846374.854017 -0.038334895 -0.181876153 -0.001222068 -0.009351986 0.031736325 0.022959933 0.999188781
1341846374.886253 -0.039822351 -0.174637154 -0.001080204 -0.006181723 0.028348336 0.024429331 0.999280453
1341846374.921999 -0.040289748 -0.164992660 -0.000339984 -0.003621775 0.026460376 0.023296949 0.999371827
1341846374.953860 -0.043242782 -0.160297483 -0.003318866 -0.002346289 0.025086615 0.024161933 0.999390483
1341846374.985929 -0.046018075 -0.153650865 -0.003184267 -0.001379651 0.022789730 0.025387388 0.999416947
1341846375.022029 -0.042753763 -0.152987495 -0.000842161 0.000507667 0.020216448 0.027247287 0.999424160
1341846375.053968 -0.040367231 -0.148105457 -0.003167675 0.005040556 0.018105077 0.031658638 0.999322057
1341846375.085937 -0.044031821 -0.138767943 -0.003746921 0.008667261 0.017637417 0.033013221 0.999261737
1341846375.122015 -0.043749344 -0.123596251 -0.007523767 0.009716400 0.017574755 0.030638073 0.999328792
1341846375.190345 -0.042411186 -0.121309027 -0.007812562 0.005052401 0.023449309 0.025231596 0.999393821
1341846375.222041 -0.046707671 -0.122096509 -0.005864023 0.005466591 0.023670342 0.023599999 0.999426305
1341846375.254127 -0.041477345 -0.115861356 -0.005075015 0.007504877 0.023134440 0.023583515 0.999426007
1341846375.289892 -0.040818550 -0.114264481 -0.000534123 0.010626578 0.025136597 0.024328267 0.999331474
1341846375.322192 -0.048212972 -0.100805156 -0.006001846 0.014318882 0.025780816 0.025459623 0.999240816
1341846375.354172 -0.044838764 -0.078950502 -0.006167094 0.014153203 0.025000172 0.024515718 0.999286592
1341846375.390033 -0.037127223 -0.069700047 -0.005371902 0.009131880 0.025897255 0.021435238 0.999393046
1341846375.422976 -0.044415940 -0.066187121 -0.002407101 0.003366391 0.029138098 0.018015729 0.999407351
1341846375.458036 -0.046887696 -0.053763539 0.008800246 -0.001007636 0.028069714 0.017203385 0.999457419
1341846375.489941 -0.038579632 -0.058871374 0.016515626 -0.006440072 0.026773972 0.018225564 0.999454618
1341846375.521981 -0.038542654 -0.062583432 0.019716593 -0.007579762 0.027516475 0.019026101 0.999411523
1341846375.557947 -0.046970617 -0.058999024 0.018369351 -0.005429580 0.026950249 0.022382060 0.999371409
1341846375.590116 -0.043938681 -0.056984775 0.022847548 -0.003385001 0.023228098 0.027728921 0.999339819
1341846375.622399 -0.034704551 -0.048638251 0.025485689 0.000623577 0.022136617 0.029307695 0.999325097
1341846375.658264 -0.037248638 -0.045159139 0.026849093 0.003997634 0.023998495 0.030488741 0.999238968
1341846375.690116 -0.038890012 -0.040349673 0.031969178 0.008767843 0.023050776 0.035362169 0.999070227
1341846375.726080 -0.035343308 -0.035699714 0.023490734 0.016528839 0.020824546 0.040339466 0.998832285
1341846375.757947 -0.037455551 -0.022454055 0.024818275 0.025035417 0.020778084 0.044241048 0.998490989
1341846375.789914 -0.040048737 -0.014556087 0.027890084 0.031203464 0.019017033 0.047178548 0.998217881
1341846375.826111 -0.039758161 0.008220721 0.031019814 0.035414293 0.017496377 0.045810729 0.998168886
1341846375.858282 -0.047911815 0.034866173 0.028155223 0.034037333 0.016247610 0.042069998 0.998402536
1341846375.893889 -0.050404657 0.049208961 0.033758268 0.025305407 0.013773025 0.039792113 0.998792529
1341846375.926121 -0.036628034 0.047907572 0.045548752 0.016141757 0.011809709 0.040240888 0.998989820
1341846375.958089 -0.038834941 0.057776708 0.047772367 0.011224688 0.012669672 0.040287569 0.999044776
1341846375.994060 -0.036255248 0.062674597 0.056955207 0.006545627 0.012558597 0.041862093 0.999023020
1341846376.026115 -0.031357579 0.067674875 0.061444912 0.004907450 0.013972616 0.043464907 0.998945177
1341846376.057999 -0.036000866 0.076621212 0.064775981 0.006101414 0.016443674 0.045044743 0.998830974
1341846376.094015 -0.035592485 0.092039518 0.069211267 0.006592553 0.018610414 0.046646096 0.998716354
1341846376.126126 -0.034902785 0.101610884 0.071225248 0.006218500 0.022018123 0.046409193 0.998660445
1341846376.162125 -0.046707910 0.116084963 0.070993416 0.004804387 0.027393254 0.042831194 0.998695195
1341846376.194033 -0.051369775 0.122816168 0.076202467 0.001895500 0.028951047 0.043849234 0.998616815
1341846376.226110 -0.053626698 0.127226040 0.078524858 -0.000766121 0.028818039 0.046225596 0.998515010
1341846376.262088 -0.050977126 0.127279520 0.085477546 -0.002036482 0.027124120 0.050279222 0.998364747
1341846376.293911 -0.049772285 0.135296538 0.090227425 0.000291559 0.027450226 0.051984720 0.998270512
1341846376.326088 -0.052821610 0.142619565 0.090592571 0.002864702 0.027972236 0.054124650 0.998138189
1341846376.362076 -0.054122683 0.153216124 0.086259358 0.003769270 0.026480103 0.055241425 0.998114705
1341846376.393924 -0.046405461 0.158509970 0.092987753 0.003225421 0.024653267 0.054589879 0.998199284
1341846376.429909 -0.048903283 0.167065695 0.095401727 0.003685636 0.027559672 0.049017679 0.998410821
1341846376.462224 -0.055477057 0.172429249 0.096664265 0.001513318 0.029300533 0.046516135 0.998486578
1341846376.494092 -0.054030783 0.174653828 0.104714714 0.000267897 0.028202076 0.045673143 0.998558223
1341846376.529992 -0.052404366 0.180949137 0.106395423 0.001023852 0.027903371 0.045619167 0.998568594
1341846376.562034 -0.051835034 0.187380984 0.107340857 0.000414866 0.029202096 0.044222873 0.998594701
1341846376.594092 -0.059897039 0.194272846 0.112026289 -0.000009312 0.031326756 0.042289250 0.998614192
1341846376.630016 -0.058474571 0.200048715 0.115154438 -0.001390522 0.031644061 0.041145053 0.998651028
1341846376.662132 -0.054518905 0.205970347 0.120204516 -0.002167000 0.033600919 0.039186843 0.998664439
1341846376.697981 -0.058671627 0.211209029 0.119291276 -0.002954002 0.036152903 0.039550550 0.998558998
1341846376.730128 -0.056951679 0.217572019 0.126390249 -0.002853695 0.036601584 0.039607871 0.998540640
1341846376.762061 -0.058621883 0.228506967 0.122295827 -0.002924063 0.037609879 0.039696433 0.998499453
1341846376.797939 -0.057136480 0.242968500 0.122423209 -0.004518631 0.037311275 0.038260702 0.998560727
1341846376.829920 -0.056443557 0.247172698 0.126977667 -0.008116114 0.038095567 0.039753061 0.998450041
1341846376.866170 -0.058808215 0.254696757 0.124059111 -0.010808327 0.038176186 0.042916361 0.998290539
1341846376.898026 -0.050584283 0.268234819 0.117012776 -0.014368078 0.035994355 0.044484209 0.998258054
1341846376.930139 -0.048285715 0.279479802 0.119452633 -0.018836111 0.037492380 0.040815502 0.998285353
1341846376.966511 -0.047893587 0.291286319 0.120741948 -0.024578255 0.040493257 0.040500458 0.998056054
1341846376.997919 -0.051283937 0.293822944 0.124931321 -0.030505667 0.042431217 0.041599378 0.997766733
1341846377.030079 -0.050773975 0.301723301 0.130098894 -0.033322051 0.043262061 0.041651431 0.997638822
1341846377.066212 -0.052495174 0.310094416 0.128681734 -0.036075510 0.044370946 0.042883281 0.997442126
1341846377.097918 -0.051091023 0.314715594 0.132291690 -0.040703192 0.043327078 0.042614527 0.997321427
1341846377.134079 -0.052076377 0.316536337 0.138484418 -0.044283465 0.041524433 0.043776885 0.997195184
1341846377.166160 -0.048787463 0.314761341 0.137123778 -0.048416000 0.036127787 0.044903524 0.997163177
1341846377.197925 -0.049157649 0.331305623 0.138611436 -0.047370479 0.031664327 0.045043133 0.997358799
1341846377.233952 -0.050432634 0.348040670 0.139872372 -0.048104092 0.030054370 0.041765008 0.997516096
1341846377.266486 -0.046513479 0.345014364 0.146295369 -0.052612770 0.031437282 0.041026790 0.997276485
1341846377.298068 -0.049956102 0.347692788 0.139152378 -0.056589462 0.032493722 0.043851767 0.996904612
1341846377.334109 -0.047722585 0.352328539 0.145996854 -0.059855808 0.030586958 0.045178972 0.996714890
1341846377.366029 -0.049270418 0.351535916 0.150459170 -0.061682787 0.031138202 0.042729050 0.996694505
1341846377.401870 -0.046529572 0.350832492 0.144116849 -0.063237838 0.031738333 0.040605523 0.996666849
1341846377.434052 -0.047637597 0.343248963 0.150526851 -0.065300182 0.031121686 0.041271016 0.996526003
1341846377.466127 -0.046078693 0.338045090 0.147961900 -0.063665546 0.031345624 0.040826678 0.996643066
1341846377.502027 -0.042038415 0.340587258 0.145149797 -0.061501503 0.031264137 0.036787845 0.996938705
1341846377.534114 -0.043980327 0.337492049 0.148046255 -0.060779307 0.034379687 0.033485163 0.996996820
1341846377.566085 -0.045032565 0.323397934 0.143260211 -0.060535870 0.035791330 0.035756737 0.996883035
1341846377.602113 -0.043150403 0.320769161 0.144423351 -0.057965070 0.034915838 0.036635943 0.997034967
1341846377.633912 -0.044967901 0.294434547 0.145138964 -0.054953519 0.036771137 0.032478169 0.997282863
1341846377.676329 -0.040681340 0.304032147 0.137555838 -0.048359726 0.037188105 0.032532949 0.997607112
1341846377.743964 -0.043224718 0.281062037 0.135586500 -0.041757584 0.035236064 0.028616047 0.998096108
1341846377.802535 -0.043698974 0.267933607 0.129962534 -0.040277835 0.034732047 0.029406268 0.998151600
1341846377.835932 -0.045565311 0.243810400 0.127764598 -0.036054712 0.037047278 0.030009266 0.998211920
1341846377.872063 -0.050875388 0.243581995 0.109159410 -0.033061925 0.034395333 0.038797576 0.998107553
1341846377.902201 -0.040692732 0.238092586 0.122544207 -0.032837309 0.027138488 0.038836516 0.998337090
1341846377.939383 -0.033464719 0.233611792 0.125828922 -0.028027222 0.030174727 0.030303312 0.998691976
1341846377.970635 -0.045038372 0.225520134 0.102594815 -0.030912574 0.033340432 0.033000629 0.998420656
1341846378.002401 -0.041156445 0.206149608 0.107990056 -0.035425533 0.026778568 0.033569179 0.998449326
1341846378.038883 -0.034777701 0.196202844 0.108164109 -0.031952899 0.026812896 0.030968335 0.998649597
1341846378.106524 -0.045767728 0.182164893 0.116179504 -0.034055736 0.027909894 0.027647296 0.998647511
1341846378.138114 -0.040117502 0.170799509 0.113656208 -0.032688525 0.028329553 0.022299957 0.998815119
1341846378.170157 -0.033739574 0.164322197 0.091522567 -0.032175634 0.029412163 0.015193535 0.998933792
1341846378.206045 -0.043211930 0.149292305 0.102720849 -0.035031583 0.031569522 0.010026387 0.998837173
1341846378.238081 -0.043345962 0.127200007 0.105338834 -0.035780054 0.031620812 0.008439624 0.998823643
1341846378.275916 -0.038026750 0.120785080 0.102542751 -0.032271389 0.031154970 0.007653362 0.998964131
1341846378.312389 -0.035160899 0.115879633 0.100822009 -0.031126099 0.033230178 0.004704762 0.998951852
1341846378.344267 -0.034263935 0.094761543 0.100339599 -0.031576123 0.035851981 0.003435824 0.998852193
1341846378.376036 -0.031089092 0.081051983 0.082006350 -0.028282961 0.037028305 0.004357807 0.998904407
1341846378.411936 -0.032725241 0.077947818 0.089240216 -0.025609523 0.038415939 0.001870187 0.998931885
1341846378.444079 -0.034549482 0.063897990 0.088499419 -0.025103318 0.041335106 -0.002411201 0.998827040
1341846378.480041 -0.036836233 0.052374985 0.075018190 -0.024472026 0.042015430 -0.004406526 0.998807490
1341846378.512023 -0.034445882 0.043121427 0.078824349 -0.024925167 0.039646100 -0.005103313 0.998889804
1341846378.543975 -0.023991939 0.042108025 0.082968801 -0.020981496 0.040420949 -0.009764273 0.998914719
1341846378.579973 -0.031030687 0.027422272 0.077377029 -0.020044979 0.043667495 -0.012418631 0.998767793
1341846378.612676 -0.029642226 0.018425696 0.077608764 -0.017642455 0.043485392 -0.012789434 0.998816431
1341846378.643945 -0.022965664 0.000814423 0.068901874 -0.015174577 0.045658838 -0.014046862 0.998743057
1341846378.679954 -0.027268518 -0.004016208 0.063015915 -0.011735251 0.047243185 -0.013824401 0.998718798
1341846378.742199 -0.016272914 -0.023532560 0.056388173 -0.006544644 0.050443243 -0.020070644 0.998503804
1341846378.774089 -0.030726613 -0.025570340 0.070118897 -0.000801704 0.055724118 -0.020229705 0.998240888
1341846378.805994 -0.032785729 -0.029377222 0.068163052 0.002700896 0.056040727 -0.018359423 0.998256028
1341846378.842121 -0.024194993 -0.034814637 0.057604648 0.004861711 0.056325693 -0.020717453 0.998185635
1341846378.874022 -0.024953337 -0.046763916 0.059502684 0.006864601 0.059039157 -0.024246629 0.997937560
1341846378.911788 -0.027132105 -0.052088063 0.060962524 0.009522241 0.060863670 -0.022706699 0.997842371
1341846378.974034 -0.021506622 -0.068252571 0.055465739 0.013139015 0.061908416 -0.025203211 0.997677088
1341846379.009977 -0.017985949 -0.078656815 0.035760246 0.014658151 0.064143069 -0.024816975 0.997524381
1341846379.041991 -0.014848188 -0.084676944 0.039469406 0.015959371 0.064904056 -0.025430238 0.997439742
1341846379.078155 -0.009233443 -0.095029183 0.034045935 0.016905539 0.066328436 -0.029815890 0.997209013
1341846379.109871 -0.011725110 -0.099854082 0.033190534 0.018021995 0.067291290 -0.029973164 0.997120202
1341846379.142034 -0.009775801 -0.112235166 0.032425985 0.017127499 0.067232735 -0.030057358 0.997137368
1341846379.178080 -0.012048723 -0.127820104 0.025233222 0.019460868 0.069027491 -0.035249557 0.996801853
1341846379.209979 -0.010875704 -0.137092367 0.031447481 0.025921065 0.069978416 -0.035140861 0.996592283
1341846379.242047 -0.014526949 -0.154789999 0.027374076 0.031741187 0.067342326 -0.033383179 0.996665955
1341846379.278304 -0.011446695 -0.166220263 0.032079313 0.037193164 0.065855742 -0.036535196 0.996466160
1341846379.310076 -0.003748436 -0.178329289 0.019719684 0.045541264 0.069105953 -0.039721284 0.995777369
1341846379.346166 -0.011593645 -0.187306210 0.024414582 0.051849116 0.071917027 -0.038376328 0.995322466
1341846379.377944 -0.011954620 -0.196266249 0.032155775 0.058643654 0.072212987 -0.037894458 0.994942307
1341846379.409974 -0.010612628 -0.194895908 0.037086271 0.069029376 0.074421100 -0.038269360 0.994098544
1341846379.446065 -0.002229743 -0.197592109 0.017187607 0.073554024 0.074566096 -0.035041019 0.993882179
1341846379.478631 0.001638363 -0.195807084 0.011377806 0.073922746 0.073506683 -0.033460580 0.993988216
1341846379.511214 0.007202006 -0.203593239 0.005930767 0.072135963 0.074736759 -0.036497477 0.993920922
1341846379.546204 -0.003713690 -0.214244753 0.015372395 0.073108956 0.077249892 -0.036055453 0.993673742
1341846379.578217 -0.009588677 -0.202077091 0.013637744 0.075284861 0.073128469 -0.032089159 0.993959129
1341846379.614096 0.002792619 -0.207614422 0.010962472 0.072626404 0.069850020 -0.031079017 0.994424701
1341846379.646030 0.001067590 -0.205003664 0.011393623 0.071096584 0.072412707 -0.031564310 0.994336665
1341846379.678830 -0.006875596 -0.205455363 0.008748643 0.068759263 0.071980208 -0.029312165 0.994601309
1341846379.714071 -0.006519142 -0.202709943 0.014026653 0.066967800 0.068557762 -0.026221201 0.995051563
1341846379.746082 0.001528758 -0.204221234 0.009090957 0.064819962 0.068240561 -0.025684867 0.995229542
1341846379.778087 -0.006084930 -0.188087255 0.012243090 0.063397236 0.070155360 -0.022888634 0.995256305
1341846379.813931 -0.012203717 -0.184099331 0.010310667 0.058769986 0.068006404 -0.020913593 0.995732784
1341846379.845927 -0.002448473 -0.179545596 0.008529624 0.054630172 0.065653138 -0.018664710 0.996171057
1341846379.881893 -0.004461497 -0.161996275 0.024770480 0.051112458 0.066138387 -0.015232629 0.996384025
1341846379.913954 -0.004648726 -0.153791264 0.024358789 0.043697957 0.064206973 -0.010408418 0.996925056
1341846379.946050 -0.008965952 -0.150939852 0.030699810 0.036195673 0.062795125 -0.009811261 0.997321606
1341846379.981969 -0.017332835 -0.150646836 0.033621050 0.031021666 0.062088143 -0.007766592 0.997558236
1341846380.013935 -0.020464754 -0.140185311 0.036396727 0.026777096 0.059063431 -0.002919726 0.997890770
1341846380.046124 -0.016447771 -0.130947888 0.029345252 0.020736476 0.056098800 0.000179613 0.998209834
1341846380.082142 -0.011923418 -0.118982740 0.046698850 0.015845656 0.055894021 0.000025302 0.998310983
1341846380.114330 -0.015957955 -0.118208513 0.052412450 0.010948625 0.057060625 0.002338314 0.998307943
1341846380.150278 -0.021795245 -0.120736182 0.055876814 0.008356540 0.055802733 0.005535370 0.998391509
1341846380.182030 -0.019503931 -0.109918475 0.062327072 0.009791351 0.054253232 0.007399673 0.998451769
1341846380.213908 -0.018057860 -0.089299478 0.057354383 0.009322792 0.054054644 0.007472057 0.998466492
1341846380.250090 -0.020796806 -0.061573088 0.045477513 0.004170687 0.055558849 0.004049418 0.998438478
1341846380.281996 -0.020667074 -0.061624270 0.054877173 -0.005729226 0.060608853 0.002221936 0.998142660
1341846380.318009 -0.018921690 -0.050787956 0.053530715 -0.010101417 0.063739844 0.003428824 0.997909546
1341846380.350031 -0.017564084 -0.040405151 0.056832474 -0.016034557 0.064536333 0.008575277 0.997749686
1341846380.382297 -0.015734751 -0.032753158 0.056928687 -0.020135194 0.065298520 0.010906970 0.997602999
1341846380.418020 -0.014924947 -0.021609355 0.072659485 -0.023777546 0.066222668 0.012722929 0.997440398
1341846380.450059 -0.025754651 -0.020620476 0.073201813 -0.032756027 0.064139277 0.020157376 0.997199535
1341846380.481987 -0.022689495 -0.008827928 0.075149097 -0.040796660 0.057523392 0.024609547 0.997206628
1341846380.518026 -0.008278623 -0.018220665 0.068154119 -0.048094027 0.053050969 0.025411958 0.997109234
1341846380.549973 -0.008077757 -0.014547629 0.075582184 -0.050632093 0.052015670 0.026072159 0.997021079
1341846380.585876 -0.011676783 -0.004372561 0.082670867 -0.050122630 0.048129443 0.025752191 0.997250259
1341846380.617833 -0.007793979 -0.006569969 0.077066362 -0.049807921 0.044607013 0.025650015 0.997432411
1341846380.650010 -0.007724197 -0.003079827 0.075055249 -0.046136647 0.044178739 0.023267046 0.997686446
1341846380.686058 -0.005384309 0.002582485 0.073920183 -0.042899717 0.041858222 0.022514613 0.997948170
1341846380.718154 -0.008094830 0.000742976 0.071388237 -0.041344684 0.040750459 0.022425989 0.998061657
1341846380.750063 -0.000745742 -0.003974281 0.065786719 -0.036901966 0.039891999 0.021972049 0.998280525
1341846380.785897 -0.003681131 0.004098629 0.062812321 -0.030997664 0.040837832 0.024706520 0.998379171
1341846380.818263 -0.004699458 0.019064480 0.061338145 -0.028222259 0.036819108 0.026149545 0.998580992
1341846380.854055 -0.002490768 0.013288230 0.066595003 -0.027965769 0.034168586 0.023520378 0.998747826
1341846380.886150 -0.002714299 0.019643243 0.074842878 -0.022882087 0.033802498 0.023209982 0.998896897
1341846380.918124 -0.016414732 0.033368163 0.080691472 -0.021934710 0.031215671 0.024495665 0.998971701
1341846380.954125 -0.006718321 0.033880573 0.096944757 -0.021941304 0.025208578 0.022706570 0.999183416
1341846380.985985 -0.007636338 0.013545447 0.081744641 -0.024044754 0.026920546 0.020107709 0.999146044
1341846381.018098 -0.010263803 0.025250133 0.092713498 -0.021303847 0.028090388 0.021165429 0.999154210
1341846381.054072 -0.002488506 0.021038402 0.104008622 -0.020894622 0.023827149 0.021478705 0.999266922
1341846381.086074 0.006053369 0.015951313 0.107878104 -0.016322363 0.023197683 0.021854334 0.999358773
1341846381.122035 0.005695045 0.028667735 0.117772408 -0.012426836 0.024401236 0.023921225 0.999338746
1341846381.159808 0.005571064 0.024810808 0.125041857 -0.013470880 0.024417434 0.022302836 0.999362290
1341846381.222118 0.021934988 0.034372330 0.146252647 -0.011910673 0.026407732 0.025995458 0.999242246
1341846381.254198 0.030392764 0.028188409 0.154396057 -0.015378408 0.029585810 0.025161270 0.999127150
1341846381.289977 0.038387306 0.026735060 0.175000399 -0.014491867 0.036329769 0.024788741 0.998927236
1341846381.322365 0.034728598 0.038394898 0.189644799 -0.012877489 0.039497800 0.030240782 0.998678923
1341846381.353963 0.038345486 0.037892491 0.200906560 -0.015146784 0.040212069 0.035307296 0.998452306
1341846381.389983 0.058493257 0.040672779 0.203431353 -0.016753554 0.041950196 0.036753092 0.998302937
1341846381.421973 0.049494926 0.041435618 0.218267024 -0.021102844 0.049911670 0.038651310 0.997782350
1341846381.454108 0.050910823 0.036471989 0.235260934 -0.024780797 0.051524058 0.039167393 0.997595668
1341846381.489891 0.061564021 0.024766775 0.237452805 -0.023953287 0.054137666 0.039664302 0.997457862
1341846381.521988 0.062767051 0.022966465 0.255952597 -0.018814430 0.058452692 0.046121649 0.997046709
1341846381.558072 0.067909606 0.029853776 0.266322643 -0.014680325 0.060904332 0.050131496 0.996775806
1341846381.589879 0.073606223 0.030356405 0.269507438 -0.013447014 0.064401127 0.048829425 0.996638060
1341846381.622018 0.078141555 0.034532435 0.287042618 -0.014061034 0.068100020 0.047088582 0.996467471
1341846381.657894 0.080802314 0.028358184 0.304751694 -0.014917650 0.071567200 0.044614777 0.996325850
1341846381.689870 0.086908296 0.021637980 0.314281970 -0.011038909 0.074516900 0.041696675 0.996286511
1341846381.722338 0.088546544 0.028370252 0.325786918 -0.007827372 0.077179275 0.042138394 0.996095598
1341846381.758166 0.091439597 0.027223067 0.338699907 -0.007863831 0.079209946 0.041087911 0.995979786
1341846381.790889 0.095156342 0.022982359 0.350523919 -0.006444873 0.080715865 0.040660355 0.995886624
1341846381.826591 0.104574114 0.021316521 0.362150282 -0.004077259 0.082841665 0.039812088 0.995758832
1341846381.859589 0.095484942 0.023470530 0.380891085 -0.002549432 0.083444744 0.040934816 0.995668054
1341846381.890538 0.105503775 0.023596494 0.393619627 -0.001098699 0.077469110 0.044080041 0.996019185
1341846381.926191 0.110177234 0.027680775 0.396565646 0.000069286 0.075222768 0.041049138 0.996321499
1341846381.958121 0.107778795 0.039976310 0.404625773 -0.001422590 0.072458498 0.040079717 0.996564746
1341846381.990050 0.092844658 0.030711912 0.418473721 -0.007584882 0.067397043 0.039937142 0.996897757
1341846382.026007 0.118485324 0.032388192 0.430394173 -0.010905882 0.059210885 0.036758721 0.997508824
1341846382.059217 0.118700698 0.035856187 0.441088289 -0.016096158 0.059710793 0.031695426 0.997582555
1341846382.094090 0.113971084 0.030402541 0.457407862 -0.021928117 0.058444072 0.032323301 0.997526288
1341846382.126195 0.129030541 0.023657953 0.470150173 -0.023472365 0.053725198 0.033242390 0.997726202
1341846382.158170 0.134833381 0.022443943 0.482081026 -0.023561733 0.054335739 0.034338664 0.997653902
1341846382.194097 0.134060994 0.022878353 0.491816252 -0.024259306 0.055557687 0.036170453 0.997505128
1341846382.226010 0.135622472 0.019447606 0.505183697 -0.024567852 0.055570811 0.037648618 0.997442186
1341846382.258172 0.142351016 0.016797055 0.513866127 -0.024869299 0.055388264 0.037794467 0.997439325
1341846382.294020 0.144320741 0.018246511 0.523653269 -0.024584034 0.057736646 0.035379052 0.997401834
1341846382.325957 0.134712890 0.024114529 0.539605796 -0.024218002 0.058825176 0.032737438 0.997437358
1341846382.361974 0.134903759 0.016370166 0.553479850 -0.026050743 0.057600822 0.031635910 0.997498214
1341846382.393888 0.137190983 0.013032459 0.561997354 -0.025232939 0.055673853 0.030399300 0.997667074
1341846382.425972 0.136688396 0.017519280 0.574657500 -0.024320189 0.054788955 0.026326755 0.997854531
1341846382.462037 0.132054999 0.018917423 0.586801469 -0.025253966 0.053888671 0.022260655 0.997979283
1341846382.494003 0.127369583 0.011261754 0.601094246 -0.028335368 0.052061949 0.016956452 0.998097718
1341846382.530148 0.132528335 0.014755051 0.614981353 -0.027123073 0.048716623 0.014798234 0.998334646
1341846382.562400 0.131568268 0.014321960 0.627246082 -0.026092717 0.048862092 0.013504346 0.998373330
1341846382.593981 0.137037158 0.010040395 0.634643555 -0.026081426 0.047706582 0.013814461 0.998425245
1341846382.629905 0.144220531 -0.009816534 0.643317759 -0.026048094 0.047035821 0.016842682 0.998411477
1341846382.661966 0.134220243 0.007460313 0.648247540 -0.019636530 0.049297117 0.019115698 0.998408139
1341846382.693976 0.129848093 0.005766580 0.655569017 -0.021081038 0.050058175 0.019943966 0.998324573
1341846382.730021 0.132820740 0.010578502 0.663278401 -0.018778564 0.050642703 0.018663583 0.998365819
1341846382.762004 0.126477003 0.011345133 0.671411335 -0.018662915 0.052305121 0.020453803 0.998247206
1341846382.798112 0.126025498 0.015318424 0.675028145 -0.020482771 0.050286602 0.018710237 0.998349488
1341846382.829949 0.128278270 0.011468815 0.681282103 -0.023253443 0.051385373 0.012193942 0.998333693
1341846382.861875 0.131153390 0.009769294 0.687716305 -0.024197198 0.052206248 0.009576652 0.998297215
1341846382.897967 0.127073154 0.009846789 0.690933466 -0.024253260 0.053228565 0.010671671 0.998230755
1341846382.930017 0.133166894 0.004930410 0.690155983 -0.023733065 0.053291529 0.011690094 0.998228490
1341846382.962121 0.134457499 0.010917301 0.693809569 -0.021097772 0.056098063 0.010723202 0.998144746
1341846382.997950 0.131319895 0.012035442 0.700440884 -0.020639835 0.057734914 0.012114708 0.998045027
1341846383.029927 0.135551423 0.013429254 0.705032825 -0.019226667 0.056785431 0.012823340 0.998118877
1341846383.104184 0.133764073 0.020489683 0.704700172 -0.021029808 0.062468600 0.004651570 0.997814476
1341846383.172122 0.132230863 0.012405133 0.709654033 -0.025161617 0.061549459 0.004281188 0.997777641
1341846383.236935 0.132712305 0.007203356 0.714160800 -0.027527893 0.069840521 0.004440641 0.997168362
1341846383.272112 0.142624125 0.000610774 0.717183769 -0.027680097 0.066349626 0.008377048 0.997377217
1341846383.303955 0.151954591 0.005546120 0.709591269 -0.026174203 0.065654539 0.010133465 0.997447610
1341846383.336133 0.150316194 0.015936678 0.710078180 -0.027125342 0.067040950 0.010250681 0.997328758
1341846383.398119 0.151951790 0.006664228 0.709768176 -0.030340971 0.066006966 0.012732283 0.997276485
1341846383.433991 0.154220000 0.000674757 0.700830400 -0.031952862 0.067459561 0.012753328 0.997128665
1341846383.466087 0.150928065 0.004226248 0.701917648 -0.030947598 0.068180427 0.014661806 0.997085094
1341846383.501974 0.147434428 0.006684131 0.698560238 -0.029815122 0.066732652 0.017249513 0.997176170
1341846383.533975 0.148083195 0.004971511 0.691856444 -0.029534262 0.064105645 0.016727204 0.997365713
1341846383.565981 0.143971220 0.010134062 0.684258044 -0.029039951 0.063892066 0.014834020 0.997423887
1341846383.602253 0.133331642 0.006649309 0.681083620 -0.029844888 0.062903032 0.014652116 0.997465670
1341846383.634175 0.119212426 0.010470579 0.675379813 -0.028238472 0.059470315 0.013984301 0.997732580
1341846383.665988 0.120616980 0.015561931 0.666887999 -0.027940402 0.054673992 0.012577784 0.998034000
1341846383.702104 0.116144948 0.003297303 0.659283221 -0.031420048 0.052264176 0.009859723 0.998090208
1341846383.734131 0.108889081 -0.004281676 0.650016129 -0.033273350 0.048084028 0.010066715 0.998238206
1341846383.770067 0.093288653 -0.003347712 0.640226066 -0.032406155 0.045587189 0.013713864 0.998340428
1341846383.802027 0.100190498 0.010023183 0.633955538 -0.028918864 0.039815474 0.012332129 0.998712361
1341846383.870067 0.087030396 0.018518414 0.613463938 -0.027944775 0.034909233 0.014049970 0.998900890
1341846383.901854 0.089363948 0.020700822 0.602882087 -0.027685691 0.030670159 0.014954111 0.999034166
1341846383.934301 0.079989128 0.021725530 0.594154656 -0.030367589 0.030663116 0.013825072 0.998972654
1341846383.969997 0.076866858 0.012928090 0.587418914 -0.032890469 0.028525937 0.013488445 0.998960733
1341846384.001936 0.073086224 0.011304398 0.573981047 -0.031010693 0.025439359 0.017266495 0.999046087
1341846384.038092 0.071313150 0.022974225 0.560583413 -0.027588803 0.020069620 0.018735744 0.999242246
1341846384.070104 0.077177145 0.021189580 0.548190117 -0.029476391 0.017312953 0.015760459 0.999291241
1341846384.102008 0.071848705 0.012620639 0.539180398 -0.029438125 0.017443886 0.014865581 0.999303818
1341846384.138265 0.061318502 0.012297252 0.526008010 -0.028230919 0.014904836 0.017449986 0.999337971
1341846384.170093 0.069010742 0.018444166 0.516262591 -0.028017487 0.011128799 0.016649252 0.999406815
1341846384.202188 0.065579742 0.018833177 0.506020904 -0.027243853 0.012707662 0.014419140 0.999444008
1341846384.237844 0.056356847 0.021790989 0.495584965 -0.027172994 0.014239031 0.013798178 0.999434114
1341846384.269968 0.056503564 0.015865996 0.484643549 -0.028036810 0.012272144 0.015811659 0.999406457
1341846384.306015 0.058174629 0.021864619 0.475444406 -0.025529733 0.011625345 0.015110527 0.999492228
1341846384.337907 0.049499497 0.022837607 0.463271260 -0.025672521 0.013386719 0.014750949 0.999471903
1341846384.369865 0.050598159 0.022902906 0.453357786 -0.027206002 0.011794812 0.014343057 0.999457359
1341846384.406199 0.049691767 0.023276050 0.440922618 -0.026397297 0.012692207 0.011779108 0.999501526
1341846384.437788 0.041390527 0.029150590 0.431869388 -0.026096066 0.013506988 0.010991560 0.999507725
1341846384.469882 0.041821260 0.030778557 0.421079695 -0.028625688 0.012088495 0.009159081 0.999475121
1341846384.506115 0.041861832 0.026168687 0.409535766 -0.030489292 0.013509908 0.005438048 0.999428988
1341846384.537970 0.039851513 0.033899274 0.403344452 -0.030875456 0.016060133 0.004970690 0.999381840
1341846384.573994 0.034194075 0.029335624 0.399107635 -0.032705553 0.016324757 0.007329511 0.999304831
1341846384.606493 0.032187920 0.026048237 0.390432686 -0.031018276 0.014805898 0.011912335 0.999338150
1341846384.637999 0.031426266 0.032077104 0.381013215 -0.028641062 0.013669911 0.014281335 0.999394238
1341846384.674068 0.029803105 0.031804089 0.373939186 -0.029448751 0.012118954 0.012952762 0.999408901
1341846384.705921 0.024162071 0.032939475 0.362495452 -0.028417367 0.011984054 0.011300297 0.999460399
1341846384.742045 0.018043939 0.043359220 0.356418401 -0.027377851 0.009812935 0.010566540 0.999521136
1341846384.774082 0.016851099 0.044258848 0.348420084 -0.030428035 0.007504385 0.007357536 0.999481678
1341846384.805987 0.012571377 0.041639764 0.338493705 -0.032056727 0.007680356 0.001853793 0.999454796
1341846384.842025 0.007195594 0.044892021 0.329341680 -0.032578893 0.006462448 0.000716361 0.999448001
1341846384.874081 0.005097905 0.043652911 0.318037182 -0.033714309 0.004661964 0.002781700 0.999416769
1341846384.905998 0.005465847 0.042904742 0.308003545 -0.032099735 0.004189633 0.005337246 0.999461651
1341846384.942014 0.001070837 0.051428366 0.299520940 -0.030764721 0.004679180 0.008308639 0.999481142
1341846384.974049 0.000904578 0.045336526 0.292391211 -0.032816920 0.003803779 0.011086380 0.999392629
1341846385.009917 -0.003850530 0.044823349 0.286627382 -0.030568102 0.005107219 0.015296360 0.999402583
1341846385.042211 -0.009911567 0.051769566 0.273631990 -0.028800998 0.006303671 0.017680712 0.999408901
1341846385.073967 -0.011645922 0.052262496 0.270451605 -0.030363286 0.007140062 0.016742574 0.999373198
1341846385.110157 -0.013780281 0.046354316 0.260570437 -0.030062918 0.008437212 0.016904540 0.999369442
1341846385.141931 -0.020065850 0.041982375 0.255913734 -0.029061826 0.009501585 0.019092729 0.999350071
1341846385.173929 -0.026044136 0.043067303 0.247357070 -0.027765851 0.008271570 0.018475924 0.999409437
1341846385.210052 -0.022830600 0.043178987 0.238456145 -0.026324408 0.007329415 0.012479897 0.999548674
1341846385.242941 -0.030470155 0.044018205 0.234733209 -0.025137639 0.008599903 0.006324960 0.999626994
1341846385.278001 -0.033265311 0.040011037 0.229835257 -0.025334224 0.007645371 0.003111812 0.999644935
1341846385.311234 -0.039230708 0.035873976 0.219603688 -0.023181507 0.007535198 0.002747107 0.999699116
1341846385.342936 -0.047219872 0.036343366 0.212987676 -0.020149129 0.006645955 0.001394037 0.999773920
1341846385.378101 -0.052110367 0.043276731 0.204943731 -0.019008860 0.007022289 -0.000705026 0.999794424
1341846385.410048 -0.058267690 0.039512277 0.201545551 -0.019523565 0.005934166 -0.000975256 0.999791324
1341846385.442088 -0.069457613 0.038680211 0.195028171 -0.019175580 0.004487390 -0.001268801 0.999805272
1341846385.477970 -0.079356022 0.044894867 0.185806453 -0.019176189 0.001560877 -0.001141335 0.999814212
1341846385.510109 -0.081888251 0.042585373 0.178414583 -0.020062888 -0.000571231 -0.000353131 0.999798477
1341846385.545989 -0.093876518 0.042703219 0.171980932 -0.020565143 -0.002579831 -0.001359989 0.999784231
1341846385.577939 -0.099389285 0.045438573 0.163289234 -0.021633156 -0.007626999 -0.001181231 0.999736190
1341846385.609948 -0.101452515 0.040877260 0.161561087 -0.022986801 -0.010708906 -0.000527840 0.999678254
1341846385.646024 -0.125671566 0.047815032 0.149836376 -0.022384606 -0.011166843 -0.000148492 0.999687076
1341846385.678122 -0.128449887 0.046542030 0.147912383 -0.024656504 -0.018244702 0.002149672 0.999527156
1341846385.713966 -0.125546142 0.048191428 0.137106001 -0.024483385 -0.021623656 0.002618448 0.999462903
1341846385.745986 -0.131242126 0.049536910 0.125411272 -0.023587912 -0.021340247 0.003231068 0.999488771
1341846385.778024 -0.142098799 0.064687528 0.121315859 -0.021334808 -0.023534460 0.007316551 0.999468565
1341846385.814480 -0.139485359 0.069244586 0.118819378 -0.021172389 -0.025285210 0.005471076 0.999441087
1341846385.846594 -0.140302107 0.070004955 0.105538458 -0.021715183 -0.022807887 0.003135841 0.999499083
1341846385.884072 -0.156058326 0.069977038 0.095174313 -0.022994496 -0.019429572 0.005755112 0.999530196
1341846385.920282 -0.155266494 0.072002679 0.093530372 -0.023404874 -0.022299906 0.007616947 0.999448299
1341846385.951967 -0.149695501 0.072842769 0.082661174 -0.023181412 -0.020894762 0.004974519 0.999500513
1341846385.983828 -0.159180611 0.073558502 0.073844828 -0.022700928 -0.016324267 0.004287307 0.999599814
1341846386.019954 -0.169337749 0.069525853 0.068201795 -0.023039479 -0.015798688 0.007481781 0.999581695
1341846386.053153 -0.168246016 0.068976752 0.063805513 -0.021599980 -0.017855383 0.006638465 0.999585152
1341846386.087964 -0.166395411 0.072483249 0.055979721 -0.018113203 -0.015906760 0.001657325 0.999707997
1341846386.120298 -0.173323452 0.073041640 0.048054732 -0.016865693 -0.012687852 -0.000647203 0.999777019
1341846386.152323 -0.181309178 0.063002147 0.040961433 -0.015980110 -0.012518667 -0.000776531 0.999793589
1341846386.187922 -0.179698884 0.070810199 0.034827560 -0.011885202 -0.014335843 -0.003948259 0.999818802
1341846386.220214 -0.177082479 0.067598328 0.024074599 -0.010302823 -0.014138709 -0.009195806 0.999804676
1341846386.251878 -0.179666132 0.059658486 0.007744066 -0.008222222 -0.012456362 -0.011461910 0.999822915
1341846386.287926 -0.187944695 0.057418317 -0.000045929 -0.005639795 -0.013288797 -0.011757221 0.999826670
1341846386.320048 -0.183928296 0.065094881 -0.011178845 -0.002118165 -0.015411837 -0.015571260 0.999757707
1341846386.351806 -0.179039270 0.063889213 -0.022531122 -0.000793940 -0.013765019 -0.020268584 0.999699473
1341846386.387904 -0.188794836 0.059745517 -0.040052149 0.000644901 -0.012031797 -0.019812891 0.999731064
1341846386.420158 -0.191884845 0.062498819 -0.055768427 0.002792665 -0.014173513 -0.018302463 0.999728143
1341846386.488011 -0.181642294 0.072588652 -0.089430153 0.004726312 -0.018808510 -0.021333167 0.999584317
1341846386.550203 -0.195725381 0.066567570 -0.117143460 0.006062646 -0.017698335 -0.021718435 0.999589026
1341846386.582265 -0.195857242 0.076730572 -0.149426669 0.007216447 -0.020927485 -0.019371867 0.999567211
1341846386.618055 -0.186905250 0.081925318 -0.169266701 0.007089328 -0.021634737 -0.021378735 0.999512196
1341846386.651032 -0.191100389 0.084769398 -0.187682807 0.005870163 -0.020011509 -0.022385966 0.999531865
1341846386.682220 -0.192963034 0.087402932 -0.202954367 0.003427162 -0.021325879 -0.021236902 0.999541104
1341846386.718071 -0.183311924 0.083691709 -0.214904994 0.002236568 -0.023208629 -0.017826721 0.999569178
1341846386.750071 -0.175815701 0.086699449 -0.234547704 0.004427377 -0.020995522 -0.017494960 0.999616623
1341846386.786100 -0.184499711 0.093143016 -0.248666555 0.005362879 -0.017657254 -0.014306977 0.999727309
1341846386.817967 -0.181297392 0.088711895 -0.263836086 0.006120209 -0.018334139 -0.013650240 0.999720037
1341846386.850155 -0.173995972 0.095651604 -0.287999332 0.007270048 -0.017370015 -0.013339874 0.999733746
1341846386.886034 -0.174450263 0.097994268 -0.297308415 0.007214345 -0.014267632 -0.011884234 0.999801576
1341846386.918050 -0.177849486 0.098358922 -0.311620206 0.007600948 -0.012182136 -0.008516228 0.999860644
1341846386.954005 -0.177889153 0.102919519 -0.323676676 0.008443343 -0.011419947 -0.006209459 0.999879897
1341846386.986155 -0.171695709 0.106211893 -0.339338750 0.008106542 -0.010298683 -0.004722111 0.999902904
1341846387.018027 -0.170265988 0.102193370 -0.344595164 0.007376217 -0.005770975 -0.002921721 0.999951839
1341846387.054058 -0.178130537 0.103559874 -0.354917735 0.009033863 -0.003596414 -0.000853227 0.999952316
1341846387.086157 -0.173993170 0.108161822 -0.367470741 0.009999439 -0.003907426 -0.001034329 0.999941826
1341846387.118350 -0.168055370 0.105137952 -0.379872680 0.010626145 -0.000867372 -0.004057253 0.999934912
1341846387.153927 -0.178601682 0.105667815 -0.394794255 0.011948801 0.002138964 -0.004377690 0.999916732
1341846387.185953 -0.180186346 0.116544411 -0.403431296 0.012497407 0.001190439 -0.004057908 0.999912977
1341846387.222042 -0.177045196 0.114884309 -0.412624568 0.009946212 0.000244988 -0.005497003 0.999935389
1341846387.253968 -0.173721597 0.113042139 -0.426529378 0.008955040 0.001983830 -0.007917929 0.999926567
1341846387.286046 -0.183038279 0.117538899 -0.437008590 0.008058623 0.002828012 -0.005748327 0.999947011
1341846387.322002 -0.173862278 0.117959686 -0.448491544 0.006185879 0.000783208 -0.004547406 0.999970198
1341846387.353879 -0.168357506 0.115128174 -0.454098672 0.004623479 0.002238218 -0.005084650 0.999973893
1341846387.386177 -0.177704349 0.115183510 -0.465099663 0.004422165 0.002853466 -0.000998074 0.999985635
1341846387.422132 -0.171288475 0.117791310 -0.471879125 0.005005334 0.001057918 0.000788675 0.999986589
1341846387.454043 -0.166097298 0.121953689 -0.493061453 0.005435182 0.002152583 -0.000835345 0.999982536
1341846387.490166 -0.173183590 0.121560112 -0.500997782 0.004772411 0.003479035 -0.000161183 0.999982536
1341846387.522009 -0.173565224 0.121837296 -0.506510198 0.005036040 0.001235749 0.004254941 0.999977529
1341846387.554619 -0.166113302 0.126758739 -0.519978046 0.005486411 0.000039918 0.005923949 0.999967396
1341846387.590257 -0.164644018 0.138316467 -0.531896114 0.004578476 0.000966287 0.005235190 0.999975324
1341846387.622301 -0.164267391 0.137846872 -0.536286056 0.001546375 0.002351049 0.005974565 0.999978185
1341846387.654151 -0.170755595 0.134872630 -0.541015804 -0.000478128 0.002426519 0.006343742 0.999976814
1341846387.690110 -0.169855446 0.138809144 -0.553971291 -0.001546029 0.000181705 0.005542339 0.999983430
1341846387.722109 -0.168764159 0.142179087 -0.557621062 -0.003626448 -0.000865653 0.004947034 0.999980807
1341846387.758177 -0.170839310 0.136898801 -0.564738810 -0.005334354 -0.001486129 0.006179159 0.999965549
1341846387.790191 -0.179318428 0.135861218 -0.568749666 -0.004911344 -0.002462269 0.009231415 0.999942303
1341846387.822157 -0.173791975 0.143494830 -0.576337934 -0.003502588 -0.005112968 0.009710522 0.999933660
1341846387.858179 -0.174705148 0.147445142 -0.586910188 -0.004038257 -0.006154905 0.013062592 0.999887586
1341846387.890013 -0.179095358 0.146551028 -0.591140509 -0.004272289 -0.008379820 0.013823209 0.999860168
1341846387.926103 -0.173738062 0.150787264 -0.598069906 -0.003880461 -0.010002488 0.014015337 0.999844193
1341846387.958426 -0.177228987 0.152113065 -0.600795031 -0.004618351 -0.010068689 0.016365549 0.999804735
1341846387.990086 -0.180383205 0.149191007 -0.604089260 -0.005698649 -0.012326686 0.017831042 0.999748766
1341846388.026158 -0.175652742 0.139411777 -0.594836354 -0.004980679 -0.016581964 0.016668312 0.999711156
1341846388.058060 -0.170650318 0.137018755 -0.592904627 -0.000195687 -0.018752404 0.023083329 0.999557614
1341846388.089974 -0.175738245 0.140609935 -0.590207875 0.005072897 -0.021188920 0.027659763 0.999379933
1341846388.126088 -0.170234054 0.155162692 -0.601040304 0.008388094 -0.023207307 0.026350524 0.999348164
1341846388.158090 -0.158258244 0.174144432 -0.605366826 0.006577870 -0.022458822 0.023599444 0.999447525
1341846388.194068 -0.165109158 0.159780771 -0.592441142 0.000934024 -0.019578448 0.020412892 0.999599457
1341846388.225961 -0.167320043 0.157127693 -0.582880199 0.000197399 -0.019907534 0.017908968 0.999641418
1341846388.257928 -0.160799026 0.164292812 -0.577592194 -0.000406994 -0.020486698 0.019092666 0.999607682
1341846388.294066 -0.164427802 0.153268725 -0.562887430 -0.002066215 -0.020351367 0.018998224 0.999610186
1341846388.325954 -0.158679843 0.159921438 -0.562108278 -0.000461661 -0.021037241 0.017190916 0.999630749
1341846388.357936 -0.158731207 0.158083096 -0.552994847 -0.002392180 -0.019498954 0.015825124 0.999681771
1341846388.394202 -0.164847597 0.151090831 -0.538649380 -0.003901327 -0.019440841 0.014201719 0.999702513
1341846388.425957 -0.155807182 0.153082326 -0.541780889 -0.004106225 -0.021087775 0.011261010 0.999705791
1341846388.462012 -0.156207204 0.147063673 -0.524459243 -0.005475664 -0.018894460 0.008593223 0.999769568
1341846388.493961 -0.159597278 0.139568001 -0.505438387 -0.004948497 -0.019753726 0.008429558 0.999757111
1341846388.526293 -0.155183703 0.139993086 -0.500192940 -0.003109841 -0.021743478 0.008583612 0.999721885
1341846388.562293 -0.146022052 0.137550235 -0.489233971 -0.001677928 -0.020685675 0.006720875 0.999761999
1341846388.594090 -0.152260721 0.138299435 -0.475282937 -0.000785695 -0.018429000 0.005953595 0.999812126
1341846388.626030 -0.152812332 0.137681171 -0.460583717 -0.000833624 -0.019207358 0.005385232 0.999800682
1341846388.662009 -0.146592915 0.125403166 -0.448524803 -0.000303367 -0.018557804 0.003348356 0.999822140
1341846388.694110 -0.148650661 0.134557933 -0.435764998 0.002007354 -0.017223084 0.002688599 0.999846041
1341846388.730239 -0.147159532 0.133755326 -0.417258322 0.000424329 -0.018208560 0.001717505 0.999832630
1341846388.762131 -0.140393212 0.120775394 -0.408030331 -0.000223479 -0.017339790 -0.001099747 0.999849021
1341846388.794087 -0.146052852 0.128906712 -0.399115562 0.001363350 -0.014845425 -0.000330090 0.999888837
1341846388.830117 -0.150434151 0.130233288 -0.376244992 -0.000714985 -0.015885277 0.001449180 0.999872506
1341846388.868548 -0.138625950 0.113526046 -0.369751483 -0.002199170 -0.017122127 0.001417338 0.999849975
1341846388.900942 -0.144311041 0.125275046 -0.354787678 -0.000729118 -0.015028375 0.001065840 0.999886215
1341846388.937157 -0.148473114 0.130396158 -0.330172569 -0.003361699 -0.016190827 0.001431944 0.999862254
1341846388.970712 -0.144469216 0.115658030 -0.317784071 -0.006271506 -0.016907301 0.001874319 0.999835610
1341846389.001153 -0.145358831 0.125412986 -0.299177140 -0.004808106 -0.016453765 -0.000449119 0.999852955
1341846389.036956 -0.147765920 0.120703369 -0.289144725 -0.008139999 -0.016899960 -0.000098235 0.999824047
1341846389.069208 -0.141831860 0.107167490 -0.270068467 -0.011574150 -0.017852712 -0.000985511 0.999773145
1341846389.168276 -0.145323917 0.094171897 -0.234318048 -0.012413824 -0.016887641 0.000445980 0.999780238
1341846389.230639 -0.152510241 0.094087064 -0.197697222 -0.008882891 -0.015803058 0.001820832 0.999834001
1341846389.266034 -0.148859411 0.090467691 -0.183880806 -0.008087274 -0.017660253 0.000058495 0.999811351
1341846389.298760 -0.141305894 0.084053308 -0.178750217 -0.007274643 -0.015831839 -0.000489031 0.999848068
1341846389.329980 -0.146916360 0.083358951 -0.159012705 -0.005661547 -0.013747141 0.000477951 0.999889374
1341846389.366022 -0.143446833 0.090687081 -0.140918866 -0.004297057 -0.014130702 -0.000252999 0.999890864
1341846389.397969 -0.137375101 0.081845053 -0.132671386 -0.004604001 -0.011671520 -0.000311950 0.999921203
1341846389.433982 -0.137042835 0.083204903 -0.117390960 -0.001266426 -0.007770485 -0.000388831 0.999968946
1341846389.466033 -0.140321910 0.088677399 -0.106831744 -0.001149674 -0.006747862 0.001848821 0.999974847
1341846389.498030 -0.134439841 0.084429339 -0.088999182 -0.002063935 -0.007445515 0.001484181 0.999969065
1341846389.534085 -0.128799215 0.088255472 -0.080597155 -0.001115653 -0.004748101 0.000063960 0.999988079
1341846389.565875 -0.133222073 0.096011035 -0.066206686 -0.002314912 -0.002555774 -0.000499175 0.999993920
1341846389.597960 -0.133468226 0.090658329 -0.051358011 -0.007195492 -0.003683300 0.000394941 0.999967217
1341846389.634116 -0.128962681 0.088366516 -0.039064530 -0.008362160 -0.004397030 -0.000875834 0.999954939
1341846389.665950 -0.129405960 0.101102196 -0.033074651 -0.009881459 -0.002818453 -0.002975652 0.999942780
1341846389.702127 -0.126733333 0.090306766 -0.010322403 -0.015097845 -0.002356312 -0.004881863 0.999871314
1341846389.734086 -0.126046464 0.087749399 0.001771715 -0.014799261 -0.004217189 -0.003003261 0.999877095
1341846389.765898 -0.120717429 0.093456805 0.004587341 -0.014460829 -0.005365049 -0.002637441 0.999877572
1341846389.802126 -0.116779245 0.087741800 0.017859541 -0.016290182 -0.005512670 -0.003974416 0.999844193
1341846389.834063 -0.113448225 0.086270623 0.030403672 -0.014527405 -0.005238354 -0.003394777 0.999874949
1341846389.866260 -0.112072080 0.086522721 0.046402447 -0.011789127 -0.005724865 0.000819951 0.999913752
1341846389.902002 -0.108043775 0.086327493 0.049101241 -0.010574075 -0.007205571 0.000966003 0.999917626
1341846389.934117 -0.101698659 0.087052494 0.055714887 -0.009520840 -0.005564298 -0.001457067 0.999938130
1341846389.970116 -0.100999199 0.087694466 0.065668054 -0.009426299 -0.003206609 -0.001701429 0.999948978
1341846390.002129 -0.100406416 0.085245550 0.075226597 -0.009862644 -0.005273378 0.000812552 0.999937117
1341846390.034099 -0.096264876 0.085250281 0.084911451 -0.008728153 -0.008124169 0.000178274 0.999928892
1341846390.070024 -0.092020415 0.089482822 0.093513541 -0.007895620 -0.007106083 -0.004134096 0.999935031
1341846390.101910 -0.091242649 0.086304866 0.105577342 -0.009364601 -0.007275644 -0.004948894 0.999917448
1341846390.137924 -0.085459061 0.081840515 0.112232804 -0.008730670 -0.009934228 -0.003685658 0.999905765
1341846390.170038 -0.078430735 0.088458188 0.112570882 -0.006520319 -0.010005454 -0.004524714 0.999918461
1341846390.202115 -0.078875832 0.089471199 0.124414757 -0.009358696 -0.008416369 -0.006642868 0.999898732
1341846390.238117 -0.075592421 0.082817011 0.137592822 -0.010588666 -0.009845626 -0.004698918 0.999884427
1341846390.270052 -0.070267700 0.083689883 0.137525901 -0.010042133 -0.013294057 0.002106635 0.999858975
1341846390.302085 -0.060183488 0.086956471 0.144617572 -0.011081412 -0.014250980 0.003176003 0.999831975
1341846390.338496 -0.055319849 0.083382823 0.155472025 -0.011432476 -0.012842266 0.005233804 0.999838471
1341846390.370105 -0.059319872 0.088765435 0.166385427 -0.010533610 -0.013940308 0.009663617 0.999800622
1341846390.438106 -0.047216792 0.091357768 0.190090671 -0.015103887 -0.020332655 0.006553983 0.999657691
1341846390.505984 -0.038647581 0.093508050 0.197983742 -0.019980384 -0.029525012 0.011348368 0.999299884
1341846390.538495 -0.029926090 0.096276857 0.204630673 -0.020493032 -0.031293813 0.005812136 0.999283195
1341846390.606055 -0.025541354 0.097861715 0.224998191 -0.023519693 -0.034117181 0.013635281 0.999047995
1341846390.638031 -0.011565018 0.098640725 0.226531759 -0.022967091 -0.037569530 0.015138118 0.998915374
1341846390.673954 -0.002004582 0.099729888 0.224624053 -0.023155579 -0.035337292 0.014171137 0.999006629
1341846390.705937 -0.004534478 0.104114816 0.234644815 -0.026031684 -0.033568688 0.013565100 0.999005258
1341846390.737965 0.003000826 0.098208107 0.248283595 -0.028985867 -0.035520971 0.012577642 0.998869300
1341846390.774135 0.014294900 0.100756809 0.244177923 -0.026854521 -0.034004059 0.010925256 0.999001086
1341846390.806067 0.016260060 0.109122075 0.255597979 -0.026148407 -0.029776126 0.012821875 0.999132216
1341846390.838026 0.016585305 0.109108917 0.266570747 -0.028147750 -0.028898286 0.014560561 0.999079883
1341846390.874116 0.024933992 0.110419929 0.266403675 -0.029393995 -0.029442741 0.016821839 0.998992562
1341846390.906067 0.026116706 0.113897152 0.270450652 -0.030792052 -0.027696142 0.019878916 0.998944223
1341846390.942137 0.024166802 0.111692384 0.276906163 -0.033572670 -0.026779268 0.023238577 0.998807132
1341846390.974052 0.031387519 0.101137228 0.281752974 -0.034077346 -0.029162165 0.027974628 0.998601854
1341846391.006164 0.030830221 0.117332034 0.277348608 -0.030369282 -0.030508254 0.030209443 0.998616219
1341846391.042303 0.035766024 0.117217459 0.281267136 -0.032623701 -0.031789731 0.027551711 0.998582006
1341846391.074134 0.034344181 0.113524854 0.280877262 -0.033041764 -0.032405790 0.024326336 0.998632252
1341846391.106097 0.036217213 0.113184646 0.280208945 -0.032630131 -0.034881543 0.024370577 0.998561323
1341846391.142154 0.038163215 0.114657871 0.284045875 -0.032815084 -0.037229829 0.026500747 0.998416126
1341846391.174124 0.042422134 0.112668477 0.277444452 -0.032943323 -0.038155068 0.026995596 0.998363733
1341846391.209961 0.040601518 0.111802332 0.276508778 -0.032987673 -0.037191134 0.028194737 0.998365462
1341846391.241977 0.038244274 0.105840951 0.277765214 -0.033082873 -0.038567781 0.031005263 0.998226762
1341846391.273984 0.043149229 0.105360560 0.276163131 -0.031300154 -0.041087769 0.031275135 0.998175323
1341846391.309946 0.041656718 0.105867818 0.267556399 -0.030469986 -0.039974689 0.029661801 0.998295426
1341846391.342018 0.038204972 0.102929115 0.269564003 -0.030822406 -0.040825721 0.028530387 0.998283148
1341846391.378060 0.036326971 0.104345076 0.276157200 -0.030048989 -0.043793969 0.026107956 0.998247206
1341846391.410037 0.039526086 0.104737088 0.269942105 -0.030038068 -0.044572316 0.023256829 0.998283625
1341846391.442052 0.038579579 0.099802643 0.272672743 -0.029637653 -0.043379288 0.024315568 0.998322904
1341846391.478040 0.035249926 0.100316875 0.272083670 -0.027981849 -0.044692039 0.029627346 0.998169243
1341846391.510072 0.033913713 0.108297065 0.268911362 -0.026961641 -0.046257306 0.030847961 0.998089075
1341846391.542159 0.036348693 0.104241155 0.264079303 -0.028433708 -0.045927305 0.031074042 0.998056412
1341846391.578010 0.036901258 0.104741082 0.268258333 -0.028055243 -0.045462053 0.031334452 0.998080254
1341846391.610169 0.035544343 0.098460168 0.266477555 -0.028136848 -0.046827540 0.034366339 0.997915089
1341846391.645942 0.035332505 0.097346790 0.263743907 -0.026883556 -0.048824269 0.034612212 0.997845411
1341846391.677959 0.034463797 0.097642198 0.262542248 -0.025585840 -0.048642226 0.033110969 0.997939348
1341846391.710022 0.029046398 0.096958280 0.257622302 -0.024021087 -0.048576027 0.034065507 0.997949362
1341846391.745846 0.027678872 0.097030394 0.257048100 -0.021477604 -0.050885178 0.033118401 0.997924149
1341846391.778020 0.030301230 0.097079657 0.255585492 -0.019494746 -0.051501956 0.031497896 0.997985661
1341846391.810026 0.023266733 0.089044809 0.248298794 -0.018795507 -0.050008122 0.031956844 0.998060465
1341846391.846013 0.025177324 0.084520705 0.246731341 -0.017228568 -0.050949886 0.033360630 0.997995138
1341846391.877984 0.024921212 0.083931156 0.242834345 -0.014304991 -0.050856858 0.035255633 0.997980952
1341846391.914033 0.023594027 0.083425671 0.241305813 -0.012627657 -0.049992990 0.036425170 0.998005211
1341846391.945996 0.023654021 0.083953410 0.239211708 -0.011077654 -0.050630488 0.035787988 0.998014569
1341846391.978037 0.022975514 0.084332541 0.237583891 -0.010825962 -0.050539777 0.033774357 0.998092055
1341846392.014187 0.026209988 0.081064105 0.239722624 -0.010614497 -0.050375164 0.032653295 0.998139977
1341846392.046054 0.026419083 0.079570472 0.240038067 -0.009467680 -0.050759934 0.033916920 0.998089910
1341846392.078061 0.023481254 0.084755071 0.244829014 -0.008324728 -0.050924964 0.033932593 0.998091102
1341846392.114010 0.026156720 0.084941685 0.242167190 -0.008665969 -0.051538285 0.033356559 0.998076141
1341846392.145989 0.024542315 0.083502077 0.238497421 -0.008559633 -0.050908506 0.031931676 0.998156011
1341846392.181959 0.018577751 0.089229338 0.235536724 -0.009194630 -0.052129116 0.031745221 0.998093307
1341846392.213917 0.028246392 0.084754400 0.240693331 -0.010906464 -0.055865727 0.029766256 0.997934878
1341846392.246105 0.029339064 0.086005665 0.237177685 -0.009450609 -0.053543281 0.024384435 0.998223007
1341846392.282032 0.029372666 0.084938206 0.240115166 -0.009704330 -0.053149406 0.025167193 0.998222172
1341846392.314025 0.032079283 0.081049338 0.243762121 -0.009001564 -0.055860259 0.028027648 0.998004496
1341846392.349981 0.038100660 0.084868148 0.241258234 -0.006274887 -0.055907726 0.027617436 0.998034179
1341846392.382103 0.037470546 0.086175397 0.241838440 -0.005513526 -0.054093897 0.029252801 0.998092055
1341846392.414056 0.040599950 0.082970060 0.242794722 -0.005621667 -0.055324469 0.031408809 0.997958481
1341846392.450136 0.044297453 0.078973666 0.243449777 -0.004685441 -0.056130555 0.035631415 0.997776449
1341846392.482091 0.043371223 0.078863956 0.239148021 -0.002242134 -0.056182481 0.036480438 0.997751296
1341846392.514096 0.042626165 0.081857890 0.233352363 -0.000850803 -0.055730682 0.035323162 0.997820437
1341846392.550030 0.046739154 0.075420871 0.242472112 -0.001775760 -0.056818083 0.037028264 0.997696042
1341846392.582053 0.044912733 0.070546970 0.229992405 -0.000757637 -0.057896167 0.039698210 0.997532725
1341846392.617983 0.049161620 0.069536828 0.245077297 0.001212855 -0.058539342 0.040624030 0.997457445
1341846392.649909 0.052190259 0.069819674 0.242414773 0.002359550 -0.058524508 0.038512073 0.997540057
1341846392.682128 0.052415889 0.063739799 0.244125754 0.002323848 -0.058980994 0.037968185 0.997534096
1341846392.718019 0.050671883 0.061968550 0.243811473 0.004001591 -0.060819272 0.039594702 0.997355103
1341846392.749829 0.051640097 0.062754974 0.236974478 0.005994171 -0.062500395 0.040103257 0.997220874
1341846392.782107 0.050680820 0.064513154 0.235236540 0.006874498 -0.062074214 0.039012339 0.997285068
1341846392.818251 0.049812842 0.059213500 0.235997051 0.006589963 -0.061478861 0.039927788 0.997287691
1341846392.852165 0.051072031 0.059226554 0.236771926 0.008674973 -0.062219910 0.040538020 0.997201145
1341846392.885913 0.053400334 0.060211431 0.233715326 0.009964634 -0.061779376 0.038530640 0.997296035
1341846392.917882 0.054774087 0.058204558 0.234246746 0.011257414 -0.060495116 0.038716882 0.997353792
1341846392.950023 0.055420194 0.055707417 0.236941993 0.012907634 -0.060291279 0.039292686 0.997323632
