1341846313.592026 0.000000000 0.000000000 0.000000000 0.000000000 0.000000000 0.000000000 1.000000000
1341846313.654184 0.006709739 -0.004622024 -0.005451675 -0.001401030 -0.003145983 0.005111901 0.999980986
1341846313.686156 0.015207510 -0.002464142 0.000529160 -0.000112870 -0.005648889 0.004820950 0.999972403
1341846313.721918 0.020685637 -0.000104069 -0.006035128 0.000122356 -0.006647013 0.005138638 0.999964714
1341846313.753994 0.030308593 -0.000487707 -0.001741625 -0.000487475 -0.007717627 0.006894481 0.999946296
1341846313.789969 0.036459588 -0.002558741 -0.001348359 0.000303299 -0.008248141 0.005552931 0.999950528
1341846313.822075 0.044743616 0.003260325 -0.003373824 0.000948147 -0.007486949 0.003574375 0.999965131
1341846313.853928 0.057916231 -0.001036936 -0.001949236 -0.000292352 -0.006449203 0.003939213 0.999971390
1341846313.890011 0.061203968 0.005751880 0.001396590 0.000417592 -0.004211836 0.004825534 0.999979377
1341846313.922055 0.070169821 0.008856686 0.003459600 -0.001562539 -0.004840563 0.005399167 0.999972463
1341846313.957927 0.100668430 0.003178599 -0.007633938 -0.004114472 -0.003606225 0.008641333 0.999947667
1341846313.990058 0.084360093 0.001496721 0.007296619 -0.005773431 0.006244448 0.011090850 0.999902308
1341846314.022042 0.087250024 0.013935194 0.008756920 -0.006467354 0.007196266 0.008967357 0.999912977
1341846314.057816 0.102738805 0.002967612 0.013830110 -0.011573637 0.008607698 0.009675856 0.999849141
1341846314.089801 0.108769648 0.002111149 0.017409679 -0.010497758 0.013892870 0.009889608 0.999799490
1341846314.122037 0.111864462 0.016122317 0.019233009 -0.010251209 0.017632470 0.013346268 0.999702930
1341846314.157989 0.118742675 0.006869191 0.020386253 -0.013436379 0.020808298 0.013324701 0.999604404
1341846314.190094 0.122135557 0.012692937 0.021721739 -0.012534842 0.024998089 0.014513439 0.999503553
1341846314.225969 0.132555187 0.018029775 0.018185917 -0.014756266 0.025913799 0.018690307 0.999380529
1341846314.257923 0.131123051 0.014608259 0.025888301 -0.016533621 0.028794046 0.018444151 0.999278426
1341846314.290052 0.132436529 0.015069537 0.022390202 -0.015217414 0.030660495 0.016632715 0.999275565
1341846314.325981 0.145827860 0.020014616 0.019462816 -0.015728163 0.030614758 0.015919525 0.999280751
1341846314.357905 0.158396900 0.011110084 0.024850370 -0.017690754 0.032514066 0.014409157 0.999210835
1341846314.389899 0.152621850 0.014885006 0.034177888 -0.015778381 0.036570109 0.013249160 0.999118686
1341846314.427905 0.160491318 0.023409471 0.032388076 -0.014905762 0.038139902 0.011907423 0.999090254
1341846314.493987 0.172804475 0.014098859 0.033068273 -0.014601851 0.047410596 0.004010231 0.998760700
1341846314.526085 0.180207893 0.017276697 0.023220034 -0.014283768 0.049218636 0.001916264 0.998684049
1341846314.558292 0.191079557 0.019881247 0.028504837 -0.015143227 0.051296726 0.004030773 0.998560488
1341846314.594085 0.206361055 0.013085200 0.018779058 -0.014424600 0.054809440 0.004800075 0.998381078
1341846314.626096 0.204630807 0.025284717 0.015984396 -0.012610398 0.059625041 0.006450015 0.998120368
1341846314.658455 0.206708461 0.026681246 0.014788064 -0.014435318 0.062142126 0.004666241 0.997951984
1341846314.694004 0.221222594 0.013380567 0.025924850 -0.015681259 0.064860903 0.002941703 0.997766733
1341846314.725910 0.222326770 0.007017622 0.028017005 -0.012391686 0.068270288 0.007156388 0.997564197
1341846314.761942 0.224606141 0.006520479 0.019777533 -0.008886398 0.068690315 0.011826853 0.997528315
1341846314.794030 0.235731974 0.011442718 0.016018214 -0.005045005 0.070155866 0.012656743 0.997442961
1341846314.826092 0.250274599 0.015737200 0.011882859 -0.002671596 0.073262878 0.014751699 0.997199953
1341846314.862145 0.253342718 0.017564116 0.017138952 -0.002341976 0.077136144 0.013704575 0.996923625
1341846314.894072 0.257658452 0.018294640 0.023678184 -0.002524875 0.081203692 0.014810063 0.996584296
1341846314.925969 0.260292679 0.020145738 0.023379488 -0.002454896 0.084125489 0.018963506 0.996271670
1341846314.961937 0.261374235 0.034960829 0.021979190 -0.003769448 0.084988445 0.023539038 0.996096730
1341846314.994564 0.269566357 0.029525356 0.021383191 -0.007624896 0.085276991 0.022030843 0.996084511
1341846315.029900 0.286364019 0.026047831 0.023492569 -0.008308717 0.087377638 0.020154992 0.995936692
1341846315.061965 0.292112291 0.029566474 0.019245911 -0.008550223 0.089560658 0.026887171 0.995581686
1341846315.094388 0.289833367 0.024351707 0.026395755 -0.008811770 0.089525096 0.026892288 0.995582461
1341846315.129851 0.300592422 0.028047714 0.020864110 -0.006404505 0.088911131 0.025148971 0.995701432
1341846315.161941 0.311401635 0.049879242 0.013396600 -0.007123363 0.087599106 0.030740766 0.995655894
1341846315.197984 0.305298358 0.042563606 0.012822154 -0.014604794 0.086561710 0.024591146 0.995835900
1341846315.230076 0.316033512 0.037402723 0.011803370 -0.018166907 0.084817424 0.021969434 0.995988607
1341846315.262069 0.320308357 0.038305350 0.026659690 -0.021534935 0.081726804 0.026311509 0.996074617
1341846315.298000 0.324107975 0.034287214 0.031923156 -0.023529612 0.078153647 0.027919650 0.996272504
1341846315.329931 0.338935733 0.015334894 0.045076206 -0.021915698 0.075345151 0.026804756 0.996556222
1341846315.361981 0.349434376 0.017521434 0.037269395 -0.016595602 0.073596001 0.030086372 0.996696055
1341846315.397962 0.348541677 0.022682501 0.034355573 -0.013089359 0.074832931 0.033620961 0.996543169
1341846315.429923 0.354071677 0.024032133 0.031760741 -0.010269391 0.076607838 0.034362670 0.996416092
1341846315.466047 0.373319030 0.032940030 0.026338547 -0.008494229 0.078165643 0.036551185 0.996233881
1341846315.497883 0.369736314 0.032385331 0.037311330 -0.009565579 0.081904091 0.040781640 0.995759547
1341846315.530008 0.365686476 0.033567578 0.020147447 -0.009213539 0.084316403 0.043077189 0.995464802
1341846315.566108 0.370147645 0.037543807 0.031719524 -0.009761043 0.085293695 0.044655494 0.995306790
1341846315.597986 0.376935422 0.030719567 0.028714539 -0.010484660 0.085613444 0.042162556 0.995380700
1341846315.630109 0.377913952 0.033059489 0.024373762 -0.009947816 0.086781897 0.040537287 0.995352566
1341846315.666042 0.380303830 0.033743311 0.014914593 -0.010962131 0.088319220 0.040256146 0.995218098
1341846315.698114 0.390012741 0.045405038 0.008380783 -0.015458800 0.090165198 0.041062869 0.994959831
1341846315.733985 0.382620960 0.029984072 0.027552843 -0.020127870 0.093888745 0.042667989 0.994464278
1341846315.766041 0.374017030 0.035662200 0.036275405 -0.018988036 0.092499256 0.043306489 0.994589329
1341846315.798188 0.380294800 0.029012593 0.027450411 -0.020946555 0.091181323 0.042851120 0.994691372
1341846315.834140 0.374538273 0.023093991 0.030437073 -0.020392131 0.094085708 0.039920751 0.994554341
1341846315.866751 0.373589039 0.024710933 0.038822033 -0.017859681 0.095569938 0.039850447 0.994464338
1341846315.898492 0.364025444 0.023153173 0.032986112 -0.016594406 0.097007103 0.038565818 0.994397759
1341846315.936901 0.359239578 0.016895724 0.033697899 -0.014325262 0.099329464 0.037641335 0.994239151
1341846315.966572 0.349594802 0.015680192 0.036336556 -0.011147893 0.101562440 0.036955971 0.994080007
1341846316.034204 0.336524367 0.015334642 0.036697630 -0.007259065 0.102278613 0.034440000 0.994132936
1341846316.066113 0.328112006 0.010356557 0.028061597 -0.005228976 0.102613561 0.034858320 0.994096577
1341846316.101867 0.326998681 0.014394379 0.024040714 -0.003650900 0.100457840 0.038232099 0.994199753
1341846316.134066 0.304787725 0.026821550 0.038533524 -0.002478648 0.099665754 0.031878166 0.994507074
1341846316.202049 0.289106607 0.021796575 0.046148080 -0.002310402 0.095813602 0.027625209 0.995013177
1341846316.233979 0.285377055 0.022247752 0.030238595 -0.001782291 0.094204500 0.025848793 0.995215654
1341846316.270052 0.286474258 0.010161159 0.022774830 -0.005099057 0.094344765 0.022542279 0.995271266
1341846316.301915 0.282533735 0.007754396 0.031321887 -0.004743533 0.095347166 0.021055954 0.995210052
1341846316.334208 0.270902842 0.006927804 0.031103930 -0.003132802 0.095391855 0.022315349 0.995184720
1341846316.370006 0.268455416 0.000534049 0.030860037 -0.001907209 0.093592457 0.023172084 0.995339096
1341846316.401994 0.257422447 0.007938454 0.031449459 0.000810475 0.093533285 0.025109222 0.995299220
1341846316.438069 0.250138849 0.001894548 0.038521349 0.002542275 0.093383297 0.027666183 0.995242536
1341846316.470076 0.243225619 -0.002130874 0.036206540 0.006327237 0.093099043 0.029930128 0.995186806
1341846316.502034 0.231266737 0.012069944 0.016789576 0.009979110 0.090948701 0.031286027 0.995314002
1341846316.537975 0.221939906 0.014168714 0.018562960 0.007638713 0.088501208 0.028778890 0.995630980
1341846316.570121 0.214891434 0.004716869 0.026142061 0.006670917 0.088477090 0.025410010 0.995731711
1341846316.601885 0.209900126 -0.000480759 0.024796758 0.008189182 0.087914251 0.024930729 0.995782375
1341846316.638009 0.203317985 -0.001280798 0.022564035 0.010505931 0.086432680 0.026725879 0.995843768
1341846316.669925 0.192383364 -0.001155494 0.025557466 0.013020618 0.086279571 0.025480488 0.995859981
1341846316.705941 0.186336204 -0.002433379 0.024963548 0.017474173 0.086512372 0.026998285 0.995731592
1341846316.738062 0.175853103 0.001650942 0.016456408 0.019812999 0.086192422 0.029707145 0.995638371
1341846316.770433 0.163024008 0.003752002 0.014387912 0.018980050 0.086158872 0.028722556 0.995686412
1341846316.805932 0.154342785 -0.007350651 0.016944222 0.018585652 0.086794116 0.027701464 0.995667636
1341846316.838029 0.148143485 -0.001846612 0.023813536 0.020447487 0.084975258 0.030512406 0.995705843
1341846316.870034 0.134364903 -0.007415559 0.026385941 0.020305574 0.082441635 0.030461781 0.995923281
1341846316.906344 0.128333420 -0.006272537 0.025589613 0.021421095 0.079313517 0.030196618 0.996161997
1341846316.937940 0.122272238 -0.004153947 0.019752279 0.021654302 0.078236409 0.026801568 0.996339202
1341846316.973994 0.125008076 -0.003892217 0.018162981 0.021104267 0.074754402 0.027511891 0.996598959
1341846317.005913 0.117618121 -0.005639857 0.020702813 0.019792395 0.071870327 0.028612925 0.996807039
1341846317.037936 0.110997193 -0.014073638 0.026177356 0.019286823 0.069642320 0.027454605 0.997007608
1341846317.073972 0.112139292 -0.010258462 0.023206223 0.021303689 0.067002542 0.029394239 0.997092128
1341846317.106113 0.102721140 -0.015974978 0.026420854 0.022949778 0.065777168 0.033370953 0.997012079
1341846317.137887 0.078013457 -0.019403193 0.006743741 0.025643514 0.060986679 0.035332855 0.997183383
1341846317.173970 0.074020475 -0.012587528 0.019633781 0.027515778 0.054177750 0.038272616 0.997418106
1341846317.205887 0.070467144 -0.010648343 0.025777172 0.028053937 0.051071059 0.039344780 0.997525275
1341846317.248131 0.065042883 -0.013718287 0.030490605 0.028896861 0.048443865 0.041618410 0.997539997
1341846317.306289 0.054842990 -0.014390866 0.032929566 0.029973293 0.042035591 0.045219298 0.997642100
1341846317.348137 0.055165615 -0.015150728 0.034557909 0.031343434 0.042678688 0.047211986 0.997480392
1341846317.410120 0.041082170 -0.006816376 0.032762665 0.034064956 0.041886643 0.052839439 0.997142434
1341846317.442569 0.040586554 -0.013896026 0.031050859 0.036155723 0.041672319 0.055426329 0.996937335
1341846317.474010 0.028773345 -0.015744539 0.033453107 0.041771654 0.042936645 0.059295561 0.996441483
1341846317.509927 0.017428957 -0.006732373 0.027859876 0.045351088 0.040845931 0.062548682 0.996173978
1341846317.542282 0.006884695 0.000367563 0.033798739 0.045354739 0.038700696 0.062380839 0.996270001
1341846317.573943 0.008130248 -0.014245801 0.027376674 0.043407034 0.038926173 0.062073123 0.996367157
1341846317.610159 -0.003082621 -0.021254836 0.035608541 0.045354143 0.041828997 0.062315073 0.996147633
1341846317.643553 -0.017903663 -0.008198511 0.036626678 0.049423303 0.041645382 0.064945355 0.995793700
1341846317.677993 -0.024938311 -0.018234236 0.030114662 0.049055614 0.038037423 0.068893187 0.995690942
1341846317.709996 -0.031972978 -0.018635696 0.027541034 0.051795170 0.035455566 0.068054438 0.995705187
1341846317.741834 -0.042908531 -0.005652057 0.027943792 0.053006243 0.035075281 0.066798180 0.995739937
1341846317.777923 -0.048381403 -0.013062111 0.026543634 0.050352871 0.033691518 0.065629944 0.996003091
1341846317.810021 -0.057607226 -0.018214971 0.026958454 0.049465761 0.032312497 0.063520342 0.996230006
1341846317.841886 -0.066515841 -0.009724463 0.036067259 0.049645841 0.031836793 0.061520923 0.996361792
1341846317.878017 -0.079656556 -0.013035990 0.037218701 0.046598658 0.032609459 0.056705710 0.996769607
1341846317.909910 -0.072431967 -0.010351030 0.041949168 0.046190534 0.031551972 0.054027446 0.996971369
1341846317.946031 -0.083502270 -0.011635930 0.047728397 0.047318090 0.032917727 0.055158705 0.996812403
1341846317.978041 -0.092564233 -0.014590462 0.056666493 0.049266655 0.031854302 0.055200405 0.996750236
1341846318.009897 -0.095517091 -0.011551638 0.053184196 0.051946897 0.031894088 0.053217370 0.996720731
1341846318.045949 -0.107449457 -0.003648482 0.055594228 0.052909326 0.033237658 0.052072626 0.996686637
1341846318.078074 -0.121333256 -0.008705639 0.053540647 0.051443443 0.032261621 0.050146710 0.996894181
1341846318.109894 -0.136661202 -0.011909722 0.044409905 0.051259678 0.028997485 0.047308508 0.997142673
1341846318.145957 -0.137976155 -0.010133795 0.045104403 0.050705753 0.026282936 0.045537531 0.997328639
1341846318.178001 -0.147846743 -0.014807481 0.044791613 0.049415134 0.027081631 0.042104129 0.997522891
1341846318.214074 -0.160205275 -0.019307571 0.055073712 0.050216250 0.025906358 0.040815763 0.997567713
1341846318.245970 -0.171707332 -0.027317459 0.045680936 0.052492060 0.020421088 0.042311002 0.997515619
1341846318.278018 -0.177700162 -0.026223082 0.050807167 0.056091707 0.015648171 0.041521467 0.997439146
1341846318.313937 -0.193290666 -0.024141436 0.042278439 0.058174603 0.010250443 0.040880699 0.997416377
1341846318.345989 -0.200826198 -0.031126808 0.031232106 0.059015989 0.000855090 0.040314376 0.997442305
1341846318.382046 -0.210334897 -0.032835077 0.033827521 0.060787939 -0.005216760 0.038812973 0.997382224
1341846318.414072 -0.213416591 -0.029257499 0.048116088 0.062669523 -0.012174132 0.039017826 0.997197092
1341846318.446035 -0.227823079 -0.032066643 0.042251837 0.064654268 -0.017689930 0.039245177 0.996978819
1341846318.482196 -0.229049191 -0.025895014 0.046313107 0.066271454 -0.020074882 0.038806204 0.996844649
1341846318.514144 -0.240765020 -0.029160656 0.039565228 0.065974869 -0.021059912 0.040098961 0.996792793
1341846318.546259 -0.246811390 -0.034353707 0.037947547 0.067191809 -0.022277769 0.039285373 0.996717453
1341846318.582042 -0.255744755 -0.028682508 0.030156706 0.069061443 -0.022326542 0.039625581 0.996575058
1341846318.614115 -0.268584222 -0.029165376 0.033238251 0.068509027 -0.021977168 0.038718987 0.996656597
1341846318.650038 -0.275791883 -0.031063862 0.032872278 0.067918800 -0.022767063 0.035571471 0.996796608
1341846318.682350 -0.282542139 -0.028884653 0.030610120 0.067912243 -0.023512173 0.034257568 0.996825755
1341846318.714063 -0.293671399 -0.027926570 0.039722335 0.067725882 -0.023814522 0.033264369 0.996864915
1341846318.749905 -0.299184084 -0.034216486 0.031095725 0.068063758 -0.024169212 0.035361525 0.996761143
1341846318.782036 -0.313276798 -0.030515205 0.036966331 0.070063651 -0.024106598 0.036638696 0.996577978
1341846318.814121 -0.326384723 -0.033126999 0.023905547 0.069679826 -0.029402804 0.035120614 0.996517360
1341846318.850072 -0.334499925 -0.034423880 0.029177271 0.070115641 -0.035394449 0.032632470 0.996376514
1341846318.883516 -0.358800769 -0.047538590 -0.011376166 0.072165571 -0.041946076 0.031514175 0.996011853
1341846318.918047 -0.345976025 -0.045258921 -0.000616527 0.075550549 -0.056976426 0.030365022 0.995049596
1341846318.950044 -0.365764558 -0.055305291 0.009328824 0.076624796 -0.064990036 0.030622184 0.994468331
1341846318.982028 -0.373105079 -0.053940408 0.003181811 0.078217678 -0.068741322 0.027514467 0.994182885
1341846319.018123 -0.380812973 -0.050704457 0.013249247 0.078025416 -0.074179940 0.026948111 0.993822515
1341846319.050745 -0.380047560 -0.055076130 0.018818421 0.079813078 -0.081335902 0.025920447 0.993147790
1341846319.081905 -0.377857059 -0.041432854 0.034498263 0.086732678 -0.081455141 0.023033222 0.992628813
1341846319.117976 -0.398539305 -0.034944646 0.018517800 0.089607179 -0.079869136 0.028297417 0.992366254
1341846319.150093 -0.406073719 -0.046484165 0.006339720 0.089865349 -0.084696271 0.037099909 0.991652310
1341846319.186069 -0.399635315 -0.034875643 0.010506278 0.091924928 -0.086665854 0.037765719 0.991268158
1341846319.218149 -0.407109112 -0.018351402 0.009616663 0.090082549 -0.081329137 0.034494545 0.992008448
1341846319.250034 -0.421832174 -0.023530377 0.002175144 0.083316065 -0.074223667 0.034205742 0.993166268
1341846319.286594 -0.423220843 -0.029137861 0.019736875 0.081436932 -0.072466262 0.038691089 0.993287325
1341846319.318034 -0.436570436 -0.034404919 0.017460335 0.081680991 -0.070788912 0.041803900 0.993262112
1341846319.350268 -0.444949985 -0.034561612 0.015987977 0.082523867 -0.070853531 0.047535975 0.992929995
1341846319.386163 -0.461300135 -0.041024014 0.002264498 0.083780780 -0.074561477 0.054244556 0.992209136
1341846319.418386 -0.459419072 -0.035961337 0.013343527 0.085269213 -0.080498509 0.055144042 0.991568625
1341846319.453961 -0.471337616 -0.028341368 0.018916737 0.087056369 -0.081627555 0.049230356 0.991632223
1341846319.486271 -0.477602571 -0.034921933 0.003380950 0.084811173 -0.082282081 0.051453110 0.991659880
1341846319.554083 -0.494789094 -0.035951242 0.012421547 0.079721518 -0.088338330 0.049653314 0.991652846
1341846319.586296 -0.504855335 -0.038805719 0.010990526 0.079782315 -0.087678410 0.046420764 0.991863072
1341846319.622031 -0.523823082 -0.037764151 -0.011705219 0.078340977 -0.090384036 0.042897340 0.991893768
1341846319.653962 -0.525960743 -0.042111989 0.008176958 0.077774987 -0.095986672 0.041225716 0.991482735
1341846319.686352 -0.533469975 -0.035903972 0.018217718 0.079895996 -0.099502109 0.043143090 0.990885794
1341846319.721992 -0.537627518 -0.030920109 0.014423433 0.080672666 -0.103879176 0.044556241 0.990310967
1341846319.754063 -0.544095099 -0.016040521 0.010451240 0.078629099 -0.106059656 0.043870214 0.990274787
1341846319.786397 -0.549008131 -0.015454225 0.019862974 0.074433982 -0.106057309 0.046763252 0.990466893
1341846319.822008 -0.552328944 -0.022434374 0.016424187 0.070421562 -0.107105888 0.051728386 0.990400553
1341846319.853917 -0.556477010 -0.021238344 0.018562526 0.065731950 -0.108066432 0.055695035 0.990403473
1341846319.889942 -0.562680662 -0.031476635 0.031112734 0.061903052 -0.108845361 0.060381141 0.990290284
1341846319.922039 -0.569783807 -0.037811887 0.020378759 0.061394352 -0.112891987 0.061448801 0.989803076
1341846319.953946 -0.565789700 -0.038131673 0.031251118 0.062178686 -0.119677499 0.057842392 0.989174068
1341846319.990054 -0.567685843 -0.034720600 0.024674563 0.065366901 -0.122274101 0.050490011 0.989053607
1341846320.028122 -0.571605504 -0.038955167 0.025024766 0.066571146 -0.125567362 0.050431475 0.988563478
1341846320.090047 -0.557756841 -0.024187159 0.027368134 0.073102638 -0.133379355 0.048970077 0.987151444
1341846320.122011 -0.549160361 -0.022830376 0.032597248 0.073862359 -0.131423712 0.050695494 0.987270057
1341846320.157952 -0.540189445 -0.025139131 0.034490388 0.073785670 -0.129257977 0.052321114 0.987476885
1341846320.190003 -0.521554351 -0.033474479 0.037298299 0.076168314 -0.126648054 0.051353358 0.987684965
1341846320.221941 -0.515886307 -0.042257942 0.028935814 0.078806765 -0.123062074 0.053715494 0.987805605
1341846320.258015 -0.515521646 -0.036237668 0.032306343 0.084337026 -0.121657267 0.053824816 0.987516940
1341846320.289887 -0.505699396 -0.051098995 0.027195850 0.088708870 -0.122397915 0.054361228 0.987012863
1341846320.321954 -0.494411826 -0.044524759 0.039322816 0.098563358 -0.123904854 0.053389844 0.985942423
1341846320.357890 -0.473420918 -0.037175208 0.043918669 0.103334613 -0.124592341 0.056173522 0.985212266
1341846320.390064 -0.448137820 -0.035220332 0.030231562 0.104887299 -0.121431485 0.056696597 0.985412896
1341846320.426544 -0.419551671 -0.037933156 0.021969393 0.107132435 -0.114328071 0.053739980 0.986186445
1341846320.458122 -0.425259322 -0.042707216 0.050901886 0.107672803 -0.107315943 0.052256588 0.986994982
1341846320.490186 -0.415987372 -0.046669547 0.054943915 0.111651726 -0.099209413 0.050096326 0.987512887
1341846320.525911 -0.393668473 -0.040181652 0.013225271 0.114671737 -0.091992095 0.048650108 0.987937748
1341846320.558091 -0.427488655 -0.033437878 0.013821431 0.116573252 -0.085990228 0.044246264 0.988462746
1341846320.594093 -0.392530084 -0.039834436 0.012672089 0.117712371 -0.082016893 0.039363284 0.988871872
1341846320.631955 -0.377787530 -0.036027651 0.020328946 0.119942717 -0.074543647 0.040273115 0.989158750
1341846320.664916 -0.367095977 -0.031643670 0.019917520 0.120025836 -0.072567850 0.039354149 0.989332557
1341846320.699927 -0.353237212 -0.035619002 0.020147208 0.119777232 -0.069048308 0.037414264 0.989689827
1341846320.731822 -0.336952388 -0.033724710 0.019563112 0.122053653 -0.062940769 0.035807870 0.989878356
1341846320.763877 -0.338087678 0.000745369 0.033790208 0.121583223 -0.061357301 0.036119811 0.990024328
1341846320.799999 -0.314853549 -0.039870575 0.031757850 0.111821778 -0.064015381 0.032996349 0.991115093
1341846320.831871 -0.264263541 -0.040511195 0.019535434 0.114862777 -0.053949673 0.027554402 0.991532505
1341846320.863887 -0.308987230 -0.015969187 0.011419659 0.114052266 -0.042413261 0.028840160 0.992149889
1341846320.900014 -0.282805413 -0.047212046 -0.016112261 0.104588464 -0.048360996 0.033940647 0.992759049
1341846320.931889 -0.261584520 -0.047537979 -0.013172770 0.106575906 -0.048770040 0.033182640 0.992553294
1341846320.967866 -0.264427334 -0.018433921 -0.018064784 0.107368939 -0.042169660 0.027285552 0.992949724
1341846321.000017 -0.254337162 -0.025079338 -0.015499097 0.101013966 -0.042548608 0.026587954 0.993619084
1341846321.031860 -0.240576878 -0.030646021 0.007066427 0.099586688 -0.042465795 0.023824023 0.993836820
1341846321.068047 -0.233270451 -0.026850525 0.046490807 0.099816807 -0.040447790 0.022852706 0.993920684
1341846321.099840 -0.229936123 -0.032693475 0.041720100 0.096550569 -0.039040923 0.024111904 0.994269788
1341846321.131821 -0.203952074 -0.040590569 0.054704789 0.096992455 -0.038366046 0.024840230 0.994235098
1341846321.167887 -0.202445790 -0.036390863 0.048122454 0.099693693 -0.033847161 0.025555469 0.994113922
1341846321.200042 -0.195322260 -0.031897254 0.052916292 0.100172959 -0.031340010 0.025247242 0.994155824
1341846321.231950 -0.181601241 -0.036199458 0.057203073 0.099692829 -0.030921321 0.024494631 0.994236052
1341846321.267939 -0.166540772 -0.032760702 0.046748474 0.100166820 -0.029368591 0.020089447 0.994334221
1341846321.299948 -0.158480719 -0.038077019 0.048434131 0.098437585 -0.024846127 0.013369941 0.994743168
1341846321.331858 -0.158039466 -0.039336007 0.053676642 0.098607339 -0.021464797 0.010115795 0.994843483
1341846321.367913 -0.138403252 -0.044602346 0.047777310 0.099942170 -0.019654989 0.005644755 0.994783103
1341846321.399897 -0.130151778 -0.040218044 0.049526889 0.102041595 -0.014447854 0.004776644 0.994663715
1341846321.435994 -0.128077269 -0.041690212 0.060253855 0.103535049 -0.010703084 0.004215114 0.994559228
1341846321.467946 -0.116114989 -0.040152397 0.060546201 0.105426960 -0.008616956 0.004941059 0.994377375
1341846321.499882 -0.107708588 -0.040493291 0.056112893 0.106794581 -0.005561473 0.004957491 0.994253218
1341846321.536109 -0.089009449 -0.030852994 0.024411291 0.106952518 -0.000366878 0.001902893 0.994262278
1341846321.568960 -0.100015722 -0.023412909 0.037766587 0.104146354 0.007463858 -0.001409242 0.994533002
1341846321.603938 -0.099571191 -0.030549238 0.052484829 0.100352988 0.010063778 -0.001049022 0.994900465
1341846321.637163 -0.055255689 -0.022185855 0.029598711 0.098058738 0.013030472 -0.000729690 0.995095074
1341846321.668306 -0.068678707 -0.013518495 0.055378750 0.094100408 0.023619739 0.000336059 0.995282412
1341846321.704411 -0.095621057 -0.026083415 0.067070492 0.090410784 0.026585309 0.007709379 0.995519817
1341846321.736861 -0.083493099 -0.025274202 0.057251822 0.089145668 0.023465477 0.017107470 0.995595157
1341846321.771881 -0.068795867 -0.011730046 0.048674818 0.087379634 0.022870710 0.021802166 0.995673895
1341846321.804114 -0.059887748 -0.016380368 0.062964126 0.082949959 0.024945987 0.024719546 0.995934725
1341846321.836152 -0.055568758 -0.008234061 0.066945478 0.080294773 0.027173409 0.026102353 0.996058762
1341846321.871882 -0.054903619 -0.001721137 0.072001554 0.075155914 0.028732944 0.021915209 0.996516824
1341846321.904074 -0.047244955 0.001435562 0.074569099 0.069016293 0.029986383 0.018266194 0.996997476
1341846321.939847 -0.041328091 -0.008425584 0.069505490 0.064503990 0.032702681 0.017153040 0.997233927
1341846322.004094 -0.043287095 -0.008771383 0.081523418 0.058058254 0.030732583 0.016649753 0.997701168
1341846322.066178 -0.023700872 -0.018652052 0.071995772 0.052727588 0.034482904 0.013881671 0.997916877
1341846322.107979 -0.036507387 -0.034665849 0.082337096 0.049745530 0.037998792 0.012048615 0.997966111
1341846322.166164 -0.035487879 -0.056795966 0.079055525 0.052592069 0.037570152 0.012570625 0.997829914
1341846322.202932 -0.034714114 -0.059986636 0.077154808 0.054136936 0.035239387 0.012450143 0.997833848
1341846322.234093 -0.031717647 -0.062566154 0.073453918 0.053006638 0.033691946 0.010650963 0.997968793
1341846322.265941 -0.030203119 -0.073617801 0.077269748 0.050286002 0.030463843 0.011640408 0.998202324
1341846322.301996 -0.024349278 -0.087440893 0.075073749 0.048310611 0.028374819 0.012458331 0.998351514
1341846322.333949 -0.035985943 -0.100971572 0.072325654 0.047491692 0.027184902 0.011352704 0.998437107
1341846322.369871 -0.021448303 -0.116082475 0.074027009 0.047988899 0.020843033 0.008488917 0.998594284
1341846322.402292 -0.012280730 -0.124986328 0.078797817 0.050296031 0.022099018 0.002099464 0.998487651
1341846322.433955 -0.025769474 -0.151874557 0.088846512 0.054037191 0.024829790 -0.001960685 0.998228252
1341846322.470030 -0.021455487 -0.157622054 0.077865958 0.063145325 0.019926067 0.001559183 0.997804165
1341846322.502433 -0.021051044 -0.172837719 0.078858398 0.068626076 0.017456910 0.003879413 0.997482181
1341846322.534002 -0.010450895 -0.192414925 0.080771185 0.076376207 0.016387299 0.005674583 0.996928275
1341846322.570196 -0.004859838 -0.201607168 0.067563854 0.086292513 0.014941858 0.008841207 0.996118546
1341846322.601920 -0.013489980 -0.207432017 0.069565348 0.092025451 0.012849866 0.011853172 0.995603204
1341846322.638119 -0.001836878 -0.216591790 0.084000878 0.097737968 0.009102230 0.011387148 0.995105386
1341846322.669947 0.010813096 -0.219542950 0.085173056 0.103012398 0.011440380 0.010391936 0.994559944
1341846322.702026 -0.006083509 -0.232363164 0.085535705 0.105540894 0.014654300 0.011876648 0.994236052
1341846322.738006 -0.002009423 -0.229775026 0.085645422 0.107373469 0.011690678 0.013755108 0.994054854
1341846322.770087 0.008533985 -0.250997782 0.079263799 0.106724583 0.011962259 0.014343880 0.994113207
1341846322.806047 -0.000368701 -0.264605314 0.079530157 0.109863229 0.012157176 0.015218163 0.993755877
1341846322.838063 -0.002539627 -0.268011123 0.080012716 0.112046130 0.007778510 0.017212955 0.993523479
1341846322.870081 0.002770647 -0.282802433 0.087919883 0.114163972 0.002720647 0.017907221 0.993296802
1341846322.906018 0.013887913 -0.286554903 0.099641301 0.119238675 0.000473925 0.018434132 0.992694378
1341846322.938349 0.011757838 -0.272857517 0.102730721 0.120519139 0.001722198 0.019285781 0.992522180
1341846322.970069 0.010450184 -0.278044641 0.105174981 0.115598209 0.001348527 0.021015812 0.993072748
1341846323.011820 0.016618909 -0.292011231 0.109560348 0.112867087 0.001396499 0.021552654 0.993375301
1341846323.073951 0.014507646 -0.292817444 0.108287446 0.110116854 0.001392219 0.026168780 0.993573070
1341846323.105962 0.015369408 -0.311255783 0.105795443 0.106678344 0.001671563 0.025767919 0.993958175
1341846323.138158 0.017208701 -0.312847883 0.108626403 0.107458547 0.001326105 0.022380870 0.993956745
1341846323.174092 0.013067179 -0.313296020 0.111325085 0.105618030 0.001128989 0.021475429 0.994174242
1341846323.206059 0.021597844 -0.320110977 0.110944383 0.102597244 0.000153757 0.019241018 0.994536877
1341846323.238053 0.027463190 -0.320819408 0.111648448 0.100312263 0.002741436 0.017593624 0.994796634
1341846323.273997 0.010895787 -0.322341114 0.098735742 0.096212015 0.003907548 0.018274039 0.995185435
1341846323.305946 0.019547518 -0.334833741 0.104646519 0.090401486 -0.000717880 0.019402381 0.995716155
1341846323.342027 0.045267228 -0.351404518 0.104215570 0.088114403 -0.000510975 0.017610200 0.995954573
1341846323.374048 0.021564387 -0.357764244 0.105627090 0.088550203 0.004732995 0.019214746 0.995875180
1341846323.405987 0.003596732 -0.368884951 0.092229523 0.088478051 0.001264236 0.022936059 0.995813251
1341846323.441956 0.017153684 -0.377762884 0.110977672 0.089850746 -0.003359719 0.024614085 0.995645404
1341846323.473878 0.022167964 -0.388033509 0.114265636 0.094249636 -0.002038153 0.023409808 0.995271206
1341846323.506129 0.017799549 -0.383039594 0.108842082 0.096628860 -0.002048343 0.021587210 0.995084226
1341846323.541972 0.027883623 -0.383745909 0.101203524 0.094880968 -0.002714951 0.019621966 0.995291591
1341846323.573913 0.052559864 -0.403151393 0.088299997 0.093524389 0.000203691 0.014592514 0.995510042
1341846323.609927 0.049177203 -0.401122183 0.113661364 0.094411008 0.006320818 0.011882531 0.995442331
1341846323.642014 0.036996521 -0.409991354 0.110975705 0.093181796 0.008562226 0.012601330 0.995532572
1341846323.674081 0.021210741 -0.423098713 0.098779462 0.092908517 0.007755526 0.014156038 0.995543838
1341846323.710069 0.029554781 -0.438608319 0.092189260 0.094330318 0.005915694 0.018700656 0.995347738
1341846323.742111 0.024225509 -0.451038897 0.092587076 0.098588049 0.004379349 0.019228686 0.994932890
1341846323.774928 0.024968743 -0.447747827 0.089317150 0.102429532 0.002098934 0.016485253 0.994601429
1341846323.810012 0.026861705 -0.453481287 0.093514755 0.103635125 0.000707862 0.012993420 0.994530261
1341846323.842207 0.027532136 -0.456898600 0.086103797 0.105009153 0.001050106 0.007621353 0.994441509
1341846323.878019 0.018883673 -0.466942966 0.091448165 0.106153332 0.001076769 0.002768228 0.994345367
1341846323.909826 0.027590709 -0.478940934 0.085884400 0.108809114 -0.001520371 -0.000881797 0.994061112
1341846323.942459 0.026616739 -0.475726813 0.077207312 0.112924635 -0.001486351 -0.001176320 0.993601739
1341846323.978055 0.022945197 -0.482046127 0.073863819 0.115049064 -0.004269397 -0.000063850 0.993350625
1341846324.015934 0.030048294 -0.485336810 0.082856059 0.118713297 -0.006784339 0.000327194 0.992905319
1341846324.047722 0.031081535 -0.476144344 0.084571354 0.122510456 -0.005281743 -0.000879006 0.992452800
1341846324.083904 0.028933076 -0.461159468 0.085188717 0.123377241 -0.003625092 -0.001635382 0.992351890
1341846324.115968 0.032919411 -0.460809261 0.084608003 0.120945953 -0.002137335 -0.003223300 0.992651582
1341846324.151967 0.037552003 -0.458311766 0.079561748 0.120204896 0.000376882 -0.007600555 0.992719948
1341846324.183941 0.031659696 -0.442633063 0.084298261 0.118275166 0.004999611 -0.012217469 0.992893100
1341846324.219984 0.024363244 -0.437900871 0.088665172 0.113549709 0.007078870 -0.010190506 0.993454814
1341846324.251968 0.022730062 -0.439556897 0.088902317 0.112799071 0.007093291 -0.010469500 0.993537366
1341846324.284052 0.017829306 -0.425700128 0.090068996 0.113752037 0.006698040 -0.011828737 0.993416190
1341846324.319880 0.010224293 -0.411485076 0.082431704 0.112490945 0.003573637 -0.012743663 0.993564606
1341846324.351917 0.021115933 -0.396368414 0.082162112 0.109457158 -0.000531282 -0.012782395 0.993909180
1341846324.388001 0.022812983 -0.390698165 0.088588811 0.105024152 -0.000090882 -0.017372241 0.994317949
1341846324.419908 0.020534320 -0.374275863 0.095013253 0.100493968 0.001928984 -0.019479439 0.994745076
1341846324.452027 0.014310041 -0.377827346 0.102486864 0.095473938 0.002494576 -0.020024344 0.995227337
1341846324.487928 0.011200197 -0.371740550 0.099821575 0.093978569 0.002376625 -0.018000877 0.995408654
1341846324.519985 0.002434170 -0.363501549 0.099637292 0.092617400 0.000782660 -0.013897362 0.995604515
1341846324.556001 0.000948897 -0.348318607 0.103283755 0.091074131 -0.004217695 -0.009598115 0.995788932
1341846324.587888 0.007698552 -0.331883192 0.101740636 0.087894380 -0.007759879 -0.006523558 0.996078193
1341846324.620086 0.007701379 -0.326853991 0.106410816 0.085487038 -0.010246802 -0.008769884 0.996248007
1341846324.655955 0.011812132 -0.310710222 0.110008307 0.084639676 -0.011537887 -0.009697095 0.996297657
1341846324.688082 0.009235028 -0.310518086 0.107847951 0.083708778 -0.011267246 -0.009397060 0.996382236
1341846324.755922 -0.003995504 -0.275982708 0.104983300 0.085346676 -0.013955681 -0.005398819 0.996238947
1341846324.814016 0.011021337 -0.237663791 0.111695014 0.080863766 -0.020544227 -0.008114136 0.996480346
1341846324.849979 -0.000086191 -0.238333479 0.110637046 0.074378483 -0.016815711 -0.010513555 0.997032881
1341846324.881924 -0.003138017 -0.231023118 0.121053398 0.071595617 -0.018182602 -0.009934444 0.997218490
1341846324.913902 -0.000434094 -0.220614880 0.121695153 0.070679694 -0.019658189 -0.006798764 0.997282147
1341846324.949999 -0.001832598 -0.225500301 0.120280698 0.070773840 -0.019612176 -0.004456353 0.997289598
1341846324.981922 -0.013072591 -0.217286438 0.123823151 0.075080208 -0.021661386 -0.000746527 0.996941924
1341846325.018013 -0.016629387 -0.207134485 0.116106257 0.079429284 -0.026540739 0.001383863 0.996486187
1341846325.050079 -0.014244598 -0.189654902 0.114182949 0.081872009 -0.032045763 -0.000131401 0.996127486
1341846325.081901 -0.013160369 -0.174638361 0.107678890 0.080812432 -0.037283588 -0.001293670 0.996030927
1341846325.118531 -0.006126021 -0.154306963 0.119976543 0.077146158 -0.039215825 -0.003501778 0.996242106
1341846325.149933 -0.009237148 -0.157657474 0.118542172 0.070999317 -0.036655214 -0.004662923 0.996791720
1341846325.181925 -0.010787126 -0.149318993 0.115493700 0.067955889 -0.035449922 -0.002617399 0.997054875
1341846325.218055 -0.012020346 -0.143777400 0.120514430 0.065180771 -0.035239629 0.001202917 0.997250319
1341846325.249811 -0.016021354 -0.135741889 0.120761752 0.063144065 -0.035112038 0.005035720 0.997373879
1341846325.285925 -0.011368615 -0.126005545 0.118132032 0.060527477 -0.036040746 0.007878185 0.997484565
1341846325.317988 0.000163791 -0.130763903 0.139297649 0.058169588 -0.034331087 0.010290354 0.997663140
1341846325.349844 -0.006679993 -0.131708205 0.143460259 0.061274286 -0.028813880 0.012367209 0.997628331
1341846325.387302 -0.004060485 -0.120943755 0.140696019 0.065832518 -0.026544224 0.014770340 0.997368217
1341846325.417931 0.014359063 -0.112976752 0.131835952 0.068347268 -0.023207782 0.018906351 0.997212410
1341846325.450747 0.024068566 -0.117521919 0.140193552 0.072498515 -0.015181084 0.021081069 0.997030139
1341846325.485954 -0.001447247 -0.098414831 0.149298668 0.082258388 -0.006421302 0.022072954 0.996345878
1341846325.517875 -0.003260922 -0.090121098 0.146711886 0.085668460 -0.003753428 0.023943765 0.996028900
1341846325.553859 -0.004529377 -0.083171047 0.140457600 0.088664778 -0.000173418 0.023992749 0.995772541
1341846325.585855 -0.012727518 -0.067775264 0.152259842 0.091354840 0.003197369 0.021898201 0.995572507
1341846325.617990 -0.009586222 -0.046378803 0.139599115 0.089178957 0.004532565 0.021084202 0.995782137
1341846325.653982 -0.016215295 -0.064300671 0.147136092 0.084694132 0.006898525 0.018272549 0.996215582
1341846325.685819 -0.012698656 -0.061466042 0.149337947 0.090356365 0.007857868 0.020264061 0.995672345
1341846325.717857 -0.024263764 -0.044221912 0.158017859 0.095603943 0.009699972 0.026145592 0.995028794
1341846325.754083 -0.026036581 -0.047419351 0.151864320 0.097744249 0.009713286 0.030286280 0.994703233
1341846325.786087 -0.017531782 -0.039818939 0.150226623 0.104406655 0.009262154 0.032854639 0.993948758
1341846325.821856 -0.024603179 -0.018845314 0.156414121 0.109029353 0.012013926 0.033221669 0.993410587
1341846325.853827 -0.028890792 -0.014719140 0.153618544 0.109311059 0.012650082 0.037406612 0.993222952
1341846325.885958 -0.040163960 -0.001001703 0.156615019 0.110072315 0.010502145 0.041926164 0.992983401
1341846325.921984 -0.032134708 0.002665665 0.162868217 0.108942010 0.005947531 0.047072787 0.992915094
1341846325.953899 -0.024705963 0.007082018 0.164073288 0.112069741 0.005956735 0.048607089 0.992492974
1341846325.985823 -0.026196972 0.018496200 0.170350939 0.114567310 0.008866389 0.053137429 0.991953671
1341846326.021991 -0.031274598 0.019162929 0.172550231 0.117285475 0.009321831 0.058270402 0.991343439
1341846326.054055 -0.026512839 0.032470252 0.175167128 0.122583412 0.008228140 0.062187225 0.990473866
1341846326.089984 -0.026879933 0.052743487 0.170057699 0.125843167 0.010525784 0.060103517 0.990171850
1341846326.121822 -0.027124051 0.064634055 0.172030881 0.125609517 0.014597010 0.057886910 0.990281940
1341846326.154079 -0.031791318 0.063779511 0.178413838 0.125715628 0.017243361 0.056561384 0.990302503
1341846326.190178 -0.031128546 0.074001424 0.181151137 0.127913401 0.016371742 0.059594885 0.989857852
1341846326.222162 -0.037947942 0.091185071 0.187440529 0.127713874 0.014879550 0.065973833 0.989502490
1341846326.259181 -0.040469017 0.102285825 0.186398059 0.124531820 0.012604105 0.069175310 0.989721060
1341846326.322766 -0.037193742 0.123160094 0.197199792 0.117110074 0.011892869 0.068346769 0.990692973
1341846326.359773 -0.035602480 0.126156375 0.198505297 0.112985849 0.013337291 0.066090405 0.991306365
1341846326.392109 -0.030415354 0.124684870 0.199563935 0.111315034 0.014949961 0.067550316 0.991374016
1341846326.423985 -0.033529609 0.128334820 0.202590048 0.115113944 0.015724976 0.072617583 0.990569651
1341846326.459869 -0.039922316 0.147077248 0.205633715 0.118097030 0.013596831 0.076359995 0.989968359
1341846326.526163 -0.025404397 0.182448447 0.215049192 0.118713617 0.014329195 0.076070644 0.989906549
1341846326.560211 -0.029285839 0.189995036 0.226630390 0.113654688 0.018443728 0.075529978 0.990473449
1341846326.591828 -0.030459899 0.194755509 0.221062079 0.109984696 0.020572381 0.077444792 0.990697920
1341846326.627027 -0.030964164 0.207026020 0.224849820 0.110384084 0.022678617 0.075750880 0.990738511
1341846326.658442 -0.023931496 0.224855453 0.232093796 0.108620033 0.025493145 0.074312851 0.990973949
1341846326.694856 -0.028987451 0.234299660 0.231360748 0.104674950 0.029052183 0.075392351 0.991218984
1341846326.726206 -0.032983355 0.244692877 0.227255359 0.098953791 0.030294705 0.073909819 0.991880894
1341846326.762753 -0.030168895 0.256632835 0.216071144 0.093079120 0.032525878 0.071804017 0.992533386
1341846326.826821 -0.034362443 0.279705912 0.227086410 0.077236481 0.038413938 0.067958407 0.993951976
1341846326.858887 -0.037806675 0.286535084 0.242640063 0.070074454 0.040152334 0.065036923 0.994609237
1341846326.895360 -0.037972745 0.276772499 0.243276671 0.066118591 0.039553717 0.068076402 0.994700670
1341846326.926897 -0.042714521 0.287380010 0.244683310 0.068481043 0.036320470 0.069305643 0.994579256
1341846326.958888 -0.033979021 0.301505238 0.240509227 0.071209833 0.032986946 0.073539786 0.994199634
1341846326.994594 -0.034312133 0.306582659 0.236611024 0.070859782 0.033723004 0.075971015 0.994017124
1341846327.026301 -0.033428628 0.334704250 0.224312946 0.071132310 0.034955468 0.074297771 0.994081557
1341846327.063945 -0.035326283 0.336354285 0.229941219 0.067311801 0.037829213 0.070783496 0.994498789
1341846327.094662 -0.036071714 0.346224248 0.234406173 0.067224778 0.040045626 0.068201117 0.994598329
1341846327.128901 -0.037078615 0.357404977 0.240270108 0.066735916 0.040123474 0.067316040 0.994688392
1341846327.161940 -0.033537950 0.371188492 0.239752963 0.066050082 0.038363207 0.067186557 0.994812310
1341846327.193867 -0.028741909 0.373400301 0.243345752 0.064263135 0.040034056 0.064667061 0.995030463
1341846327.229885 -0.028538583 0.388977259 0.243083775 0.065433919 0.043288324 0.063166961 0.994914293
1341846327.262014 -0.015071398 0.401080102 0.255588323 0.064973459 0.047011387 0.059871979 0.994979262
1341846327.294023 0.000518058 0.410871744 0.258716553 0.068735324 0.057359912 0.056979995 0.994353354
1341846327.330015 -0.013833381 0.431013882 0.243516847 0.071017802 0.068802267 0.050090134 0.993837833
1341846327.361939 -0.023015149 0.437990367 0.253727317 0.067993246 0.075579636 0.045111839 0.993795514
1341846327.393887 -0.023844542 0.452817291 0.258809924 0.067262530 0.077784263 0.037885651 0.993976891
1341846327.429966 -0.027488632 0.480224967 0.261820793 0.066707738 0.077297844 0.039365653 0.993994713
1341846327.461965 -0.035505168 0.498386174 0.264456093 0.060043577 0.073604867 0.036908373 0.994793892
1341846327.497931 -0.026881721 0.490391195 0.268707156 0.052257217 0.071753398 0.035563119 0.995417416
1341846327.530068 -0.029647654 0.497941971 0.272794455 0.050989419 0.072381638 0.038557071 0.995326221
1341846327.561895 -0.031269554 0.508448005 0.283125132 0.049557783 0.070245758 0.043012664 0.995369017
1341846327.598010 -0.037580874 0.517650366 0.293575317 0.051136646 0.067162901 0.048444614 0.995252371
1341846327.629945 -0.045726031 0.532255292 0.292528570 0.051726099 0.063077636 0.047805935 0.995520055
1341846327.662003 -0.037843984 0.532488585 0.291376680 0.050816737 0.059053257 0.044074807 0.995985806
1341846327.697919 -0.039349783 0.554575622 0.288079828 0.054176435 0.057993874 0.045353338 0.995813549
1341846327.730075 -0.037186254 0.583637953 0.290147901 0.051914122 0.056293733 0.046891272 0.995960414
1341846327.766017 -0.037738100 0.583923280 0.291500926 0.045857266 0.056108262 0.047342122 0.996246815
1341846327.797917 -0.041509982 0.605757296 0.292055726 0.042957742 0.055820681 0.050050136 0.996259809
1341846327.830054 -0.038795494 0.606988609 0.293547094 0.034935780 0.055273205 0.049585823 0.996627092
1341846327.865944 -0.032816015 0.609527826 0.295398742 0.030431602 0.055542942 0.050357390 0.996721148
1341846327.898010 -0.037565921 0.625600398 0.299865782 0.028639622 0.057167739 0.051187482 0.996640086
1341846327.929991 -0.036105514 0.636864722 0.304268241 0.024494624 0.055211004 0.049427152 0.996949732
1341846327.966065 -0.035689808 0.641664267 0.300374776 0.019859469 0.055271678 0.047312804 0.997152030
1341846327.998073 -0.037797250 0.650178432 0.301394135 0.013238665 0.056533936 0.044407398 0.997324705
1341846328.034045 -0.039133031 0.653631747 0.301456541 0.006884182 0.057583228 0.042151477 0.997426689
1341846328.065993 -0.037653368 0.658715844 0.299589097 0.001581937 0.058229417 0.042207804 0.997409284
1341846328.098045 -0.038273677 0.643922746 0.307637513 -0.001139644 0.058791965 0.042900644 0.997347355
1341846328.133967 -0.039872151 0.646603167 0.306871325 0.002516953 0.057541542 0.046526592 0.997255206
1341846328.166023 -0.045669664 0.647922933 0.307598025 0.002819573 0.055289753 0.047944281 0.997314572
1341846328.198018 -0.043071561 0.628897429 0.303142101 0.000942106 0.052395739 0.044457737 0.997635841
1341846328.234044 -0.044993248 0.619756758 0.299537420 0.003974929 0.051196691 0.043760147 0.997721493
1341846328.265899 -0.042689271 0.605057657 0.301171094 0.005316942 0.048998207 0.044562537 0.997790098
1341846328.302051 -0.039673593 0.589475095 0.290029556 0.007501632 0.048296899 0.045478482 0.997768939
1341846328.333917 -0.044891525 0.571941316 0.295811802 0.010839425 0.048991978 0.047693301 0.997600973
1341846328.366008 -0.034495644 0.556856573 0.283273607 0.017138904 0.047072206 0.046090197 0.997680366
1341846328.402010 -0.034771569 0.521960318 0.285574377 0.027322406 0.049504478 0.045739654 0.997351825
1341846328.433920 -0.040531874 0.508427560 0.274271220 0.029036136 0.048762873 0.045191046 0.997364938
1341846328.470003 -0.035540931 0.490295261 0.273855805 0.030214520 0.047463469 0.036341961 0.997754276
1341846328.502194 -0.030463127 0.469744474 0.274049342 0.032394763 0.048855741 0.028513424 0.997873068
1341846328.534033 -0.031146986 0.449618101 0.273227602 0.032977097 0.052214481 0.025688183 0.997760653
1341846328.570125 -0.032738816 0.415278435 0.261060447 0.032640737 0.052816000 0.029508529 0.997634351
1341846328.602804 -0.026608407 0.386306822 0.239904314 0.036681917 0.046013463 0.035511430 0.997635245
1341846328.672663 -0.041793346 0.333674014 0.251565188 0.043735344 0.036791004 0.028166892 0.997968078
1341846328.702975 -0.029741034 0.329813033 0.246913716 0.047723390 0.032056469 0.028266989 0.997945786
1341846328.770129 -0.017839212 0.308448523 0.242274344 0.058271769 0.028010003 0.025247028 0.997588277
1341846328.802331 -0.020802937 0.289988637 0.250250995 0.058457509 0.024793848 0.027658748 0.997598588
1341846328.838051 -0.009342673 0.262223542 0.230173260 0.060045619 0.022276193 0.023161411 0.997678220
1341846328.869939 -0.015434682 0.284827977 0.233374059 0.064341247 0.021467078 0.022645831 0.997439981
1341846328.904486 -0.016668390 0.254556090 0.239955038 0.058109924 0.018628318 0.022236435 0.997888684
1341846328.939814 -0.001281973 0.215427503 0.224225879 0.058550391 0.014738946 0.019752569 0.997980177
1341846328.970217 -0.002503853 0.213536903 0.226196706 0.062187288 0.012845940 0.025131147 0.997665346
1341846329.006232 0.003951831 0.218330771 0.228610471 0.065844223 0.009380382 0.031499065 0.997288525
1341846329.038243 0.004306950 0.193552613 0.222540095 0.068606593 0.008988663 0.031179080 0.997115970
1341846329.106125 0.006100006 0.200067192 0.217285633 0.073123820 0.008688388 0.030021647 0.996833086
1341846329.138340 0.010752740 0.179978177 0.215761393 0.073773988 0.007408869 0.028453901 0.996841490
1341846329.169991 0.010234722 0.178626433 0.208667517 0.075950101 0.006675040 0.027152538 0.996719539
1341846329.208656 0.013525191 0.170946851 0.203026235 0.076502517 0.005442952 0.026013155 0.996715128
1341846329.238169 0.015648067 0.171576127 0.200388685 0.076492049 0.004192749 0.025699792 0.996730149
1341846329.273827 0.017760182 0.154962704 0.202052876 0.073846087 0.002966191 0.027171098 0.996895075
1341846329.306052 0.016001847 0.154955834 0.199477136 0.075086981 0.000715937 0.025930393 0.996839523
1341846329.338104 0.022966554 0.156258687 0.197965547 0.072186090 -0.001667756 0.023642467 0.997109532
1341846329.373907 0.021125143 0.130621135 0.192784369 0.067280486 -0.001796461 0.021781787 0.997494698
1341846329.405985 0.016785292 0.116509072 0.193805963 0.067768320 -0.002839187 0.019812621 0.997500300
1341846329.442057 0.017924976 0.113571994 0.190998808 0.067419060 -0.003254498 0.016015651 0.997590899
1341846329.473950 0.013534945 0.100693054 0.191061527 0.066424184 -0.004059860 0.010136129 0.997731745
1341846329.506147 0.016447231 0.094689943 0.183340937 0.066547297 -0.006069677 0.007067418 0.997739792
1341846329.542121 0.010614160 0.081615731 0.184718356 0.064606763 -0.008627357 0.006562649 0.997851908
1341846329.574086 0.019468585 0.062294785 0.182765752 0.066079482 -0.011901213 0.005723984 0.997726977
1341846329.606387 0.020064401 0.064491495 0.173573032 0.069360070 -0.012017190 0.004061712 0.997511029
1341846329.641955 0.014089261 0.062477816 0.172634825 0.069394469 -0.012898325 0.004412376 0.997496128
1341846329.681570 0.016311767 0.047238711 0.173073858 0.068391576 -0.016109111 0.004475250 0.997518480
1341846329.748113 0.022969147 0.042882808 0.170434982 0.070585586 -0.016544903 0.002363411 0.997365713
1341846329.810175 0.018843301 0.016945740 0.170888752 0.068079479 -0.012936166 0.006941424 0.997571886
1341846329.842255 0.020100668 0.007742052 0.166052788 0.069527134 -0.012822413 0.009881473 0.997448683
1341846329.874044 0.017520193 0.002595355 0.167995825 0.071502924 -0.012717549 0.013023601 0.997274280
1341846329.910073 0.019087970 0.006658544 0.164830983 0.072031491 -0.013362500 0.015438787 0.997193336
1341846329.942009 0.016875342 0.006788453 0.163951486 0.067721546 -0.013751692 0.020799164 0.997392654
1341846329.978087 0.014220503 -0.018867185 0.163144276 0.064830728 -0.013624058 0.022084126 0.997558832
1341846330.016305 0.021078395 -0.011849539 0.158038452 0.067216232 -0.013285606 0.019949812 0.997450471
1341846330.048192 0.016512603 -0.004323946 0.157227963 0.064011671 -0.011584692 0.021246957 0.997655690
1341846330.080418 0.015831960 -0.026147570 0.160653770 0.058795471 -0.011660804 0.023045952 0.997935891
1341846330.115886 0.015946101 -0.041292846 0.159313038 0.061355907 -0.009857816 0.024005933 0.997778535
1341846330.147839 0.011634274 -0.026812468 0.155760378 0.064306669 -0.009658531 0.025891777 0.997547507
1341846330.181257 0.013185900 -0.006228419 0.155688524 0.061194602 -0.010610366 0.028798945 0.997653902
1341846330.215852 0.014175477 -0.031028915 0.151893511 0.052976869 -0.009479942 0.028166866 0.998153389
1341846330.247833 0.009667262 -0.036501534 0.153070331 0.051166806 -0.008850025 0.027175643 0.998281062
1341846330.283913 0.005067933 -0.016355941 0.149688393 0.048976995 -0.009111067 0.027848873 0.998369992
1341846330.316011 0.003582236 -0.038819317 0.152853295 0.041117251 -0.009883131 0.027272908 0.998733163
1341846330.347868 0.001707784 -0.047898799 0.151699975 0.038627621 -0.011398182 0.025905794 0.998852789
1341846330.383835 0.006764315 -0.050216433 0.151218250 0.036854796 -0.012314246 0.026591154 0.998890877
1341846330.415934 0.007925877 -0.064664409 0.150202468 0.035878450 -0.011431714 0.024699850 0.998985469
1341846330.452561 0.001322022 -0.066326097 0.147989318 0.038662270 -0.011560586 0.023744851 0.998903275
1341846330.483903 -0.001803488 -0.060478978 0.146674260 0.039133232 -0.013316653 0.026183259 0.998802125
1341846330.515970 0.000799175 -0.070272632 0.145503879 0.037216179 -0.015807364 0.029464254 0.998747706
1341846330.552099 0.001470718 -0.071726203 0.143468797 0.038760517 -0.017090447 0.031684063 0.998599827
1341846330.583876 -0.003425793 -0.062268637 0.144380972 0.038860623 -0.017103603 0.031948961 0.998587310
1341846330.619992 -0.008062748 -0.051802225 0.130790070 0.034990445 -0.018176710 0.032025367 0.998708963
1341846330.652136 -0.006336066 -0.059936285 0.132230997 0.027706770 -0.019797115 0.030078635 0.998967350
1341846330.683796 -0.007275543 -0.064079367 0.130250126 0.022968736 -0.019716894 0.029242307 0.999113917
1341846330.719991 -0.015578556 -0.081272498 0.128367499 0.019578343 -0.021255380 0.030382212 0.999120533
1341846330.752103 -0.020298256 -0.084813252 0.122995816 0.021456826 -0.025076199 0.034067310 0.998874485
1341846330.787952 -0.027232116 -0.077858023 0.116042070 0.022898849 -0.029200971 0.037504226 0.998607218
1341846330.819823 -0.021632079 -0.078351654 0.114213631 0.022486333 -0.034195662 0.038722705 0.998411536
1341846330.852208 -0.021652808 -0.068948232 0.110088758 0.022697989 -0.035782561 0.039651707 0.998314679
1341846330.914111 -0.025123814 -0.059292775 0.105818011 0.013749569 -0.039208468 0.039203759 0.998367071
1341846330.949903 -0.028066654 -0.072601736 0.104863688 0.009974287 -0.040136840 0.039213378 0.998374641
1341846330.981986 -0.039268937 -0.070550054 0.102943271 0.011130082 -0.044071592 0.038951106 0.998206735
1341846331.014111 -0.034144741 -0.064546429 0.099645995 0.010963408 -0.048503011 0.040556561 0.997939110
1341846331.082139 -0.034850989 -0.069299303 0.092031851 0.012503601 -0.051259834 0.036792103 0.997929096
1341846331.114334 -0.033677809 -0.066073641 0.092204392 0.012505747 -0.053783115 0.037171777 0.997782171
1341846331.149989 -0.036685806 -0.069532923 0.092803955 0.013097704 -0.054318294 0.035520460 0.997805715
1341846331.181954 -0.036302999 -0.072182320 0.085158907 0.016011802 -0.054781638 0.034814142 0.997762799
1341846331.218151 -0.041738819 -0.058333036 0.086743616 0.016398784 -0.057857368 0.036121860 0.997536361
1341846331.249914 -0.031216519 -0.069690205 0.088699356 0.013441996 -0.060340144 0.034093075 0.997504890
1341846331.318141 -0.026368611 -0.065716997 0.091504291 0.024304144 -0.050577708 0.029935092 0.997975528
1341846331.349926 -0.024097299 -0.062750041 0.083588034 0.023153048 -0.048138943 0.029918885 0.998123944
1341846331.382003 0.014065707 -0.082557209 0.099089734 0.025082560 -0.044404842 0.029081021 0.998275220
1341846331.418008 -0.003277630 -0.072623484 0.104961291 0.032718282 -0.032690324 0.027943881 0.998538911
1341846331.450327 -0.015963523 -0.064316489 0.104766175 0.034434740 -0.026935864 0.028740657 0.998630404
1341846331.486219 -0.023630993 -0.057391070 0.107911341 0.034962442 -0.024330650 0.029595960 0.998653948
1341846331.518344 -0.011542227 -0.060575388 0.101351440 0.033259783 -0.024409655 0.029104358 0.998724639
1341846331.550202 -0.005506443 -0.064366966 0.117426246 0.035792254 -0.020224126 0.027220370 0.998783708
1341846331.586139 -0.017242573 -0.052865971 0.120600030 0.038408685 -0.017904833 0.027582025 0.998720884
1341846331.617931 -0.010099567 -0.052038804 0.125811473 0.037290599 -0.018416993 0.028085817 0.998739898
1341846331.654027 0.000812646 -0.059504695 0.141065225 0.037294734 -0.016807025 0.028857464 0.998746157
1341846331.686123 -0.009799179 -0.048291177 0.150786623 0.040510453 -0.013016067 0.030030886 0.998642921
1341846331.717954 -0.015662733 -0.035783332 0.154977217 0.038292728 -0.013667755 0.030238999 0.998715401
1341846331.754076 -0.003092109 -0.052640576 0.169207394 0.034675471 -0.013901685 0.029076992 0.998878777
1341846331.785920 -0.004108567 -0.054244116 0.175901935 0.037415333 -0.010826256 0.027197771 0.998870969
1341846331.818053 -0.007542198 -0.041875023 0.188379645 0.038551051 -0.009037926 0.027860256 0.998827279
1341846331.853849 -0.008170730 -0.049655031 0.201461360 0.036845449 -0.008672125 0.027067734 0.998916686
1341846331.885987 0.001710763 -0.048942689 0.206938311 0.039718088 -0.006647933 0.024894269 0.998878658
1341846331.922014 -0.004197540 -0.041872110 0.228037030 0.042165805 -0.003073665 0.023891332 0.998820245
1341846331.954037 0.001007267 -0.043227829 0.232412070 0.041900404 -0.000430012 0.024475278 0.998821855
1341846331.986135 0.006234324 -0.054240685 0.250578195 0.043177962 0.004640352 0.026530193 0.998704314
1341846332.022364 -0.005336859 -0.060755271 0.256314784 0.049918119 0.010671514 0.024417002 0.998397768
1341846332.054175 -0.008795626 -0.052216765 0.270226091 0.056707300 0.010869159 0.027396016 0.997955739
1341846332.086502 -0.006601756 -0.047607053 0.290157467 0.059777688 0.010704746 0.029306691 0.997723997
1341846332.122051 -0.005326413 -0.043248929 0.298258394 0.061565820 0.011610026 0.028973481 0.997614861
1341846332.153983 -0.011691982 -0.027581207 0.300492018 0.060756885 0.011610660 0.025795415 0.997751653
1341846332.190165 -0.012458867 -0.028897621 0.323061615 0.053950787 0.009756267 0.023263337 0.998224914
1341846332.254145 -0.013241257 -0.047514208 0.355810761 0.053234465 0.010182875 0.021700187 0.998294294
1341846332.289948 -0.012483828 -0.041160181 0.356611073 0.055369698 0.009724592 0.023686904 0.998137534
1341846332.322172 -0.011553322 -0.042746581 0.371913373 0.056370217 0.009258912 0.025841512 0.998032510
1341846332.354003 -0.004034332 -0.048405699 0.374469906 0.058538117 0.010820284 0.023050068 0.997960389
1341846332.390180 -0.002140015 -0.035057355 0.387494087 0.060951822 0.015005851 0.020898422 0.997809052
1341846332.422055 -0.008194405 -0.034211125 0.396633357 0.058834024 0.017924527 0.016874023 0.997964203
1341846332.458114 -0.004433009 -0.037371062 0.404300660 0.058064971 0.019931769 0.012842620 0.998031139
1341846332.489993 -0.011115493 -0.032056458 0.422453165 0.059449241 0.021942781 0.014829154 0.997879922
1341846332.522130 -0.021933608 -0.028184952 0.429875076 0.058911268 0.019041609 0.019445855 0.997892141
1341846332.558114 -0.016330928 -0.031859346 0.435677469 0.058669046 0.013178593 0.026197910 0.997846663
1341846332.589874 -0.011345354 -0.019005701 0.442716330 0.059444517 0.010112202 0.031559266 0.997681320
1341846332.621889 -0.004844184 -0.012921222 0.446930021 0.055463977 0.009635330 0.033112902 0.997864962
1341846332.658202 -0.000799344 -0.018925073 0.464919120 0.050977282 0.010098779 0.032212518 0.998129070
1341846332.690001 0.000807112 -0.012016562 0.480381727 0.049615182 0.011146475 0.032773398 0.998168290
1341846332.726000 -0.004138261 -0.017636919 0.494814634 0.048150551 0.010633434 0.036697563 0.998109102
1341846332.758386 0.002554346 -0.016919944 0.499335110 0.048878592 0.007607250 0.038735092 0.998024344
1341846332.789937 0.009624355 -0.010132877 0.501247168 0.048395820 0.008095765 0.037339408 0.998097241
1341846332.825925 0.011739572 -0.010283278 0.513590038 0.046076458 0.010463877 0.035379030 0.998256385
1341846332.857898 0.012901301 -0.013951217 0.525512636 0.046414919 0.011783727 0.034982849 0.998239934
1341846332.894069 0.014376679 0.000234140 0.531932950 0.047417697 0.011424603 0.035906993 0.998164177
1341846332.926029 0.020295829 0.004678996 0.539562106 0.044206232 0.011532656 0.033419315 0.998396695
1341846332.958015 0.025714519 0.004899149 0.551399767 0.040934291 0.013441937 0.031113680 0.998586833
1341846332.994073 0.024755441 0.007780805 0.559323490 0.038111050 0.015014172 0.029476672 0.998725832
1341846333.026545 0.032960203 0.008433904 0.564833164 0.035708833 0.015404424 0.027280059 0.998871028
1341846333.057998 0.040674925 0.010674154 0.571442962 0.035062801 0.017025890 0.028140692 0.998843729
1341846333.094024 0.042770576 0.011412218 0.580185771 0.035499636 0.018642142 0.031703081 0.998692751
1341846333.126095 0.047934782 0.013999826 0.582913995 0.035960935 0.019930487 0.033366840 0.998597145
1341846333.161973 0.054843936 0.023688972 0.591344416 0.035441548 0.021792872 0.034414329 0.998541236
1341846333.195660 0.053786032 0.021785414 0.598232687 0.032794539 0.024193756 0.037741974 0.998456180
1341846333.226331 0.052100923 0.022571169 0.602218449 0.031226085 0.025423646 0.035798669 0.998547435
1341846333.262056 0.056096449 0.028651146 0.606017053 0.028247513 0.025145277 0.034370467 0.998693347
1341846333.294147 0.056756686 0.024608750 0.614361584 0.024485683 0.025167974 0.033940390 0.998806834
1341846333.326100 0.059678018 0.029372998 0.618339896 0.023441045 0.023661876 0.032164883 0.998927414
1341846333.362100 0.062219270 0.032015000 0.614692450 0.020167673 0.022819789 0.031483069 0.999040186
1341846333.394119 0.061868496 0.030929074 0.625368297 0.017149206 0.021924354 0.030406125 0.999149978
1341846333.429974 0.064219154 0.030687816 0.624715865 0.016375551 0.019852454 0.030860664 0.999192357
1341846333.462115 0.065560453 0.026565738 0.624906063 0.015573409 0.020158390 0.028550727 0.999267697
1341846333.494040 0.064712554 0.027309747 0.625709057 0.016500020 0.021277117 0.027750310 0.999252200
1341846333.529953 0.072299682 0.026436141 0.626400709 0.017167598 0.021574827 0.027777674 0.999233782
1341846333.562063 0.067065120 0.030373655 0.628358543 0.018368565 0.024617163 0.029130563 0.999103606
1341846333.594090 0.059982512 0.036112718 0.630756676 0.017584048 0.024710137 0.029699709 0.999098659
1341846333.629994 0.059458129 0.040121362 0.631250083 0.014525546 0.022283863 0.029281612 0.999217212
1341846333.662127 0.063083731 0.038964331 0.628830075 0.011335311 0.020639235 0.028399482 0.999319255
1341846333.697964 0.064990312 0.030113790 0.629375279 0.008585822 0.020450823 0.028868910 0.999337077
1341846333.730092 0.062655658 0.028902916 0.624286532 0.011101237 0.021080224 0.029531792 0.999279857
1341846333.762089 0.059768431 0.031545147 0.621113896 0.013043466 0.022211084 0.031338952 0.999176860
1341846333.798006 0.059414055 0.026890526 0.617052078 0.013872354 0.022708369 0.031005368 0.999164939
1341846333.830055 0.060073599 0.026173517 0.610753477 0.016359245 0.023855403 0.029157935 0.999156177
1341846333.866045 0.055380061 0.026454194 0.605560482 0.017395975 0.025631925 0.027823517 0.999132752
1341846333.897987 0.051489189 0.021360086 0.602595210 0.018500730 0.026174767 0.026279319 0.999140620
1341846333.930099 0.056393664 0.020844186 0.597344518 0.021710765 0.025951998 0.025373524 0.999105275
1341846333.965889 0.054898445 0.020209778 0.591159821 0.023704676 0.027052421 0.025131598 0.999036849
1341846333.997985 0.055772103 0.018078700 0.585260212 0.026527382 0.027768370 0.025033196 0.998948753
1341846334.030076 0.049171358 0.020528203 0.579954684 0.029925842 0.029619209 0.025763478 0.998780966
1341846334.066000 0.045531839 0.017944898 0.574217737 0.031198351 0.029397050 0.027560484 0.998700619
1341846334.097932 0.046887938 0.017272452 0.565775990 0.033281118 0.029141653 0.026753094 0.998662829
1341846334.133884 0.041970041 0.017820703 0.560505390 0.034865759 0.030540645 0.027142420 0.998556435
1341846334.166115 0.034450088 0.018425776 0.554947078 0.035108097 0.029884022 0.028193770 0.998538673
1341846334.198072 0.036128595 0.015751611 0.545321405 0.035430763 0.027842870 0.027221940 0.998613238
1341846334.234097 0.036579620 0.018229436 0.540158689 0.036161922 0.028147656 0.025816629 0.998615801
1341846334.266045 0.032068569 0.016389040 0.532971978 0.036079153 0.030153064 0.025981538 0.998555958
1341846334.297946 0.022559676 0.013848579 0.523924470 0.036950346 0.029472461 0.027831322 0.998494625
1341846334.334036 0.023620194 0.016709065 0.518217802 0.037577104 0.027288971 0.028243043 0.998521686
1341846334.365871 0.021726629 0.018848492 0.511276782 0.037359051 0.027449725 0.027069636 0.998557985
1341846334.401845 0.019400990 0.017632898 0.504158437 0.035902422 0.028265396 0.025411731 0.998632252
1341846334.433864 0.010978444 0.012990421 0.496521622 0.035808709 0.028016798 0.025928630 0.998629332
1341846334.466105 0.009917841 0.016312929 0.489646465 0.036744237 0.026163938 0.026711572 0.998624980
1341846334.502142 0.005223609 0.019630233 0.482514024 0.035907876 0.025239240 0.027489081 0.998658061
1341846334.540153 0.005343397 0.016793266 0.474708676 0.035263583 0.023687858 0.026514500 0.998745382
1341846334.602351 -0.002927375 0.021779036 0.451365590 0.030633081 0.020029105 0.018783113 0.999153435
1341846334.670161 -0.009143821 0.017729973 0.443484664 0.025418594 0.017586716 0.012683560 0.999441743
1341846334.702085 -0.015922233 0.014514239 0.433009446 0.023944557 0.015997432 0.012896241 0.999502122
1341846334.734751 -0.020616921 0.012351024 0.425501913 0.023953758 0.013679857 0.014666057 0.999511898
1341846334.770889 -0.023926917 0.014165737 0.420605212 0.024282467 0.012153920 0.017140949 0.999484301
1341846334.802194 -0.027749503 0.014670478 0.404470831 0.023829198 0.009667789 0.017808843 0.999510646
1341846334.833908 -0.025617968 0.017527185 0.395247936 0.023684671 0.007688030 0.016594252 0.999552190
1341846334.869874 -0.029408740 0.017717348 0.385568619 0.022063604 0.007456551 0.016373320 0.999594688
1341846334.902006 -0.037881870 0.014939094 0.371376455 0.020286931 0.006556341 0.016265603 0.999640405
1341846334.938010 -0.039165024 0.015426286 0.367776960 0.019934116 0.003186475 0.016192475 0.999665082
1341846334.970032 -0.033782735 0.014466264 0.359019190 0.019837355 0.001619478 0.015473788 0.999682188
1341846335.002203 -0.039574619 0.008435271 0.347902149 0.020929182 0.002549730 0.016552480 0.999640703
1341846335.037880 -0.050142828 0.010120124 0.332935512 0.023637017 0.000588963 0.018322108 0.999552488
1341846335.069990 -0.044582862 0.012938577 0.326947212 0.023939727 -0.003035456 0.018854063 0.999530971
1341846335.106038 -0.044317253 0.010579188 0.316859752 0.024203284 -0.001833185 0.016865142 0.999563098
1341846335.138045 -0.050709866 0.009726924 0.308610976 0.025887810 -0.000429739 0.016004695 0.999536633
1341846335.169900 -0.056178953 0.014138486 0.293466598 0.026363650 -0.002980089 0.015981762 0.999520183
1341846335.206091 -0.055617973 0.014051661 0.285171747 0.025665158 -0.004764721 0.013852329 0.999563277
1341846335.239365 -0.052658487 0.007535589 0.277499944 0.025182929 -0.004066263 0.011039441 0.999613643
1341846335.269948 -0.056766909 0.007467572 0.267659664 0.026938263 -0.002711188 0.009611674 0.999587238
1341846335.305972 -0.061338186 0.007205248 0.253942519 0.028696030 -0.003952094 0.010581153 0.999524355
1341846335.338012 -0.059251308 0.005312781 0.249486998 0.029830437 -0.005831028 0.012762335 0.999456465
1341846335.374005 -0.047705639 -0.011367940 0.230567440 0.032396257 -0.005258404 0.013250337 0.999373436
1341846335.406025 -0.053814996 -0.002841130 0.226826996 0.040666997 -0.002139978 0.015532108 0.999049723
1341846335.438079 -0.057593580 0.006384450 0.216884941 0.046363749 -0.001109785 0.018522436 0.998752236
1341846335.473998 -0.054422729 0.009250865 0.205863789 0.048481703 0.000163768 0.019577071 0.998632193
1341846335.507038 -0.055443894 0.013859702 0.194181442 0.049783435 0.002704665 0.017812295 0.998597503
1341846335.538040 -0.061297856 0.019821856 0.187881187 0.049472280 0.005444442 0.015726626 0.998636842
1341846335.574119 -0.067933783 0.022839844 0.178212628 0.047174700 0.005667293 0.015983444 0.998742640
1341846335.605970 -0.067747675 0.015108481 0.168488413 0.045045767 0.004771026 0.015456914 0.998853922
1341846335.641978 -0.066113085 0.015047356 0.166565731 0.046087950 0.005496481 0.013661739 0.998828828
1341846335.673993 -0.070016071 0.018901976 0.157693192 0.046343956 0.006336085 0.013364646 0.998816073
1341846335.706178 -0.074251637 0.017280035 0.141941056 0.045479517 0.005290152 0.014155474 0.998851001
1341846335.741982 -0.068624817 0.016256686 0.129881546 0.045878377 0.004541072 0.013539187 0.998844922
1341846335.773960 -0.071140088 0.021831729 0.118965797 0.046398200 0.005128317 0.013120526 0.998823702
1341846335.806271 -0.074703224 0.027086567 0.105840281 0.044660755 0.004826154 0.013002397 0.998905957
1341846335.842031 -0.072031833 0.021385990 0.095895089 0.042186506 0.005399344 0.012869885 0.999012232
1341846335.873966 -0.073702775 0.019931832 0.088904761 0.043173820 0.006824759 0.012545015 0.998965502
1341846335.910005 -0.081183128 0.025068805 0.076733410 0.042998247 0.007209535 0.014419642 0.998945057
1341846335.941936 -0.083672494 0.024947176 0.064749464 0.041953001 0.005309310 0.015198451 0.998989880
1341846335.974198 -0.082857318 0.024654191 0.056217369 0.041746426 0.004342076 0.013067150 0.999033332
1341846336.010032 -0.085933015 0.026228292 0.044528045 0.041507646 0.004435299 0.011886540 0.999057651
1341846336.042129 -0.091131404 0.026356889 0.034212105 0.040591430 0.003213665 0.012295739 0.999095023
1341846336.078076 -0.092425175 0.022742137 0.026217585 0.040307753 0.001303870 0.011576777 0.999119401
1341846336.110739 -0.093100093 0.026515443 0.019951224 0.041290924 0.001200134 0.009769754 0.999098659
1341846336.142002 -0.099520490 0.024630735 0.007268436 0.040894527 0.001388766 0.010727785 0.999104917
1341846336.183953 -0.103187345 0.029046960 -0.005203031 0.040776011 -0.001048823 0.011890656 0.999096990
1341846336.241891 -0.103311442 0.029261306 -0.014857438 0.038900457 -0.001898130 0.011467231 0.999175489
1341846336.277946 -0.110362358 0.023261078 -0.022220958 0.038910415 -0.001214703 0.013081937 0.999156356
1341846336.309977 -0.112852603 0.023012256 -0.030411538 0.041504432 -0.003864729 0.016419528 0.998995900
1341846336.346143 -0.112081848 0.028992811 -0.039308690 0.043732770 -0.005470349 0.017604515 0.998873174
1341846336.377975 -0.112802811 0.028898181 -0.045864932 0.044522461 -0.005185664 0.016658174 0.998856008
1341846336.410032 -0.115769401 0.031636022 -0.059329409 0.045582816 -0.004325545 0.016742555 0.998810887
1341846336.446041 -0.117016323 0.035645045 -0.071954161 0.045269709 -0.004889097 0.016658405 0.998823941
1341846336.477990 -0.119015656 0.034155823 -0.073049977 0.044255193 -0.004852240 0.015943501 0.998881280
1341846336.510056 -0.119754858 0.030838177 -0.079355218 0.044216108 -0.004309269 0.016888382 0.998869956
1341846336.546024 -0.122903802 0.030282088 -0.085282721 0.045085106 -0.004019032 0.018657131 0.998800814
1341846336.578003 -0.123950429 0.038448356 -0.093762815 0.045293689 -0.004571750 0.020622138 0.998750389
1341846336.614020 -0.123176470 0.037261318 -0.096927375 0.044586521 -0.003802888 0.019214485 0.998813450
1341846336.645982 -0.126918748 0.042816944 -0.105882071 0.043718778 -0.002508159 0.018765481 0.998864472
1341846336.678036 -0.134815887 0.038556747 -0.106797569 0.041621462 -0.004002582 0.019479435 0.998935521
1341846336.714024 -0.136294141 0.032223176 -0.105667591 0.042960364 -0.006280934 0.018882992 0.998878539
1341846336.746016 -0.141165927 0.028837377 -0.114502504 0.046581022 -0.008235408 0.020895513 0.998661995
1341846336.778014 -0.140260607 0.038190197 -0.131354883 0.049584668 -0.012379711 0.025090292 0.998377979
1341846336.820006 -0.142045647 0.042404860 -0.132535189 0.050411854 -0.016026612 0.026872486 0.998238266
1341846336.882056 -0.145908952 0.037484009 -0.151680335 0.052683327 -0.017810561 0.025329493 0.998131096
1341846336.914273 -0.152223870 0.029278960 -0.156498671 0.054345828 -0.021623679 0.027168492 0.997918248
1341846336.945998 -0.147684470 0.029073358 -0.156663373 0.060862213 -0.029117525 0.030801518 0.997245848
1341846336.981980 -0.147905111 0.048465639 -0.172468930 0.065091737 -0.032756973 0.027758079 0.996955156
1341846337.014238 -0.150804982 0.054907639 -0.180927396 0.062457759 -0.035132863 0.025184225 0.997111082
1341846337.046017 -0.148074448 0.048644785 -0.168064952 0.059712049 -0.037009154 0.021507217 0.997297466
1341846337.082104 -0.152188748 0.048701152 -0.175452098 0.059220012 -0.037054226 0.018051302 0.997393668
1341846337.114317 -0.155427620 0.049138092 -0.182907134 0.057367641 -0.039040085 0.017477026 0.997436404
1341846337.150037 -0.151116073 0.048760641 -0.183078066 0.055837877 -0.041276045 0.016148111 0.997455597
1341846337.181873 -0.151047394 0.049169935 -0.179071620 0.055418313 -0.041083619 0.013398337 0.997527659
1341846337.214073 -0.152763397 0.057389889 -0.196010128 0.053353861 -0.039404508 0.011652254 0.997729897
1341846337.250087 -0.164928064 0.039503362 -0.197363630 0.049750961 -0.040269963 0.012392979 0.997872531
1341846337.282028 -0.166908652 0.041409452 -0.194815516 0.051140875 -0.044404931 0.015381259 0.997585177
1341846337.317920 -0.156841055 0.049628135 -0.188568234 0.051268391 -0.046514537 0.016460683 0.997465253
1341846337.350018 -0.159147903 0.054238878 -0.200550675 0.049877189 -0.045744795 0.016085779 0.997577548
1341846337.382159 -0.156178206 0.049150050 -0.193772256 0.046835508 -0.045688324 0.014088280 0.997757733
1341846337.417941 -0.161922738 0.039731801 -0.204017639 0.047175944 -0.044674080 0.014437985 0.997782648
1341846337.450137 -0.164412603 0.048467323 -0.214445814 0.048194051 -0.046370745 0.014863613 0.997650325
1341846337.482096 -0.156520024 0.045716926 -0.208370984 0.046464946 -0.047260419 0.016156221 0.997670472
1341846337.518008 -0.161374971 0.040816624 -0.208212346 0.047228627 -0.047307827 0.016477901 0.997627139
1341846337.549978 -0.162806332 0.052153811 -0.213471398 0.048149105 -0.048006311 0.014279890 0.997583628
1341846337.585971 -0.161739916 0.046446335 -0.211839721 0.044980358 -0.048337307 0.013637183 0.997724533
1341846337.617903 -0.156734928 0.031713307 -0.204056844 0.045523293 -0.049333096 0.014318555 0.997641623
1341846337.650141 -0.155834198 0.047143821 -0.213954344 0.048729789 -0.049678460 0.014090303 0.997476280
1341846337.686352 -0.158287987 0.053132977 -0.212851465 0.047246244 -0.049174771 0.013741017 0.997577488
1341846337.718002 -0.153585598 0.045941725 -0.205090761 0.044890679 -0.049089402 0.014450247 0.997680426
1341846337.749920 -0.151171237 0.051155861 -0.201667592 0.045089707 -0.047138929 0.013400360 0.997780144
1341846337.786157 -0.154674605 0.057266925 -0.199469551 0.042306893 -0.044150844 0.013048588 0.998043358
1341846337.817945 -0.148250580 0.050011717 -0.190522969 0.039475743 -0.042579237 0.015239648 0.998196602
1341846337.854071 -0.146113291 0.056660999 -0.191627339 0.038577031 -0.039197333 0.014145519 0.998386323
1341846337.885951 -0.151521012 0.061591923 -0.188554153 0.035797589 -0.036470156 0.012271321 0.998617947
1341846337.918223 -0.147221416 0.059216909 -0.178687915 0.031292249 -0.035460375 0.009571961 0.998835206
1341846337.954120 -0.146972567 0.054592647 -0.175632790 0.028695481 -0.034064215 0.009318423 0.998964131
1341846337.985994 -0.146280482 0.067553475 -0.169268101 0.026728518 -0.033128832 0.009435551 0.999049067
1341846338.018107 -0.141961396 0.062651172 -0.159001216 0.023138484 -0.031791277 0.010752871 0.999168813
1341846338.054055 -0.136548117 0.066398844 -0.161855817 0.020873349 -0.030809166 0.009913838 0.999258101
1341846338.085986 -0.133548260 0.066611551 -0.146381333 0.017329689 -0.027671712 0.009792555 0.999418855
1341846338.121875 -0.140473470 0.063154921 -0.136036530 0.015444716 -0.024714638 0.011100756 0.999513626
1341846338.154089 -0.140613943 0.062783152 -0.130209252 0.014587604 -0.024283791 0.014832924 0.999488592
1341846338.186029 -0.136794761 0.062235858 -0.121926896 0.013245902 -0.024837054 0.017026747 0.999458730
1341846338.222071 -0.130318701 0.067229852 -0.116756625 0.012203149 -0.024125282 0.016580688 0.999496937
1341846338.254107 -0.130912900 0.060908236 -0.102539927 0.010075445 -0.022152426 0.017237432 0.999555230
1341846338.290130 -0.130307317 0.058958374 -0.093148403 0.010518965 -0.022189396 0.018823775 0.999521196
1341846338.321952 -0.128550798 0.066040680 -0.087303735 0.010881430 -0.021306820 0.020905299 0.999495149
1341846338.354022 -0.124463670 0.063350610 -0.076182537 0.010109103 -0.021094380 0.021349909 0.999498367
1341846338.389969 -0.125381052 0.071664922 -0.068885267 0.010189403 -0.019997878 0.021690082 0.999512792
1341846338.422377 -0.125584871 0.067655444 -0.056672730 0.008053732 -0.019525152 0.021605201 0.999543488
1341846338.454010 -0.125290170 0.071894273 -0.050508622 0.007410902 -0.019872880 0.020470981 0.999565482
1341846338.489894 -0.120338984 0.065799356 -0.039701577 0.004921206 -0.020748654 0.021246560 0.999546826
1341846338.522066 -0.116700262 0.064071551 -0.026570544 0.005645328 -0.020747790 0.021304483 0.999541819
1341846338.558058 -0.118396200 0.075244509 -0.025794305 0.005870107 -0.020367814 0.019701147 0.999581218
1341846338.589842 -0.114028603 0.072809726 -0.008786545 0.003529739 -0.020964887 0.019682158 0.999580204
1341846338.622019 -0.109497987 0.067897782 0.005138252 0.004115661 -0.020117559 0.021052618 0.999567449
1341846338.657984 -0.113855161 0.072984122 0.005291094 0.004529349 -0.019759303 0.022662504 0.999537647
1341846338.690198 -0.107285127 0.079690471 0.023064433 0.003098303 -0.021113392 0.022274215 0.999524117
1341846338.722454 -0.100734204 0.071903922 0.031881705 0.001728025 -0.020356063 0.022765823 0.999532104
1341846338.757945 -0.109389022 0.078066066 0.036148120 0.002290130 -0.019585038 0.024221571 0.999512136
1341846338.790039 -0.103096642 0.079652727 0.052986074 0.000410394 -0.022283019 0.024888130 0.999441803
1341846338.826048 -0.093455531 0.075903654 0.067269914 0.000383843 -0.022212233 0.023765925 0.999470711
1341846338.858027 -0.099241242 0.081857838 0.068818450 0.000598784 -0.019684508 0.022282647 0.999557734
1341846338.889902 -0.096148312 0.081664972 0.081546433 -0.001972369 -0.020985318 0.021636022 0.999543726
1341846338.925948 -0.088606626 0.078890406 0.093444169 -0.002831171 -0.020710839 0.020561380 0.999570072
1341846338.958108 -0.089083470 0.079668850 0.105542824 -0.002554392 -0.018641422 0.019177642 0.999639034
1341846338.990057 -0.086192660 0.076897353 0.116225511 -0.002378530 -0.018811109 0.020354873 0.999612987
1341846339.025928 -0.079543307 0.078650251 0.132206813 0.000015466 -0.018469373 0.021004720 0.999608755
1341846339.057939 -0.080728874 0.084673218 0.143063322 0.003073901 -0.015557468 0.020568684 0.999662638
1341846339.093927 -0.087199725 0.091244519 0.146790385 0.002269902 -0.015414957 0.021726660 0.999642551
1341846339.126562 -0.079596601 0.094679654 0.156870648 -0.000637895 -0.017054392 0.020945914 0.999634922
1341846339.157969 -0.070324577 0.090936989 0.170461729 -0.003677277 -0.015147057 0.019035419 0.999697268
1341846339.194113 -0.077772297 0.095988281 0.176509768 -0.005143707 -0.013285412 0.019860776 0.999701262
1341846339.228165 -0.074117728 0.099192113 0.182425067 -0.008318665 -0.015503575 0.021863101 0.999606133
1341846339.257998 -0.065049812 0.097085431 0.198734000 -0.011238811 -0.015640484 0.022626663 0.999558449
1341846339.294132 -0.065597922 0.099416569 0.207290620 -0.011308733 -0.012743223 0.023734385 0.999573112
1341846339.326577 -0.067720190 0.107182667 0.217166841 -0.014630771 -0.014548473 0.027011475 0.999422193
1341846339.362269 -0.058319800 0.104555115 0.219431773 -0.019260544 -0.017442187 0.025044717 0.999348581
1341846339.394725 -0.050200988 0.105619393 0.234573141 -0.019828759 -0.016042233 0.024271619 0.999379992
1341846339.462186 -0.046536162 0.103981599 0.255027175 -0.023745943 -0.017157983 0.024774574 0.999263704
1341846339.496743 -0.039602552 0.108342260 0.259616643 -0.020120237 -0.013434703 0.020817533 0.999490499
1341846339.562052 -0.039756838 0.100729369 0.282337070 -0.019942129 -0.010160828 0.023970395 0.999462068
1341846339.595122 -0.031765044 0.101087771 0.288493097 -0.017954219 -0.010107145 0.023237018 0.999517620
1341846339.632085 -0.029815249 0.107169546 0.294881046 -0.015910171 -0.006296604 0.021081880 0.999631286
1341846339.664568 -0.025644889 0.106080092 0.308695197 -0.015816374 -0.003813519 0.019103145 0.999685168
1341846339.698896 -0.026100500 0.102602236 0.317145556 -0.016194139 -0.002445744 0.018433435 0.999695957
1341846339.731977 -0.022944560 0.102782115 0.326987296 -0.015877564 -0.002270706 0.016428588 0.999736428
1341846339.762241 -0.018481452 0.099152841 0.334725738 -0.016066566 -0.001225608 0.016703991 0.999730647
1341846339.797873 -0.016301913 0.098583452 0.338985026 -0.016092822 -0.000806913 0.017819270 0.999711394
1341846339.830245 -0.012157973 0.098814301 0.348745167 -0.016377272 -0.001648644 0.018130090 0.999700129
1341846339.862015 -0.010654193 0.100023642 0.357752323 -0.016540244 -0.001538779 0.017874360 0.999702215
1341846339.897797 -0.007489557 0.099230647 0.364159256 -0.017595373 -0.000482780 0.017089382 0.999698997
1341846339.929916 -0.004444219 0.091706879 0.372022063 -0.018810594 0.000572171 0.019217946 0.999638200
1341846339.961960 -0.002233649 0.091805823 0.376091063 -0.017505690 -0.000040060 0.019983819 0.999647021
1341846339.997845 0.004956505 0.093418710 0.379974186 -0.015955735 0.000395210 0.020445220 0.999663591
1341846340.029925 0.005787584 0.092802830 0.392284036 -0.015012089 0.002959927 0.021309797 0.999655843
1341846340.066044 0.007015394 0.092405535 0.396009356 -0.012919476 0.004497364 0.022144619 0.999661207
1341846340.098009 0.008251445 0.092246607 0.400264740 -0.012075116 0.004934561 0.023157630 0.999646723
1341846340.130102 0.011589286 0.092799552 0.402970642 -0.012816102 0.004515581 0.022501100 0.999654472
1341846340.166041 0.018264676 0.088443100 0.412508875 -0.012288603 0.006399597 0.020865120 0.999686301
1341846340.197867 0.017445687 0.090681650 0.418598413 -0.010913669 0.009100809 0.020313427 0.999692678
1341846340.229904 0.018732827 0.094420075 0.424001724 -0.011878881 0.008873133 0.020178715 0.999686480
1341846340.265859 0.025548646 0.088958092 0.431524545 -0.013082442 0.009446581 0.019722437 0.999675274
1341846340.298061 0.027671872 0.091422185 0.441092074 -0.010646560 0.011629845 0.020678706 0.999661803
1341846340.334063 0.023849063 0.096761614 0.443442136 -0.011103718 0.011341332 0.022441709 0.999622166
1341846340.366064 0.030839531 0.088996425 0.449792176 -0.013553868 0.008738045 0.021223824 0.999644697
1341846340.397995 0.035331927 0.087748833 0.451862156 -0.011848507 0.009037151 0.021349354 0.999661028
1341846340.433895 0.032902963 0.090917580 0.459534258 -0.010850140 0.009420058 0.022115700 0.999652147
1341846340.465959 0.033415660 0.088558339 0.459129900 -0.010598527 0.007280783 0.023388097 0.999643803
1341846340.501858 0.040800121 0.089063704 0.460066795 -0.009697336 0.002865755 0.023992253 0.999660969
1341846340.534329 0.046366379 0.090587810 0.465642363 -0.009078951 0.001067370 0.024070326 0.999668479
1341846340.566041 0.050226577 0.086113080 0.464655370 -0.008320449 0.000013404 0.024865344 0.999656200
1341846340.601909 0.053289171 0.085402153 0.462006837 -0.005967819 -0.000463057 0.025325045 0.999661386
1341846340.634005 0.055298503 0.090357088 0.454345822 -0.004545591 -0.001002662 0.024017224 0.999700725
1341846340.666028 0.060261413 0.087506942 0.455701321 -0.005094040 -0.000961204 0.021858895 0.999747634
1341846340.701946 0.065232620 0.086181603 0.453957796 -0.003219740 -0.000095730 0.019675953 0.999801219
1341846340.733954 0.065749146 0.090374336 0.452310801 -0.001723226 0.001898541 0.017621173 0.999841452
1341846340.770081 0.063341759 0.091791071 0.452346891 -0.002316295 0.002784204 0.014738661 0.999884784
1341846340.801980 0.069174290 0.088319503 0.448359668 -0.002785991 0.002967217 0.010269528 0.999938965
1341846340.833999 0.070050575 0.092869334 0.444431901 -0.002491987 0.005368470 0.006007297 0.999964476
1341846340.870013 0.067483462 0.091707997 0.448876172 -0.003861430 0.005550037 0.004216244 0.999968231
1341846340.901955 0.070739977 0.088051647 0.445681751 -0.003299852 0.005065882 0.004074035 0.999973416
1341846340.933918 0.067174278 0.087197356 0.444655389 -0.001392613 0.005129352 0.005773809 0.999969244
1341846340.970122 0.067611754 0.089894794 0.438828558 0.000152001 0.002195499 0.010889854 0.999938250
1341846341.001922 0.066727325 0.086848095 0.435729951 0.001132744 -0.001822814 0.016666267 0.999858797
1341846341.037923 0.070958622 0.088647179 0.433430165 0.002572724 -0.004928224 0.019523052 0.999793947
1341846341.070300 0.068515211 0.088289894 0.430121154 0.002988110 -0.005352042 0.019414574 0.999792695
1341846341.102028 0.065213613 0.086639896 0.423871666 0.002603137 -0.006170050 0.019358551 0.999790192
1341846341.137982 0.069384664 0.087169126 0.425626367 0.002851802 -0.008721231 0.019589528 0.999765992
1341846341.170048 0.071796045 0.084640920 0.421217144 0.003033784 -0.009303108 0.020798855 0.999735773
1341846341.202110 0.070019551 0.082959063 0.419425756 0.004417760 -0.009410217 0.022480629 0.999693215
1341846341.237996 0.072361134 0.083739236 0.418472707 0.006287260 -0.009338073 0.022871556 0.999675035
1341846341.269883 0.069898792 0.084718794 0.418703973 0.007471316 -0.008819172 0.023750810 0.999651074
1341846341.306107 0.067784414 0.084366478 0.414474219 0.008046514 -0.009100759 0.022633387 0.999670029
1341846341.338109 0.069826640 0.084870286 0.410365552 0.009000825 -0.008812127 0.020387406 0.999712765
1341846341.370120 0.069363318 0.086002573 0.411322266 0.009622019 -0.007602883 0.018472282 0.999754131
1341846341.406074 0.066380471 0.084070370 0.406401277 0.009457012 -0.006747001 0.017172311 0.999785066
1341846341.438113 0.065145485 0.079926975 0.409419477 0.010252621 -0.008644281 0.017833592 0.999751031
1341846341.470024 0.067554861 0.081184536 0.404698670 0.013215451 -0.009016871 0.016104108 0.999742329
1341846341.506077 0.065916516 0.087705970 0.403698295 0.013565551 -0.008050141 0.015183762 0.999760270
1341846341.538156 0.062002640 0.083885349 0.404438108 0.012272258 -0.009518749 0.015589309 0.999757886
1341846341.574016 0.062742740 0.083821133 0.406630278 0.013509961 -0.011838849 0.016217934 0.999707103
1341846341.612466 0.061838489 0.087033041 0.400106579 0.014176360 -0.012259156 0.016855026 0.999682248
1341846341.643972 0.058239590 0.087846942 0.393997282 0.013259750 -0.013088490 0.015467890 0.999706745
1341846341.679982 0.059442077 0.084687181 0.397893637 0.012811497 -0.014875091 0.015641691 0.999684930
1341846341.712332 0.054030858 0.086102977 0.393668264 0.013776000 -0.016332321 0.018455412 0.999601364
1341846341.744185 0.056012940 0.085737854 0.396096319 0.014099106 -0.018619634 0.020871984 0.999509335
1341846341.780061 0.057062373 0.087131910 0.393128783 0.014638317 -0.019316912 0.022367556 0.999455988
1341846341.842595 0.062140316 0.078877442 0.387162179 0.016084760 -0.020684926 0.027340123 0.999282718
1341846341.906227 0.063225351 0.077133760 0.384648144 0.019527845 -0.021478159 0.032471385 0.999051034
1341846341.942069 0.063225552 0.072478101 0.382918060 0.022391951 -0.021325637 0.034371879 0.998930633
1341846341.974775 0.064574629 0.074695274 0.379709989 0.025953218 -0.021639830 0.035886634 0.998784423
1341846342.010161 0.059018135 0.075902842 0.376921624 0.026740402 -0.022228098 0.037772689 0.998681188
1341846342.042024 0.065033682 0.067947157 0.376060307 0.027712366 -0.023333509 0.037170798 0.998652041
1341846342.080032 0.069743685 0.074045919 0.369662195 0.030481150 -0.021624777 0.038157579 0.998572588
1341846342.112265 0.061786357 0.068486616 0.370791823 0.030182447 -0.020078115 0.039780762 0.998550653
1341846342.147954 0.064667754 0.065274045 0.372842878 0.032497481 -0.021741301 0.041919895 0.998355627
1341846342.179852 0.068814933 0.065756440 0.367016673 0.035202142 -0.021458779 0.043633997 0.998196542
1341846342.211848 0.068095721 0.068459168 0.367944807 0.036152966 -0.020869639 0.043350212 0.998187423
1341846342.247920 0.067570403 0.065517507 0.367959291 0.037157226 -0.020434182 0.041515362 0.998237550
1341846342.279870 0.070534661 0.064745016 0.367343515 0.038482625 -0.020395359 0.042184971 0.998160064
1341846342.316068 0.071197875 0.065825127 0.362592131 0.039851412 -0.020250721 0.043233726 0.998064458
1341846342.347894 0.073078088 0.068468891 0.360775918 0.040500693 -0.020480271 0.043257371 0.998032570
1341846342.379953 0.072561160 0.067067273 0.362420827 0.040448766 -0.019708734 0.043370947 0.998045325
1341846342.416195 0.071108460 0.067497365 0.362016320 0.041186024 -0.019337676 0.044326793 0.997980416
