1341846361.788774 0.000000000 0.000000000 0.000000000 0.000000000 0.000000000 0.000000000 1.000000000
1341846361.824112 -0.013147124 0.000871110 0.008805401 -0.002250836 0.003746839 -0.004877186 0.999978542
1341846361.856016 -0.028262462 0.021852413 0.011617539 -0.004970076 0.005798197 -0.008677385 0.999933183
1341846361.887871 -0.035476919 0.006366082 0.022378134 -0.015088642 0.008311115 -0.014231144 0.999750316
1341846361.923930 -0.055660482 -0.010075179 0.029900152 -0.016761731 0.012858143 -0.011103106 0.999715149
1341846361.955927 -0.069523945 -0.010353805 0.027014524 -0.010996344 0.011818600 -0.004244539 0.999860704
1341846361.991999 -0.083558768 -0.016815504 0.029887704 -0.008386956 0.007441471 0.000586410 0.999936998
1341846362.023994 -0.079811923 -0.016678898 0.033548202 -0.004422025 0.003992857 0.001661704 0.999980867
1341846362.056118 -0.085886642 -0.005401898 0.030525522 -0.001398283 0.004480012 0.003633388 0.999982357
1341846362.091992 -0.103106350 -0.004198118 0.032981619 -0.002451011 0.005268706 0.003630220 0.999976516
1341846362.123929 -0.108653225 -0.016569791 0.043621361 -0.003758132 0.003941986 0.005337097 0.999970913
1341846362.156058 -0.116298370 -0.021947471 0.040300909 -0.000737432 0.004009607 0.007537113 0.999963284
1341846362.191987 -0.126430690 -0.022062020 0.039970510 0.001733400 0.003905408 0.010308132 0.999937713
1341846362.224138 -0.133251190 -0.028756792 0.047057692 0.005240405 0.002251017 0.012890929 0.999900639
1341846362.260011 -0.134965315 -0.025815349 0.042090762 0.010458949 0.003497549 0.012962553 0.999855220
1341846362.291979 -0.144303903 -0.026366264 0.043037307 0.013031859 0.007587700 0.012225239 0.999811530
1341846362.323947 -0.157769009 -0.026173996 0.046643142 0.015467678 0.011234824 0.010338638 0.999763787
1341846362.359889 -0.167045966 -0.024991466 0.055412643 0.017571134 0.014918953 0.009985171 0.999684453
1341846362.392021 -0.181623966 -0.025365947 0.055465959 0.018519506 0.020582506 0.010222236 0.999564409
1341846362.423868 -0.195389524 -0.029358199 0.062501356 0.019467095 0.023457795 0.011187485 0.999472678
1341846362.459968 -0.204545394 -0.029469578 0.066303454 0.022764752 0.024485139 0.011771389 0.999371648
1341846362.491924 -0.219476417 -0.032029212 0.056611493 0.024471533 0.024435241 0.013393315 0.999312162
1341846362.523976 -0.225610271 -0.033311639 0.056413732 0.025920596 0.024083961 0.015389638 0.999255359
1341846362.559933 -0.236886039 -0.035119388 0.066636369 0.027860165 0.025771827 0.017968187 0.999118030
1341846362.592338 -0.251806825 -0.032432634 0.058884088 0.029240292 0.026389439 0.016992126 0.999079585
1341846362.628177 -0.259908885 -0.030523404 0.059200447 0.029091807 0.025661765 0.016878152 0.999104738
1341846362.660128 -0.268865705 -0.033597004 0.057573877 0.028150497 0.025921412 0.016036341 0.999138892
1341846362.691901 -0.280923784 -0.028176779 0.066078253 0.027383141 0.024539921 0.015028287 0.999210775
1341846362.727993 -0.292394638 -0.032993864 0.062480342 0.025316278 0.021355862 0.013911138 0.999354541
1341846362.759942 -0.296961933 -0.036757302 0.065351650 0.024749370 0.018520603 0.011988716 0.999450207
1341846362.792002 -0.305947602 -0.034353182 0.059912719 0.024402943 0.017382609 0.009876058 0.999502301
1341846362.827965 -0.316492558 -0.037447762 0.064140566 0.022802155 0.015390024 0.007446518 0.999593794
1341846362.859959 -0.322169691 -0.038975310 0.065160811 0.022395777 0.014045819 0.004470994 0.999640524
1341846362.891861 -0.333724111 -0.036990359 0.069395967 0.023100939 0.014202720 0.003649214 0.999625564
1341846362.928098 -0.342963368 -0.040960465 0.069169551 0.022801971 0.012381113 0.004220449 0.999654412
1341846362.959894 -0.350670308 -0.046585377 0.075318702 0.025349140 0.011699499 0.005944727 0.999592543
1341846362.995909 -0.357519865 -0.047788065 0.075066619 0.028796714 0.010075448 0.009339352 0.999490857
1341846363.028072 -0.364734173 -0.049109194 0.080181651 0.031031318 0.007929811 0.010665252 0.999430060
1341846363.059896 -0.366095662 -0.053159494 0.080961138 0.035501972 0.008337331 0.008473621 0.999298930
1341846363.096102 -0.373387903 -0.045439262 0.079594575 0.039288420 0.010715264 0.006392495 0.999149978
1341846363.127992 -0.381951958 -0.046602178 0.081091069 0.038336035 0.012257919 0.002945316 0.999185383
1341846363.159870 -0.382672817 -0.052453164 0.077407114 0.039160088 0.014994719 0.001144427 0.999119759
1341846363.195966 -0.396065295 -0.053976465 0.084280118 0.041439287 0.019304749 0.004041154 0.998946369
1341846363.227902 -0.414047480 -0.056614015 0.085773230 0.042981215 0.018425675 0.007034061 0.998881161
1341846363.259977 -0.416901082 -0.056776192 0.072953589 0.045604471 0.016254595 0.010955703 0.998767197
1341846363.296031 -0.422604799 -0.053398952 0.076436751 0.049726628 0.018660583 0.013327153 0.998499572
1341846363.328065 -0.438965470 -0.052081503 0.075591587 0.050498635 0.019534407 0.017085472 0.998386919
1341846363.364023 -0.443807691 -0.053468201 0.058716815 0.049044888 0.015399984 0.020044122 0.998476684
1341846363.395985 -0.452384263 -0.059072793 0.061174747 0.047858998 0.011058981 0.020830959 0.998575628
1341846363.427955 -0.456310838 -0.052262109 0.067166939 0.048065122 0.007986036 0.016621582 0.998673975
1341846363.463979 -0.469749480 -0.051018368 0.064815514 0.046405930 0.005867036 0.016478172 0.998769522
1341846363.495986 -0.470280200 -0.052098285 0.084913932 0.044453476 0.000496076 0.019724376 0.998816609
1341846363.527941 -0.480116487 -0.054144580 0.073534951 0.041635588 -0.001958845 0.021341631 0.998902977
1341846363.564057 -0.487663984 -0.051945508 0.070479825 0.037904806 -0.003926603 0.025525233 0.998947561
1341846363.596025 -0.498551279 -0.058520004 0.080418728 0.033746473 -0.007561578 0.028243972 0.999002635
1341846363.632058 -0.499918848 -0.070143335 0.090567991 0.033744045 -0.014909470 0.032012023 0.998806417
1341846363.663931 -0.500056028 -0.060405340 0.087654173 0.036169626 -0.017208600 0.030025424 0.998746216
1341846363.695998 -0.508629560 -0.057125151 0.093695275 0.035053454 -0.018875839 0.024503212 0.998906672
1341846363.732007 -0.514589250 -0.054714441 0.098039307 0.032920793 -0.024133161 0.017804129 0.999007881
1341846363.794060 -0.507302642 -0.061052814 0.089873157 0.035234973 -0.037740819 0.022257954 0.998418093
1341846363.826406 -0.497969717 -0.054510452 0.090134360 0.036938239 -0.040712487 0.019723715 0.998293042
1341846363.861897 -0.491309345 -0.050703865 0.088171981 0.038282912 -0.040500313 0.018023342 0.998283207
1341846363.893984 -0.488144845 -0.045436595 0.086762995 0.038782157 -0.039937608 0.017126819 0.998302341
1341846363.926076 -0.477564991 -0.044772364 0.087792262 0.036722712 -0.040531591 0.017384803 0.998351812
1341846363.962090 -0.469505489 -0.045821197 0.085363910 0.035317533 -0.038929690 0.018716326 0.998442233
1341846363.994287 -0.464378834 -0.050229866 0.082130931 0.033956502 -0.038107902 0.021663221 0.998461545
1341846364.025993 -0.454431623 -0.048173472 0.084700212 0.033510063 -0.037847672 0.021948062 0.998480320
1341846364.061809 -0.443154037 -0.047872458 0.083035909 0.032028977 -0.035651714 0.021537978 0.998618662
1341846364.094209 -0.432749569 -0.056492001 0.089197010 0.031833462 -0.033677813 0.021656327 0.998690844
1341846364.130022 -0.425860703 -0.059247307 0.091621421 0.033383824 -0.033259030 0.021492891 0.998657823
1341846364.162231 -0.409474432 -0.068115808 0.082778752 0.035530839 -0.035975344 0.021210425 0.998495579
1341846364.194049 -0.396179706 -0.066034593 0.078237735 0.040828638 -0.037580743 0.018118123 0.998294771
1341846364.230023 -0.380791873 -0.065828234 0.079909235 0.043569352 -0.039241418 0.016512102 0.998142838
1341846364.262044 -0.362860352 -0.072966434 0.085151583 0.047620814 -0.040010579 0.014142310 0.997963607
1341846364.294059 -0.350351006 -0.064524315 0.073995158 0.051956814 -0.035682313 0.010066845 0.997960865
1341846364.330003 -0.337522984 -0.053348996 0.077842996 0.052150536 -0.032572098 0.007610919 0.998078883
1341846364.362052 -0.320852250 -0.059566677 0.077851459 0.050905645 -0.030023530 0.007171563 0.998226285
1341846364.397902 -0.299873054 -0.062439170 0.071234033 0.051828340 -0.024554359 0.004940930 0.998341858
1341846364.430108 -0.296131045 -0.063758038 0.069526911 0.051613640 -0.019291734 0.004363312 0.998471260
1341846364.462063 -0.283288687 -0.064135179 0.062353630 0.051085208 -0.016105022 0.002270153 0.998561859
1341846364.498091 -0.266699880 -0.061814941 0.073915191 0.051319107 -0.011617132 0.000262478 0.998614728
1341846364.530058 -0.261308074 -0.067873538 0.074018642 0.050317138 -0.007911308 -0.002282908 0.998699307
1341846364.561952 -0.244244933 -0.064635247 0.080759600 0.050699726 -0.005529848 -0.005859531 0.998681426
1341846364.597928 -0.233095989 -0.062976167 0.074774392 0.049248695 -0.002051437 -0.008223937 0.998750567
1341846364.629950 -0.221467361 -0.075133510 0.070919670 0.047466956 -0.000069828 -0.007418830 0.998845279
1341846364.665991 -0.218748286 -0.071154870 0.071391284 0.049242642 -0.000246145 -0.005725038 0.998770416
1341846364.698004 -0.207100719 -0.068708621 0.070953600 0.049480017 -0.002684840 -0.004414429 0.998761773
1341846364.730097 -0.197062477 -0.073253550 0.056720242 0.050044239 -0.002520618 -0.005496956 0.998728693
1341846364.766057 -0.189476311 -0.072526611 0.049450397 0.051152509 -0.001506661 -0.004438039 0.998679876
1341846364.798632 -0.180004805 -0.068050094 0.049749423 0.050728589 -0.002426529 -0.003677733 0.998702765
1341846364.833901 -0.159974486 -0.073302202 0.041467804 0.049281813 -0.001222117 -0.005492128 0.998769045
1341846364.865923 -0.153524935 -0.072892405 0.027284099 0.050687049 0.003176719 -0.009534834 0.998664021
1341846364.897970 -0.149469092 -0.073543206 0.026986379 0.050039075 0.002026770 -0.006499622 0.998724043
1341846364.934019 -0.128955588 -0.076705657 0.017736096 0.049752790 -0.001258333 -0.004122859 0.998752296
1341846364.966047 -0.111901030 -0.067356750 0.011359820 0.051100392 0.000725191 -0.005703173 0.998677015
1341846364.998055 -0.106494538 -0.059214760 0.013042299 0.048472904 0.002488200 -0.006168164 0.998802364
1341846365.034125 -0.094635554 -0.061953604 -0.003941949 0.042051706 0.000625826 -0.004501005 0.999105155
1341846365.066106 -0.082912818 -0.065866105 0.012120121 0.038047194 -0.001797365 -0.006128316 0.999255538
1341846365.101953 -0.061236333 -0.067757003 0.012937031 0.036206163 -0.000403740 -0.012588215 0.999264956
1341846365.133922 -0.050390676 -0.061885282 0.018712958 0.033384599 0.005884159 -0.020810269 0.999208570
1341846365.165953 -0.043247387 -0.066179484 0.022879064 0.029999835 0.008720011 -0.022870356 0.999250174
1341846365.201856 -0.025712140 -0.073640607 0.020198381 0.029338498 0.010835083 -0.025252117 0.999191761
1341846365.234093 -0.005735099 -0.076313354 0.036163047 0.031807557 0.014774729 -0.025343187 0.999063432
1341846365.266094 0.002245941 -0.084472336 0.026707906 0.034278642 0.021203358 -0.019501192 0.998997033
1341846365.302078 0.012041793 -0.077811077 0.031147806 0.041320536 0.025092708 -0.015534071 0.998710036
1341846365.334027 0.033628039 -0.082337074 0.034099929 0.044727501 0.027764715 -0.011308586 0.998549283
1341846365.369945 0.055611335 -0.082450055 0.033408497 0.047131427 0.032804467 -0.009241715 0.998307109
1341846365.401963 0.060420070 -0.079065941 0.025519006 0.048510764 0.038578827 -0.006287496 0.998057544
1341846365.434082 0.071019009 -0.072627872 0.015604426 0.049353018 0.042349670 -0.009377329 0.997839093
1341846365.469939 0.100772858 -0.048812546 0.007959325 0.046749841 0.047700625 -0.011959917 0.997695386
1341846365.502100 0.092800535 -0.067280814 0.036059231 0.037802771 0.053671032 -0.011013759 0.997782111
1341846365.533844 0.093963772 -0.082520336 0.031116258 0.035043322 0.053907514 -0.007792238 0.997900426
1341846365.569876 0.106792502 -0.081928626 0.024100488 0.036771562 0.051800292 -0.005347822 0.997965932
1341846365.601930 0.120415442 -0.075486168 0.020933317 0.036143616 0.050231427 -0.000776460 0.998083115
1341846365.637899 0.129531041 -0.076677255 0.031542394 0.035052363 0.050767098 0.002284277 0.998092592
1341846365.669890 0.134223819 -0.070908658 0.024008771 0.035393022 0.052061088 0.002634026 0.998013020
1341846365.701977 0.147523269 -0.066641405 0.032423347 0.032662854 0.050774433 0.003327717 0.998170316
1341846365.738098 0.160367966 -0.078323767 0.025923396 0.031061100 0.053090308 0.002831288 0.998102486
1341846365.770026 0.162510782 -0.080563374 0.031034913 0.033408139 0.055779539 0.002807574 0.997880101
1341846365.805834 0.168353796 -0.080552474 0.030410619 0.035888840 0.053910870 0.005759296 0.997883976
1341846365.837937 0.180091128 -0.077090457 0.028523970 0.037759848 0.050852932 0.007582439 0.997963250
1341846365.869952 0.194373548 -0.074181922 0.017664898 0.039583575 0.050317813 0.008559312 0.997911811
1341846365.906411 0.201940686 -0.066778347 0.006762683 0.038764279 0.049609840 0.007616886 0.997987032
1341846365.938000 0.211225316 -0.071586266 0.023553984 0.036324050 0.048554629 0.009636510 0.998113275
1341846365.970022 0.217014909 -0.078455374 0.023806490 0.037353814 0.048319161 0.014520195 0.998027623
1341846366.006126 0.231888384 -0.073540941 0.017827401 0.039350476 0.047125757 0.020569658 0.997901618
1341846366.043876 0.239923820 -0.069383375 0.019049484 0.039439552 0.047723822 0.024641940 0.997777402
1341846366.076490 0.264950424 -0.059482880 -0.000578207 0.038869206 0.047728807 0.027938081 0.997712672
1341846366.111888 0.281083137 -0.051208448 -0.006605317 0.035841234 0.051176950 0.028999748 0.997624815
1341846366.143907 0.286088794 -0.048644919 -0.002456567 0.030770216 0.056888878 0.031189714 0.997418702
1341846366.176044 0.289569527 -0.051724516 0.006364801 0.026499378 0.059353776 0.035667881 0.997247577
1341846366.212022 0.294034332 -0.052128211 0.005905075 0.024886055 0.059795752 0.040320154 0.997085452
1341846366.243981 0.310705483 -0.046396341 0.000985308 0.024066238 0.060523424 0.043045282 0.996947765
1341846366.280032 0.308716804 -0.037663572 0.004825369 0.021893183 0.063059084 0.043129425 0.996837080
1341846366.344115 0.328207880 -0.043411124 -0.003137137 0.012870233 0.061825272 0.042602930 0.997094274
1341846366.406057 0.339801759 -0.047058176 -0.000230480 0.011231723 0.063305214 0.045609765 0.996888161
1341846366.442042 0.351704001 -0.042337768 -0.002445319 0.012247754 0.062469270 0.046645749 0.996881008
1341846366.506117 0.361610472 -0.037427936 0.000652437 0.013127479 0.064825095 0.049546000 0.996579409
1341846366.542004 0.369170099 -0.032994013 -0.004645968 0.013483198 0.064054169 0.048672792 0.996667564
1341846366.573848 0.377964884 -0.024449956 -0.005259675 0.012977054 0.065593630 0.048046961 0.996604502
1341846366.610058 0.375702262 -0.025337875 -0.002520617 0.010819618 0.067536265 0.048555184 0.996475875
1341846366.642206 0.390386224 -0.028075451 -0.005839112 0.008771718 0.066856764 0.049481478 0.996496260
1341846366.674164 0.392932624 -0.023582071 -0.004863686 0.008098565 0.069199473 0.049658049 0.996333241
1341846366.710207 0.393065602 -0.015299799 -0.004849568 0.006268966 0.069815658 0.050841577 0.996243775
1341846366.741976 0.401652277 -0.018368911 -0.009088903 0.002739082 0.070047364 0.049536590 0.996309161
1341846366.773916 0.414232522 -0.022564096 -0.006997194 0.001322363 0.072587915 0.049456526 0.996134162
1341846366.810122 0.409678966 -0.022017490 -0.004897185 0.001078053 0.075172000 0.052645195 0.995779335
1341846366.841893 0.412066013 -0.022631370 -0.007714946 0.001395994 0.074263424 0.054296847 0.995758414
1341846366.878062 0.431036443 -0.021594444 -0.008104707 0.002791865 0.072662830 0.054185763 0.995879591
1341846366.909933 0.435001701 -0.016509540 -0.009114557 0.004103139 0.074358240 0.056169271 0.995639980
1341846366.941941 0.434401661 -0.010309569 -0.011123662 0.003615612 0.075406559 0.056171294 0.995562911
1341846366.977906 0.444446921 -0.009235969 -0.014104127 0.002928984 0.076724775 0.054421868 0.995561659
1341846367.009852 0.455915958 -0.004682835 -0.019110072 0.003084061 0.079618990 0.056399874 0.995223761
1341846367.045944 0.458422601 -0.008681506 -0.023067616 0.002843547 0.084014840 0.057313140 0.994810820
1341846367.077914 0.467568994 -0.004652220 -0.027644530 0.005061463 0.089352362 0.055935908 0.994415283
1341846367.110077 0.472268194 0.001347318 -0.033915598 0.006497956 0.095042236 0.056623098 0.993840337
1341846367.145997 0.474991441 -0.002316884 -0.024359616 0.005955491 0.098673396 0.060634490 0.993252993
1341846367.177894 0.475040853 -0.002845281 -0.029907390 0.007976446 0.101867899 0.060564231 0.992920578
1341846367.209903 0.500762641 0.004092975 -0.030249195 0.011151349 0.104281060 0.063213021 0.992474318
1341846367.245970 0.497198969 0.015572023 -0.029983426 0.010385046 0.109838530 0.066967279 0.991636515
1341846367.277966 0.496089250 0.004225535 -0.024743404 0.007822624 0.112475060 0.069575593 0.991184831
1341846367.314058 0.503642559 0.006099032 -0.034126505 0.009859473 0.114532247 0.070286922 0.990880847
1341846367.346333 0.521174014 0.021321367 -0.034152232 0.011286949 0.117460661 0.071536161 0.990433335
1341846367.378615 0.507404983 0.020398933 -0.031799905 0.008760349 0.121787928 0.074034013 0.989752471
1341846367.413946 0.516931951 0.015686508 -0.036031067 0.006717822 0.121157385 0.075373679 0.989744663
1341846367.446060 0.529298186 0.024969490 -0.036287457 0.006662954 0.123034969 0.076569483 0.989421606
1341846367.478095 0.527471483 0.022680862 -0.032949205 0.004459219 0.126343697 0.079678260 0.988771319
1341846367.514115 0.535903811 0.006148502 -0.040928103 0.002804707 0.125109017 0.085549317 0.988443792
1341846367.546096 0.541413784 0.006214257 -0.045865003 0.006273093 0.124699257 0.087779097 0.988284111
1341846367.581982 0.544716179 0.022654563 -0.053403642 0.009347052 0.125304520 0.089527853 0.988026381
1341846367.613951 0.543065906 0.022122009 -0.052907057 0.007118346 0.124759570 0.092103809 0.987877131
1341846367.645894 0.550757051 0.023372583 -0.060529102 0.006623149 0.123998500 0.089778699 0.988190413
1341846367.682223 0.557522357 0.018539961 -0.060183439 0.005814295 0.126702070 0.090419807 0.987794042
1341846367.714019 0.565395892 0.019127589 -0.060934037 0.006940095 0.127329886 0.092923060 0.987473667
1341846367.745904 0.563345790 0.021712659 -0.064499579 0.008528139 0.129221395 0.092777789 0.987229109
1341846367.781973 0.563900173 0.021262126 -0.071023434 0.009601437 0.131477281 0.092280932 0.986967981
1341846367.813986 0.572669506 0.025102567 -0.070896834 0.009328851 0.132238120 0.094312355 0.986676872
1341846367.850189 0.572969198 0.024643375 -0.075867839 0.008915015 0.134889022 0.092363968 0.986506104
1341846367.881960 0.571344197 0.027352160 -0.075513937 0.008012612 0.136059374 0.093030058 0.986290574
1341846367.914064 0.573909044 0.030502662 -0.074738614 0.004993822 0.135557190 0.094738193 0.986216962
1341846367.950095 0.578699172 0.023149628 -0.070833147 0.002758900 0.136451647 0.094177157 0.986156166
1341846367.981916 0.576951385 0.024700820 -0.069429033 0.004606488 0.139644831 0.092032969 0.985904634
1341846368.017965 0.571528077 0.028383316 -0.067540288 0.004155106 0.140829965 0.094731256 0.985482454
1341846368.050897 0.571699321 0.023087345 -0.065231085 0.002825893 0.139238283 0.094872467 0.985699713
1341846368.082322 0.568407714 0.023345038 -0.063260920 0.003081859 0.139658123 0.092925161 0.985825062
1341846368.118029 0.564600110 0.028479991 -0.062672995 0.003441527 0.139802143 0.093415223 0.985757113
1341846368.150026 0.557034910 0.024265064 -0.060669240 0.001783670 0.139048502 0.094953038 0.985721171
1341846368.181952 0.557373524 0.015296040 -0.056522813 0.002595631 0.137705743 0.093538173 0.986043096
1341846368.217882 0.554502368 0.024631837 -0.059513558 0.004589625 0.137840375 0.093290195 0.986040533
1341846368.250223 0.549257696 0.026627216 -0.058178786 0.002699136 0.137761340 0.094506443 0.985942721
1341846368.286003 0.543485463 0.019317735 -0.053097963 0.000639638 0.138266608 0.092794664 0.986038089
1341846368.317994 0.540196002 0.021948138 -0.050443925 0.000293161 0.136803508 0.091887787 0.986327171
1341846368.350010 0.540822804 0.035062376 -0.049050808 -0.001724458 0.132329315 0.092560790 0.986873090
1341846368.385949 0.527702630 0.029574947 -0.047397107 -0.005212123 0.130390435 0.090402447 0.987318873
1341846368.417845 0.527648568 0.021641217 -0.045354985 -0.007024763 0.127279058 0.087200172 0.988001406
1341846368.450062 0.523806930 0.027102873 -0.037426077 -0.008242105 0.124759831 0.088339292 0.988212109
1341846368.485968 0.513467312 0.018181903 -0.030181335 -0.010342306 0.121689871 0.086560972 0.988732398
1341846368.517939 0.511596978 0.010674672 -0.030759567 -0.010475720 0.118320569 0.084848702 0.989288211
1341846368.554171 0.504611492 0.010524814 -0.031013941 -0.008998584 0.116536275 0.084515586 0.989543021
1341846368.618123 0.490963399 0.012554195 -0.035527118 -0.010210387 0.110585548 0.078938164 0.990674198
1341846368.654302 0.487733066 0.006125059 -0.023207111 -0.011042079 0.109640375 0.076233849 0.990982056
1341846368.685914 0.480294377 0.001324612 -0.014908043 -0.010047819 0.107208028 0.074454479 0.991393983
1341846368.717980 0.470535517 -0.003398082 -0.016307961 -0.009466168 0.105148166 0.072574414 0.991759658
1341846368.786190 0.453709871 -0.008432473 -0.014105164 -0.005784653 0.104516134 0.071703173 0.991918147
1341846368.821968 0.450472683 -0.006213428 -0.019389300 -0.003957157 0.100915246 0.070420608 0.992391765
1341846368.853991 0.446296155 -0.004690264 -0.021286704 -0.004704237 0.101358213 0.065987788 0.992647946
1341846368.885978 0.439079821 -0.014342011 -0.015069567 -0.006091984 0.101875797 0.063218586 0.992767632
1341846368.923221 0.428524435 -0.018898990 -0.008458603 -0.004088991 0.100897126 0.061846934 0.992964268
1341846368.953942 0.420520812 -0.015826901 -0.013822914 -0.000882915 0.099029921 0.059608158 0.993297100
1341846368.986016 0.415918380 -0.011391074 -0.011868322 0.000666433 0.097014695 0.059211023 0.993519843
1341846369.021938 0.410668552 -0.012829866 -0.011051117 0.000753611 0.095706418 0.058063157 0.993714392
1341846369.053927 0.405018330 -0.014687657 -0.013765245 0.001128103 0.096191995 0.053948760 0.993899047
1341846369.090047 0.397844583 -0.019815758 -0.012319573 0.001177324 0.097569399 0.049904261 0.993976057
1341846369.121845 0.387320697 -0.029008862 -0.008900718 0.002476062 0.097636506 0.050639395 0.993929923
1341846369.154351 0.377350271 -0.031894952 -0.003383739 0.006744797 0.096179530 0.051070932 0.994030058
1341846369.189885 0.376889646 -0.023513457 -0.012291314 0.010823296 0.095259517 0.048740212 0.994199634
1341846369.222188 0.368139535 -0.021632640 -0.014392200 0.009830581 0.097134322 0.046744999 0.994124353
1341846369.257947 0.359393597 -0.032739230 -0.008158384 0.008939881 0.098469757 0.045425486 0.994062543
1341846369.289994 0.352798432 -0.036749452 -0.008362987 0.011045900 0.098105706 0.045281131 0.994083941
1341846369.322196 0.349688232 -0.035690732 -0.013416984 0.013866383 0.097965658 0.046320800 0.994014502
1341846369.357830 0.339912951 -0.031326320 -0.015627349 0.014793205 0.099824220 0.045176767 0.993868887
1341846369.390267 0.327566952 -0.036942299 -0.012078919 0.014225550 0.101255827 0.043573197 0.993803918
1341846369.422057 0.320916027 -0.036244098 -0.011260858 0.014775141 0.101318017 0.042646125 0.993829787
1341846369.457950 0.311628640 -0.040341489 -0.002596928 0.014856457 0.101547033 0.043170244 0.993782580
1341846369.490144 0.293785304 -0.045781869 -0.006239832 0.016508158 0.100519337 0.043173127 0.993860841
1341846369.526405 0.286384970 -0.037775651 -0.004583987 0.018604789 0.097661458 0.043926869 0.994075716
1341846369.557969 0.283277541 -0.041851729 -0.002786944 0.018510945 0.094496734 0.044876222 0.994340897
1341846369.590093 0.273282766 -0.045256473 -0.002413827 0.019834893 0.091154248 0.046368111 0.994558930
1341846369.625895 0.265883982 -0.039692350 0.000232449 0.021740021 0.088365577 0.046947498 0.994743586
1341846369.657961 0.259989321 -0.038921371 0.001351024 0.021307530 0.086635247 0.046622694 0.994920433
1341846369.690135 0.246731818 -0.044177856 0.003968803 0.021243036 0.085216083 0.048393268 0.994959831
1341846369.726074 0.233118743 -0.044098057 0.000832917 0.023224566 0.081755400 0.051044848 0.995073378
1341846369.757962 0.222121254 -0.039791200 0.002853344 0.025043838 0.078637019 0.051507752 0.995256722
1341846369.793964 0.213623255 -0.037106592 0.004122601 0.025260013 0.076400667 0.052410394 0.995378315
1341846369.826161 0.198604718 -0.039904386 0.001014993 0.024166353 0.074549295 0.053178295 0.995505154
1341846369.858015 0.187092051 -0.040509649 0.009075495 0.024407534 0.071049623 0.052445006 0.995793998
1341846369.893954 0.181432322 -0.039057266 0.009562379 0.024668960 0.068231061 0.053168617 0.995946348
1341846369.926051 0.168517515 -0.040944912 0.012825826 0.023729121 0.066215940 0.052816357 0.996123910
1341846369.958062 0.149106741 -0.042104971 -0.000709002 0.023506289 0.062642515 0.050928738 0.996458530
1341846369.994037 0.144721314 -0.042147115 0.018323602 0.023467572 0.058004700 0.049051207 0.996834338
1341846370.026058 0.136000142 -0.046071596 0.012957913 0.023892721 0.056387637 0.049627010 0.996888518
1341846370.062000 0.112540200 -0.040486660 0.003508538 0.024538437 0.052880932 0.050978992 0.996996760
1341846370.094135 0.116142817 -0.035343468 0.021675084 0.023383033 0.047653981 0.051928338 0.997239053
1341846370.126153 0.104119264 -0.042500440 0.028869318 0.022692874 0.047709566 0.049627651 0.997369528
1341846370.162082 0.090705983 -0.038152754 0.026769081 0.024242114 0.048443146 0.051777437 0.997188389
1341846370.194044 0.083526582 -0.040584456 0.033597626 0.023769362 0.046513181 0.054410502 0.997151434
1341846370.230152 0.077224053 -0.043414630 0.031792879 0.025422558 0.046186082 0.054798868 0.997104645
1341846370.262175 0.071954966 -0.040143564 0.030928109 0.026738480 0.047292452 0.052977983 0.997116745
1341846370.294216 0.062662028 -0.041685492 0.032308541 0.027251288 0.048750445 0.049730040 0.997199893
1341846370.329892 0.060204957 -0.041379627 0.025718607 0.026872901 0.046095770 0.047046538 0.997466624
1341846370.361939 0.055099871 -0.045946207 0.032089721 0.027389346 0.044281077 0.042997487 0.997717500
1341846370.394073 0.040103380 -0.040721558 0.023826616 0.028978957 0.042600829 0.042009264 0.997787893
1341846370.429985 0.031517021 -0.031513508 0.021967083 0.029650088 0.036399134 0.041011065 0.998055100
1341846370.462095 0.022995098 -0.026300134 0.020178851 0.027418938 0.031322114 0.039902847 0.998336077
1341846370.498034 0.021544106 -0.024251537 0.029090200 0.024221960 0.026459504 0.040661037 0.998528838
1341846370.530176 0.015821753 -0.022820026 0.027454358 0.021074861 0.023765432 0.040513124 0.998673975
1341846370.561949 0.003010211 -0.018831432 0.016875040 0.017995074 0.020760112 0.040459678 0.998803377
1341846370.597989 -0.000220309 -0.010009124 0.028947633 0.013594835 0.017252818 0.042336591 0.998861909
1341846370.629913 -0.000290175 -0.020492518 0.035769951 0.008349347 0.017123180 0.042691823 0.998906672
1341846370.662062 -0.007995359 -0.024614567 0.029438434 0.006955062 0.016705360 0.042471621 0.998933792
1341846370.697981 -0.010969438 -0.019235164 0.029612720 0.004795389 0.015510246 0.042556815 0.998962164
1341846370.730015 -0.008032563 -0.034415521 0.033924367 0.000842469 0.015143474 0.040050901 0.999082565
1341846370.766182 -0.011459423 -0.038495965 0.029478280 0.001683797 0.018221198 0.036659122 0.999160290
1341846370.797966 -0.019002065 -0.032751471 0.015791995 0.000139232 0.021103857 0.034627426 0.999177456
1341846370.830023 -0.018263159 -0.053100415 0.019414967 -0.004253420 0.021578493 0.032993995 0.999213517
1341846370.866186 -0.014411273 -0.063540272 0.018937627 -0.002150808 0.021717839 0.033734482 0.999192476
1341846370.897994 -0.017270042 -0.058282912 0.012969662 -0.001923459 0.023903860 0.035322964 0.999088168
1341846370.929983 -0.020405835 -0.077334933 0.014920013 -0.004334005 0.024803143 0.036345724 0.999022007
1341846370.971974 -0.014970938 -0.090234555 0.015223769 -0.001235010 0.025423210 0.036437597 0.999011695
1341846371.034127 -0.016011097 -0.105087958 0.006063247 0.004215838 0.031659972 0.038600989 0.998744130
1341846371.066883 -0.017848667 -0.102544770 0.006526701 0.005965465 0.034617659 0.037723783 0.998670578
1341846371.098209 -0.020285301 -0.109190300 0.004016045 0.003556264 0.038931608 0.034173671 0.998650968
1341846371.134068 -0.016384719 -0.117229186 0.006095286 0.001872664 0.041558668 0.032915454 0.998591959
1341846371.165993 -0.019653866 -0.122002736 0.001748749 -0.001002883 0.044626027 0.033645011 0.998436511
1341846371.197951 -0.023114845 -0.129924402 -0.000573466 -0.003731984 0.045595109 0.034314252 0.998363495
1341846371.233950 -0.016901435 -0.139995620 -0.002926730 -0.004959765 0.045864671 0.034938145 0.998324156
1341846371.266433 -0.014976720 -0.131529003 -0.007087306 -0.007068955 0.049103629 0.035349835 0.998142898
1341846371.302051 -0.018630881 -0.139216200 -0.009530460 -0.014380986 0.052315228 0.035835426 0.997883797
1341846371.334010 -0.013414462 -0.146289036 -0.007041365 -0.020443620 0.055335443 0.033896212 0.997682869
1341846371.366198 -0.008488420 -0.153259754 -0.004811526 -0.025178546 0.060349759 0.031357627 0.997366846
1341846371.402482 -0.018793132 -0.173038572 -0.010018389 -0.029280482 0.063895918 0.032082923 0.997010827
1341846371.434055 -0.022215614 -0.184356391 -0.011806582 -0.028245041 0.063490413 0.033802427 0.997009814
1341846371.469998 -0.014853794 -0.190441579 -0.018895259 -0.025787393 0.063153997 0.032347601 0.997146010
1341846371.501933 -0.017408203 -0.198631659 -0.019964032 -0.024130758 0.065589391 0.029374352 0.997122288
1341846371.534269 -0.024944484 -0.199435368 -0.021399835 -0.023223048 0.066556282 0.029266989 0.997082949
1341846371.570100 -0.025003448 -0.215696424 -0.019115673 -0.024791265 0.064141683 0.026413353 0.997283101
1341846371.602162 -0.018355343 -0.226280034 -0.023881886 -0.022913093 0.062667035 0.024021134 0.997482240
1341846371.634012 -0.027753185 -0.224494264 -0.025167886 -0.020340009 0.064927220 0.021883894 0.997442603
1341846371.669927 -0.032402564 -0.236462206 -0.022708379 -0.020847369 0.062394783 0.020522311 0.997622728
1341846371.702051 -0.023180299 -0.238774210 -0.033049859 -0.020599915 0.059874840 0.018350987 0.997824550
1341846371.737891 -0.023838451 -0.250383794 -0.028667945 -0.021898860 0.062669598 0.014224314 0.997692645
1341846371.769979 -0.027080780 -0.254059851 -0.030062897 -0.020322172 0.061520778 0.015275978 0.997781932
1341846371.802101 -0.027643573 -0.256440699 -0.032684151 -0.020240547 0.058569863 0.017548766 0.997923791
1341846371.837951 -0.025029473 -0.260293961 -0.034696773 -0.020083107 0.056337528 0.019506678 0.998019159
1341846371.870043 -0.012067006 -0.257318199 -0.045461655 -0.020765115 0.055128258 0.021645036 0.998028696
1341846371.902330 -0.014434936 -0.254148036 -0.044203326 -0.024850028 0.057578657 0.020963838 0.997811437
1341846371.938165 -0.018427666 -0.261850893 -0.037350941 -0.030679284 0.059707314 0.017548056 0.997590065
1341846371.969938 -0.011831328 -0.270816684 -0.045303367 -0.035240166 0.063227534 0.014944554 0.997264802
1341846372.005861 -0.020862643 -0.284820259 -0.030092398 -0.038443863 0.069318011 0.012449007 0.996775866
1341846372.038440 -0.025644645 -0.296197921 -0.028539401 -0.036046281 0.069529913 0.012971367 0.996844053
1341846372.070518 -0.019792287 -0.298744112 -0.034396846 -0.033810671 0.067925282 0.012189698 0.997042835
1341846372.111944 -0.019200625 -0.313043267 -0.042539272 -0.033900075 0.068680204 0.011249209 0.996999145
1341846372.143876 -0.017860726 -0.318601400 -0.038424782 -0.031130439 0.069076158 0.007934875 0.997093976
1341846372.179919 -0.020142509 -0.320247084 -0.036085632 -0.027702663 0.068940535 0.005665957 0.997219980
1341846372.212119 -0.019367496 -0.324659735 -0.034462702 -0.024429446 0.065979600 0.004117966 0.997513354
1341846372.244067 -0.016379884 -0.331768870 -0.030843787 -0.020079605 0.062449876 0.000792915 0.997845769
1341846372.279961 -0.017449506 -0.343519986 -0.034873586 -0.014798778 0.060197104 -0.001756143 0.998075247
1341846372.312076 -0.013287483 -0.343409687 -0.031627521 -0.008306457 0.057203989 -0.005035614 0.998315275
1341846372.347910 -0.013269144 -0.346728802 -0.035447519 -0.004316280 0.055072781 -0.006256029 0.998453438
1341846372.379906 -0.018882398 -0.356616378 -0.037635516 -0.001739975 0.052172549 -0.008340957 0.998601735
1341846372.412137 -0.008790527 -0.356197387 -0.038523536 0.002105103 0.048652682 -0.009130956 0.998771787
1341846372.447783 -0.007611450 -0.365363777 -0.039690182 0.003794209 0.047687255 -0.007891814 0.998823941
1341846372.479920 -0.016374834 -0.373168379 -0.034417152 0.007400866 0.045503389 -0.004877478 0.998924851
1341846372.516195 -0.005647040 -0.368849128 -0.029766193 0.010995311 0.040725429 -0.002467973 0.999106824
1341846372.547915 0.007643269 -0.361986279 -0.031784009 0.011224955 0.039921593 -0.003217555 0.999134600
1341846372.579923 0.001819923 -0.369824141 -0.027560353 0.008957496 0.041225996 -0.005898097 0.999092281
1341846372.616037 0.003252511 -0.377378404 -0.027345771 0.007954871 0.039733406 -0.003910621 0.999170959
1341846372.647968 0.008585068 -0.376082599 -0.026295329 0.007275017 0.039445497 -0.004090027 0.999186873
1341846372.679953 0.013465763 -0.380179167 -0.025821248 0.005576640 0.040281706 -0.006477752 0.999151766
1341846372.716073 0.018922212 -0.388890028 -0.015098000 0.004159346 0.041434843 -0.005966401 0.999114692
1341846372.747919 0.015192014 -0.394339919 -0.009846133 0.003918801 0.042039320 -0.004410959 0.999098539
1341846372.783912 0.023797896 -0.396481663 -0.013850073 0.005394955 0.040223766 -0.002793061 0.999172211
1341846372.816131 0.030788686 -0.394893080 -0.013156760 0.006559749 0.041883886 -0.001491940 0.999099851
1341846372.848115 0.024167173 -0.398097783 -0.016407417 0.006149623 0.044691052 0.001645445 0.998980582
1341846372.884003 0.026604127 -0.400756717 -0.018126320 0.005993093 0.045124926 -0.000132536 0.998963356
1341846372.948016 0.031045303 -0.409434527 -0.011632604 0.006039893 0.051166810 0.000116506 0.998671830
1341846373.010206 0.035894379 -0.422492296 -0.014157277 0.011414589 0.046556838 0.004294924 0.998841166
1341846373.041934 0.045732912 -0.420387626 -0.014760686 0.014354686 0.047809627 0.004115327 0.998744845
1341846373.078079 0.040757220 -0.427569598 -0.015748806 0.015311177 0.051026132 0.004263708 0.998570859
1341846373.110028 0.039096553 -0.433922589 -0.018221991 0.017720453 0.051739976 0.003220726 0.998498142
1341846373.142204 0.044461187 -0.437118024 -0.018071527 0.020332186 0.051801994 0.003744931 0.998443365
1341846373.178121 0.045904554 -0.438944042 -0.022603920 0.022460621 0.053015366 0.004465941 0.998331070
1341846373.210218 0.050103109 -0.445718765 -0.022553761 0.025175279 0.054474588 0.003384989 0.998192012
1341846373.246073 0.049584154 -0.452262461 -0.029745219 0.030039702 0.055594943 0.003057701 0.997996747
1341846373.277962 0.056246221 -0.455195993 -0.033861335 0.035234507 0.056526396 0.004046387 0.997770965
1341846373.310189 0.058999680 -0.454985768 -0.041893896 0.038375117 0.058697749 0.002547695 0.997534692
1341846373.346051 0.063564524 -0.452684015 -0.043786675 0.039122317 0.062167361 -0.000266108 0.997298658
1341846373.377993 0.056225915 -0.456474334 -0.042052504 0.038535453 0.065446183 -0.000707515 0.997111499
1341846373.410038 0.055888638 -0.460960329 -0.042778730 0.038553752 0.066221416 0.000059744 0.997059822
1341846373.446109 0.054581288 -0.463575542 -0.043495607 0.038491160 0.066654533 -0.001669784 0.997031987
1341846373.478409 0.053341631 -0.470893592 -0.039724499 0.038613580 0.066725850 -0.001025913 0.997023344
1341846373.514006 0.048954457 -0.474292666 -0.041638255 0.040626947 0.066102192 0.002226725 0.996982932
1341846373.546097 0.056207221 -0.468209177 -0.044766892 0.042609733 0.063074663 0.003356204 0.997093141
1341846373.578079 0.066422462 -0.468373179 -0.046530347 0.042691838 0.063440904 0.002306559 0.997069359
1341846373.613978 0.057208631 -0.460543185 -0.042038240 0.043141209 0.065875486 0.001270494 0.996894002
1341846373.646060 0.053852614 -0.454071492 -0.040326178 0.042784482 0.064136006 0.001032170 0.997023046
1341846373.682101 0.064513870 -0.445965558 -0.048428208 0.041489802 0.063662112 0.001462722 0.997107625
1341846373.713942 0.062327463 -0.436183870 -0.041661527 0.038516607 0.066922359 0.001528870 0.997013330
1341846373.746309 0.051368371 -0.426256925 -0.038891770 0.035119407 0.068915144 0.001042542 0.997003615
1341846373.782079 0.047453117 -0.425865889 -0.030334981 0.031913601 0.067957096 0.000386616 0.997177601
1341846373.814899 0.056721959 -0.425337374 -0.033546727 0.030666925 0.067302570 -0.001139858 0.997260571
1341846373.846131 0.046862781 -0.413672954 -0.030876623 0.030765664 0.069765143 -0.004279159 0.997079730
1341846373.882197 0.037720818 -0.403194547 -0.034886789 0.029826021 0.068111956 -0.006030791 0.997213483
1341846373.914066 0.033658639 -0.390414536 -0.031972155 0.027900591 0.064807661 -0.002687914 0.997503996
1341846373.949976 0.041892894 -0.382055491 -0.027721785 0.025129346 0.062535577 0.001124040 0.997725666
1341846373.982090 0.035170671 -0.375581831 -0.031808496 0.022153266 0.062725194 0.002091981 0.997782707
1341846374.014518 0.025163926 -0.363360435 -0.025779620 0.018928066 0.060942844 0.005433565 0.997946978
1341846374.050082 0.026739815 -0.356960624 -0.023457013 0.015388725 0.057273623 0.007996774 0.998207867
1341846374.082248 0.028911419 -0.358482540 -0.023594161 0.012155918 0.055634111 0.008451894 0.998341441
1341846374.114063 0.027935887 -0.344048172 -0.022914102 0.010585068 0.056016106 0.009270638 0.998330712
1341846374.150230 0.018316027 -0.347546488 -0.021150950 0.007690662 0.056009363 0.009159203 0.998358607
1341846374.181949 0.016643332 -0.343692094 -0.017064681 0.008719468 0.053650316 0.010400849 0.998467565
1341846374.217985 0.020793958 -0.337159604 -0.021210389 0.010363660 0.051999193 0.013552574 0.998501360
1341846374.250018 0.019852892 -0.318646848 -0.022304734 0.011311057 0.052824713 0.014338962 0.998436809
1341846374.281921 0.016147120 -0.301818937 -0.022149201 0.009418765 0.053795312 0.013315295 0.998418748
1341846374.318502 0.016870080 -0.297671318 -0.021666905 0.005979394 0.053941742 0.012979546 0.998441815
1341846374.350047 0.014323238 -0.282733589 -0.020370958 0.003190911 0.055678431 0.013318164 0.998354852
1341846374.382011 0.005379141 -0.282194376 -0.017084353 -0.000728453 0.056125510 0.012629331 0.998343587
1341846374.418020 0.000429920 -0.274629474 -0.012217120 -0.002146097 0.054439656 0.013251002 0.998426795
1341846374.450160 0.000072264 -0.264728934 -0.012510235 -0.003768664 0.052811176 0.012778128 0.998515666
1341846374.486170 0.002372041 -0.253164262 -0.015697919 -0.005769189 0.052129261 0.012731266 0.998542547
1341846374.524087 -0.002848471 -0.247213960 -0.007922038 -0.009209865 0.052175079 0.012810145 0.998513341
1341846374.586056 -0.009408225 -0.237548739 -0.002769205 -0.014109891 0.047547229 0.011943283 0.998697937
1341846374.617848 -0.011260004 -0.234246120 0.003706452 -0.015729120 0.045055848 0.014065959 0.998761594
1341846374.654133 -0.014613855 -0.228585869 0.007127646 -0.015405165 0.042434588 0.015692342 0.998857200
1341846374.685940 -0.014866671 -0.216346323 0.006467301 -0.014331984 0.039459869 0.018873883 0.998940051
1341846374.718159 -0.019209621 -0.210192427 0.006884059 -0.014435966 0.037748065 0.022145180 0.998937607
1341846374.754050 -0.018450331 -0.200525925 0.010143130 -0.012954555 0.034413330 0.023578588 0.999045491
1341846374.786226 -0.018685842 -0.189671367 0.006150460 -0.012199449 0.032178111 0.024822928 0.999099374
1341846374.818164 -0.021218468 -0.189250246 0.009040910 -0.011915159 0.031575128 0.024098674 0.999139786
1341846374.854017 -0.024608422 -0.184150651 0.005882890 -0.009287179 0.029918449 0.023313385 0.999237299
1341846374.886253 -0.026562165 -0.175419599 0.009127093 -0.006024505 0.026859606 0.024293941 0.999325812
1341846374.921999 -0.024935534 -0.167804137 0.005604074 -0.003621615 0.024577823 0.024169484 0.999399126
1341846374.953860 -0.028065115 -0.160856023 0.003907878 -0.001936089 0.023281436 0.024499035 0.999426842
1341846374.985929 -0.032285970 -0.153336182 0.004286889 -0.000905194 0.021143416 0.025865531 0.999441385
1341846375.022029 -0.026349649 -0.152523816 0.010860912 0.001142421 0.018399142 0.027866460 0.999441683
1341846375.053968 -0.026325757 -0.150040105 0.006002577 0.005250342 0.016559565 0.031856488 0.999341428
1341846375.085937 -0.029488206 -0.142326817 0.003399268 0.008722154 0.015921656 0.033737209 0.999265850
1341846375.122015 -0.029978594 -0.124835096 0.000609391 0.010127319 0.016204925 0.031206150 0.999330282
1341846375.190345 -0.029465485 -0.124940403 -0.001066265 0.005179170 0.021908125 0.026167346 0.999404073
1341846375.222041 -0.031336658 -0.122320242 0.004280290 0.005927041 0.021925107 0.023755724 0.999459743
1341846375.254127 -0.026336715 -0.116332665 0.004613248 0.008057937 0.021452470 0.024719644 0.999431729
1341846375.289892 -0.025871163 -0.113155320 0.008628775 0.011217966 0.023477055 0.025076207 0.999346852
1341846375.322192 -0.037955344 -0.110246450 -0.003151433 0.013294081 0.025202949 0.025346588 0.999272525
1341846375.354172 -0.037386592 -0.093238123 -0.003512382 0.012799667 0.024557423 0.025341813 0.999295175
1341846375.390033 -0.026755180 -0.080789499 -0.002901898 0.008389969 0.025234208 0.022434441 0.999394596
1341846375.422976 -0.037283324 -0.078486376 0.002242529 0.002113690 0.028697491 0.019051317 0.999404371
1341846375.458036 -0.044033822 -0.064719893 0.004034644 -0.002329193 0.027945789 0.017314292 0.999456763
1341846375.489941 -0.037323743 -0.069194071 0.012130135 -0.007478605 0.026798388 0.018024009 0.999450386
1341846375.521981 -0.037030518 -0.075037718 0.015909562 -0.008883401 0.027622933 0.018662179 0.999404728
1341846375.557947 -0.044452798 -0.070604369 0.010954970 -0.006646458 0.027026847 0.022126282 0.999367714
1341846375.590116 -0.040912457 -0.068851471 0.016189713 -0.004506026 0.023129938 0.027233275 0.999351323
1341846375.622399 -0.031283841 -0.062935188 0.012649157 -0.000723570 0.021930514 0.029310273 0.999329507
1341846375.658264 -0.032445684 -0.056174390 0.019757414 0.002959627 0.023598902 0.030716669 0.999245107
1341846375.690116 -0.038217768 -0.051874161 0.023747737 0.007703902 0.023153642 0.035149366 0.999084115
1341846375.726080 -0.033957202 -0.036042809 0.023281764 0.016739599 0.021128230 0.040306881 0.998823702
1341846375.757947 -0.039317623 -0.026377987 0.024681211 0.024574829 0.021581586 0.044094652 0.998491883
1341846375.789914 -0.040229272 -0.017175360 0.027143031 0.030907949 0.019556155 0.047369786 0.998207569
1341846375.826111 -0.040974852 0.003374471 0.029213428 0.034702703 0.018188806 0.046270948 0.998160243
1341846375.858282 -0.048219796 0.031254102 0.019960366 0.033109430 0.016583186 0.041942641 0.998433590
1341846375.893889 -0.048417926 0.037649419 0.029960450 0.022331109 0.013960252 0.039347403 0.998878479
1341846375.926121 -0.037406437 0.042507935 0.039026868 0.015582402 0.012201763 0.038113590 0.999077380
1341846375.958089 -0.037656508 0.052800205 0.041427050 0.010541977 0.012691966 0.038370319 0.999127388
1341846375.994060 -0.036463965 0.059720285 0.048713099 0.006274128 0.012930959 0.039339270 0.999122560
1341846376.026115 -0.040270947 0.057749104 0.052435029 0.004096505 0.015713634 0.040301975 0.999055564
1341846376.057999 -0.043131724 0.066187695 0.057034887 0.005020637 0.017726012 0.042440865 0.998929083
1341846376.094015 -0.040411077 0.080387704 0.058762860 0.005162056 0.019668661 0.044431712 0.998805463
1341846376.126126 -0.040321112 0.091341011 0.061130658 0.005102368 0.023248883 0.043754190 0.998758733
1341846376.162125 -0.043648500 0.103123605 0.059651766 0.002908182 0.027425049 0.042565916 0.998712957
1341846376.194033 -0.048416730 0.109473176 0.068361200 -0.000158927 0.029036641 0.043225285 0.998643279
1341846376.226110 -0.050704293 0.113142177 0.069679111 -0.002953810 0.028893273 0.045716349 0.998532176
1341846376.262088 -0.050573781 0.114686653 0.075991720 -0.003942750 0.027752055 0.049055401 0.998402655
1341846376.293911 -0.047077157 0.121620759 0.079460129 -0.001648216 0.027552126 0.051319484 0.998300791
1341846376.326088 -0.049751464 0.131719306 0.080485612 0.001107700 0.028013198 0.053448945 0.998176932
1341846376.362076 -0.046490472 0.135102227 0.082257070 0.001262709 0.025601786 0.056436956 0.998077035
1341846376.393924 -0.041166481 0.138377458 0.084253840 0.000532440 0.024291392 0.054382607 0.998224497
1341846376.429909 -0.041479692 0.146224514 0.085919991 0.000732881 0.026891904 0.049646851 0.998404443
1341846376.462224 -0.046981353 0.153050020 0.087653689 -0.001111875 0.028595624 0.046794269 0.998494506
1341846376.494092 -0.046697475 0.154304326 0.093688481 -0.002344473 0.027542066 0.045891456 0.998563886
1341846376.529992 -0.045558363 0.161927015 0.094826691 -0.001802056 0.027403845 0.046235621 0.998552978
1341846376.562034 -0.046398915 0.168484777 0.095385216 -0.002104728 0.028971419 0.044224612 0.998599231
1341846376.594092 -0.047479235 0.174228594 0.099506885 -0.003110278 0.030065559 0.044047512 0.998572052
1341846376.630016 -0.045823906 0.181695372 0.102749087 -0.004297431 0.030305648 0.043110333 0.998601317
1341846376.662132 -0.041012492 0.185244799 0.105304159 -0.005424808 0.032117601 0.041219812 0.998619020
1341846376.697981 -0.044527393 0.192388669 0.107152231 -0.005626074 0.034538168 0.040917147 0.998549581
1341846376.730128 -0.044244476 0.200869232 0.111899629 -0.005255117 0.035336394 0.040934451 0.998522937
1341846376.762061 -0.049756773 0.225191444 0.112873949 -0.003633258 0.036671408 0.041733075 0.998448968
1341846376.797939 -0.049383517 0.236815035 0.114176787 -0.005767763 0.036429469 0.040164839 0.998512089
1341846376.829920 -0.049716581 0.242650479 0.118412122 -0.009075477 0.037192214 0.042005256 0.998383641
1341846376.866170 -0.051435173 0.253431350 0.118248425 -0.011355768 0.037134964 0.045306850 0.998218060
1341846376.898026 -0.046903737 0.265677929 0.119270131 -0.014815500 0.035214022 0.046351191 0.998194396
1341846376.930139 -0.041229602 0.276681632 0.119478136 -0.018822437 0.036045607 0.043094888 0.998243093
1341846376.966511 -0.048351385 0.282664388 0.122782148 -0.025565492 0.040354319 0.040633228 0.998031497
1341846376.997919 -0.047293443 0.290258616 0.126214057 -0.030559443 0.041798234 0.042084180 0.997771502
1341846377.030079 -0.046533454 0.296531200 0.134258106 -0.033869267 0.042422242 0.042045552 0.997639894
1341846377.066212 -0.049782235 0.305950731 0.132990465 -0.036788184 0.043586157 0.044410769 0.997383833
1341846377.097918 -0.052103162 0.313770324 0.137050331 -0.040459406 0.043304604 0.043704569 0.997285128
1341846377.134079 -0.046264265 0.307107985 0.143968627 -0.046031948 0.040504124 0.043138176 0.997185826
1341846377.166160 -0.052701555 0.305692315 0.145789593 -0.049811576 0.037225854 0.043817993 0.997102320
1341846377.197925 -0.048331223 0.317439377 0.147294268 -0.049966149 0.031817142 0.043802135 0.997282505
1341846377.233952 -0.047713596 0.328144252 0.144918442 -0.051752474 0.029963361 0.041232981 0.997358382
1341846377.266486 -0.042202588 0.326254964 0.146125674 -0.056334484 0.030995049 0.040256515 0.997118413
1341846377.298068 -0.045615930 0.336867809 0.148136228 -0.058535352 0.031743538 0.043353163 0.996838272
1341846377.334109 -0.046397865 0.338970959 0.151156276 -0.062410913 0.030602338 0.044281479 0.996598005
1341846377.366029 -0.045029033 0.337618589 0.153144464 -0.064326361 0.030751800 0.042139847 0.996564448
1341846377.401870 -0.045090396 0.338340461 0.151790142 -0.065487631 0.031692117 0.039677467 0.996560454
1341846377.434052 -0.044803664 0.329913884 0.154538885 -0.067793727 0.030824209 0.039951418 0.996422470
1341846377.466127 -0.045772668 0.329145342 0.155056536 -0.065275595 0.031261507 0.039732736 0.996585727
1341846377.502027 -0.040929303 0.328440487 0.149940878 -0.063790523 0.031178059 0.036255706 0.996817052
1341846377.534114 -0.036624692 0.319202483 0.152110636 -0.064139426 0.033278920 0.032702450 0.996849656
1341846377.566085 -0.041950751 0.307406217 0.150794581 -0.063215032 0.035404067 0.034175407 0.996786058
1341846377.602113 -0.038422484 0.304163098 0.148698211 -0.060962416 0.034388170 0.035553113 0.996913731
1341846377.633912 -0.038880143 0.289065123 0.153539717 -0.055649649 0.035787601 0.031991702 0.997295797
1341846377.676329 -0.039481614 0.294400066 0.143142268 -0.050171357 0.037023764 0.031536385 0.997555792
1341846377.743964 -0.038552448 0.260470420 0.140898287 -0.045647033 0.034755357 0.028008727 0.997959852
1341846377.802535 -0.035679717 0.246414632 0.136063829 -0.043940965 0.033656970 0.028030850 0.998073459
1341846377.835932 -0.037730664 0.225718126 0.126957238 -0.039537620 0.035804473 0.029145852 0.998150945
1341846377.872063 -0.049308613 0.220842898 0.119521715 -0.036998373 0.034451250 0.037125748 0.998031020
1341846377.902201 -0.035961438 0.219169915 0.132574618 -0.036306575 0.026419086 0.037535518 0.998286009
1341846377.939383 -0.029584276 0.215388119 0.129965261 -0.031479061 0.029600693 0.029289406 0.998636544
1341846377.970635 -0.039185181 0.207234338 0.117805988 -0.034063771 0.032480534 0.031737536 0.998387396
1341846378.002401 -0.041922882 0.204958782 0.113511927 -0.035840213 0.026586508 0.035415407 0.998375893
1341846378.038883 -0.029739536 0.179643348 0.120477043 -0.035349254 0.025673535 0.031303816 0.998554647
1341846378.106524 -0.031460479 0.160318762 0.110598274 -0.038197335 0.026011698 0.027564634 0.998551250
1341846378.138114 -0.037159950 0.171087295 0.106663689 -0.032995295 0.027961716 0.024473472 0.998764455
1341846378.170157 -0.037308760 0.163122341 0.095183700 -0.032437932 0.029919345 0.016176878 0.998894870
1341846378.206045 -0.040639207 0.148953453 0.093762875 -0.035316978 0.031382937 0.011727785 0.998814464
1341846378.238081 -0.033001978 0.115857698 0.098863900 -0.037935723 0.030372471 0.010927683 0.998758733
1341846378.275916 -0.027887901 0.109042220 0.091851681 -0.034141466 0.030216964 0.009059675 0.998919010
1341846378.312389 -0.024552079 0.100865088 0.087452635 -0.033447571 0.032284673 0.006316293 0.998898923
1341846378.344267 -0.024406184 0.080194801 0.090534687 -0.033667747 0.035064604 0.004122674 0.998809278
1341846378.376036 -0.024550682 0.068939000 0.081908852 -0.029431976 0.036255121 0.004583711 0.998898566
1341846378.411936 -0.021703571 0.064196035 0.076646127 -0.027754731 0.037293974 0.003062358 0.998914123
1341846378.444079 -0.024473708 0.052064564 0.082344435 -0.026593845 0.040530115 -0.001203531 0.998823583
1341846378.480041 -0.029750003 0.045635384 0.068304293 -0.025584623 0.041229658 -0.003503813 0.998815954
1341846378.512023 -0.023030600 0.032137502 0.071385503 -0.026282581 0.038500715 -0.004017110 0.998904824
1341846378.543975 -0.016555151 0.022831291 0.068984874 -0.023373410 0.040009640 -0.010297799 0.998872757
1341846378.579973 -0.022620482 0.011869956 0.067371443 -0.021931682 0.042941492 -0.011818977 0.998766899
1341846378.612676 -0.020959646 0.000972030 0.070136361 -0.020009574 0.042801417 -0.012983242 0.998798847
1341846378.643945 -0.017842984 -0.012081111 0.062544815 -0.016787035 0.045314975 -0.013903276 0.998734951
1341846378.679954 -0.022854391 -0.014236419 0.058760397 -0.012594284 0.047050349 -0.013650720 0.998719811
1341846378.742199 -0.017208034 -0.022281358 0.051308524 -0.006046688 0.050904430 -0.020718737 0.998470247
1341846378.774089 -0.025103563 -0.030800279 0.054249734 -0.001526296 0.055652533 -0.021744411 0.998212218
1341846378.805994 -0.028301805 -0.038662966 0.056156717 0.001868557 0.056221310 -0.020543257 0.998205185
1341846378.842121 -0.016057832 -0.047218733 0.040969711 0.003206504 0.056006789 -0.022025665 0.998182237
1341846378.874022 -0.015885105 -0.062649213 0.034700893 0.004964017 0.058926743 -0.025978466 0.997911930
1341846378.911788 -0.019784983 -0.067688644 0.038012285 0.007679631 0.060770366 -0.023693299 0.997841001
1341846378.974034 -0.012412239 -0.084835753 0.031200977 0.010921305 0.061199650 -0.026243627 0.997720718
1341846379.009977 -0.013055529 -0.088359892 0.028590687 0.013464157 0.063804194 -0.024851717 0.997562110
1341846379.041991 -0.011495740 -0.087798774 0.033839408 0.015366232 0.064738616 -0.025700644 0.997452915
1341846379.078155 -0.005832888 -0.099182867 0.035736196 0.016113803 0.066157885 -0.030593012 0.997209907
1341846379.109871 -0.009618882 -0.104798295 0.032579973 0.017106097 0.067171909 -0.030879175 0.997116745
1341846379.142034 -0.005896487 -0.120403193 0.025308371 0.015986864 0.066801995 -0.030435672 0.997173786
1341846379.178080 -0.006048693 -0.134491280 0.027805615 0.018700084 0.068787627 -0.035056125 0.996839821
1341846379.209979 -0.003857088 -0.147459045 0.009033944 0.024296034 0.068885908 -0.036719814 0.996652424
1341846379.242047 -0.005664044 -0.152626470 0.024870908 0.031266298 0.066553168 -0.034250300 0.996704578
1341846379.278304 -0.005744527 -0.168779150 0.021328595 0.036431201 0.065452099 -0.036412694 0.996525407
1341846379.310076 -0.005060436 -0.181039989 0.011108652 0.044450175 0.069681071 -0.040332988 0.995761991
1341846379.346166 -0.001527379 -0.185209841 0.015005601 0.051408559 0.070920356 -0.038717330 0.995403647
1341846379.377944 -0.000896718 -0.190235198 0.019349996 0.058790646 0.070941895 -0.037813462 0.995028138
1341846379.409974 0.005145814 -0.206133321 0.003059261 0.066524751 0.072109632 -0.037238512 0.994478762
1341846379.446065 0.005774190 -0.199544653 0.008605086 0.072836958 0.073431604 -0.035740305 0.993994594
1341846379.478631 0.006543102 -0.202377230 0.003984227 0.073210731 0.072824061 -0.034696657 0.994048774
1341846379.511214 0.016089337 -0.213305429 -0.000081984 0.071163580 0.073752537 -0.037162010 0.994039893
1341846379.546204 0.003091555 -0.222609416 0.004239241 0.072302625 0.076568350 -0.036524363 0.993768394
1341846379.578217 -0.008618936 -0.209366411 0.014097462 0.074605681 0.073121063 -0.033709295 0.993957222
1341846379.614096 0.007375943 -0.216313630 0.004931432 0.071820691 0.069183968 -0.032386009 0.994488060
1341846379.646030 0.008781985 -0.213435739 0.007030972 0.070371844 0.071413703 -0.032803938 0.994420290
1341846379.678830 -0.001410293 -0.213047192 0.007881353 0.067846388 0.071339287 -0.030467838 0.994675457
1341846379.714071 -0.001696144 -0.209706530 0.012329172 0.066301666 0.067888401 -0.027302980 0.995112956
1341846379.746082 0.009569784 -0.208888099 0.009405795 0.064477704 0.067138284 -0.026607336 0.995302558
1341846379.778087 0.002106468 -0.197142690 0.013606816 0.062604129 0.069090866 -0.023499191 0.995366752
1341846379.813931 -0.005116792 -0.187818527 0.015484639 0.058627348 0.066804521 -0.020217763 0.995836914
1341846379.845927 -0.001838003 -0.187718779 0.011426056 0.053580761 0.065380700 -0.019746874 0.996225119
1341846379.881893 -0.005181698 -0.176566154 0.017254855 0.049506981 0.066315450 -0.017983196 0.996407509
1341846379.913954 -0.005513865 -0.151202336 0.026588289 0.043469179 0.064179935 -0.011190336 0.996928334
1341846379.946050 -0.009411781 -0.157907635 0.029416285 0.035313446 0.062985994 -0.011051848 0.997328222
1341846379.981969 -0.012755751 -0.155495375 0.030582234 0.030232579 0.061617892 -0.008190307 0.997608244
1341846380.013935 -0.019937534 -0.146528289 0.024074968 0.025794493 0.058892772 -0.003738703 0.997924030
1341846380.046124 -0.016224554 -0.136793062 0.036622893 0.019833641 0.055813402 0.000434934 0.998244107
1341846380.082142 -0.010579377 -0.131216273 0.034252964 0.014155691 0.055450886 -0.000254962 0.998361051
1341846380.114330 -0.017436318 -0.132358760 0.040901292 0.009046000 0.057170294 0.000317703 0.998323441
1341846380.150278 -0.022569558 -0.130947620 0.042072713 0.007051407 0.055751778 0.004066741 0.998411477
1341846380.182030 -0.018930921 -0.122696608 0.044173095 0.008077668 0.054171082 0.005855198 0.998481810
1341846380.213908 -0.015453124 -0.097921327 0.044795420 0.008021983 0.053518165 0.007482831 0.998506606
1341846380.250090 -0.017123139 -0.072880574 0.043568391 0.002217332 0.055072386 0.002917384 0.998475671
1341846380.281996 -0.010496786 -0.067144185 0.050249901 -0.006436113 0.058656540 0.002175046 0.998255134
1341846380.318009 -0.017491974 -0.062716030 0.051045995 -0.011992836 0.063195482 0.002939994 0.997924805
1341846380.350031 -0.015654417 -0.049801003 0.058085650 -0.017065024 0.063879900 0.008534621 0.997775197
1341846380.382297 -0.012932602 -0.046577275 0.059280749 -0.021855250 0.064806491 0.009981863 0.997608602
1341846380.418020 -0.014052612 -0.030697275 0.059436742 -0.024762034 0.065966092 0.011358597 0.997449875
1341846380.450059 -0.022418648 -0.018995158 0.061242405 -0.032452445 0.063331477 0.019029938 0.997283220
1341846380.481987 -0.014788314 -0.011025407 0.059452139 -0.041067649 0.055913817 0.024076119 0.997300088
1341846380.518026 -0.003516732 -0.013134366 0.065664083 -0.047465559 0.051905975 0.024116872 0.997231722
1341846380.549973 -0.007366270 -0.010463563 0.068082228 -0.050204623 0.051367920 0.024855237 0.997107327
1341846380.585876 -0.007584990 -0.001795427 0.068815060 -0.049937557 0.046912201 0.025084294 0.997334599
1341846380.617833 -0.004291073 -0.006132906 0.068564020 -0.050076142 0.043809745 0.024580080 0.997481287
1341846380.650010 -0.006588351 -0.003896133 0.066877715 -0.046554476 0.043552257 0.022876985 0.997703612
1341846380.686058 -0.005752563 0.000646316 0.059815194 -0.043467656 0.041815307 0.021332908 0.997951388
1341846380.718154 -0.003690529 0.000567804 0.060458869 -0.041530378 0.039953709 0.020887468 0.998119533
1341846380.750063 0.002736180 -0.011617820 0.054190557 -0.038423512 0.038958713 0.020284176 0.998295724
1341846380.785897 -0.003978114 0.006227888 0.055535894 -0.030618332 0.040682901 0.021738783 0.998466253
1341846380.818263 -0.006907086 0.017591774 0.052235160 -0.028652040 0.036984418 0.024206713 0.998611629
1341846380.854055 -0.002710890 0.008666750 0.054157414 -0.028923782 0.033998553 0.022043826 0.998760045
1341846380.886150 -0.000461145 0.017801000 0.060050603 -0.023512717 0.033214413 0.021978537 0.998929858
1341846380.918124 -0.007041191 0.028548360 0.073734649 -0.022258030 0.029519528 0.023571543 0.999038339
1341846380.954125 -0.004108132 0.019666100 0.073853076 -0.023850046 0.024207376 0.022926565 0.999159396
1341846380.985985 0.006376623 0.015268512 0.075570457 -0.023275763 0.024175100 0.020823335 0.999219775
1341846381.018098 0.001797020 0.016491048 0.081763908 -0.022431292 0.025874892 0.020649021 0.999200165
1341846381.054072 0.014581395 0.025662407 0.102524571 -0.019390630 0.021310106 0.022729587 0.999326408
1341846381.086074 0.015772505 0.006384111 0.096589856 -0.017359056 0.021320449 0.023009723 0.999357104
1341846381.122035 0.012269992 0.017177327 0.103604101 -0.013839015 0.023237124 0.024461072 0.999334872
1341846381.159808 0.015097847 0.027024960 0.118137844 -0.012894549 0.022760134 0.022505488 0.999404430
1341846381.222118 0.028609365 0.036334485 0.136457086 -0.011441709 0.025379516 0.025020720 0.999299228
1341846381.254198 0.038343921 0.026744623 0.140227243 -0.015453974 0.028214462 0.022973394 0.999218345
1341846381.289977 0.054493692 0.027171731 0.160138756 -0.014099442 0.033278506 0.024078606 0.999056518
1341846381.322365 0.041377712 0.040376987 0.178064302 -0.012167659 0.038478602 0.030030934 0.998733938
1341846381.353963 0.044212230 0.037596904 0.185905486 -0.015039709 0.039396387 0.034069140 0.998529434
1341846381.389983 0.065103412 0.045451343 0.192267671 -0.015699377 0.040884506 0.037929296 0.998320222
1341846381.421973 0.053918172 0.049452372 0.207493678 -0.019271614 0.049239092 0.040363632 0.997784972
1341846381.454108 0.057569403 0.046665810 0.225831389 -0.022705071 0.050396763 0.041474782 0.997609377
1341846381.489891 0.070443735 0.026526617 0.236138240 -0.023265310 0.052578792 0.043000501 0.997419238
1341846381.521988 0.072509728 0.035494853 0.248337567 -0.016422668 0.056363530 0.049295738 0.997057319
1341846381.558072 0.073529795 0.037397526 0.257447034 -0.013204727 0.059754431 0.052549649 0.996741474
1341846381.589879 0.080057219 0.040987607 0.268927872 -0.011506298 0.063067682 0.051219136 0.996627629
1341846381.622018 0.085077211 0.044477787 0.280658692 -0.012097099 0.066754863 0.049047243 0.996489763
1341846381.657894 0.085461862 0.035718709 0.292979181 -0.013483587 0.070516385 0.046306234 0.996343970
1341846381.689870 0.092133924 0.021149378 0.299547136 -0.010723783 0.073367774 0.041113351 0.996399462
1341846381.722338 0.095232189 0.028382212 0.314482570 -0.007301426 0.075963423 0.041944310 0.996201277
1341846381.758166 0.101661146 0.029940415 0.331262231 -0.006905139 0.077081971 0.041254137 0.996146977
1341846381.790889 0.104384668 0.026839100 0.338965684 -0.005192556 0.079040691 0.040164184 0.996048450
1341846381.826591 0.108545862 0.033240851 0.353017926 -0.001896939 0.081962138 0.041793775 0.995756924
1341846381.859589 0.104024656 0.031591162 0.370903015 -0.000912207 0.081754267 0.043913946 0.995684147
1341846381.890538 0.105028562 0.029832635 0.381297618 0.000395552 0.077551715 0.045468371 0.995950878
1341846381.926191 0.111972220 0.034918759 0.383882314 0.001588978 0.074957594 0.042377450 0.996284604
1341846381.958121 0.108686574 0.043400753 0.384196699 -0.000514135 0.072728105 0.039028760 0.996587753
1341846381.990050 0.106242821 0.040748768 0.401103020 -0.005407144 0.065296382 0.038916294 0.997092128
1341846382.026007 0.122090667 0.041966919 0.416741759 -0.008896122 0.059111364 0.035367243 0.997584999
1341846382.059217 0.123754077 0.041402772 0.431246936 -0.014821363 0.059389889 0.031386573 0.997631192
1341846382.094090 0.115824059 0.034539536 0.448458105 -0.020749887 0.058905140 0.030173138 0.997591734
1341846382.126195 0.132046178 0.025727585 0.458627880 -0.022903467 0.053889457 0.031527072 0.997786224
1341846382.158170 0.141594991 0.027796362 0.469174087 -0.022332024 0.053561572 0.033932902 0.997737944
1341846382.194097 0.139702648 0.026048349 0.479312629 -0.023432413 0.055070944 0.034389071 0.997614920
1341846382.226010 0.139170855 0.032818709 0.490615547 -0.021599432 0.054614093 0.039353523 0.997497857
1341846382.258172 0.144191712 0.031820200 0.501540124 -0.021408578 0.054762013 0.039013308 0.997507274
1341846382.294020 0.144187436 0.028688638 0.511757672 -0.022044530 0.057442486 0.037772816 0.997390389
1341846382.325957 0.136961982 0.027598068 0.526832879 -0.023348253 0.058115598 0.035653055 0.997399747
1341846382.361974 0.146115914 0.021061398 0.542231917 -0.025156006 0.056045115 0.031428095 0.997616351
1341846382.393888 0.141681373 0.013583959 0.549795687 -0.025071450 0.055547651 0.029347874 0.997709692
1341846382.425972 0.140771478 0.015910693 0.562131464 -0.024478035 0.054786224 0.025031639 0.997884095
1341846382.462037 0.135000974 0.017454911 0.573726237 -0.025272312 0.054108664 0.020918315 0.997995973
1341846382.494003 0.132858545 0.015779225 0.585558474 -0.027143978 0.050429575 0.020229956 0.998153687
1341846382.530148 0.133365840 0.015482974 0.595822871 -0.026621701 0.048410852 0.016647413 0.998333871
1341846382.562400 0.136047214 0.018846322 0.608354568 -0.025035337 0.047501687 0.015293278 0.998440266
1341846382.593981 0.141983882 0.013692842 0.620858848 -0.025198011 0.047411203 0.012600265 0.998478115
1341846382.629905 0.143659711 0.007637247 0.629069269 -0.021952845 0.046736773 0.018570444 0.998493314
1341846382.661966 0.140381485 0.013962523 0.636535168 -0.018102013 0.048703663 0.018741764 0.998473346
1341846382.693976 0.133264065 0.015487969 0.646105051 -0.018693008 0.049795352 0.019327350 0.998397410
1341846382.730021 0.137121394 0.013897499 0.650454581 -0.018137280 0.049021371 0.021737473 0.998396397
1341846382.762004 0.125514701 0.023508251 0.658729017 -0.015724443 0.052249350 0.022908896 0.998247385
1341846382.798112 0.128013536 0.021145530 0.662988663 -0.018855564 0.050663762 0.017617250 0.998382330
1341846382.829949 0.137427002 0.009446832 0.666338444 -0.023487940 0.049949393 0.012126734 0.998401880
1341846382.861875 0.132628247 0.015246017 0.670432210 -0.022740219 0.052518226 0.008882089 0.998321533
1341846382.897967 0.136607096 0.012731897 0.677817404 -0.023779726 0.051677838 0.010070698 0.998329878
1341846382.930017 0.139398605 0.008909249 0.679444969 -0.022744233 0.052390836 0.010661739 0.998310685
1341846382.962121 0.143557355 0.019447017 0.685324609 -0.019062631 0.054618288 0.009432129 0.998280764
1341846382.997950 0.135474727 0.015811512 0.690798223 -0.019564977 0.056067117 0.015194273 0.998119652
1341846383.029927 0.139890000 0.015333258 0.694398761 -0.018669656 0.056347854 0.012313504 0.998160660
1341846383.104184 0.150414914 0.008802446 0.694288135 -0.023587974 0.059398584 0.003928942 0.997947872
1341846383.172122 0.143639728 0.008704310 0.698974609 -0.026044302 0.059666466 0.004460242 0.997868598
1341846383.236935 0.142666891 0.003306099 0.702996314 -0.028280230 0.068069533 0.004065215 0.997271419
1341846383.272112 0.140573949 0.008826843 0.704325080 -0.025700007 0.067129709 0.007976707 0.997381330
1341846383.303955 0.152697548 0.009998793 0.700081050 -0.024774933 0.065979101 0.010223402 0.997461021
1341846383.336133 0.151205182 0.019733017 0.699011981 -0.026000906 0.066427492 0.012479675 0.997374356
1341846383.398119 0.156970054 0.011410026 0.696196795 -0.028633498 0.065730728 0.011213674 0.997363448
1341846383.433991 0.158741429 0.008368523 0.692504585 -0.029938310 0.067159489 0.012259909 0.997217655
1341846383.466087 0.157128647 0.008943132 0.691718161 -0.029666763 0.067312114 0.012847583 0.997208059
1341846383.501974 0.153904542 0.007804394 0.689224362 -0.029159179 0.066224493 0.015717814 0.997254729
1341846383.533975 0.156196579 0.009635193 0.681592345 -0.028314514 0.063235842 0.015587830 0.997475088
1341846383.565981 0.153677329 0.012094194 0.674842536 -0.028433360 0.062670603 0.014004012 0.997530878
1341846383.602253 0.143047169 0.014413068 0.670959055 -0.028123606 0.061872236 0.012990749 0.997603178
1341846383.634175 0.131183982 0.029590640 0.667498529 -0.024003142 0.058213867 0.013803356 0.997920096
1341846383.665988 0.125327438 0.021074470 0.653951645 -0.026708895 0.054354869 0.012634759 0.998084426
1341846383.702104 0.123896234 0.013367593 0.651786625 -0.028821366 0.051522370 0.009138539 0.998214066
1341846383.734131 0.115370102 0.012826845 0.641252697 -0.028833024 0.046625782 0.011506856 0.998429894
1341846383.770067 0.111746117 0.017348718 0.628122628 -0.027525088 0.041355837 0.015405288 0.998646438
1341846383.802027 0.115811385 0.014963320 0.618286073 -0.027683752 0.036180496 0.014851547 0.998851359
1341846383.870067 0.090783261 0.018497223 0.606600106 -0.027533613 0.034052461 0.016652299 0.998901904
1341846383.901854 0.090921953 0.022082755 0.588377595 -0.026950547 0.029966839 0.017296001 0.999037743
1341846383.934301 0.086223528 0.023566296 0.576073170 -0.029583484 0.029211506 0.016227368 0.999003589
1341846383.969997 0.082989953 0.017509533 0.571163177 -0.031959184 0.028321631 0.013299487 0.998999298
1341846384.001936 0.074411012 0.006973499 0.555451691 -0.031230075 0.025031760 0.017044593 0.999053359
1341846384.038092 0.070084065 0.024468593 0.546349108 -0.027264230 0.019755023 0.021195916 0.999208212
1341846384.070104 0.078707457 0.024172852 0.535585880 -0.028916618 0.017721426 0.014770453 0.999315560
1341846384.102008 0.071194172 0.014290252 0.523648679 -0.028906755 0.018530177 0.013364517 0.999320984
1341846384.138265 0.062470049 0.021574279 0.511562586 -0.026208071 0.014669278 0.018658377 0.999374688
1341846384.170093 0.063696906 0.019534064 0.500404179 -0.027121818 0.012405012 0.015261933 0.999438643
1341846384.202188 0.064650327 0.027009854 0.497527927 -0.025367163 0.014025220 0.011845673 0.999509633
1341846384.237844 0.060092978 0.026421873 0.482137203 -0.026258295 0.014528682 0.012335372 0.999473512
1341846384.269968 0.055739205 0.019136649 0.469413042 -0.027099518 0.012134965 0.018303363 0.999391496
1341846384.306015 0.054791659 0.028709535 0.461471856 -0.023585975 0.012254523 0.016828418 0.999505043
1341846384.337907 0.047683947 0.028151602 0.451354265 -0.024562506 0.013589394 0.016565224 0.999468684
1341846384.369865 0.048688494 0.028850706 0.437797070 -0.025850501 0.012239150 0.015883140 0.999464691
1341846384.406199 0.051925052 0.028413882 0.430163592 -0.025392732 0.013230137 0.010761822 0.999532044
1341846384.437788 0.040059332 0.029699227 0.410700619 -0.025508653 0.013788837 0.009827507 0.999531209
1341846384.469882 0.042326529 0.028881907 0.405097991 -0.028490359 0.012240511 0.007743961 0.999489129
1341846384.506115 0.045495212 0.028296748 0.396015376 -0.029698621 0.012866811 0.004434592 0.999466240
1341846384.537970 0.040525958 0.033416394 0.386227340 -0.030593289 0.016041871 0.003639570 0.999396563
1341846384.573994 0.036811709 0.025958955 0.379117638 -0.032965247 0.016152233 0.006663462 0.999303758
1341846384.606493 0.031975973 0.031147595 0.377813637 -0.029870883 0.014770909 0.014314575 0.999342084
1341846384.637999 0.032059304 0.035883613 0.366021782 -0.027493993 0.013764133 0.012962344 0.999443173
1341846384.674068 0.028401766 0.040658373 0.361244172 -0.027409011 0.012488926 0.015073563 0.999432623
1341846384.705921 0.025139235 0.035076145 0.349021316 -0.027520867 0.012055468 0.010181914 0.999496698
1341846384.742045 0.015478609 0.046983670 0.339774966 -0.026399566 0.010187306 0.012022983 0.999527276
1341846384.774082 0.015221402 0.052335989 0.332824200 -0.028555425 0.007884465 0.008929247 0.999521196
1341846384.805987 0.014489899 0.047214359 0.324504584 -0.030781299 0.007291868 0.004023621 0.999491453
1341846384.842025 0.006602572 0.050996535 0.316064626 -0.030968482 0.006565028 0.002544997 0.999495506
1341846384.874081 0.005095179 0.045376059 0.304113477 -0.033117156 0.004577774 0.005268769 0.999427080
1341846384.905998 0.005191290 0.044691443 0.293358952 -0.031294823 0.004510387 0.004199440 0.999491215
1341846384.942014 0.000155160 0.049169842 0.282112718 -0.030780930 0.005021674 0.007245904 0.999487281
1341846384.974049 -0.002897164 0.047952361 0.277741402 -0.031854596 0.004744115 0.009968452 0.999431551
1341846385.009917 -0.005196198 0.047614951 0.269550860 -0.029576482 0.005531531 0.014148369 0.999447107
1341846385.042211 -0.011539802 0.058672823 0.261906683 -0.027121300 0.006566665 0.019322701 0.999423802
1341846385.073967 -0.010974839 0.051149126 0.250119090 -0.030172607 0.007377251 0.015642328 0.999395072
1341846385.110157 -0.013049014 0.050556067 0.251116246 -0.028823499 0.008283265 0.019226000 0.999365270
1341846385.141931 -0.020136615 0.049271178 0.245115906 -0.027352870 0.009360802 0.021171510 0.999357760
1341846385.173929 -0.026135635 0.051505748 0.240413219 -0.025731342 0.008336528 0.020213053 0.999429762
1341846385.210052 -0.024613298 0.048002467 0.224315614 -0.025161080 0.007572732 0.015254283 0.999538302
1341846385.242941 -0.030782625 0.048034504 0.220394507 -0.024220288 0.008580260 0.009072633 0.999628663
1341846385.278001 -0.032318402 0.044640768 0.214959398 -0.024309203 0.007317050 0.005806152 0.999660850
1341846385.311234 -0.041586906 0.041081622 0.211205259 -0.021964312 0.007487385 0.005262594 0.999716878
1341846385.342936 -0.045524921 0.038996071 0.197728649 -0.019439613 0.006461778 0.001063599 0.999789596
1341846385.378101 -0.047596786 0.041052375 0.188941404 -0.019205760 0.006193536 -0.000678971 0.999796152
1341846385.410048 -0.057501730 0.039111443 0.187785268 -0.019542154 0.005780464 -0.001030675 0.999791801
1341846385.442088 -0.064367816 0.037495930 0.178166673 -0.019058853 0.003757842 -0.001267884 0.999810517
1341846385.477970 -0.073951930 0.041160911 0.169247419 -0.019511081 0.000851830 -0.002008675 0.999807239
1341846385.510109 -0.076057032 0.039869040 0.168999463 -0.020133499 -0.001279745 -0.001538917 0.999795318
1341846385.545989 -0.089046739 0.045673560 0.162146643 -0.019641502 -0.003461691 0.001844607 0.999799371
1341846385.577939 -0.099894844 0.054026455 0.151492253 -0.019953486 -0.007871645 0.001337570 0.999769032
1341846385.609948 -0.104924828 0.049852278 0.146222278 -0.021022361 -0.010091580 0.001582585 0.999726832
1341846385.646024 -0.119452365 0.053517066 0.130791679 -0.021172896 -0.012353306 0.002414989 0.999696553
1341846385.678122 -0.122677334 0.053896185 0.125040814 -0.023000004 -0.019389924 0.004051052 0.999539196
1341846385.713966 -0.123609111 0.052306693 0.119268157 -0.023532512 -0.022061121 0.005114393 0.999466538
1341846385.745986 -0.126999468 0.050881665 0.111063942 -0.023079565 -0.021820802 0.002306099 0.999492824
1341846385.778024 -0.137566835 0.061936151 0.108488299 -0.021289593 -0.023784719 0.007914001 0.999459028
1341846385.814480 -0.137565210 0.064353034 0.107005492 -0.021499213 -0.024995558 0.005819696 0.999439359
1341846385.846594 -0.133801430 0.066395320 0.093613058 -0.021732926 -0.023329644 0.003774590 0.999484420
1341846385.884072 -0.153354660 0.065869175 0.082031108 -0.023117859 -0.019329008 0.006336377 0.999525785
1341846385.920282 -0.148229897 0.070592552 0.082990773 -0.023093166 -0.022973750 0.008216068 0.999435544
1341846385.951967 -0.144662902 0.070069320 0.071101859 -0.023078781 -0.021197695 0.005369781 0.999494433
1341846385.983828 -0.154398769 0.068462759 0.063884564 -0.022912228 -0.016575806 0.004642199 0.999589264
1341846386.019954 -0.161986649 0.067502640 0.054682061 -0.022756992 -0.016414253 0.007941352 0.999574721
1341846386.053153 -0.164856061 0.067651033 0.050589725 -0.021315418 -0.017833754 0.007166331 0.999588013
1341846386.087964 -0.156500533 0.068338029 0.040004127 -0.018299438 -0.017049449 0.003061882 0.999682486
1341846386.120298 -0.169350252 0.067011222 0.035608847 -0.017264321 -0.012829351 -0.000151394 0.999768615
1341846386.152323 -0.174869701 0.060980465 0.026357971 -0.015712256 -0.012937051 -0.000312107 0.999792755
1341846386.187922 -0.172653735 0.068396643 0.022440977 -0.011607917 -0.014947728 -0.003480652 0.999814808
1341846386.220214 -0.166615278 0.056730699 0.013306802 -0.011642130 -0.015113847 -0.008444852 0.999782264
1341846386.251878 -0.176338613 0.056741659 -0.002019067 -0.008176718 -0.012261850 -0.011450107 0.999825835
1341846386.287926 -0.183460847 0.058429118 -0.014604016 -0.004891237 -0.013410520 -0.011520156 0.999831736
1341846386.320048 -0.178633988 0.063535087 -0.022584407 -0.001816699 -0.015803071 -0.014939954 0.999761820
1341846386.351806 -0.177062392 0.063439146 -0.037735030 -0.000181583 -0.013610094 -0.019228021 0.999722421
1341846386.387904 -0.184593767 0.060655244 -0.051838767 0.001489401 -0.012101769 -0.019825924 0.999729037
1341846386.420158 -0.187045410 0.061255109 -0.070643440 0.003223427 -0.014376648 -0.018318925 0.999723613
1341846386.488011 -0.175571308 0.072146937 -0.102606378 0.005136796 -0.019209865 -0.021160979 0.999578297
1341846386.550203 -0.189620614 0.065640226 -0.136009783 0.006414759 -0.017990185 -0.021327009 0.999590099
1341846386.582265 -0.188951731 0.067254864 -0.170479313 0.006347876 -0.021418581 -0.021217965 0.999525249
1341846386.618055 -0.181660190 0.075031877 -0.188224480 0.006679641 -0.021864435 -0.023898579 0.999452889
1341846386.651032 -0.184586525 0.079295248 -0.211483344 0.005472247 -0.020293759 -0.024820145 0.999470949
1341846386.682220 -0.184724048 0.080975927 -0.222861648 0.002933973 -0.022042032 -0.022696219 0.999495089
1341846386.718071 -0.179054931 0.073885083 -0.233232200 0.001403759 -0.023291633 -0.020015677 0.999527335
1341846386.750071 -0.168435887 0.078339912 -0.253311932 0.003564888 -0.021539025 -0.019102247 0.999579132
1341846386.786100 -0.177053273 0.085529231 -0.266365826 0.004651822 -0.018180003 -0.015800890 0.999699056
1341846386.817967 -0.178781614 0.084849238 -0.279069990 0.005665339 -0.018486133 -0.013745544 0.999718547
1341846386.850155 -0.172722653 0.092161477 -0.297996491 0.007076429 -0.017333135 -0.014002970 0.999726593
1341846386.886034 -0.172194228 0.092737183 -0.306378871 0.006754122 -0.014403459 -0.012202927 0.999798954
1341846386.918050 -0.176105276 0.094606034 -0.318807572 0.007336578 -0.012217790 -0.009009752 0.999857783
1341846386.954005 -0.175279588 0.097086579 -0.336128414 0.007778250 -0.011643389 -0.006588179 0.999880254
1341846386.986155 -0.167088389 0.099414878 -0.355530739 0.007690618 -0.010365035 -0.006732828 0.999894023
1341846387.018027 -0.166096121 0.091633633 -0.360962152 0.006520831 -0.005724312 -0.003746626 0.999955356
1341846387.054058 -0.175961852 0.094789065 -0.372375846 0.008364778 -0.003106814 -0.001542352 0.999958992
1341846387.086157 -0.173303381 0.099123232 -0.384466946 0.009275903 -0.003321097 -0.001776038 0.999949872
1341846387.118350 -0.167539150 0.095951185 -0.398997396 0.009455540 -0.000761296 -0.002344042 0.999952257
1341846387.153927 -0.177043468 0.099860162 -0.409440756 0.011248806 0.002207720 -0.002961928 0.999929905
1341846387.185953 -0.181261957 0.109452806 -0.423054188 0.011556265 0.001448235 -0.002937276 0.999927819
1341846387.222042 -0.173757806 0.106266439 -0.436597854 0.008976322 -0.000115962 -0.005091732 0.999946713
1341846387.253968 -0.170699283 0.101974711 -0.450316936 0.007535522 0.001584477 -0.006846176 0.999946892
1341846387.286046 -0.179992348 0.103201963 -0.463671833 0.006353262 0.002333220 -0.004972629 0.999964714
1341846387.322002 -0.173675209 0.108121574 -0.471027702 0.004797873 0.000716392 -0.004041532 0.999980032
1341846387.353879 -0.164100647 0.111434177 -0.462663412 0.004289435 0.001704850 -0.004999901 0.999976814
1341846387.386177 -0.173311189 0.110297352 -0.470001966 0.003889612 0.002686450 -0.002048954 0.999986708
1341846387.422132 -0.167129442 0.111346319 -0.479617417 0.004323313 0.000712754 0.000236414 0.999990344
1341846387.454043 -0.160811156 0.119524635 -0.488325477 0.005217868 0.001630876 -0.001499248 0.999983907
1341846387.490166 -0.169489130 0.114970110 -0.503255844 0.003914414 0.003322150 -0.000861890 0.999986470
1341846387.522009 -0.169983089 0.112615019 -0.511096776 0.003859858 0.001261429 0.003647752 0.999985099
1341846387.554619 -0.164114535 0.121864848 -0.522070169 0.005021031 0.000159856 0.004902438 0.999975324
1341846387.590257 -0.160685569 0.131904632 -0.538994074 0.003823850 0.000889576 0.004570849 0.999981880
1341846387.622301 -0.160937250 0.130121157 -0.540190637 0.000613144 0.002200740 0.005369959 0.999982953
1341846387.654151 -0.168534279 0.128851846 -0.546204567 -0.001241428 0.002414307 0.005559264 0.999980867
1341846387.690110 -0.167308494 0.136282116 -0.556285560 -0.001847818 0.000232185 0.004248421 0.999989271
1341846387.722109 -0.164678112 0.138709277 -0.561363161 -0.003974754 -0.000948057 0.004028328 0.999983549
1341846387.758177 -0.166695505 0.135354191 -0.567828953 -0.005689151 -0.001444560 0.004769274 0.999971390
1341846387.790191 -0.172481298 0.131802738 -0.571915507 -0.005521653 -0.002806213 0.008023777 0.999948621
1341846387.822157 -0.171274155 0.139068678 -0.582204580 -0.004183418 -0.004974233 0.008201372 0.999945223
1341846387.858179 -0.171415851 0.139765352 -0.588518322 -0.005048478 -0.006055333 0.012061835 0.999896169
1341846387.890013 -0.173609585 0.137841865 -0.595773816 -0.005353044 -0.008610995 0.013129739 0.999862373
1341846387.926103 -0.168647766 0.138829246 -0.604581058 -0.005263715 -0.010112596 0.012895159 0.999851882
1341846387.958426 -0.171933874 0.142507240 -0.604299009 -0.005799141 -0.010424312 0.015903814 0.999802351
1341846387.990086 -0.177985832 0.144362733 -0.608776450 -0.006261026 -0.012251343 0.016954567 0.999761581
1341846388.026158 -0.172325104 0.132520825 -0.601696610 -0.005908548 -0.016493602 0.015942108 0.999719381
1341846388.058060 -0.166493505 0.128925413 -0.599784732 -0.001307959 -0.018832097 0.022578897 0.999566793
1341846388.089974 -0.171457112 0.135327414 -0.597103238 0.004413115 -0.021031473 0.026696796 0.999412537
1341846388.126088 -0.165173590 0.151668102 -0.603140473 0.007939811 -0.023348723 0.025091061 0.999380887
1341846388.158090 -0.148530334 0.166850328 -0.611194670 0.005741779 -0.022972373 0.022765601 0.999460340
1341846388.194068 -0.162745848 0.149929166 -0.593626201 -0.000228785 -0.019422034 0.019217959 0.999626637
1341846388.225961 -0.164699733 0.143794179 -0.586968660 -0.001373557 -0.020064037 0.017537303 0.999643922
1341846388.257928 -0.159538299 0.150971204 -0.585611999 -0.001996258 -0.020447597 0.018942313 0.999609470
1341846388.294066 -0.164103895 0.138792783 -0.571950257 -0.003894238 -0.019987501 0.018663790 0.999618411
1341846388.325954 -0.157879695 0.148553848 -0.565236032 -0.001803839 -0.020783136 0.016329614 0.999648988
1341846388.357936 -0.155837014 0.148405269 -0.561197817 -0.003560225 -0.019654771 0.015444576 0.999681234
1341846388.394202 -0.162757114 0.141666859 -0.545413733 -0.004994709 -0.019567337 0.013511783 0.999704719
1341846388.425957 -0.152557597 0.144313201 -0.545752048 -0.004985875 -0.021181626 0.010755082 0.999705374
1341846388.462012 -0.152660936 0.138146594 -0.531134129 -0.006510677 -0.019062093 0.008213357 0.999763370
1341846388.493961 -0.156965792 0.132788882 -0.511189520 -0.005826339 -0.019818496 0.008127245 0.999753594
1341846388.526293 -0.151015341 0.131194085 -0.502152979 -0.004122932 -0.021948421 0.007683033 0.999721050
1341846388.562293 -0.144649968 0.130067229 -0.495353967 -0.002455780 -0.020652344 0.006227793 0.999764323
1341846388.594090 -0.147595540 0.131466255 -0.481768519 -0.001547444 -0.018739112 0.005282584 0.999809265
1341846388.626030 -0.150466204 0.128350422 -0.465257227 -0.001947424 -0.019179599 0.004654953 0.999803305
1341846388.662009 -0.143632665 0.119975194 -0.457652390 -0.001066399 -0.018706189 0.002792660 0.999820530
1341846388.694110 -0.147567078 0.125144273 -0.447134405 0.000820518 -0.017215893 0.002594648 0.999848068
1341846388.730239 -0.146217912 0.125756904 -0.428119719 -0.000609817 -0.018209169 0.001773130 0.999832451
1341846388.762131 -0.137922719 0.114432074 -0.415400773 -0.001130327 -0.017464604 -0.001585050 0.999845564
1341846388.794087 -0.143124580 0.121370070 -0.404395431 0.000485030 -0.014917917 -0.001266790 0.999887824
1341846388.830117 -0.144514084 0.120335110 -0.382329226 -0.001959623 -0.016382879 0.001362163 0.999862909
1341846388.868548 -0.135621876 0.106855348 -0.378882080 -0.003207040 -0.017246399 0.000909670 0.999845743
1341846388.900942 -0.139841765 0.119928792 -0.362228602 -0.001517706 -0.015371745 0.000530786 0.999880552
1341846388.937157 -0.147489682 0.117697366 -0.346877605 -0.005036118 -0.016188871 0.001778043 0.999854684
1341846388.970712 -0.141993493 0.105410993 -0.324006408 -0.007507700 -0.017023755 0.001681717 0.999825478
1341846389.001153 -0.142586663 0.105963834 -0.315816492 -0.007299800 -0.016825484 0.000864790 0.999831438
1341846389.036956 -0.145498306 0.113924079 -0.294809103 -0.009129127 -0.016846886 -0.000926712 0.999815941
1341846389.069208 -0.140658855 0.100176416 -0.273591787 -0.012481858 -0.017753655 -0.001318546 0.999763608
1341846389.168276 -0.141480237 0.084293753 -0.238561690 -0.013669881 -0.017077703 -0.000112169 0.999760687
1341846389.230639 -0.151575431 0.084846891 -0.201756269 -0.009982337 -0.015645294 0.001343369 0.999826908
1341846389.266034 -0.146703914 0.084815241 -0.188002348 -0.008733808 -0.017698612 -0.000154934 0.999805212
1341846389.298760 -0.139687791 0.082855731 -0.172322631 -0.007272051 -0.015605908 -0.002419658 0.999848843
1341846389.329980 -0.145872757 0.084348530 -0.154505104 -0.005453407 -0.013367000 -0.001705716 0.999894321
1341846389.366022 -0.141053885 0.084842131 -0.141672745 -0.005079893 -0.014094097 -0.001453221 0.999886692
1341846389.397969 -0.135836706 0.073945224 -0.135998309 -0.005513900 -0.011644913 -0.000983534 0.999916494
1341846389.433982 -0.133312821 0.075023405 -0.120867893 -0.002268548 -0.008145216 -0.000556891 0.999964058
1341846389.466033 -0.137509316 0.079140425 -0.107986622 -0.002180416 -0.007036293 0.001997655 0.999970853
1341846389.498030 -0.131406739 0.075190865 -0.092732087 -0.003148205 -0.007846882 0.002056109 0.999962151
1341846389.534085 -0.128132239 0.083371401 -0.085085653 -0.001653185 -0.004771106 -0.000370405 0.999987185
1341846389.565875 -0.132513881 0.087256968 -0.073574014 -0.003540927 -0.002534646 -0.000406024 0.999990404
1341846389.597960 -0.129019663 0.086066641 -0.058089908 -0.007677702 -0.003960352 -0.000640286 0.999962449
1341846389.634116 -0.126694560 0.084718987 -0.045236252 -0.008868272 -0.004543632 -0.001683859 0.999948919
1341846389.665950 -0.128060922 0.096491113 -0.038260058 -0.010372363 -0.002581879 -0.004745272 0.999931574
1341846389.702127 -0.125731185 0.085124247 -0.017897209 -0.015889436 -0.002312941 -0.005534018 0.999855757
1341846389.734086 -0.123410471 0.079364575 -0.005266177 -0.015889907 -0.004194247 -0.003830852 0.999857605
1341846389.765898 -0.119900830 0.088047355 0.006151676 -0.015035640 -0.005185403 -0.003856758 0.999866068
1341846389.802126 -0.116679139 0.083838046 0.013292062 -0.016753532 -0.005283452 -0.004943893 0.999833465
1341846389.834063 -0.112406783 0.076749459 0.022618935 -0.015900012 -0.005153549 -0.004054056 0.999852061
1341846389.866260 -0.110237971 0.076231070 0.033524714 -0.013268691 -0.005609448 0.000085456 0.999896228
1341846389.902002 -0.106204219 0.077249378 0.043367207 -0.011843097 -0.007143698 0.000127549 0.999904335
1341846389.934117 -0.100405641 0.079494096 0.052397922 -0.010600916 -0.005480989 -0.002193236 0.999926388
1341846389.970116 -0.099408902 0.079532966 0.060581874 -0.010483653 -0.003129391 -0.002493276 0.999937057
1341846390.002129 -0.103386350 0.076405302 0.073284566 -0.011002608 -0.004605026 -0.000059371 0.999928832
1341846390.034099 -0.095672198 0.079403646 0.085586943 -0.009554950 -0.008000814 -0.000623356 0.999922156
1341846390.070024 -0.092032462 0.082123742 0.091087833 -0.008963971 -0.007009860 -0.003971361 0.999927342
1341846390.101910 -0.091970794 0.079002425 0.101157397 -0.010378710 -0.007015393 -0.005460989 0.999906600
1341846390.137924 -0.086420566 0.072633103 0.109441489 -0.009868395 -0.009631869 -0.003929718 0.999897182
1341846390.170038 -0.078095734 0.081536420 0.106430180 -0.007401527 -0.009810613 -0.004999734 0.999911964
1341846390.202115 -0.077284656 0.082537301 0.116875030 -0.010235137 -0.008375746 -0.007715384 0.999882758
1341846390.238117 -0.076346651 0.076010853 0.128148451 -0.011467533 -0.009370203 -0.005825663 0.999873340
1341846390.270052 -0.069993801 0.076478668 0.134152457 -0.010939147 -0.012963549 0.000785562 0.999855816
1341846390.302085 -0.059880406 0.078951135 0.138885483 -0.012180710 -0.014154840 0.003308824 0.999820113
1341846390.338496 -0.053559918 0.073555991 0.151449040 -0.012729708 -0.012940219 0.005145143 0.999821961
1341846390.370105 -0.058660943 0.077116214 0.157914713 -0.012299002 -0.013970767 0.010178178 0.999774933
1341846390.438106 -0.041355748 0.079882689 0.175856188 -0.017010767 -0.021050856 0.007137377 0.999608159
1341846390.505984 -0.042445254 0.083092079 0.193584248 -0.021539485 -0.028658440 0.011029791 0.999296308
1341846390.538495 -0.024260286 0.085103676 0.198251829 -0.022299061 -0.032129057 0.006606305 0.999213099
1341846390.606055 -0.020918451 0.087103650 0.216321036 -0.025137536 -0.034628037 0.014381463 0.998980582
1341846390.638031 -0.010493099 0.087313145 0.216743097 -0.024736410 -0.037465263 0.015732508 0.998867810
1341846390.673954 0.000043574 0.095407873 0.219224289 -0.023812275 -0.035210710 0.012635925 0.999016285
1341846390.705937 -0.001451041 0.098891094 0.225292370 -0.027009750 -0.033791743 0.012485976 0.998985827
1341846390.737965 0.003466528 0.092511572 0.242348894 -0.029895891 -0.035205591 0.011369833 0.998868167
1341846390.774135 0.013847777 0.094619609 0.243658006 -0.027662331 -0.033632111 0.010343428 0.998997808
1341846390.806067 0.015596408 0.104812138 0.252397567 -0.026628176 -0.029110873 0.011314064 0.999157369
1341846390.838026 0.013904688 0.106892101 0.261820227 -0.028346360 -0.027899809 0.013562392 0.999116659
1341846390.874116 0.026775114 0.104818515 0.264130682 -0.030253455 -0.029444037 0.016006963 0.998980284
1341846390.906067 0.025289206 0.105633229 0.262164921 -0.032082539 -0.027269278 0.019325681 0.998926222
1341846390.942137 0.023943488 0.110516295 0.272290617 -0.033508308 -0.026369447 0.022390161 0.998839557
1341846390.974052 0.029256806 0.103742346 0.275767028 -0.033228394 -0.028346533 0.027291982 0.998672843
1341846391.006164 0.035220351 0.109208591 0.273689687 -0.031637218 -0.030916816 0.029721875 0.998578906
1341846391.042303 0.038937047 0.099341296 0.272207052 -0.035823099 -0.031872489 0.028155774 0.998452842
1341846391.074134 0.040774442 0.104502022 0.280037910 -0.034307595 -0.033177827 0.023781952 0.998577297
1341846391.106097 0.038062658 0.107742570 0.275969774 -0.033476956 -0.034776811 0.024103368 0.998543382
1341846391.142154 0.041655298 0.102286503 0.276260316 -0.034994818 -0.037409745 0.026966056 0.998322964
1341846391.174124 0.043095823 0.105266117 0.274290681 -0.033924837 -0.037813708 0.026707141 0.998351634
1341846391.209961 0.042158328 0.107831225 0.273456275 -0.033296451 -0.037083041 0.027610885 0.998375595
1341846391.241977 0.041707903 0.096071139 0.277579010 -0.034558687 -0.038882632 0.031460013 0.998150349
1341846391.273984 0.041658163 0.101719268 0.271111786 -0.031749185 -0.040252581 0.029716764 0.998242736
1341846391.309946 0.044794515 0.100411519 0.272303581 -0.031093702 -0.039739404 0.027867598 0.998337269
1341846391.342018 0.036301065 0.099623375 0.271027684 -0.031104017 -0.039877545 0.026828555 0.998359919
1341846391.378060 0.038739562 0.098705016 0.267532617 -0.030898862 -0.043706909 0.025071863 0.998251617
1341846391.410037 0.040654670 0.102535464 0.267905831 -0.030259257 -0.044098757 0.021397464 0.998339534
1341846391.442052 0.042370837 0.094415039 0.270377666 -0.030510558 -0.043505259 0.023373500 0.998313606
1341846391.478040 0.039261755 0.093451679 0.265772551 -0.029070172 -0.044860244 0.028735811 0.998156667
1341846391.510072 0.042318441 0.100874178 0.260715753 -0.028115783 -0.047379810 0.030673673 0.998009920
1341846391.542159 0.042048309 0.099830665 0.258970469 -0.029053502 -0.046526078 0.030221066 0.998037040
1341846391.578010 0.038583070 0.098279320 0.256065756 -0.029004654 -0.045417991 0.031048041 0.998064101
1341846391.610169 0.040008809 0.094371870 0.260264486 -0.028665140 -0.047184575 0.033298999 0.997919381
1341846391.645942 0.039080687 0.090935163 0.256798416 -0.027853709 -0.049016174 0.034116678 0.997826457
1341846391.677959 0.037826549 0.093046673 0.256751150 -0.026157763 -0.048704553 0.032522354 0.997940838
1341846391.710022 0.034561545 0.087353118 0.255740732 -0.025382038 -0.049038038 0.034627650 0.997873724
1341846391.745846 0.030949477 0.085415505 0.257287383 -0.023070002 -0.050944321 0.034126673 0.997851610
1341846391.778020 0.032679971 0.084901415 0.252544612 -0.021154262 -0.051175687 0.031973485 0.997953534
1341846391.810026 0.030745538 0.079682685 0.256099254 -0.019802010 -0.050644156 0.032277931 0.997998595
1341846391.846013 0.035183948 0.073809475 0.247716337 -0.018629586 -0.052183736 0.034593601 0.997864246
1341846391.877984 0.035779953 0.073988073 0.245227203 -0.015620872 -0.052047659 0.035495844 0.997891307
1341846391.914033 0.031148370 0.072989807 0.240162432 -0.014201514 -0.050827358 0.036793679 0.997928381
1341846391.945996 0.031057639 0.074120767 0.237171710 -0.012573324 -0.051402103 0.036494132 0.997931838
1341846391.978037 0.031103393 0.074416645 0.238804564 -0.012192260 -0.051327776 0.033978797 0.998029172
1341846392.014187 0.033573136 0.071969531 0.244943812 -0.011848313 -0.051189162 0.033323698 0.998062551
1341846392.046054 0.035062768 0.070472687 0.241549805 -0.010803654 -0.051894818 0.034723833 0.997990191
1341846392.078061 0.031645656 0.074808776 0.240715921 -0.009750824 -0.051814523 0.034630336 0.998008490
1341846392.114010 0.033859659 0.074509442 0.240989491 -0.010215774 -0.052294977 0.034140103 0.997995675
1341846392.145989 0.033696409 0.076278180 0.241202474 -0.009532595 -0.051910017 0.031833675 0.998098731
1341846392.181959 0.028375464 0.078115426 0.237231046 -0.010754373 -0.053404007 0.033039607 0.997968316
1341846392.213917 0.035755586 0.076105572 0.244494051 -0.012126494 -0.056678783 0.030396413 0.997855961
1341846392.246105 0.039610982 0.079678737 0.235392645 -0.010216943 -0.054751795 0.024913711 0.998136818
1341846392.282032 0.037407186 0.074875623 0.239037350 -0.011161597 -0.053917307 0.025592605 0.998154998
1341846392.314025 0.039254498 0.073172338 0.242445603 -0.010056082 -0.056595236 0.028435538 0.997941494
1341846392.349981 0.046458837 0.079374418 0.243267372 -0.006840640 -0.056850601 0.027970893 0.997967362
1341846392.382103 0.044869509 0.077362500 0.240450308 -0.006706998 -0.054807145 0.028755518 0.998060286
1341846392.414056 0.043162618 0.075910680 0.237131178 -0.006633458 -0.055292528 0.031013807 0.997966349
1341846392.450136 0.047806747 0.071770519 0.234502614 -0.005790439 -0.056261402 0.035379838 0.997772217
1341846392.482091 0.048818927 0.068631113 0.231301993 -0.003770163 -0.056558363 0.036862925 0.997711420
1341846392.514096 0.048292749 0.072680779 0.227249503 -0.002055851 -0.056021564 0.035285231 0.997803748
1341846392.550030 0.046694737 0.066761069 0.228652284 -0.002957548 -0.056370754 0.036286183 0.997745931
1341846392.582053 0.053528689 0.062824525 0.225204945 -0.001802740 -0.058767192 0.040019669 0.997467577
1341846392.617983 0.050191399 0.064254761 0.227705389 0.000253630 -0.058417030 0.040366791 0.997475743
1341846392.649909 0.052834548 0.062897511 0.228098199 0.001367509 -0.058273833 0.037780017 0.997584581
1341846392.682128 0.053146392 0.060001370 0.227286786 0.001758669 -0.058731996 0.037284926 0.997575700
1341846392.718019 0.053073149 0.054730933 0.234949008 0.002978585 -0.060965531 0.039569326 0.997350812
1341846392.749829 0.054964747 0.056057829 0.233769387 0.005152877 -0.062593542 0.039179362 0.997256458
1341846392.782107 0.055105276 0.056123655 0.232571915 0.005734975 -0.062262863 0.038262028 0.997309625
1341846392.818251 0.054066587 0.053704370 0.233962536 0.005850196 -0.061698653 0.039489582 0.997296154
1341846392.852165 0.056017626 0.052450780 0.232747182 0.007656567 -0.062539637 0.040038627 0.997209668
1341846392.885913 0.059528131 0.052798837 0.225389183 0.008753290 -0.062372476 0.038307093 0.997279108
1341846392.917882 0.059521575 0.050905943 0.225874245 0.010094382 -0.060814131 0.038218733 0.997366071
1341846392.950023 0.060758285 0.047805592 0.226913199 0.011616354 -0.060693461 0.039428260 0.997309744
