1341846361.788774 0.000000000 0.000000000 0.000000000 0.000000000 0.000000000 0.000000000 1.000000000
1341846361.824112 -0.013362750 0.000654402 0.008773412 -0.002277780 0.003777715 -0.004839414 0.999978542
1341846361.856016 -0.023414738 0.022524405 0.019080848 -0.005877910 0.004784246 -0.007642325 0.999942064
1341846361.887871 -0.036054146 -0.009644670 0.014890468 -0.017609250 0.007950848 -0.012882127 0.999730349
1341846361.923930 -0.055312231 -0.027986035 0.024430752 -0.019685386 0.012446989 -0.010512315 0.999673486
1341846361.955927 -0.068810858 -0.026952278 0.021125143 -0.013605166 0.011292672 -0.002769751 0.999839842
1341846361.991999 -0.086613759 -0.029673774 0.024438906 -0.009876339 0.007733495 -0.000220091 0.999921262
1341846362.023994 -0.083831713 -0.029181290 0.027056407 -0.005843489 0.004429926 0.000751333 0.999972820
1341846362.056118 -0.090120390 -0.016831709 0.025235213 -0.002626882 0.004927999 0.002592698 0.999981046
1341846362.091992 -0.106059223 -0.017428271 0.025606850 -0.003980062 0.005618742 0.002709951 0.999972641
1341846362.123929 -0.111899845 -0.029080974 0.037809812 -0.005232507 0.004264505 0.004144580 0.999968588
1341846362.156058 -0.118933871 -0.033285931 0.037294418 -0.001971411 0.004156924 0.006737221 0.999966741
1341846362.191987 -0.137369499 -0.029293625 0.044150662 0.001384466 0.004942678 0.008582159 0.999949992
1341846362.224138 -0.139827669 -0.038682655 0.049569886 0.004140910 0.002825260 0.013825156 0.999891877
1341846362.260011 -0.140452847 -0.029726634 0.046968125 0.010269458 0.004149813 0.012315970 0.999862790
1341846362.291979 -0.151780024 -0.031107090 0.048883934 0.012619810 0.008464525 0.012535920 0.999805927
1341846362.323947 -0.163904622 -0.032122333 0.053501267 0.014886671 0.011770720 0.010510764 0.999764681
1341846362.359889 -0.168351635 -0.028134821 0.056089438 0.017566482 0.014666063 0.009563782 0.999692380
1341846362.392021 -0.186359167 -0.033919342 0.051973704 0.017720411 0.021146527 0.009113657 0.999577761
1341846362.423868 -0.200566217 -0.037282605 0.060630769 0.018649744 0.023983918 0.009796642 0.999490380
1341846362.459968 -0.211113766 -0.039809771 0.066259779 0.021726219 0.025165504 0.011031851 0.999386311
1341846362.491924 -0.222384036 -0.036756378 0.072291687 0.023927180 0.024783576 0.014150402 0.999306321
1341846362.523976 -0.228967458 -0.038041521 0.074754402 0.025274152 0.024550395 0.015949132 0.999251783
1341846362.559933 -0.238807678 -0.039902631 0.077449575 0.027275238 0.025818206 0.017127134 0.999147713
1341846362.592338 -0.251566887 -0.037345991 0.076091900 0.028890505 0.026500963 0.017179769 0.999083519
1341846362.628177 -0.259435475 -0.036519751 0.080045991 0.028584111 0.025595449 0.017451493 0.999111235
1341846362.660128 -0.271379858 -0.038340542 0.075115412 0.027694244 0.026512565 0.016108366 0.999134958
1341846362.691901 -0.283154666 -0.033142079 0.075939782 0.026983161 0.024613794 0.015626531 0.999210596
1341846362.727993 -0.296273291 -0.036056697 0.074126713 0.025205420 0.021797232 0.014368492 0.999341369
1341846362.759942 -0.303405136 -0.040150195 0.076460361 0.024482667 0.019449065 0.012359188 0.999434650
1341846362.792002 -0.319451511 -0.038906951 0.059684638 0.024247907 0.018392589 0.009674191 0.999489963
1341846362.827965 -0.328673989 -0.041606609 0.066516303 0.022670563 0.016319925 0.007326467 0.999582887
1341846362.859959 -0.337737679 -0.042980026 0.063412391 0.022259347 0.015516400 0.003961495 0.999623954
1341846362.891861 -0.346787959 -0.042794906 0.066033304 0.022725683 0.015391122 0.003695981 0.999616444
1341846362.928098 -0.357216805 -0.048236050 0.067570411 0.022294596 0.013764200 0.004058728 0.999648452
1341846362.959894 -0.360123962 -0.055944368 0.068445705 0.024458056 0.012377449 0.006588539 0.999602497
1341846362.995909 -0.369817466 -0.054161314 0.070438117 0.028214276 0.011093816 0.010026304 0.999490023
1341846363.028072 -0.378991067 -0.058396481 0.065189794 0.030148223 0.009137424 0.011843675 0.999433517
1341846363.059896 -0.376492739 -0.065438978 0.070230365 0.034126103 0.008701943 0.011529962 0.999313116
1341846363.096102 -0.388645798 -0.051304817 0.064752460 0.038748585 0.012084735 0.006963391 0.999151647
1341846363.127992 -0.396047592 -0.051782440 0.067377031 0.037990488 0.013397566 0.004136520 0.999179721
1341846363.159870 -0.398896098 -0.055119123 0.067048497 0.039109308 0.016420733 0.000750313 0.999099731
1341846363.195966 -0.411475986 -0.058598630 0.071484298 0.041147210 0.020591995 0.003555916 0.998934567
1341846363.227902 -0.423627973 -0.064638413 0.078037955 0.042527743 0.018984858 0.007338035 0.998887956
1341846363.259977 -0.422138274 -0.061708115 0.085405521 0.045945119 0.016913319 0.011445002 0.998735189
1341846363.296031 -0.428622991 -0.057668980 0.085925549 0.050092742 0.019449081 0.014164425 0.998454690
1341846363.328065 -0.444526345 -0.054528728 0.081005506 0.050868802 0.020266687 0.016841970 0.998357594
1341846363.364023 -0.448492378 -0.057958473 0.091493376 0.049291302 0.016084483 0.019691164 0.998460770
1341846363.395985 -0.458311349 -0.063118875 0.092152223 0.048050679 0.011875437 0.020053267 0.998572946
1341846363.427955 -0.464746267 -0.056217652 0.089854069 0.048042435 0.008597695 0.016372088 0.998674095
1341846363.463979 -0.475674361 -0.056335643 0.087820008 0.046165470 0.006086711 0.016591210 0.998777449
1341846363.495986 -0.483345032 -0.053916425 0.099768959 0.044848848 0.001967445 0.018866438 0.998813689
1341846363.527941 -0.490716040 -0.050122630 0.098883867 0.042850409 -0.001001719 0.020948159 0.998861372
1341846363.564057 -0.498568386 -0.049789112 0.097163416 0.038949095 -0.002972069 0.025021689 0.998923421
1341846363.596025 -0.509222627 -0.058209755 0.106066152 0.034603525 -0.006589610 0.027835483 0.998991668
1341846363.632058 -0.511268497 -0.065214545 0.104309045 0.035274427 -0.014131327 0.031004829 0.998796642
1341846363.663931 -0.509703875 -0.054272223 0.104098260 0.037288278 -0.016704256 0.029444693 0.998730958
1341846363.695998 -0.519627512 -0.048029821 0.107738510 0.036381934 -0.018289825 0.023319354 0.998898447
1341846363.732007 -0.525466144 -0.060731933 0.104968257 0.033186652 -0.022896342 0.016679656 0.999047637
1341846363.794060 -0.521723688 -0.058041718 0.107061155 0.036715865 -0.036539219 0.020732382 0.998442292
1341846363.826406 -0.510354638 -0.050298564 0.106307574 0.038270772 -0.039702710 0.019172810 0.998294234
1341846363.861897 -0.504148722 -0.049092688 0.103585765 0.039473671 -0.039519925 0.017741581 0.998281121
1341846363.893984 -0.500947058 -0.041937273 0.100508414 0.040030688 -0.039010372 0.016712710 0.998296738
1341846363.926076 -0.491408497 -0.041303828 0.100234471 0.037923548 -0.039516807 0.016977441 0.998354614
1341846363.962090 -0.478843212 -0.041850880 0.100232191 0.036045901 -0.038438186 0.018765021 0.998434305
1341846363.994287 -0.473033011 -0.049150340 0.096132554 0.034295715 -0.037730787 0.021970998 0.998457551
1341846364.025993 -0.463120669 -0.044550657 0.108698331 0.034294240 -0.037584934 0.021846868 0.998465836
1341846364.061809 -0.453019649 -0.042546481 0.107225902 0.033090200 -0.035212174 0.020613505 0.998619139
1341846364.094209 -0.438559562 -0.057676043 0.092620023 0.031896207 -0.033563986 0.022574216 0.998672366
1341846364.130022 -0.429784387 -0.060252242 0.096400544 0.033385180 -0.033393834 0.022853343 0.998623013
1341846364.162231 -0.419040531 -0.073265240 0.097165510 0.035828799 -0.035188165 0.021431141 0.998508275
1341846364.194049 -0.403922677 -0.068809696 0.084441438 0.041192554 -0.037017860 0.018252794 0.998298407
1341846364.230023 -0.388225853 -0.070042871 0.081812397 0.043845557 -0.038645659 0.016802371 0.998149157
1341846364.262044 -0.370807081 -0.071665242 0.094446816 0.048015043 -0.039408784 0.013799822 0.997973502
1341846364.294059 -0.357053906 -0.062637523 0.090330288 0.052274950 -0.035323404 0.009306948 0.997964382
1341846364.330003 -0.341420054 -0.062275033 0.091252401 0.051957913 -0.032330018 0.007888532 0.998094618
1341846364.362052 -0.325596690 -0.067519970 0.091691770 0.050955467 -0.029663082 0.006956123 0.998236060
1341846364.397902 -0.308770061 -0.071098380 0.085908651 0.051578388 -0.023495929 0.005067248 0.998379648
1341846364.430108 -0.302123129 -0.066027410 0.093012698 0.052236181 -0.018796140 0.004204980 0.998448968
1341846364.462063 -0.283811867 -0.063908912 0.091757350 0.051875386 -0.015858158 0.002169337 0.998525262
1341846364.498091 -0.275314003 -0.068801120 0.092177063 0.051494025 -0.011309494 0.000093517 0.998609245
1341846364.530058 -0.261148810 -0.067475699 0.086429305 0.050850168 -0.008082393 -0.001863666 0.998671830
1341846364.561952 -0.248807028 -0.064350940 0.088641085 0.051671043 -0.004816999 -0.006774495 0.998629570
1341846364.597928 -0.238972545 -0.061907280 0.091247000 0.050450705 -0.001169877 -0.009527754 0.998680413
1341846364.629950 -0.231996417 -0.070846550 0.099881046 0.049006280 0.000689291 -0.008557299 0.998761594
1341846364.665991 -0.224658966 -0.071009211 0.085064918 0.050432950 0.000625189 -0.007404406 0.998699784
1341846364.698004 -0.211713627 -0.071099631 0.082270995 0.050171461 -0.001788134 -0.005832816 0.998721957
1341846364.730097 -0.199108273 -0.072701901 0.078737043 0.050504293 -0.002744275 -0.004632954 0.998709321
1341846364.766057 -0.192140073 -0.069998398 0.073524177 0.052199967 -0.001491208 -0.003846998 0.998628139
1341846364.798632 -0.179313675 -0.064074822 0.056740768 0.051908389 -0.002169239 -0.003914473 0.998641789
1341846364.833901 -0.162794292 -0.068545192 0.058180965 0.050730541 -0.000794485 -0.006013197 0.998693943
1341846364.865923 -0.150836959 -0.073985241 0.048404504 0.050824311 0.002462002 -0.008337832 0.998669803
1341846364.897970 -0.144819662 -0.073128417 0.051751327 0.050357111 0.000924828 -0.005221621 0.998717189
1341846364.934019 -0.126280665 -0.075713895 0.041559141 0.050110802 -0.001994539 -0.003312027 0.998736143
1341846364.966047 -0.112684794 -0.066788338 0.043526858 0.051663503 0.000035212 -0.005414359 0.998649836
1341846364.998055 -0.101984806 -0.064679548 0.023759540 0.048097029 0.001920089 -0.006109280 0.998822153
1341846365.034125 -0.095071226 -0.059868187 0.021283930 0.042936787 0.000095030 -0.004236481 0.999068797
1341846365.066106 -0.081961811 -0.064291313 0.034879621 0.038734633 -0.002070495 -0.006858465 0.999223828
1341846365.101953 -0.059574645 -0.066558756 0.019286545 0.037210010 0.000124714 -0.014028094 0.999208987
1341846365.133922 -0.057036962 -0.063221030 0.039708715 0.035295729 0.006522543 -0.022723299 0.999097228
1341846365.165953 -0.046497624 -0.067029186 0.043090992 0.032052841 0.008981839 -0.024185410 0.999153137
1341846365.201856 -0.029997962 -0.075922124 0.044859860 0.031238601 0.011101650 -0.027551619 0.999070466
1341846365.234093 -0.004012661 -0.083190262 0.049507998 0.031551637 0.015179829 -0.023484664 0.999110878
1341846365.266094 -0.002384388 -0.087212339 0.051287457 0.035461176 0.021301901 -0.021560876 0.998911321
1341846365.302078 0.004927918 -0.081993259 0.059335746 0.042219162 0.025435569 -0.016532209 0.998647690
1341846365.334027 0.028964389 -0.082495280 0.050217718 0.046515185 0.028404273 -0.013649686 0.998420358
1341846365.369945 0.045364980 -0.081696503 0.052003618 0.049192891 0.034315236 -0.011765730 0.998130262
1341846365.401963 0.046331987 -0.075997174 0.066121988 0.051155474 0.040075313 -0.010536484 0.997830689
1341846365.434082 0.069579184 -0.074311510 0.043017048 0.050941784 0.042436864 -0.011750841 0.997730374
1341846365.469939 0.093730994 -0.054781206 0.040258147 0.048268184 0.048285823 -0.014929136 0.997554898
1341846365.502100 0.086708963 -0.063552380 0.084711507 0.040630810 0.054407947 -0.014586105 0.997585177
1341846365.533844 0.091360167 -0.075865313 0.085977383 0.037542436 0.053832386 -0.009974490 0.997794151
1341846365.569876 0.104754567 -0.082646355 0.034913383 0.038144246 0.052605301 -0.006554509 0.997865081
1341846365.601930 0.118109792 -0.075222470 0.039039668 0.037840255 0.050825436 -0.001967170 0.997988462
1341846365.637899 0.135530278 -0.080481693 0.037694000 0.035821002 0.050215397 0.002026456 0.998093724
1341846365.669890 0.140151009 -0.072419345 0.034135729 0.036339425 0.051232081 0.002962376 0.998021007
1341846365.701977 0.151768357 -0.069706112 0.036192998 0.033494063 0.050494213 0.002825489 0.998158514
1341846365.738098 0.164388791 -0.080581740 0.037250340 0.032248557 0.052711938 0.001723025 0.998087406
1341846365.770026 0.165486157 -0.081664219 0.045875430 0.034766354 0.055502690 0.001686491 0.997851610
1341846365.805834 0.170551121 -0.079829097 0.048690140 0.037365589 0.053637367 0.005071143 0.997848213
1341846365.837937 0.184228733 -0.082372546 0.028013634 0.038323689 0.050592497 0.006834102 0.997960389
1341846365.869952 0.198039651 -0.079059273 0.023412572 0.040283132 0.050249930 0.006117951 0.997905195
1341846365.906411 0.207190141 -0.069700964 0.018145975 0.039950248 0.049125932 0.005289769 0.997979283
1341846365.938000 0.214851499 -0.075499102 0.027531901 0.036820784 0.048406493 0.008686778 0.998111010
1341846365.970022 0.217403501 -0.082615502 0.033546671 0.038406059 0.048355155 0.012809631 0.998009324
1341846366.006126 0.231839478 -0.075767450 0.029097112 0.040936049 0.047188118 0.017836010 0.997887433
1341846366.043876 0.240907431 -0.073775627 0.029946914 0.040672481 0.047710240 0.021918431 0.997792065
1341846366.076490 0.249878809 -0.067664534 0.024932100 0.039882354 0.049446240 0.024594158 0.997677028
1341846366.111888 0.280292213 -0.053526010 -0.012891295 0.035850808 0.051502213 0.028772473 0.997614324
1341846366.143907 0.288371831 -0.053053185 -0.000630743 0.031121992 0.056707382 0.030503687 0.997439325
1341846366.176044 0.292699665 -0.054758623 0.000149356 0.027058156 0.059155639 0.035026643 0.997267067
1341846366.212022 0.296068996 -0.059080400 0.005341871 0.024764549 0.059589241 0.039473101 0.997134745
1341846366.243981 0.313822269 -0.055178721 -0.004106817 0.023740361 0.060052931 0.042171597 0.997021377
1341846366.280032 0.310914814 -0.045001607 0.006341418 0.021714495 0.062548056 0.042042747 0.996919572
1341846366.344115 0.323390096 -0.049353279 0.014531501 0.012727892 0.062401500 0.042384077 0.997069538
1341846366.406057 0.336381525 -0.053208835 0.016294502 0.011016173 0.063653983 0.045677919 0.996865213
1341846366.442042 0.343951285 -0.045906812 0.017866859 0.012527672 0.063589163 0.045904797 0.996841133
1341846366.506117 0.357667148 -0.043320790 0.019500382 0.013037016 0.065329187 0.048952617 0.996577024
1341846366.542004 0.364086568 -0.037095413 0.015298556 0.013720077 0.064667866 0.047885586 0.996662855
1341846366.573848 0.373192400 -0.032313854 0.012489709 0.012607687 0.066311918 0.047579717 0.996584117
1341846366.610058 0.372572601 -0.034974080 0.006475427 0.010714861 0.067626119 0.047671195 0.996513605
1341846366.642206 0.385469556 -0.032362770 0.006020062 0.009500765 0.067208722 0.048469841 0.996515632
1341846366.674164 0.386838615 -0.029647863 0.007058596 0.008601763 0.069840759 0.048551347 0.996338844
1341846366.710207 0.387488008 -0.023339523 0.005566849 0.006351962 0.070268445 0.050008707 0.996253550
1341846366.741976 0.396054775 -0.024881296 0.001971153 0.003101147 0.070420198 0.048875120 0.996314526
1341846366.773916 0.413885713 -0.022212831 0.004383042 0.002257108 0.072252318 0.049264029 0.996166468
1341846366.810122 0.409156561 -0.020991875 0.005462402 0.002185486 0.074748844 0.052624479 0.995810509
1341846366.841893 0.412369162 -0.023422498 0.003390008 0.002302946 0.073616877 0.054201260 0.995809972
1341846366.878062 0.421682477 -0.019266164 0.004517130 0.004244397 0.073507108 0.053544424 0.995847225
1341846366.909933 0.426582187 -0.013862687 0.001466549 0.005580219 0.075053066 0.054663111 0.995664537
1341846366.941941 0.424845785 -0.008961986 -0.001346094 0.004808126 0.076096036 0.055829521 0.995524645
1341846366.977906 0.442877084 -0.008457487 -0.005838089 0.003880136 0.076223686 0.054659985 0.995583832
1341846367.009852 0.450121105 0.000691293 -0.006026091 0.004750065 0.080387756 0.056593023 0.995144427
1341846367.045944 0.456431031 -0.002396676 -0.008165795 0.004540849 0.084001839 0.057781909 0.994778514
1341846367.077914 0.463885874 -0.000110217 -0.012884223 0.006601385 0.089869507 0.055973552 0.994357526
1341846367.110077 0.472766697 0.005834523 -0.015917707 0.007959627 0.094977021 0.057093687 0.993808985
1341846367.145997 0.475236028 0.002821909 -0.009558287 0.007600820 0.098495513 0.060053725 0.993294716
1341846367.177894 0.482953817 0.000318385 -0.014642267 0.009345569 0.100430138 0.062009312 0.992965937
1341846367.209903 0.489794374 -0.006872095 -0.041799985 0.010670367 0.105089031 0.062833481 0.992418408
1341846367.245970 0.492802560 0.001351598 -0.042824812 0.009650056 0.109704301 0.067476295 0.991624296
1341846367.277966 0.494032711 -0.005544578 -0.030018682 0.007601230 0.112380855 0.069367439 0.991211832
1341846367.314058 0.500136077 -0.003494098 -0.041164398 0.009681033 0.114417978 0.070464946 0.990883172
1341846367.346333 0.511219323 0.008574802 -0.047585182 0.010712536 0.118075371 0.071826197 0.990345597
1341846367.378615 0.504980385 0.006739235 -0.040404633 0.008001788 0.121450931 0.074455246 0.989768684
1341846367.413946 0.514980316 0.005358579 -0.041079633 0.006453279 0.120930344 0.076419257 0.989694059
1341846367.446060 0.524512649 0.012833443 -0.048743263 0.006242778 0.122680359 0.076934896 0.989440024
1341846367.478095 0.525513828 0.009887977 -0.037954230 0.003726019 0.126150981 0.080201760 0.988756657
1341846367.514115 0.535212040 0.006977012 -0.032378186 0.004161073 0.124399930 0.085752569 0.988510907
1341846367.546096 0.535857201 0.005662570 -0.036735747 0.007409527 0.124873936 0.087383740 0.988289237
1341846367.581982 0.541398823 0.018946443 -0.044902567 0.010066199 0.124988712 0.088876747 0.988118112
1341846367.613951 0.544515133 0.023483008 -0.047182105 0.007764332 0.124075614 0.093443058 0.987832665
1341846367.645894 0.558389843 0.020323275 -0.054157492 0.006520976 0.122457154 0.091382310 0.988236308
1341846367.682223 0.558059871 0.017533781 -0.056735363 0.006325020 0.126219302 0.091264255 0.987775028
1341846367.714019 0.564232528 0.016832080 -0.057788454 0.007241353 0.127127215 0.093496829 0.987443447
1341846367.745904 0.565914035 0.018070551 -0.058866434 0.008266746 0.128468469 0.094281577 0.987187147
1341846367.781973 0.572677255 0.020702742 -0.061435163 0.009651016 0.129609197 0.094668619 0.986988425
1341846367.813986 0.574017465 0.020811882 -0.066453740 0.009008791 0.131504893 0.095342852 0.986678779
1341846367.850189 0.573407650 0.019784253 -0.066905893 0.008742295 0.134406403 0.093532428 0.986463487
1341846367.881960 0.567294598 0.025369402 -0.068030827 0.008214987 0.136460558 0.093371168 0.986201227
1341846367.914064 0.575103521 0.032657526 -0.070120670 0.005696556 0.135021552 0.095584393 0.986205041
1341846367.950095 0.577903032 0.020357130 -0.066113494 0.002760697 0.136235446 0.095118813 0.986095667
1341846367.981916 0.577946782 0.020219522 -0.067266621 0.004318124 0.139011636 0.093139656 0.985891521
1341846368.017965 0.572370648 0.023521150 -0.065741628 0.003806951 0.140417129 0.095491588 0.985469401
1341846368.050897 0.565603852 0.022216830 -0.061743729 0.003312152 0.139549896 0.095562316 0.985587537
1341846368.082322 0.564658761 0.021033192 -0.061091218 0.003309546 0.139911771 0.093037911 0.985777736
1341846368.118029 0.567323744 0.027596161 -0.059809349 0.003729892 0.138919115 0.094980501 0.985731363
1341846368.150026 0.560661495 0.023896605 -0.054362379 0.002313210 0.137902588 0.096454166 0.985735297
1341846368.181952 0.557149708 0.014620498 -0.054290250 0.002986795 0.137312397 0.094570652 0.985998392
1341846368.217882 0.557156384 0.023480399 -0.057501443 0.004963872 0.137058586 0.094443984 0.986037850
1341846368.250223 0.551989436 0.026098207 -0.054825813 0.003021432 0.136923179 0.095500648 0.985962749
1341846368.286003 0.543868184 0.018598408 -0.047430556 0.001108346 0.137849301 0.093960352 0.985985696
1341846368.317994 0.538555801 0.023026763 -0.046138346 0.000984812 0.136360526 0.092784487 0.986304164
1341846368.350010 0.534152806 0.030063115 -0.037561800 -0.001874197 0.133190557 0.093920730 0.986628413
1341846368.385949 0.519737899 0.022471191 -0.035991505 -0.005742476 0.131400719 0.091212235 0.987107515
1341846368.417845 0.520764232 0.017191181 -0.036496580 -0.007211505 0.128122151 0.087952808 0.987824380
1341846368.450062 0.515359342 0.019524684 -0.027703712 -0.008834724 0.125904158 0.088555336 0.988042533
1341846368.485968 0.504554272 0.011989126 -0.023554532 -0.010837623 0.122685172 0.087957650 0.988480866
1341846368.517939 0.504780233 0.004384744 -0.020606678 -0.010828093 0.119203784 0.086197034 0.989061832
1341846368.554171 0.498853743 0.007796656 -0.021444298 -0.008925916 0.117167927 0.086072743 0.989334881
1341846368.618123 0.485990793 0.007422072 -0.020043187 -0.010294325 0.111193687 0.080272101 0.990498066
1341846368.654302 0.482508212 0.001672083 -0.011167543 -0.011121137 0.110050365 0.077211000 0.990860105
1341846368.685914 0.471415728 -0.004385233 -0.004994902 -0.010325371 0.108273439 0.075454280 0.991199732
1341846368.717980 0.465338916 -0.005218233 -0.007325763 -0.009000610 0.105546862 0.072671615 0.991714537
1341846368.786190 0.454939544 -0.012757565 -0.009846735 -0.005652845 0.103809632 0.072193876 0.991957486
1341846368.821968 0.453049719 -0.009412228 -0.013394555 -0.003924625 0.100268662 0.070993423 0.992416620
1341846368.853991 0.450147659 -0.003998326 -0.014771834 -0.003989270 0.100364842 0.066576950 0.992712677
1341846368.885978 0.438457936 -0.013641136 -0.005893475 -0.005247938 0.101651192 0.063374512 0.992785573
1341846368.923221 0.426996142 -0.022860888 -0.001937632 -0.003882662 0.100696743 0.062937059 0.992916942
1341846368.953942 0.420281053 -0.020457663 -0.008548016 -0.000921505 0.098674081 0.060804199 0.993260026
1341846368.986016 0.415266782 -0.015948752 -0.005168843 0.000691025 0.096612871 0.059835825 0.993521631
1341846369.021938 0.409655392 -0.015443373 -0.000535859 0.001060392 0.095633678 0.058724400 0.993682325
1341846369.053927 0.403112918 -0.019168928 -0.003476457 0.001170891 0.096134476 0.053604033 0.993923247
1341846369.090047 0.398949265 -0.021675592 -0.000240239 0.001667492 0.097024783 0.050304335 0.994008482
1341846369.121845 0.387675941 -0.031874411 0.005081853 0.002833325 0.097046070 0.051078152 0.993964314
1341846369.154351 0.380305886 -0.035949979 -0.001874895 0.006739586 0.095510349 0.052175667 0.994037271
1341846369.189885 0.377268344 -0.026621517 -0.007411076 0.010959690 0.094848141 0.049601305 0.994194865
1341846369.222188 0.372763127 -0.025363009 -0.004837896 0.009890123 0.096265264 0.047487851 0.994173110
1341846369.257947 0.361160189 -0.035776224 0.001608221 0.009168427 0.098042004 0.045551110 0.994096994
1341846369.289994 0.352869719 -0.041793715 0.001096499 0.011147934 0.097974844 0.045698725 0.994076610
1341846369.322196 0.348882586 -0.037021533 -0.003126526 0.014285075 0.097845331 0.047206879 0.993978739
1341846369.357830 0.345361710 -0.035428278 -0.002251085 0.014624087 0.098913483 0.046498463 0.993901491
1341846369.390267 0.333408952 -0.037116766 0.001445179 0.014645099 0.100323893 0.044683542 0.993843079
1341846369.422057 0.326992810 -0.038686659 -0.003501731 0.014750994 0.100459710 0.043997049 0.993858397
1341846369.457950 0.313600391 -0.042588662 0.007044693 0.015108196 0.101120487 0.044013243 0.993785322
1341846369.490144 0.294932336 -0.047887929 0.004520685 0.016771462 0.100163721 0.044325583 0.993841648
1341846369.526405 0.289113313 -0.039541401 0.003852834 0.018899906 0.097242840 0.045202918 0.994054019
1341846369.557969 0.280891329 -0.043727271 -0.008992608 0.018637784 0.094753243 0.043616157 0.994370222
1341846369.590093 0.269003421 -0.046592545 -0.004528134 0.020002989 0.091505721 0.044735327 0.994598091
1341846369.625895 0.261549532 -0.041171424 -0.004547804 0.022007197 0.088781796 0.045829020 0.994752824
1341846369.657961 0.256014466 -0.039608728 0.001121272 0.021650311 0.086756378 0.045720451 0.994944334
1341846369.690135 0.242708743 -0.046023943 -0.004063274 0.021453662 0.085417666 0.047034357 0.995003223
1341846369.726074 0.227420345 -0.043825313 -0.003463228 0.023954041 0.082346484 0.049121015 0.995104194
1341846369.757962 0.218787447 -0.040911466 -0.002657362 0.025359096 0.079084143 0.050521288 0.995263875
1341846369.793964 0.207386464 -0.037747514 -0.000210439 0.025793239 0.077356897 0.050742846 0.995377183
1341846369.826161 0.194031477 -0.038758025 -0.001252562 0.024901761 0.074836001 0.051311433 0.995563447
1341846369.858015 0.184411317 -0.042211663 -0.003246525 0.024717920 0.071249142 0.051235776 0.995835066
1341846369.893954 0.177626073 -0.039347157 0.000794646 0.025109502 0.068494953 0.052324306 0.995961905
1341846369.926051 0.162797287 -0.041100182 0.001882638 0.024196753 0.066797838 0.051096912 0.996163487
1341846369.958062 0.147762209 -0.042577680 -0.001823587 0.023943819 0.062399030 0.049659062 0.996527493
1341846369.994037 0.144781142 -0.041793611 0.005768392 0.023837630 0.057976678 0.048197854 0.996868789
1341846370.026058 0.130113885 -0.044145893 0.003316532 0.024482096 0.056872215 0.048214670 0.996915996
1341846370.062000 0.113077134 -0.040630069 -0.003248259 0.025015129 0.052607264 0.050099384 0.997044027
1341846370.094135 0.111862600 -0.035352141 0.013921648 0.023832053 0.047964726 0.050388314 0.997292578
1341846370.126153 0.112034202 -0.041007861 0.013428934 0.023147091 0.046957254 0.049646456 0.997393847
1341846370.162082 0.100904174 -0.039379649 0.012948720 0.024310246 0.047582876 0.051369593 0.997249246
1341846370.194044 0.093193188 -0.043189168 0.014770998 0.023478601 0.045820426 0.054149415 0.997204602
1341846370.230152 0.086562261 -0.044558130 0.013462225 0.025232881 0.045395136 0.055321325 0.997116923
1341846370.262175 0.082539909 -0.039123688 0.014040601 0.027014263 0.046157610 0.053246401 0.997148156
1341846370.294216 0.070988283 -0.040839531 0.017596526 0.027545922 0.047907002 0.049648568 0.997236729
1341846370.329892 0.056904647 -0.040696260 0.017607054 0.027499469 0.046602327 0.045037176 0.997518718
1341846370.361939 0.052865595 -0.044344597 0.020625256 0.027927741 0.044281118 0.041541882 0.997764230
1341846370.394073 0.040574916 -0.044689957 0.018804349 0.029007971 0.041993622 0.041381210 0.997839034
1341846370.429985 0.029361986 -0.036847789 0.015896237 0.029551806 0.036220644 0.040233377 0.998096228
1341846370.462095 0.021628560 -0.029793063 0.017492989 0.027637206 0.030827926 0.039525762 0.998360455
1341846370.498034 0.010389029 -0.026782848 0.054999158 0.025872957 0.027098518 0.037369598 0.998598874
1341846370.530176 0.002520181 -0.025985658 0.050244648 0.022584805 0.024862127 0.037161108 0.998744607
1341846370.561949 -0.000413494 -0.022673374 0.020768482 0.018058756 0.020723537 0.040257882 0.998811126
1341846370.597989 0.001154416 -0.017379196 0.024430318 0.013375170 0.016896781 0.041310016 0.998913944
1341846370.629913 -0.001625313 -0.024424840 0.033431709 0.008369604 0.016921241 0.042035736 0.998937726
1341846370.662062 -0.008523534 -0.030371249 0.023395959 0.006649996 0.016312165 0.042254787 0.998951554
1341846370.697981 -0.012301109 -0.024665598 0.031106176 0.004732107 0.015320365 0.041770052 0.998998582
1341846370.730015 -0.012004266 -0.036018275 0.032792293 0.001315693 0.015176494 0.039290793 0.999111712
1341846370.766182 -0.013136146 -0.042723551 0.022730833 0.001602736 0.018015638 0.036310837 0.999176860
1341846370.797966 -0.017584471 -0.036533099 0.020952938 0.000075491 0.020509306 0.034332830 0.999199986
1341846370.830023 -0.022647293 -0.055397842 0.022094430 -0.004077885 0.021744683 0.032663483 0.999221504
1341846370.866186 -0.015965963 -0.065655425 0.017469686 -0.001724002 0.021478917 0.032754786 0.999231100
1341846370.897994 -0.022507029 -0.060774967 0.015618839 -0.001458611 0.024041696 0.034496456 0.999114513
1341846370.929983 -0.024869941 -0.080945022 0.017340938 -0.004292713 0.024994094 0.036014918 0.999029458
1341846370.971974 -0.019194409 -0.093872599 0.013139240 -0.001103971 0.025515201 0.035891626 0.999029338
1341846371.034127 -0.022099072 -0.109610900 0.007165506 0.004248520 0.031917434 0.037880495 0.998763382
1341846371.066883 -0.020907687 -0.105733946 0.009276996 0.006150970 0.034441181 0.037401948 0.998687685
1341846371.098209 -0.022619046 -0.111591898 0.007697482 0.003906386 0.038533028 0.033861939 0.998675823
1341846371.134068 -0.021571074 -0.120695315 0.002112963 0.001893043 0.041891161 0.032146733 0.998603106
1341846371.165993 -0.023499293 -0.124663763 0.006007156 -0.000694320 0.044516113 0.033233106 0.998455524
1341846371.197951 -0.027258137 -0.135880798 0.004034596 -0.003950212 0.045646392 0.033738304 0.998379946
1341846371.233950 -0.019951347 -0.143390805 0.002470128 -0.004669285 0.045835517 0.034122132 0.998355150
1341846371.266433 -0.017959552 -0.136224285 -0.011056440 -0.006900793 0.048882902 0.034553509 0.998182774
1341846371.302051 -0.015403500 -0.141364262 -0.010133839 -0.013931287 0.051134631 0.035882883 0.997949660
1341846371.334010 -0.011038064 -0.150295660 -0.011921721 -0.020383714 0.054259684 0.033665303 0.997750938
1341846371.366198 -0.010149552 -0.160581440 -0.016621340 -0.025594449 0.059970874 0.031054493 0.997388601
1341846371.402482 -0.018861381 -0.178343251 -0.006960489 -0.029288854 0.063471697 0.032350764 0.997029006
1341846371.434055 -0.021308396 -0.192368224 -0.009423086 -0.028710473 0.062842444 0.034136023 0.997026205
1341846371.469998 -0.016013356 -0.196134508 -0.012860175 -0.025654372 0.062856331 0.032280672 0.997170448
1341846371.501933 -0.020838404 -0.203187793 -0.019207202 -0.023740038 0.065798923 0.029129932 0.997125030
1341846371.534269 -0.026260575 -0.205397815 -0.021721900 -0.023218019 0.066504158 0.029883476 0.997068226
1341846371.570100 -0.023670804 -0.220496267 -0.017598698 -0.024535492 0.063600287 0.027149929 0.997304320
1341846371.602162 -0.018222753 -0.229080126 -0.019851888 -0.022334419 0.062272906 0.023915781 0.997522593
1341846371.634012 -0.024846099 -0.233018786 -0.025574710 -0.020751648 0.064312980 0.022203395 0.997466922
1341846371.669927 -0.038484417 -0.244226560 -0.027266860 -0.021159559 0.063022777 0.020951929 0.997567713
1341846371.702051 -0.029408479 -0.242338628 -0.033572201 -0.020354122 0.060552489 0.019020310 0.997776151
1341846371.737891 -0.032644533 -0.254904658 -0.034908943 -0.021758772 0.063738368 0.014352532 0.997626185
1341846371.769979 -0.037771381 -0.261626929 -0.028868897 -0.021044578 0.063150704 0.014159336 0.997681677
1341846371.802101 -0.041144285 -0.264515191 -0.032086547 -0.020966036 0.060701136 0.016492272 0.997799456
1341846371.837951 -0.035519827 -0.269988090 -0.032845035 -0.021198425 0.058093790 0.017941017 0.997924805
1341846371.870043 -0.023566525 -0.262912899 -0.040616363 -0.021180436 0.056919362 0.020322870 0.997947156
1341846371.902330 -0.026966957 -0.269416451 -0.045168035 -0.026563896 0.059594072 0.019699357 0.997674704
1341846371.938165 -0.028441463 -0.270964950 -0.025599664 -0.030994464 0.061479039 0.017339760 0.997476280
1341846371.969938 -0.017647054 -0.271401495 -0.032541506 -0.034124237 0.064243890 0.015458456 0.997230828
1341846372.005861 -0.022525355 -0.292241305 -0.015309212 -0.038292546 0.069658093 0.014026834 0.996737003
1341846372.038440 -0.025818007 -0.299691707 -0.011502568 -0.035218686 0.069689699 0.014846411 0.996836305
1341846372.070518 -0.017207900 -0.297430307 -0.024405513 -0.032517355 0.067449152 0.013831818 0.997096717
1341846372.111944 -0.018979965 -0.301889271 -0.020071441 -0.031806864 0.069108337 0.010620019 0.997045457
1341846372.143876 -0.015627032 -0.313021064 -0.019491768 -0.029605843 0.068945117 0.008149291 0.997147739
1341846372.179919 -0.023546802 -0.309014738 -0.022865888 -0.026088636 0.069514878 0.004374660 0.997230113
1341846372.212119 -0.029595464 -0.321236581 -0.023190115 -0.023892635 0.067737535 0.002391769 0.997414172
1341846372.244067 -0.026956711 -0.328993708 -0.024786014 -0.019345101 0.064129204 -0.000507606 0.997753918
1341846372.279961 -0.027955165 -0.353069812 -0.031180492 -0.015053380 0.061451305 -0.003717775 0.997989655
1341846372.312076 -0.025629451 -0.350801855 -0.027671337 -0.008518474 0.058728926 -0.006363700 0.998217344
1341846372.347910 -0.022728950 -0.355313182 -0.028166823 -0.004752325 0.056065679 -0.007504226 0.998387575
1341846372.379906 -0.027560562 -0.363185406 -0.026011275 -0.001602453 0.053406511 -0.009467264 0.998526692
1341846372.412137 -0.016790336 -0.365525484 -0.026593274 0.002112526 0.049692780 -0.009855299 0.998713672
1341846372.447783 -0.014923225 -0.374358982 -0.022747990 0.003674831 0.048623130 -0.007790949 0.998780072
1341846372.479920 -0.028567065 -0.381178588 -0.020072071 0.007054396 0.047237478 -0.005431953 0.998844028
1341846372.516195 -0.010008817 -0.380238384 -0.021501988 0.010447918 0.041194975 -0.002396699 0.999093592
1341846372.547915 0.001152803 -0.372019887 -0.021683341 0.010968452 0.040667437 -0.003334779 0.999106944
1341846372.579923 -0.004095254 -0.381937504 -0.015867045 0.008413274 0.042029325 -0.005907694 0.999063492
1341846372.616037 -0.001509710 -0.387934655 -0.016222004 0.007444598 0.040381029 -0.004092502 0.999148250
1341846372.647968 0.003144591 -0.385374606 -0.016135760 0.007178294 0.040197905 -0.004124078 0.999157429
1341846372.679953 0.008357529 -0.389674157 -0.014735822 0.005325738 0.040958032 -0.006825348 0.999123335
1341846372.716073 0.010274472 -0.396134168 -0.011897487 0.004148996 0.042523835 -0.006826078 0.999063492
1341846372.747919 0.005116634 -0.402556688 -0.007353403 0.003909697 0.043070730 -0.005484276 0.999049306
1341846372.783912 0.011952343 -0.405409127 -0.011143660 0.005221252 0.041666072 -0.003677113 0.999111176
1341846372.816131 0.019812761 -0.403888851 -0.011443828 0.006325027 0.043206520 -0.002069177 0.999044001
1341846372.848115 0.015535233 -0.404091060 -0.006491628 0.006181087 0.045624122 0.001217742 0.998938799
1341846372.884003 0.015714549 -0.408473074 -0.009256304 0.005833053 0.046223361 -0.000264043 0.998914063
1341846372.948016 0.023104001 -0.416183531 0.000877261 0.005888585 0.051956400 0.000147735 0.998631954
1341846373.010206 0.025117021 -0.429949254 -0.009142140 0.011364406 0.047817666 0.003444226 0.998785496
1341846373.041934 0.045550562 -0.430375904 -0.017370414 0.014266526 0.047592729 0.004636921 0.998754144
1341846373.078079 0.038895808 -0.436802328 -0.014627313 0.015329207 0.051049188 0.004794408 0.998566985
1341846373.110028 0.027984183 -0.440278530 -0.009671341 0.017776515 0.052932572 0.002048502 0.998437762
1341846373.142204 0.036640711 -0.445628971 -0.021834755 0.020141624 0.052523479 0.003100152 0.998411715
1341846373.178121 0.039309587 -0.448890448 -0.024040965 0.022106199 0.053653575 0.004328694 0.998305500
1341846373.210218 0.043684930 -0.456222594 -0.028848246 0.024864472 0.054971181 0.002885550 0.998174131
1341846373.246073 0.044734433 -0.462379009 -0.027014811 0.029081114 0.056444410 0.002504007 0.997978926
1341846373.277962 0.045943804 -0.465243816 -0.030330269 0.034238718 0.057866182 0.003006986 0.997732520
1341846373.310189 0.049380973 -0.463594347 -0.039955292 0.037763327 0.060133956 0.001400268 0.997474730
1341846373.346051 0.055136956 -0.462651461 -0.042413618 0.038209449 0.063330390 -0.001172163 0.997260213
1341846373.377993 0.047371827 -0.468367070 -0.038286753 0.037373099 0.066638991 -0.001694709 0.997075558
1341846373.410038 0.047648620 -0.474111855 -0.040929344 0.037136771 0.067219876 -0.000726077 0.997046530
1341846373.446109 0.045561869 -0.474743575 -0.032889847 0.037627470 0.067908451 -0.002528071 0.996978521
1341846373.478409 0.045511004 -0.481283695 -0.029182190 0.037709411 0.067902453 -0.001316737 0.996978223
1341846373.514006 0.039114587 -0.486717582 -0.030117290 0.039705321 0.067474276 0.001643009 0.996929288
1341846373.546097 0.045089245 -0.479268789 -0.031897642 0.041866723 0.064512119 0.002139111 0.997035980
1341846373.578079 0.057883482 -0.477021217 -0.035781730 0.042189028 0.064622276 0.001365844 0.997016668
1341846373.613978 0.044012096 -0.471588850 -0.033652935 0.042384718 0.067678325 -0.000101482 0.996806502
1341846373.646060 0.042057987 -0.465339512 -0.031165956 0.042008799 0.065858006 -0.000018936 0.996944308
1341846373.682101 0.056261379 -0.457164228 -0.037230495 0.040739987 0.064991340 0.000296132 0.997053802
1341846373.713942 0.054177072 -0.446307242 -0.032944012 0.038025748 0.068195447 0.000371404 0.996946990
1341846373.746309 0.043501399 -0.439167798 -0.030893989 0.034352962 0.070062280 0.000119635 0.996950924
1341846373.782079 0.038340025 -0.437868983 -0.022405408 0.030958587 0.069340132 -0.000626331 0.997112393
1341846373.814899 0.048635554 -0.436662316 -0.031918555 0.029496355 0.068436004 -0.002072236 0.997217178
1341846373.846131 0.038156651 -0.423393220 -0.022229418 0.030074522 0.071095191 -0.004794286 0.997004509
1341846373.882197 0.026806466 -0.413516492 -0.030694500 0.028684366 0.069614999 -0.006901062 0.997137547
1341846373.914066 0.026960943 -0.403960586 -0.029203655 0.026428636 0.065921172 -0.002993355 0.997470260
1341846373.949976 0.031727288 -0.394220203 -0.025759654 0.024059428 0.064017914 0.000223366 0.997658670
1341846373.982090 0.027976101 -0.384758413 -0.028251261 0.021349607 0.063875996 0.001106027 0.997728825
1341846374.014518 0.018163683 -0.377352923 -0.025578227 0.017513385 0.062084366 0.004309953 0.997907937
1341846374.050082 0.017706187 -0.369451523 -0.020143639 0.014159981 0.058609862 0.007366317 0.998153329
1341846374.082248 0.019739129 -0.368256330 -0.018038336 0.011181857 0.056831818 0.007661035 0.998291731
1341846374.114063 0.019731397 -0.355635583 -0.021775475 0.009460694 0.057170328 0.008342803 0.998284698
1341846374.150230 0.008779362 -0.360405475 -0.016482115 0.006342351 0.057307925 0.008608228 0.998299301
1341846374.181949 0.007164007 -0.354523063 -0.014342481 0.007539657 0.054912463 0.009365764 0.998418748
1341846374.217985 0.011307187 -0.347271681 -0.018197564 0.009161783 0.053226631 0.012875861 0.998457372
1341846374.250018 0.011245902 -0.329048663 -0.021732096 0.010192566 0.054019384 0.013649920 0.998394549
1341846374.281921 0.006169924 -0.312652230 -0.017802432 0.008158597 0.055070072 0.012426792 0.998371780
1341846374.318502 0.008509966 -0.308242440 -0.017281001 0.004803754 0.055121385 0.012177735 0.998393834
1341846374.350047 0.005300672 -0.291442901 -0.020296974 0.002326496 0.056968872 0.012778044 0.998291433
1341846374.382011 -0.005628813 -0.291956067 -0.012028826 -0.001734787 0.057706490 0.011535618 0.998265445
1341846374.418020 -0.011616117 -0.283915937 -0.010669585 -0.003072321 0.056213908 0.011248194 0.998350620
1341846374.450160 -0.009900680 -0.275824517 -0.009875670 -0.004974151 0.054199189 0.011934442 0.998446405
1341846374.486170 -0.006061547 -0.262570709 -0.009849034 -0.006761901 0.053544998 0.011998316 0.998470426
1341846374.524087 -0.013582684 -0.251365304 0.010222432 -0.009057439 0.054370198 0.012031589 0.998407304
1341846374.586056 -0.022203635 -0.242992580 0.000321821 -0.014807004 0.049693063 0.009967727 0.998605013
1341846374.617848 -0.025323402 -0.242129818 0.005593457 -0.016704898 0.047366958 0.012169386 0.998663723
1341846374.654133 -0.026549004 -0.237332880 0.010421635 -0.016442996 0.044250626 0.014324125 0.998782396
1341846374.685940 -0.025165057 -0.220333129 0.023057112 -0.014140199 0.041643083 0.017537549 0.998878539
1341846374.718159 -0.026083436 -0.215689227 0.006909820 -0.014860181 0.039083280 0.020680021 0.998911381
1341846374.754050 -0.030709660 -0.209839642 0.010912883 -0.014040132 0.036417615 0.021862680 0.998998821
1341846374.786226 -0.028748354 -0.197127953 0.009972437 -0.012994860 0.033932824 0.023154944 0.999071360
1341846374.818164 -0.030791773 -0.197177693 0.012689787 -0.012957479 0.033161115 0.022170039 0.999120057
1341846374.854017 -0.037280597 -0.186774075 0.029771628 -0.008964163 0.032478206 0.021924926 0.999191761
1341846374.886253 -0.038306247 -0.183160275 0.015773863 -0.007083735 0.028677581 0.022172017 0.999317646
1341846374.921999 -0.038454011 -0.173797458 0.023062972 -0.004014028 0.026839884 0.021319143 0.999404311
1341846374.953860 -0.044262875 -0.166961119 0.020426657 -0.002274270 0.025984481 0.021986352 0.999417961
1341846374.985929 -0.048598245 -0.161584124 0.020609654 -0.001661528 0.023930281 0.022488376 0.999459326
1341846375.022029 -0.039762285 -0.161205068 0.027113514 0.000439004 0.020713318 0.025438862 0.999461651
1341846375.053968 -0.041551266 -0.158008114 0.024144946 0.004603894 0.019263990 0.029260049 0.999375582
1341846375.085937 -0.041877605 -0.150226086 0.022290062 0.007980323 0.018191274 0.030734226 0.999330223
1341846375.122015 -0.041198108 -0.134710193 0.020564200 0.009191411 0.018234443 0.028856101 0.999374986
1341846375.190345 -0.043572720 -0.131771147 0.018454317 0.004589309 0.024399230 0.023156041 0.999423563
1341846375.222041 -0.047177266 -0.128955841 0.025104223 0.005158713 0.024784097 0.020492543 0.999469459
1341846375.254127 -0.040530976 -0.123531520 0.024762191 0.007368668 0.023994513 0.021131746 0.999461591
1341846375.289892 -0.041892193 -0.124908075 0.020994058 0.010088903 0.026064759 0.022119738 0.999364555
1341846375.322192 -0.044916943 -0.108920671 0.023944037 0.014089321 0.026416970 0.022828830 0.999291003
1341846375.354172 -0.044083729 -0.085555993 0.014759486 0.014101352 0.025366003 0.023816139 0.999294996
1341846375.390033 -0.038276237 -0.077133082 0.014448137 0.009244451 0.026486082 0.020917388 0.999387562
1341846375.422976 -0.046741690 -0.071640611 0.019161882 0.003443016 0.029793762 0.017354321 0.999399483
1341846375.458036 -0.052478418 -0.062409002 0.017400503 -0.001389708 0.029123770 0.016477538 0.999439001
1341846375.489941 -0.044425596 -0.066413365 0.025731588 -0.006516264 0.027813960 0.016995111 0.999447405
1341846375.521981 -0.045922406 -0.069528833 0.028261410 -0.007408855 0.028719515 0.017276121 0.999410748
1341846375.557947 -0.049690429 -0.065269776 0.027957251 -0.005224227 0.027679039 0.020641796 0.999390066
1341846375.590116 -0.046930216 -0.060972691 0.031528313 -0.002851691 0.024035452 0.025157806 0.999390483
1341846375.622399 -0.039631926 -0.055251207 0.029018760 0.000833158 0.022886802 0.027422670 0.999361515
1341846375.658264 -0.040520452 -0.051314134 0.031629447 0.004253443 0.024566134 0.029088682 0.999265850
1341846375.690116 -0.043254506 -0.051716577 0.032157175 0.008368589 0.023787251 0.034282960 0.999094009
1341846375.726080 -0.036847439 -0.044365622 0.035423517 0.016350692 0.021611283 0.038594175 0.998887420
1341846375.757947 -0.040203463 -0.030452209 0.037856512 0.024821920 0.021751484 0.041744016 0.998583078
1341846375.789914 -0.043299615 -0.021918036 0.042799059 0.030951422 0.020092618 0.045203753 0.998296022
1341846375.826111 -0.041779287 0.000416710 0.047194764 0.035184711 0.018353114 0.044552851 0.998218536
1341846375.858282 -0.045539685 0.026973641 0.040754490 0.033437483 0.016554281 0.042415626 0.998403132
1341846375.893889 -0.040032420 0.032778706 0.049767971 0.022993501 0.012704685 0.040800545 0.998821914
1341846375.926121 -0.042322814 0.042810064 0.049685989 0.016392075 0.012769902 0.037891619 0.999065816
1341846375.958089 -0.043535508 0.050058484 0.052062228 0.011020822 0.013547102 0.038223386 0.999116600
1341846375.994060 -0.039749388 0.057513263 0.057650007 0.006690275 0.013448406 0.039481506 0.999107420
1341846376.026115 -0.038824111 0.063236877 0.064848036 0.005341273 0.015537500 0.040658746 0.999038041
1341846376.057999 -0.041223604 0.073033325 0.065283343 0.006585896 0.017611800 0.042258438 0.998929799
1341846376.094015 -0.038303819 0.087253563 0.070766181 0.006731001 0.019402208 0.044505838 0.998798072
1341846376.126126 -0.039439753 0.096910767 0.073638365 0.006435955 0.022939935 0.044227898 0.998737335
1341846376.162125 -0.042187866 0.111760035 0.077281669 0.004686780 0.026981987 0.043230832 0.998689711
1341846376.194033 -0.046101049 0.113175012 0.080935910 0.001341910 0.028728567 0.042786606 0.998670220
1341846376.226110 -0.048003241 0.117949180 0.083857544 -0.001334843 0.028449643 0.045184821 0.998572588
1341846376.262088 -0.047376413 0.118546575 0.091695406 -0.002440401 0.027177814 0.049136057 0.998419285
1341846376.293911 -0.044751767 0.125690728 0.095428392 -0.000231898 0.027249198 0.050810367 0.998336494
1341846376.326088 -0.047115523 0.132854566 0.094335832 0.002305262 0.027641295 0.053060964 0.998205960
1341846376.362076 -0.050454099 0.143591106 0.094839081 0.003292489 0.026277633 0.054605447 0.998156726
1341846376.393924 -0.046067398 0.147475958 0.098597623 0.002600617 0.025129260 0.052734245 0.998288989
1341846376.429909 -0.044359822 0.155515775 0.099622183 0.002828358 0.027333768 0.048287809 0.998455405
1341846376.462224 -0.049296763 0.162773550 0.100973085 0.000957408 0.028986581 0.045406625 0.998547494
1341846376.494092 -0.050510168 0.164229780 0.107558765 -0.000314076 0.028228074 0.044191327 0.998624146
1341846376.529992 -0.049821507 0.172880277 0.109536313 0.000554448 0.028080743 0.044136435 0.998630643
1341846376.562034 -0.047838476 0.179621473 0.111766770 0.000002331 0.029116057 0.042976301 0.998651743
1341846376.594092 -0.047841776 0.186648518 0.112810895 -0.000590313 0.030245725 0.042582724 0.998634815
1341846376.630016 -0.045559186 0.192678481 0.115369603 -0.001933776 0.030409301 0.041600496 0.998669565
1341846376.662132 -0.042961031 0.197834209 0.117668122 -0.002718998 0.032791451 0.039109103 0.998693049
1341846376.697981 -0.046183724 0.205617279 0.121089414 -0.003047114 0.034895178 0.039726157 0.998596489
1341846376.730128 -0.045093216 0.211347654 0.124299213 -0.003105845 0.035610326 0.039870448 0.998565257
1341846376.762061 -0.045820259 0.223751172 0.121680088 -0.002991435 0.036469962 0.040091410 0.998525739
1341846376.797939 -0.044314053 0.235964388 0.123120181 -0.004939590 0.036148433 0.038418379 0.998595476
1341846376.829920 -0.044657771 0.241669014 0.129387334 -0.008396146 0.036956221 0.040195551 0.998472869
1341846376.866170 -0.048384205 0.247269675 0.126101866 -0.011283414 0.037283681 0.043240380 0.998305023
1341846376.898026 -0.044310637 0.260275126 0.129709035 -0.014586695 0.035532225 0.043893933 0.998297572
1341846376.930139 -0.036649317 0.282803833 0.132364973 -0.016721141 0.035384990 0.042727046 0.998319924
1341846376.966511 -0.039698161 0.292722166 0.134110942 -0.022881079 0.038855765 0.041290782 0.998129129
1341846376.997919 -0.043485865 0.290886164 0.138597101 -0.029791698 0.041115936 0.042394988 0.997809887
1341846377.030079 -0.039382268 0.301727176 0.144276768 -0.032275300 0.041295059 0.043176394 0.997691751
1341846377.066212 -0.042837255 0.311027557 0.145466000 -0.035048161 0.042343929 0.044622466 0.997490585
1341846377.097918 -0.042310167 0.317042112 0.151025891 -0.039470926 0.041305631 0.044531763 0.997372985
1341846377.134079 -0.045224540 0.316374481 0.152232885 -0.043570604 0.040076293 0.045029934 0.997230053
1341846377.166160 -0.047552194 0.315865278 0.151688233 -0.047188751 0.035963904 0.045455024 0.997202933
1341846377.197925 -0.048179682 0.330155879 0.154331446 -0.046598144 0.031657811 0.045066398 0.997394323
1341846377.233952 -0.044089310 0.346203089 0.151576638 -0.047699701 0.029152604 0.043233790 0.997499764
1341846377.266486 -0.042446144 0.350341946 0.157245278 -0.051065415 0.030809458 0.041856386 0.997342050
1341846377.298068 -0.047963455 0.346454173 0.157148391 -0.055862907 0.032180287 0.044417206 0.996930718
1341846377.334109 -0.048489101 0.350078851 0.160054818 -0.059238106 0.031201061 0.045014083 0.996740222
1341846377.366029 -0.045281276 0.351560831 0.160931319 -0.060600571 0.030904941 0.043215785 0.996747136
1341846377.401870 -0.044845067 0.348492682 0.158591673 -0.062789544 0.031635072 0.041222841 0.996673167
1341846377.434052 -0.047239468 0.341512084 0.164809868 -0.064740509 0.031284437 0.040974852 0.996569633
1341846377.466127 -0.045591440 0.340685874 0.164370462 -0.062130287 0.031264201 0.040886283 0.996740043
1341846377.502027 -0.045856554 0.343331128 0.161333740 -0.059896544 0.032118205 0.037306994 0.996989965
1341846377.534114 -0.041216716 0.337755084 0.165420309 -0.059569396 0.033906952 0.034294900 0.997058511
1341846377.566085 -0.044260073 0.328904510 0.162683919 -0.058187891 0.035579283 0.036164783 0.997015774
1341846377.602113 -0.041969970 0.322190166 0.160319939 -0.056589257 0.034832846 0.036683384 0.997115195
1341846377.633912 -0.043600697 0.303677082 0.166936770 -0.052889749 0.036230687 0.034484394 0.997346878
1341846377.676329 -0.043612320 0.307515621 0.150617376 -0.046670571 0.037899852 0.032307308 0.997668147
1341846377.743964 -0.039072450 0.270561785 0.151427180 -0.043102115 0.034843583 0.029628791 0.998023152
1341846377.802535 -0.040472679 0.263085723 0.142302498 -0.040180244 0.034492556 0.030590108 0.998128295
1341846377.835932 -0.042735305 0.241751596 0.139460802 -0.035749681 0.036762033 0.030339913 0.998223424
1341846377.872063 -0.048525780 0.244180024 0.132986024 -0.031783275 0.034420528 0.036448471 0.998236716
1341846377.902201 -0.041128185 0.232717931 0.140460506 -0.032794379 0.027097251 0.039068550 0.998330593
1341846377.939383 -0.032327123 0.227628574 0.144234464 -0.028433487 0.030080725 0.031003091 0.998661876
1341846377.970635 -0.043346103 0.222726718 0.123068348 -0.030298576 0.033299308 0.032496277 0.998457372
1341846378.002401 -0.039698765 0.199522451 0.126324624 -0.035902705 0.026267136 0.034975246 0.998397589
1341846378.038883 -0.034313340 0.191882595 0.125651643 -0.031915244 0.026851416 0.031418525 0.998635709
1341846378.106524 -0.034073446 0.176535577 0.117373027 -0.034385856 0.026756845 0.027859081 0.998661876
1341846378.138114 -0.030662747 0.165820703 0.117454529 -0.033127841 0.027296592 0.023667300 0.998797894
1341846378.170157 -0.032591671 0.161730036 0.108882740 -0.032033097 0.029487638 0.016013684 0.998923361
1341846378.206045 -0.032925609 0.145470828 0.106351078 -0.035204295 0.030538013 0.011175497 0.998850942
1341846378.238081 -0.032155633 0.123802766 0.109919846 -0.036115289 0.030548923 0.009704412 0.998833477
1341846378.275916 -0.027609251 0.117182761 0.107006013 -0.032380022 0.030157272 0.008809326 0.998981714
1341846378.312389 -0.023617990 0.110165626 0.102146134 -0.031526852 0.032120809 0.005489610 0.998971522
1341846378.344267 -0.024528766 0.091347806 0.099142179 -0.031530283 0.035366949 0.003721648 0.998869956
1341846378.376036 -0.025730213 0.080639467 0.098188579 -0.027215529 0.036477841 0.003726291 0.998956859
1341846378.411936 -0.023325793 0.076505616 0.090769842 -0.025403811 0.037538148 0.002402914 0.998969376
1341846378.444079 -0.022918247 0.064130329 0.094359912 -0.024499960 0.040282480 -0.001922132 0.998886049
1341846378.480041 -0.026587369 0.051004872 0.079804435 -0.024206623 0.041012790 -0.003680507 0.998858571
1341846378.512023 -0.022565711 0.040707018 0.084811226 -0.024584925 0.038468879 -0.005053452 0.998944521
1341846378.543975 -0.017270418 0.032163981 0.080442943 -0.021385385 0.040335670 -0.011716141 0.998888612
1341846378.579973 -0.021166818 0.021749148 0.081156299 -0.019993396 0.042889230 -0.012795449 0.998797834
1341846378.612676 -0.020129003 0.011312473 0.079584755 -0.017919082 0.042911611 -0.013464997 0.998827398
1341846378.643945 -0.018059814 -0.002730966 0.072029643 -0.014644376 0.045597568 -0.014745639 0.998743713
1341846378.679954 -0.021887265 -0.006534827 0.070796214 -0.010738082 0.047071297 -0.014632243 0.998726606
1341846378.742199 -0.018622754 -0.034655273 0.067885347 -0.007160576 0.050657257 -0.019392077 0.998502135
1341846378.774089 -0.028211201 -0.040893454 0.071249545 -0.002154584 0.055762623 -0.021892602 0.998201668
1341846378.805994 -0.030441785 -0.046892561 0.073325060 0.001120260 0.055985715 -0.019624231 0.998238087
1341846378.842121 -0.022948323 -0.051459551 0.063040406 0.003902091 0.056736331 -0.023164144 0.998112857
1341846378.874022 -0.022421168 -0.062837347 0.060102791 0.006137220 0.059424050 -0.026870480 0.997852266
1341846378.911788 -0.015894344 -0.063851714 0.047303401 0.008787731 0.060561985 -0.024162641 0.997833252
1341846378.974034 -0.011441743 -0.084769890 0.042584531 0.011971129 0.061539300 -0.026183248 0.997689366
1341846379.009977 -0.018112332 -0.080675252 0.059489779 0.014850643 0.064206518 -0.025048982 0.997511685
1341846379.041991 -0.013660799 -0.091807961 0.045876864 0.015725171 0.065081067 -0.026462911 0.997405052
1341846379.078155 -0.012100371 -0.102776892 0.037127987 0.016495183 0.066800252 -0.031125871 0.997144341
1341846379.109871 -0.011703250 -0.106726982 0.038509443 0.017989891 0.067422122 -0.030599369 0.997092903
1341846379.142034 -0.010355757 -0.119900517 0.032347955 0.016980607 0.067387708 -0.031110758 0.997097135
1341846379.178080 -0.008841012 -0.138744563 0.030029336 0.018535262 0.069436096 -0.038051911 0.996688068
1341846379.209979 -0.008506096 -0.149170861 0.037529461 0.024509894 0.070523396 -0.039388876 0.996430755
1341846379.242047 -0.004292778 -0.158341855 0.043783993 0.032271363 0.066713162 -0.032753453 0.996712148
1341846379.278304 0.001003711 -0.169177428 0.047503132 0.037940718 0.064958163 -0.034686346 0.996563017
1341846379.310076 0.003119973 -0.182929114 0.028772440 0.045159347 0.068824545 -0.041015409 0.995761812
1341846379.346166 0.003948397 -0.188728914 0.035219669 0.051831983 0.070602737 -0.038629759 0.995407641
1341846379.377944 0.004121288 -0.209098697 0.027426327 0.057970002 0.070555553 -0.037736479 0.995106697
1341846379.409974 0.006726166 -0.207904443 0.029646805 0.067992762 0.072550006 -0.037543695 0.994335949
1341846379.446065 0.010777405 -0.200958505 0.031720571 0.074245438 0.073473342 -0.034336526 0.993936718
1341846379.478631 0.005173001 -0.205511212 0.028609799 0.073048681 0.073435873 -0.034154933 0.994034410
1341846379.511214 0.013352659 -0.216011584 0.020928647 0.071019270 0.074516617 -0.037008848 0.993998945
1341846379.546204 -0.000153062 -0.223590851 0.031004710 0.072422378 0.077310130 -0.036559116 0.993700981
1341846379.578217 -0.008442357 -0.213044807 0.033176456 0.074386239 0.073763840 -0.033114184 0.993946195
1341846379.614096 0.006976059 -0.217649430 0.025629705 0.071789652 0.069899246 -0.031519461 0.994468153
1341846379.646030 0.009665086 -0.215084597 0.022491446 0.070310399 0.071954913 -0.031838726 0.994417012
1341846379.678830 -0.004062348 -0.215174347 0.021636793 0.067843586 0.072349347 -0.029927416 0.994619131
1341846379.714071 -0.002092994 -0.213537931 0.026956907 0.065999411 0.068631753 -0.026781404 0.995096266
1341846379.746082 0.006992958 -0.212550312 0.023849400 0.064170711 0.068097994 -0.026222844 0.995267391
1341846379.778087 0.000304798 -0.198212966 0.027542958 0.062619321 0.069971181 -0.023105651 0.995313525
1341846379.813931 -0.007608735 -0.188543782 0.025162961 0.058655269 0.067511365 -0.020284476 0.995786250
1341846379.845927 -0.000700228 -0.186227739 0.022987060 0.054213215 0.065547764 -0.019156905 0.996191442
1341846379.881893 -0.003282253 -0.171508178 0.027925260 0.050429169 0.066326983 -0.016913965 0.996379197
1341846379.913954 -0.006980880 -0.152894229 0.033808753 0.044249166 0.065113433 -0.012823657 0.996813834
1341846379.946050 -0.003683587 -0.157571331 0.039221585 0.035735931 0.062803827 -0.010486393 0.997330725
1341846379.981969 -0.008747896 -0.157054231 0.039461035 0.030558310 0.061589584 -0.008186905 0.997600019
1341846380.013935 -0.018274846 -0.149896756 0.036114085 0.026079893 0.058965843 -0.003966046 0.997911394
1341846380.046124 -0.015406288 -0.137286514 0.043579224 0.020248834 0.056092218 -0.000251334 0.998220205
1341846380.082142 -0.006802146 -0.131400004 0.046729676 0.015069105 0.055474583 -0.000000602 0.998346388
1341846380.114330 -0.012373951 -0.130917624 0.053253196 0.009946991 0.056994859 0.001788954 0.998323321
1341846380.150278 -0.020406529 -0.131201789 0.058103584 0.007461419 0.055664014 0.005166081 0.998408318
1341846380.182030 -0.013635449 -0.120771766 0.063699841 0.008995244 0.053790376 0.007699721 0.998482049
1341846380.213908 -0.014570979 -0.096849792 0.057037596 0.008874954 0.053866167 0.007229554 0.998482525
1341846380.250090 -0.014990543 -0.081296697 0.050934929 0.001374777 0.055291686 0.002430897 0.998466313
1341846380.281996 -0.006134971 -0.079915255 0.059129290 -0.007661544 0.058735359 0.002984479 0.998239696
1341846380.318009 -0.011742943 -0.070053108 0.054992508 -0.012134491 0.063095883 0.003054743 0.997928977
1341846380.350031 -0.013940469 -0.057940256 0.061285835 -0.017828356 0.064284705 0.008274417 0.997738004
1341846380.382297 -0.007944711 -0.048953921 0.067768708 -0.021884769 0.064661413 0.011040425 0.997606158
1341846380.418020 -0.009674694 -0.033343852 0.072110675 -0.024783824 0.065950163 0.012247260 0.997439861
1341846380.450059 -0.025415374 -0.008042971 0.080786385 -0.030258775 0.064221129 0.018591857 0.997303545
1341846380.481987 -0.020808857 -0.001635515 0.082229696 -0.038995579 0.057514448 0.022296891 0.997333586
1341846380.518026 -0.007530007 0.003602856 0.082250051 -0.044669852 0.052771509 0.023448084 0.997331440
1341846380.549973 -0.011291452 0.005649803 0.087926462 -0.047499202 0.052229792 0.024238754 0.997210264
1341846380.585876 -0.008505634 0.008093366 0.090558745 -0.048087910 0.047499515 0.025017958 0.997399330
1341846380.617833 -0.004996285 0.007367629 0.088402770 -0.047294434 0.044349737 0.023824461 0.997611523
1341846380.650010 -0.005991940 0.007867370 0.086732939 -0.044293888 0.044005610 0.021205973 0.997823596
1341846380.686058 -0.003260780 0.012379204 0.081151374 -0.041314643 0.041769117 0.020642715 0.998059273
1341846380.718154 -0.005783305 0.005741122 0.076876789 -0.039836932 0.040849388 0.019818826 0.998174131
1341846380.750063 0.001467648 0.007915967 0.078157127 -0.034364939 0.039583929 0.020735713 0.998409867
1341846380.785897 0.000025316 0.023625450 0.065907367 -0.027785484 0.040004965 0.024387553 0.998515368
1341846380.818263 -0.007606710 0.032137051 0.070522256 -0.025915962 0.037114613 0.025835600 0.998640776
1341846380.854055 -0.003317670 0.021958856 0.080261432 -0.026089478 0.034468967 0.020923063 0.998846054
1341846380.886150 -0.004274728 0.032357372 0.083143599 -0.020707538 0.034318332 0.021425240 0.998966694
1341846380.918124 -0.014182150 0.039480627 0.089997739 -0.019886328 0.030819213 0.024750859 0.999020576
1341846380.954125 0.004427208 0.034774981 0.103414752 -0.020937311 0.023265766 0.023295546 0.999238551
1341846380.985985 0.006322125 0.022764081 0.095678970 -0.021651763 0.024752431 0.020756399 0.999243557
1341846381.018098 0.001400920 0.030153586 0.106296480 -0.019681096 0.026282754 0.021159425 0.999236822
1341846381.054072 0.002273463 0.022502128 0.117033258 -0.019507054 0.023156065 0.021911530 0.999301374
1341846381.086074 0.012431312 0.017868083 0.121900953 -0.014879878 0.022219088 0.022548201 0.999388039
1341846381.122035 0.011882155 0.027625633 0.132289678 -0.011269051 0.023608910 0.023617422 0.999378741
1341846381.159808 0.014854202 0.022018386 0.137383759 -0.012907419 0.022994822 0.023245005 0.999381959
1341846381.222118 0.027630068 0.032916538 0.157407671 -0.011193017 0.025585335 0.026156284 0.999267757
1341846381.254198 0.039812807 0.028621798 0.162573248 -0.014251926 0.028131176 0.024750767 0.999196172
1341846381.289977 0.056433015 0.021280449 0.180621743 -0.014472242 0.032996695 0.024676377 0.999045968
1341846381.322365 0.042273544 0.036378860 0.199335098 -0.012252989 0.038426548 0.030571954 0.998718500
1341846381.353963 0.046805829 0.036124185 0.209330022 -0.014600120 0.039039280 0.035226107 0.998509824
1341846381.389983 0.065632433 0.037184600 0.209392220 -0.016063919 0.041455336 0.035839383 0.998368144
1341846381.421973 0.054192394 0.043255847 0.221131921 -0.019475926 0.049630087 0.038155183 0.997848570
1341846381.454108 0.055525802 0.037293997 0.239981711 -0.023319202 0.051250625 0.039151739 0.997645617
1341846381.489891 0.063534655 0.023139201 0.250162184 -0.022657674 0.054135721 0.040520731 0.997453749
1341846381.521988 0.070227526 0.028203629 0.265171647 -0.016416470 0.057265818 0.047026403 0.997115672
1341846381.558072 0.075861879 0.029318849 0.272710174 -0.013458854 0.059877180 0.050513588 0.996836007
1341846381.589879 0.078521289 0.031161370 0.285270751 -0.012072107 0.063832536 0.048479274 0.996709287
1341846381.622018 0.084664121 0.033604726 0.301362753 -0.012807382 0.067530088 0.046408001 0.996555030
1341846381.657894 0.084977858 0.022460259 0.309730470 -0.014685623 0.071259610 0.043455370 0.996402562
1341846381.689870 0.090243109 0.017237153 0.320688635 -0.010477624 0.074246198 0.042155083 0.996293485
1341846381.722338 0.094910719 0.027257761 0.337361425 -0.006615441 0.076421559 0.043099850 0.996121645
1341846381.758166 0.096097484 0.024531448 0.350600362 -0.006924185 0.078465745 0.041998692 0.996007681
1341846381.790889 0.103932396 0.019044155 0.356639802 -0.005612780 0.079554364 0.040276386 0.996000707
1341846381.826591 0.110519692 0.022806076 0.367572725 -0.002508153 0.081977226 0.040072992 0.995825112
1341846381.859589 0.105053537 0.024234535 0.393309236 -0.000946151 0.082240865 0.041442752 0.995749950
1341846381.890538 0.106810205 0.021262590 0.396747708 -0.000131484 0.077589065 0.042364419 0.996084929
1341846381.926191 0.112197354 0.026226457 0.400717497 0.001136876 0.075263843 0.039364673 0.996385694
1341846381.958121 0.106128141 0.038959857 0.403836012 -0.000472236 0.073037460 0.038628988 0.996580720
1341846381.990050 0.097653396 0.033447567 0.424091846 -0.005640676 0.066845544 0.039893940 0.996949494
1341846382.026007 0.117546633 0.027917584 0.429864109 -0.010362760 0.059864353 0.034983620 0.997539520
1341846382.059217 0.121491976 0.032777559 0.440928310 -0.015246547 0.059468102 0.031131024 0.997628152
1341846382.094090 0.115401998 0.029100904 0.462212235 -0.020745467 0.058376558 0.029939020 0.997629941
1341846382.126195 0.129195824 0.022649443 0.476077259 -0.022359051 0.054088719 0.032037664 0.997771561
1341846382.158170 0.135896936 0.022764433 0.484483302 -0.022346223 0.054568935 0.033477530 0.997698426
1341846382.194097 0.135423958 0.022175403 0.497082144 -0.023083068 0.055584677 0.034918718 0.997576177
1341846382.226010 0.136795446 0.018642101 0.509563684 -0.023320185 0.055659216 0.036861472 0.997496605
1341846382.258172 0.144149974 0.017050629 0.518008113 -0.023429487 0.055284932 0.036674600 0.997521758
1341846382.294020 0.143631473 0.015382582 0.526495039 -0.023668425 0.058274649 0.034493547 0.997423708
1341846382.325957 0.134070322 0.019912887 0.544637859 -0.023738507 0.059432689 0.032270346 0.997428119
1341846382.361974 0.138562173 0.012670411 0.558925033 -0.025576452 0.057225339 0.031157490 0.997547150
1341846382.393888 0.137658119 0.009637539 0.569992900 -0.024426887 0.055978905 0.029535783 0.997695982
1341846382.425972 0.139329985 0.012765669 0.583281696 -0.023850342 0.054608755 0.025233094 0.997904003
1341846382.462037 0.132042617 0.014656543 0.594175220 -0.024456928 0.054524757 0.020181831 0.998008847
1341846382.494003 0.129792899 0.013329631 0.607131541 -0.026456125 0.051994126 0.016359428 0.998162866
1341846382.530148 0.139130622 0.010691603 0.618035495 -0.026593093 0.047801796 0.014117376 0.998402953
1341846382.562400 0.131403029 0.007608681 0.627358794 -0.026229881 0.049410533 0.012287681 0.998358488
1341846382.593981 0.135260835 0.004545291 0.638136208 -0.025764504 0.048631225 0.012688685 0.998403847
1341846382.629905 0.134251818 -0.006410316 0.645782232 -0.023714751 0.049585413 0.015541861 0.998367310
1341846382.661966 0.131140932 0.006494162 0.655156076 -0.018341163 0.050263852 0.017943788 0.998406291
1341846382.693976 0.133821413 0.005015199 0.665358961 -0.019806376 0.049432285 0.019623837 0.998388231
1341846382.730021 0.137005985 0.000006009 0.668677807 -0.019830484 0.049892414 0.018573793 0.998384953
1341846382.762004 0.130252510 0.001387523 0.670976758 -0.019411085 0.051959716 0.020050894 0.998259187
1341846382.798112 0.129938483 0.008986329 0.682221293 -0.020443225 0.050084881 0.017440481 0.998383403
1341846382.829949 0.130466715 0.010398364 0.681908607 -0.021921532 0.051047336 0.011363106 0.998390973
1341846382.861875 0.131051019 0.005754891 0.688755810 -0.023579685 0.052362360 0.009003946 0.998309135
1341846382.897967 0.125074193 0.003847729 0.692535341 -0.024101296 0.053738765 0.009806979 0.998215973
1341846382.930017 0.130084306 0.003212440 0.696727395 -0.022594778 0.054406807 0.010709523 0.998205721
1341846382.962121 0.128186777 0.011242375 0.702191651 -0.019470127 0.057899706 0.009212857 0.998090029
1341846382.997950 0.127870291 0.006896337 0.707275867 -0.020106107 0.058847174 0.010793949 0.998006165
1341846383.029927 0.129990190 0.009390883 0.708340704 -0.018549101 0.058347899 0.011969149 0.998052180
1341846383.104184 0.136594936 0.008320134 0.708328545 -0.022377351 0.062203076 0.004233324 0.997803628
1341846383.172122 0.139760420 0.001023844 0.712885201 -0.026610654 0.060387660 0.003490502 0.997814119
1341846383.236935 0.131002590 -0.001554024 0.715683937 -0.027985420 0.070788302 0.002913119 0.997094452
1341846383.272112 0.137978300 0.000414913 0.721593678 -0.026195699 0.067610286 0.007314802 0.997341037
1341846383.303955 0.143871039 0.003461698 0.716365159 -0.024932873 0.067826077 0.008888181 0.997345984
1341846383.336133 0.144532755 0.012690218 0.713762760 -0.026357057 0.068715163 0.009264179 0.997245073
1341846383.398119 0.148852691 0.000000593 0.712310791 -0.030172216 0.067019023 0.011769131 0.997225940
1341846383.433991 0.153241247 0.004215723 0.707019687 -0.029870123 0.067968398 0.012934150 0.997156382
1341846383.466087 0.141850874 -0.001387148 0.703589499 -0.030860197 0.070635147 0.012987373 0.996940136
1341846383.501974 0.143961474 -0.002469058 0.694698989 -0.030347526 0.067971960 0.015532237 0.997104585
1341846383.533975 0.150580585 -0.001094546 0.691614270 -0.029471565 0.063944578 0.016046468 0.997389138
1341846383.565981 0.140717328 0.002273917 0.686329186 -0.029424476 0.065176636 0.013578461 0.997347414
1341846383.602253 0.117913224 0.002043555 0.684900284 -0.029300969 0.067247711 0.013073812 0.997220278
1341846383.634175 0.120403498 0.008735980 0.681569815 -0.027356843 0.060192093 0.013270218 0.997723639
1341846383.665988 0.120272197 0.009741272 0.668292820 -0.027998924 0.055172551 0.012225697 0.998009324
1341846383.702104 0.116810173 0.005648335 0.662062764 -0.029238144 0.052568216 0.009003758 0.998148620
1341846383.734131 0.102873147 0.001851400 0.655092418 -0.030336337 0.050125137 0.009124464 0.998240411
1341846383.770067 0.099151157 0.010865346 0.644539177 -0.027728630 0.044848986 0.011574955 0.998541772
1341846383.802027 0.102817841 0.008634662 0.637519419 -0.028046323 0.039704848 0.011277991 0.998754084
1341846383.870067 0.097501449 0.014218331 0.626988292 -0.027567809 0.033141345 0.014327856 0.998967648
1341846383.901854 0.090528660 0.014051422 0.608816922 -0.027665162 0.030819828 0.014554396 0.999036014
1341846383.934301 0.086755775 0.017788136 0.596516073 -0.029675554 0.029518740 0.013069034 0.999038160
1341846383.969997 0.078375883 0.012586461 0.586759448 -0.031537555 0.028539062 0.013115406 0.999008954
1341846384.001936 0.073997602 0.008643997 0.572854102 -0.030068791 0.025727671 0.016947292 0.999072969
1341846384.038092 0.068379968 0.019484386 0.566898763 -0.027183823 0.020748220 0.018129224 0.999250650
1341846384.070104 0.074873053 0.017790416 0.552602887 -0.028775077 0.018109133 0.014505629 0.999316573
1341846384.102008 0.066671871 0.011646430 0.539688528 -0.028020373 0.018917965 0.013749488 0.999333739
1341846384.138265 0.061766986 0.017897630 0.529979765 -0.025673790 0.015602960 0.016150968 0.999418139
1341846384.170093 0.065071665 0.019005559 0.516789317 -0.026432166 0.012429765 0.015092633 0.999459386
1341846384.202188 0.060358290 0.018401260 0.507038414 -0.025847325 0.014130093 0.012698322 0.999485373
1341846384.237844 0.055425700 0.020511195 0.497264057 -0.025981817 0.014915054 0.012568934 0.999472141
1341846384.269968 0.053958561 0.014361424 0.486461312 -0.026931621 0.013132594 0.014795615 0.999441504
1341846384.306015 0.055079143 0.017685166 0.478548944 -0.024869971 0.012623588 0.014268432 0.999509156
1341846384.337907 0.044415664 0.019994281 0.462765902 -0.025034605 0.014572128 0.014100019 0.999480903
1341846384.369865 0.043866761 0.021480160 0.454753369 -0.026230417 0.013458788 0.013140303 0.999478936
1341846384.406199 0.045796219 0.019141695 0.444731623 -0.025875423 0.013738028 0.011040352 0.999509811
1341846384.437788 0.040365539 0.026692139 0.430192649 -0.025130698 0.014089521 0.010174637 0.999533117
1341846384.469882 0.040947150 0.028329033 0.421843112 -0.027702162 0.012789918 0.008049504 0.999502003
1341846384.506115 0.036978632 0.026257025 0.415298820 -0.029138166 0.014793072 0.004504409 0.999455810
1341846384.537970 0.035266340 0.032874912 0.402900636 -0.029883465 0.017214911 0.004019965 0.999397039
1341846384.573994 0.028813399 0.025186103 0.397337765 -0.032393411 0.017803764 0.006414050 0.999296010
1341846384.606493 0.031116437 0.024040721 0.391008496 -0.030346494 0.015436984 0.011037018 0.999359310
1341846384.637999 0.031513944 0.031161649 0.383255124 -0.027808998 0.014020102 0.013225704 0.999427438
1341846384.674068 0.022815455 0.033539329 0.376299351 -0.027927276 0.013960244 0.011899398 0.999441624
1341846384.705921 0.021819556 0.033808388 0.367246479 -0.027088940 0.012809283 0.010765821 0.999493003
1341846384.742045 0.014066980 0.043418691 0.358128786 -0.026096113 0.010876746 0.009286820 0.999557137
1341846384.774082 0.019263741 0.046021204 0.356068462 -0.028894054 0.007363564 0.006663147 0.999533176
1341846384.805987 0.011264991 0.041527543 0.340264797 -0.030691070 0.008384871 0.000785188 0.999493420
1341846384.842025 0.003038979 0.047414258 0.331963003 -0.030774565 0.007558747 -0.000743799 0.999497533
1341846384.874081 0.003524689 0.042596769 0.323078513 -0.032687213 0.005267338 0.001702175 0.999450326
1341846384.905998 0.002440217 0.043567259 0.311285168 -0.030853121 0.005182320 0.004285591 0.999501348
1341846384.942014 -0.003583957 0.048257947 0.297118723 -0.030131834 0.005801276 0.007510812 0.999500871
1341846384.974049 -0.001919271 0.048016500 0.297170639 -0.031312171 0.004787091 0.010488693 0.999443173
1341846385.009917 -0.003467119 0.044700585 0.294056624 -0.029450532 0.005481846 0.014492208 0.999446154
1341846385.042211 -0.009593193 0.050566770 0.275823772 -0.027760053 0.006698114 0.016770940 0.999451458
1341846385.073967 -0.012784624 0.051470291 0.273470402 -0.029172605 0.007953405 0.015883446 0.999416530
1341846385.110157 -0.013613419 0.042184927 0.265325010 -0.029476851 0.008946940 0.016386462 0.999391079
1341846385.141931 -0.018410087 0.045171008 0.260956049 -0.027279958 0.009751656 0.017740123 0.999422848
1341846385.173929 -0.025999311 0.042200793 0.250921756 -0.026590856 0.008728671 0.017312104 0.999458373
1341846385.210052 -0.024643332 0.042578980 0.244709775 -0.025207715 0.008047252 0.012233936 0.999575019
1341846385.242941 -0.032141473 0.038668580 0.238676921 -0.024851153 0.009260640 0.006745571 0.999625504
1341846385.278001 -0.033361174 0.038679440 0.232126489 -0.024063766 0.008074789 0.003140152 0.999672890
1341846385.311234 -0.040319916 0.033556011 0.225782946 -0.022298299 0.008126781 0.002126706 0.999716043
1341846385.342936 -0.044174343 0.040419370 0.220302463 -0.018429983 0.006428492 0.001355297 0.999808609
1341846385.378101 -0.052865364 0.042937789 0.205170974 -0.017907871 0.007344467 -0.001194893 0.999811947
1341846385.410048 -0.056411967 0.041645888 0.207296818 -0.018213030 0.005832333 -0.000674233 0.999816895
1341846385.442088 -0.068360046 0.036729131 0.193043217 -0.018113581 0.004417574 -0.001261863 0.999825358
1341846385.477970 -0.070841573 0.045998350 0.195275813 -0.017792400 0.000273044 -0.001493888 0.999840558
1341846385.510109 -0.075587131 0.042377748 0.187446967 -0.018999599 -0.001284065 -0.001255318 0.999817908
1341846385.545989 -0.091275074 0.044882555 0.180304661 -0.018975224 -0.002807131 -0.001833461 0.999814332
1341846385.577939 -0.097607262 0.048843797 0.170216218 -0.020042023 -0.007935796 -0.001192194 0.999766946
1341846385.609948 -0.102319092 0.045799591 0.167712390 -0.021063309 -0.010281582 -0.000920685 0.999724865
1341846385.646024 -0.110516109 0.049950384 0.154676750 -0.021014122 -0.013583221 0.000019095 0.999686897
1341846385.678122 -0.127570555 0.052644290 0.158681437 -0.022374732 -0.018149957 0.001495814 0.999583781
1341846385.713966 -0.126224324 0.051994368 0.140429422 -0.022596125 -0.021543374 0.002411027 0.999509633
1341846385.745986 -0.130633637 0.051855262 0.131771445 -0.021916116 -0.021621069 0.004054188 0.999517798
1341846385.778024 -0.141286835 0.059228767 0.124040268 -0.021049539 -0.023442162 0.007161178 0.999477923
1341846385.814480 -0.134960160 0.061562344 0.120117947 -0.021218741 -0.025801228 0.004678880 0.999430954
1341846385.846594 -0.136774600 0.064279310 0.107729413 -0.021496341 -0.023070648 0.002616312 0.999499261
1341846385.884072 -0.151424736 0.062473048 0.097776316 -0.022908313 -0.019937854 0.005373633 0.999524295
1341846385.920282 -0.155752659 0.066159345 0.095793694 -0.023083400 -0.021908533 0.006760144 0.999470592
1341846385.951967 -0.146417618 0.062537879 0.079988249 -0.023640100 -0.021002660 0.004431962 0.999490082
1341846385.983828 -0.156178162 0.064201489 0.079401821 -0.022904044 -0.016447229 0.003747211 0.999595344
1341846386.019954 -0.164907217 0.060997222 0.068611182 -0.023253268 -0.016086243 0.006259227 0.999580622
1341846386.053153 -0.166937158 0.062726356 0.070564866 -0.021362511 -0.017606821 0.005250347 0.999602973
1341846386.087964 -0.161655277 0.061399147 0.049492851 -0.018822584 -0.016495269 0.002105928 0.999684572
1341846386.120298 -0.170932502 0.063451834 0.048652481 -0.017233171 -0.012731840 -0.000933825 0.999769986
1341846386.152323 -0.174171254 0.054491661 0.043630913 -0.016176475 -0.013280156 -0.001087039 0.999780357
1341846386.187922 -0.177970707 0.058852416 0.035999030 -0.012792186 -0.014417937 -0.004778384 0.999802828
1341846386.220214 -0.175476775 0.055495456 0.020221297 -0.011048229 -0.014174704 -0.008926785 0.999798656
1341846386.251878 -0.177331999 0.053426035 0.013881824 -0.008028099 -0.012589363 -0.012437554 0.999811172
1341846386.287926 -0.184944004 0.048253097 0.002379742 -0.005894431 -0.013646104 -0.012785908 0.999807775
1341846386.320048 -0.179916069 0.054868728 -0.015014419 -0.002692061 -0.016025374 -0.015422087 0.999749005
1341846386.351806 -0.173983410 0.054335803 -0.028712342 -0.001066972 -0.014420304 -0.020455794 0.999686182
1341846386.387904 -0.181847364 0.051324174 -0.037940972 0.000529131 -0.012834896 -0.020438798 0.999708593
1341846386.420158 -0.186951742 0.054247044 -0.056204539 0.002734715 -0.014770044 -0.019352730 0.999699891
1341846386.488011 -0.175397351 0.061636269 -0.092912182 0.003824772 -0.019215984 -0.023071833 0.999541819
1341846386.550203 -0.188785136 0.052025270 -0.128433019 0.004685371 -0.018434180 -0.022568282 0.999564350
1341846386.582265 -0.186700389 0.065479636 -0.141085550 0.006589526 -0.021748707 -0.021205457 0.999516845
1341846386.618055 -0.178913876 0.071558200 -0.159083232 0.006591691 -0.022272257 -0.022773001 0.999470830
1341846386.651032 -0.183865994 0.079215847 -0.182399794 0.005720476 -0.020449625 -0.024292041 0.999479353
1341846386.682220 -0.185918808 0.082320653 -0.196028605 0.003299450 -0.021972053 -0.022263488 0.999505222
1341846386.718071 -0.177856088 0.076039642 -0.205330998 0.002075455 -0.023466434 -0.019992393 0.999522567
1341846386.750071 -0.169078693 0.080130719 -0.224001348 0.004337349 -0.021438418 -0.018998185 0.999580264
1341846386.786100 -0.180120572 0.081057273 -0.248009995 0.004691559 -0.017744521 -0.015795387 0.999706805
1341846386.817967 -0.181735337 0.080917895 -0.259619087 0.005716048 -0.018105071 -0.014073191 0.999720693
1341846386.850155 -0.173382044 0.087999813 -0.278880358 0.007043001 -0.017089767 -0.013563613 0.999737144
1341846386.886034 -0.174776644 0.088626623 -0.291269660 0.006672594 -0.013931232 -0.012015680 0.999808550
1341846386.918050 -0.176809937 0.089838415 -0.302288741 0.007135316 -0.012123865 -0.008454550 0.999865294
1341846386.954005 -0.177835837 0.092463896 -0.320899129 0.007623602 -0.011159487 -0.006432608 0.999888003
1341846386.986155 -0.170869395 0.095635489 -0.334292293 0.007641143 -0.009956408 -0.006581120 0.999899626
1341846387.018027 -0.169076934 0.089846626 -0.337174416 0.006742112 -0.005680135 -0.004338850 0.999951720
1341846387.054058 -0.179368421 0.093695432 -0.352723688 0.008750963 -0.003074473 -0.002154769 0.999954700
1341846387.086157 -0.174643219 0.098441467 -0.363297790 0.009656579 -0.003445927 -0.002072478 0.999945343
1341846387.118350 -0.168800801 0.095577799 -0.375865430 0.009876577 -0.000778928 -0.003230618 0.999945760
1341846387.153927 -0.178365648 0.095516458 -0.386235058 0.011370281 0.002094551 -0.003668051 0.999926448
1341846387.185953 -0.182691395 0.108252987 -0.399978757 0.012069886 0.001554937 -0.004018656 0.999917924
1341846387.222042 -0.174197167 0.109334923 -0.404717594 0.009829842 -0.000117976 -0.005476465 0.999936700
1341846387.253968 -0.170825556 0.105808467 -0.418025225 0.008503573 0.001623327 -0.007299430 0.999935925
1341846387.286046 -0.181320786 0.110082693 -0.429035991 0.007668389 0.002502806 -0.005343397 0.999953210
1341846387.322002 -0.174116030 0.111640349 -0.439385116 0.005835986 0.000894272 -0.004586236 0.999972045
1341846387.353879 -0.166676417 0.107984960 -0.447785109 0.004315643 0.001942769 -0.005291656 0.999974787
1341846387.386177 -0.180806473 0.107530497 -0.459192127 0.004072330 0.003788281 -0.002334523 0.999981821
1341846387.422132 -0.173690975 0.108461373 -0.468514800 0.004474031 0.001274844 0.000724421 0.999988914
1341846387.454043 -0.168641165 0.112296045 -0.484071791 0.004944338 0.002594757 -0.001276339 0.999983549
1341846387.490166 -0.175021589 0.113128066 -0.489687473 0.004310620 0.003800679 -0.000480312 0.999983370
1341846387.522009 -0.174584240 0.111359425 -0.499090403 0.004379282 0.001556160 0.004264066 0.999980092
1341846387.554619 -0.162958220 0.121824630 -0.507723153 0.005790903 0.000018740 0.005681347 0.999967098
1341846387.590257 -0.161438063 0.133512646 -0.518105388 0.004785876 0.000907287 0.005048033 0.999975383
1341846387.622301 -0.165674686 0.130203560 -0.524323523 0.001391319 0.002708586 0.005992376 0.999977410
1341846387.654151 -0.172735676 0.129713282 -0.530291200 -0.000388875 0.002844005 0.006253686 0.999976337
1341846387.690110 -0.169905931 0.133995205 -0.538272142 -0.001266387 0.000476152 0.004794397 0.999987602
1341846387.722109 -0.167171597 0.136731222 -0.544223547 -0.003433550 -0.000734548 0.004248295 0.999984801
1341846387.758177 -0.168887600 0.132477924 -0.550530136 -0.005108131 -0.001159312 0.005083170 0.999973357
1341846387.790191 -0.175627708 0.129344001 -0.555711567 -0.004918526 -0.002429643 0.008377993 0.999949872
1341846387.822157 -0.170776442 0.138885543 -0.562679350 -0.003345335 -0.005033288 0.009058114 0.999940693
1341846387.858179 -0.174632326 0.141200364 -0.572134256 -0.004069136 -0.005666239 0.012035189 0.999903262
1341846387.890013 -0.176711664 0.139129668 -0.577609658 -0.004352299 -0.008315701 0.013675434 0.999862432
1341846387.926103 -0.171183735 0.143681243 -0.583889008 -0.003963994 -0.009770095 0.013145967 0.999857962
1341846387.958426 -0.174198881 0.144798100 -0.587040901 -0.004807522 -0.010234041 0.016171737 0.999805272
1341846387.990086 -0.180105969 0.144879639 -0.592904687 -0.005524509 -0.012047982 0.017240761 0.999763489
1341846388.026158 -0.173254430 0.133543730 -0.583026230 -0.005060034 -0.016548596 0.016366649 0.999716282
1341846388.058060 -0.172681376 0.132597476 -0.581358492 -0.000000893 -0.018133596 0.022829961 0.999574900
1341846388.089974 -0.172565073 0.134670600 -0.580182076 0.005090591 -0.021107897 0.027665829 0.999381363
1341846388.126088 -0.160974622 0.149741307 -0.585551560 0.008442303 -0.024259353 0.027336676 0.999296248
1341846388.158090 -0.155556366 0.169034123 -0.592559934 0.006818704 -0.022364788 0.022602363 0.999471068
1341846388.194068 -0.163479656 0.153529719 -0.576516330 0.000852516 -0.019292487 0.019074772 0.999631524
1341846388.225961 -0.165422127 0.147216588 -0.571087241 -0.000226533 -0.019791074 0.016986322 0.999659777
1341846388.257928 -0.161840886 0.156372443 -0.567843199 -0.000691936 -0.020055121 0.018110286 0.999634624
1341846388.294066 -0.166413710 0.144459262 -0.553365350 -0.002470638 -0.019678487 0.018022202 0.999640882
1341846388.325954 -0.160794109 0.151478201 -0.550506055 -0.000820081 -0.020337021 0.016232146 0.999661028
1341846388.357936 -0.155758739 0.151476100 -0.540894151 -0.002444000 -0.019644434 0.015408898 0.999685287
1341846388.394202 -0.163275704 0.145958096 -0.524100900 -0.003855766 -0.019354705 0.013122872 0.999719143
1341846388.425957 -0.151543960 0.148047492 -0.521317959 -0.004009755 -0.021140644 0.010397765 0.999714375
1341846388.462012 -0.153947353 0.140177399 -0.509778976 -0.005628986 -0.018832849 0.008174431 0.999773383
1341846388.493961 -0.158518285 0.133154124 -0.493322223 -0.004987688 -0.019599680 0.008317614 0.999760866
1341846388.526293 -0.155547246 0.132167414 -0.488443017 -0.003356645 -0.021413708 0.008260696 0.999730945
1341846388.562293 -0.149169445 0.131507039 -0.477961034 -0.001722366 -0.020015772 0.005874585 0.999780893
1341846388.594090 -0.153375134 0.131006181 -0.466253132 -0.001013648 -0.017981429 0.005487519 0.999822736
1341846388.626030 -0.155142322 0.131417185 -0.445664316 -0.000921145 -0.018412903 0.004720525 0.999818921
1341846388.662009 -0.142963693 0.119853266 -0.433023095 -0.000253924 -0.018372921 0.002843074 0.999827147
1341846388.694110 -0.149758816 0.125819758 -0.427169114 0.001758963 -0.016984792 0.002934414 0.999849856
1341846388.730239 -0.147604391 0.124103099 -0.412988424 0.000004947 -0.018122675 0.002166456 0.999833405
1341846388.762131 -0.139897540 0.114190526 -0.396361142 -0.000489994 -0.017268607 -0.001314237 0.999849916
1341846388.794087 -0.144848555 0.120984547 -0.386825651 0.001196779 -0.014834550 -0.000614925 0.999889076
1341846388.830117 -0.146169648 0.123484626 -0.363188893 -0.000805041 -0.016192172 0.001550428 0.999867380
1341846388.868548 -0.138292983 0.107595496 -0.360246897 -0.002181081 -0.017043835 0.001532138 0.999851167
1341846388.900942 -0.143756717 0.116796225 -0.344244927 -0.001043087 -0.015053599 0.001718063 0.999884665
1341846388.937157 -0.147490144 0.122185245 -0.321677744 -0.003607796 -0.016145281 0.001791685 0.999861538
1341846388.970712 -0.143498942 0.109477706 -0.305658460 -0.006278969 -0.016781740 0.001533190 0.999838293
1341846389.001153 -0.143691435 0.111902565 -0.292619884 -0.005820807 -0.016618121 0.000136588 0.999844968
1341846389.036956 -0.145497084 0.116036445 -0.274972260 -0.008010817 -0.016843168 -0.000917983 0.999825656
1341846389.069208 -0.144659936 0.103288695 -0.257149786 -0.011353141 -0.017390285 -0.001095443 0.999783695
1341846389.168276 -0.145422176 0.088330276 -0.217944086 -0.012339244 -0.016532555 -0.000054683 0.999787152
1341846389.230639 -0.152368352 0.087680295 -0.183548182 -0.008863836 -0.015425352 0.001131881 0.999841094
1341846389.266034 -0.147679538 0.084223270 -0.172208011 -0.008161796 -0.017654523 0.000353992 0.999810755
1341846389.298760 -0.141912118 0.085213736 -0.153730735 -0.006187143 -0.015185085 -0.002076498 0.999863386
1341846389.329980 -0.146836460 0.082921058 -0.141647831 -0.004982298 -0.013308698 -0.000488382 0.999898911
1341846389.366022 -0.144606292 0.084381863 -0.130912468 -0.004369249 -0.013664408 -0.000692035 0.999896824
1341846389.397969 -0.138322756 0.077780046 -0.117140733 -0.004177653 -0.011241563 -0.000783630 0.999927759
1341846389.433982 -0.136313885 0.078792177 -0.105046317 -0.000931097 -0.007540339 -0.000969950 0.999970675
1341846389.466033 -0.139621735 0.083152816 -0.094441764 -0.000958400 -0.006618403 0.001901684 0.999975801
1341846389.498030 -0.133902520 0.077694312 -0.080913223 -0.001974331 -0.007401258 0.002058709 0.999968529
1341846389.534085 -0.127419412 0.080349505 -0.075878240 -0.001409026 -0.004891757 0.000702887 0.999986768
1341846389.565875 -0.135872632 0.089671344 -0.055040814 -0.002520141 -0.001966111 -0.000766409 0.999994576
1341846389.597960 -0.134663984 0.088533446 -0.033696238 -0.006596061 -0.003155398 -0.000629421 0.999973059
1341846389.634116 -0.129375100 0.086344190 -0.015828675 -0.007635314 -0.004094989 -0.001759723 0.999960899
1341846389.665950 -0.129388869 0.097171612 -0.020008411 -0.009589070 -0.002657523 -0.003557332 0.999944150
1341846389.702127 -0.128147095 0.086966477 -0.000450742 -0.014800383 -0.001811975 -0.005584355 0.999873221
1341846389.734086 -0.125499159 0.083325341 0.010440867 -0.014622576 -0.003817478 -0.004038648 0.999877632
1341846389.765898 -0.122932553 0.088369213 0.018747298 -0.014311285 -0.004674305 -0.003800417 0.999879420
1341846389.802126 -0.119056247 0.086017624 0.030722013 -0.015651805 -0.004784891 -0.005151709 0.999852777
1341846389.834063 -0.113972597 0.081242464 0.043897279 -0.014317550 -0.004923859 -0.004225710 0.999876440
1341846389.866260 -0.114880212 0.081854545 0.053750295 -0.011653876 -0.004935287 -0.000296100 0.999919832
1341846389.902002 -0.107461527 0.081112474 0.061854891 -0.010576044 -0.006691388 -0.000086848 0.999921679
1341846389.934117 -0.101823583 0.080733582 0.070594192 -0.009522899 -0.005185146 -0.002248284 0.999938667
1341846389.970116 -0.100508370 0.082335375 0.078373663 -0.009306376 -0.002972688 -0.002310089 0.999949634
1341846390.002129 -0.105148911 0.079481617 0.089779295 -0.009770180 -0.004184689 -0.000059006 0.999943495
1341846390.034099 -0.099442452 0.080947846 0.097373769 -0.008438863 -0.007319966 -0.000701827 0.999937356
1341846390.070024 -0.092284143 0.082319200 0.105274595 -0.008061103 -0.006936593 -0.003790031 0.999936283
1341846390.101910 -0.091573469 0.081312910 0.116804235 -0.009221878 -0.006858451 -0.005308407 0.999919832
1341846390.137924 -0.086368836 0.073839039 0.123818003 -0.008906976 -0.009581984 -0.003892666 0.999906838
1341846390.170038 -0.078237556 0.080676630 0.123697512 -0.006755505 -0.009874627 -0.004359360 0.999918938
1341846390.202115 -0.078014098 0.082578294 0.132668123 -0.009440633 -0.008247496 -0.006989957 0.999897003
1341846390.238117 -0.076177090 0.075972870 0.143214390 -0.010636122 -0.009345337 -0.005717555 0.999883473
1341846390.270052 -0.071577221 0.077401929 0.145837680 -0.010036184 -0.012652164 0.000998015 0.999869108
1341846390.302085 -0.059957359 0.080013096 0.154382825 -0.011120569 -0.013866569 0.002630103 0.999838531
1341846390.338496 -0.054028112 0.075724535 0.166838408 -0.011623558 -0.012737759 0.005289663 0.999837339
1341846390.370105 -0.057237171 0.080309622 0.171920687 -0.011049387 -0.013933830 0.010074956 0.999791145
1341846390.438106 -0.043028310 0.080655873 0.190337390 -0.016129078 -0.020673258 0.007524814 0.999627888
1341846390.505984 -0.042175520 0.088853642 0.210915685 -0.019809000 -0.028730139 0.010484993 0.999335885
1341846390.538495 -0.027805423 0.081211202 0.209582031 -0.022095574 -0.031587817 0.007629537 0.999227583
1341846390.606055 -0.025220474 0.088892326 0.232940078 -0.023941156 -0.034055714 0.013886284 0.999036670
1341846390.638031 -0.012775498 0.089107640 0.231340319 -0.023676483 -0.037275799 0.015349071 0.998906612
1341846390.673954 -0.006893224 0.096529141 0.234786913 -0.022760630 -0.033911265 0.011874573 0.999095082
1341846390.705937 -0.008385471 0.099787422 0.243537396 -0.025897648 -0.032391921 0.011668428 0.999071538
1341846390.737965 -0.001376443 0.093602531 0.253524899 -0.028872365 -0.034276605 0.010867712 0.998936117
1341846390.774135 0.011015199 0.095462613 0.253405243 -0.026688445 -0.033283230 0.010635982 0.999032974
1341846390.806067 0.014249394 0.103352435 0.265340477 -0.026123041 -0.028863577 0.011513848 0.999175608
1341846390.838026 0.012898478 0.105869338 0.274393380 -0.027691729 -0.027835645 0.013420532 0.999138772
1341846390.874116 0.022510387 0.109469488 0.277435660 -0.028440174 -0.028417945 0.015003774 0.999078810
1341846390.906067 0.027092164 0.110210299 0.280205488 -0.030282645 -0.027359832 0.018584382 0.998993993
1341846390.942137 0.023389224 0.112780638 0.288470656 -0.032236096 -0.026461111 0.022250032 0.998882174
1341846390.974052 0.028307009 0.109432504 0.294913560 -0.031290334 -0.028319152 0.026383523 0.998760641
1341846391.006164 0.030892095 0.112509616 0.286364049 -0.030061644 -0.030217070 0.029718412 0.998649120
1341846391.042303 0.042063240 0.112572782 0.292219669 -0.032423947 -0.032675579 0.026935257 0.998576701
1341846391.074134 0.039423794 0.096518449 0.286936998 -0.035179980 -0.033231597 0.025200291 0.998510361
1341846391.106097 0.036619812 0.105907157 0.289511740 -0.033133991 -0.034743030 0.024388773 0.998549104
1341846391.142154 0.041479744 0.106950477 0.292427242 -0.033187341 -0.037630994 0.027292227 0.998367488
1341846391.174124 0.044600703 0.109024823 0.289785862 -0.032441843 -0.038341582 0.027186772 0.998367846
1341846391.209961 0.039812658 0.112018719 0.289381176 -0.031716637 -0.036711574 0.027437434 0.998445511
1341846391.241977 0.040834468 0.102297135 0.289988697 -0.032656156 -0.038710766 0.030680276 0.998245358
1341846391.273984 0.040853005 0.104327321 0.286501050 -0.030322686 -0.040162198 0.029797308 0.998288393
1341846391.309946 0.042594746 0.105701283 0.285834998 -0.029237458 -0.039585989 0.028028904 0.998394966
1341846391.342018 0.035440940 0.098480172 0.278699696 -0.030588748 -0.040159464 0.027815510 0.998337507
1341846391.378060 0.038125951 0.100786276 0.283362329 -0.029543744 -0.043736216 0.025142495 0.998289585
1341846391.410037 0.041998565 0.102368228 0.279188752 -0.029294621 -0.044523586 0.022170940 0.998332560
1341846391.442052 0.038982697 0.098442361 0.280906767 -0.028749643 -0.043014932 0.023447573 0.998385429
1341846391.478040 0.035567023 0.097875170 0.279477090 -0.027427148 -0.044309624 0.028474137 0.998235226
1341846391.510072 0.037022628 0.101431236 0.271548212 -0.027272442 -0.046581101 0.030994574 0.998061001
1341846391.542159 0.036748227 0.100430295 0.271480918 -0.028050957 -0.045668982 0.030446004 0.998098433
1341846391.578010 0.036328498 0.101078890 0.277816564 -0.027688576 -0.044825401 0.030210029 0.998153985
1341846391.610169 0.034231301 0.096587762 0.274817467 -0.027343519 -0.046211228 0.032949451 0.998013616
1341846391.645942 0.036969569 0.095085554 0.272512704 -0.026257282 -0.048537526 0.033228613 0.997923076
1341846391.677959 0.035722822 0.095800921 0.271112293 -0.024867998 -0.048410051 0.032246180 0.997997105
1341846391.710022 0.029078856 0.089444630 0.274562836 -0.024107415 -0.047876392 0.033398375 0.998003602
1341846391.745846 0.032156777 0.087634385 0.270450115 -0.021934751 -0.051169958 0.033773564 0.997877657
1341846391.778020 0.035980150 0.086368993 0.269757986 -0.020125329 -0.051802896 0.031499390 0.997957528
1341846391.810026 0.029491415 0.082726859 0.269848436 -0.018700903 -0.050374966 0.031649336 0.998053551
1341846391.846013 0.035206605 0.076938182 0.272394598 -0.017133052 -0.052116059 0.033585437 0.997929037
1341846391.877984 0.036715027 0.078649268 0.270757139 -0.013859094 -0.052219965 0.035145178 0.997920752
1341846391.914033 0.034806062 0.078062922 0.268223017 -0.012305826 -0.051384337 0.036238361 0.997945368
1341846391.945996 0.031669587 0.078045607 0.263290286 -0.010988434 -0.051480480 0.035794251 0.997971833
1341846391.978037 0.030547699 0.078510284 0.262410134 -0.010540462 -0.051124867 0.032935731 0.998093367
1341846392.014187 0.033486340 0.072550118 0.264196336 -0.010731081 -0.051264554 0.032945924 0.998083889
1341846392.046054 0.032258395 0.073665746 0.262337655 -0.009320503 -0.051320605 0.033488922 0.998077095
1341846392.078061 0.030368095 0.078571655 0.262680262 -0.008260271 -0.051520918 0.033204786 0.998085558
1341846392.114010 0.033766415 0.079332195 0.262264341 -0.008488289 -0.052159522 0.033396624 0.998044133
1341846392.145989 0.032960176 0.078570269 0.262118906 -0.008241890 -0.051974732 0.031752180 0.998109460
1341846392.181959 0.025846012 0.081623785 0.255670607 -0.009359680 -0.052913889 0.031712592 0.998051524
1341846392.213917 0.034266833 0.079309314 0.262942672 -0.010748321 -0.056388889 0.029361350 0.997919202
1341846392.246105 0.034572572 0.080504730 0.257409453 -0.009031266 -0.053936809 0.024103148 0.998212576
1341846392.282032 0.035378136 0.080230363 0.258051902 -0.009458177 -0.053562205 0.024620488 0.998216152
1341846392.314025 0.036394361 0.076036245 0.263637096 -0.008676726 -0.056060158 0.027362308 0.998014688
1341846392.349981 0.042725023 0.084200308 0.265790701 -0.005144758 -0.056154016 0.026537580 0.998056114
1341846392.382103 0.042363245 0.083836444 0.263479948 -0.004604089 -0.054429825 0.028008759 0.998114109
1341846392.414056 0.042473014 0.081193157 0.265640944 -0.004710510 -0.055093054 0.029751712 0.998026788
1341846392.450136 0.046247393 0.074567951 0.256328732 -0.004345654 -0.056005448 0.034632616 0.997820199
1341846392.482091 0.047320407 0.072108597 0.256318122 -0.002168237 -0.056399327 0.036295626 0.997745991
1341846392.514096 0.048523284 0.075472496 0.248786360 -0.000685638 -0.056128956 0.034988675 0.997810066
1341846392.550030 0.048169054 0.070318945 0.253178805 -0.001493357 -0.056714270 0.035937086 0.997742355
1341846392.582053 0.050951123 0.066154957 0.248232454 -0.000308559 -0.058420736 0.039101608 0.997525990
1341846392.617983 0.052265599 0.066127010 0.250229865 0.001582723 -0.058780983 0.040544167 0.997446001
1341846392.649909 0.052846223 0.064356230 0.245673031 0.002503670 -0.058422863 0.038347907 0.997551978
1341846392.682128 0.051993556 0.061975881 0.248334989 0.003058480 -0.058520280 0.036809243 0.997602701
1341846392.718019 0.049665947 0.056228030 0.246666625 0.003987459 -0.060494438 0.039508630 0.997378349
1341846392.749829 0.052639101 0.059288137 0.244765282 0.006523060 -0.062255133 0.038527835 0.997295022
1341846392.782107 0.054073397 0.059693489 0.242549971 0.007100847 -0.062312972 0.038386617 0.997292936
1341846392.818251 0.052357692 0.056757759 0.245387927 0.007132119 -0.061610617 0.039015416 0.997311950
1341846392.852165 0.053963121 0.054065056 0.246374339 0.008802753 -0.062403131 0.039817147 0.997217655
1341846392.885913 0.057118729 0.053296126 0.241729543 0.009798853 -0.062099867 0.038170878 0.997291625
1341846392.917882 0.057536878 0.051045582 0.240471542 0.011031900 -0.060779952 0.038274933 0.997356057
1341846392.950023 0.057170738 0.050473701 0.243629068 0.013082900 -0.060202874 0.038450252 0.997359514
