1341846361.788774 0.000000000 0.000000000 0.000000000 0.000000000 0.000000000 0.000000000 1.000000000
1341846361.824112 -0.013036462 0.000727074 0.009010909 -0.002287196 0.003706775 -0.004867397 0.999978662
1341846361.856016 -0.036988035 0.025668772 0.006780243 -0.005478850 0.006436553 -0.009134972 0.999922574
1341846361.887871 -0.037396405 0.001983710 0.020974873 -0.015962798 0.008118146 -0.013526053 0.999748170
1341846361.923930 -0.055637091 -0.015058163 0.028946579 -0.017675085 0.012449866 -0.010583838 0.999710262
1341846361.955927 -0.073006421 -0.013418701 0.026061768 -0.011690890 0.011977765 -0.004157067 0.999851286
1341846361.991999 -0.089124762 -0.018218150 0.022390781 -0.008084384 0.007533033 0.001527245 0.999937773
1341846362.023994 -0.086838886 -0.014857011 0.028177530 -0.003569215 0.004279029 0.002594027 0.999981105
1341846362.056118 -0.093252778 -0.002796899 0.025343217 -0.000520065 0.004789969 0.004164837 0.999979734
1341846362.091992 -0.109204344 -0.004891347 0.028659238 -0.002068652 0.005312273 0.004866530 0.999971926
1341846362.123929 -0.112700030 -0.016712263 0.035548542 -0.003252321 0.003800897 0.006172507 0.999968410
1341846362.156058 -0.120332055 -0.022690870 0.033544380 -0.000251933 0.003808848 0.008192809 0.999959171
1341846362.191987 -0.141602069 -0.020073308 0.038122576 0.002757532 0.005007439 0.010537812 0.999928117
1341846362.224138 -0.143326491 -0.024106052 0.050677042 0.006155252 0.003069806 0.014111109 0.999876797
1341846362.260011 -0.141848654 -0.014669078 0.047777262 0.012447304 0.004015487 0.012953128 0.999830544
1341846362.291979 -0.149899170 -0.018227028 0.049573131 0.014461515 0.007729646 0.013772529 0.999770701
1341846362.323947 -0.163955539 -0.019870002 0.054979827 0.016609775 0.011425106 0.010920389 0.999737144
1341846362.359889 -0.171250567 -0.017297015 0.056592442 0.018918335 0.014759252 0.010203629 0.999660015
1341846362.392021 -0.187502757 -0.020540025 0.051223699 0.019497884 0.020931872 0.009303705 0.999547482
1341846362.423868 -0.200796410 -0.025162166 0.064357243 0.020319769 0.023625877 0.010307087 0.999461234
1341846362.459968 -0.212630808 -0.029162794 0.067990243 0.023232091 0.025063694 0.011572344 0.999348879
1341846362.491924 -0.224594399 -0.027137183 0.066110224 0.025421631 0.024687247 0.013429339 0.999281704
1341846362.523976 -0.230696216 -0.029464940 0.065599695 0.026701288 0.024303222 0.015616589 0.999225974
1341846362.559933 -0.241717279 -0.030331012 0.066028915 0.028763775 0.025868187 0.016426088 0.999116480
1341846362.592338 -0.253558278 -0.028648842 0.067230560 0.030181030 0.026319651 0.016985707 0.999053478
1341846362.628177 -0.262710392 -0.026448447 0.069833465 0.030134007 0.025720773 0.016947070 0.999071181
1341846362.660128 -0.275253206 -0.027111819 0.068607457 0.029388731 0.026522458 0.015572145 0.999094784
1341846362.691901 -0.279515564 -0.024972811 0.081937879 0.028362747 0.023964938 0.017041000 0.999165058
1341846362.727993 -0.289403468 -0.031283285 0.077403083 0.026025981 0.020567384 0.016163470 0.999318957
1341846362.759942 -0.295633048 -0.033235185 0.080054149 0.025631599 0.018026017 0.013938892 0.999411702
1341846362.792002 -0.315582365 -0.029035835 0.070467159 0.025481761 0.018287132 0.009723690 0.999460697
1341846362.827965 -0.325084716 -0.032364700 0.073071986 0.023887144 0.016283212 0.007952876 0.999550402
1341846362.859959 -0.333432376 -0.034635272 0.073695324 0.023267174 0.015364096 0.004621771 0.999600530
1341846362.891861 -0.328747362 -0.036020774 0.070406601 0.023790846 0.013864112 0.005224280 0.999607146
1341846362.928098 -0.339973778 -0.041026589 0.069635645 0.023447288 0.012156424 0.005986919 0.999633253
1341846362.959894 -0.341483235 -0.047587380 0.076307438 0.025759460 0.010703249 0.008360320 0.999575913
1341846362.995909 -0.354094505 -0.046712670 0.076099195 0.029473370 0.009809402 0.011102480 0.999455750
1341846363.028072 -0.366055101 -0.047820758 0.091610551 0.031793397 0.007684788 0.013166082 0.999378204
1341846363.059896 -0.367408663 -0.053180519 0.091706485 0.035836000 0.007942130 0.011217744 0.999263167
1341846363.096102 -0.378163397 -0.042539191 0.087353431 0.040088035 0.011016956 0.008419284 0.999099910
1341846363.127992 -0.385650396 -0.043322094 0.089667849 0.039307140 0.012376611 0.005549069 0.999135137
1341846363.159870 -0.386358142 -0.050007358 0.090155356 0.039880034 0.015241714 0.002390275 0.999085367
1341846363.195966 -0.403259337 -0.050693978 0.092481136 0.042322755 0.019968977 0.005118808 0.998891294
1341846363.227902 -0.415189534 -0.053010773 0.103750534 0.044145577 0.018305372 0.008494255 0.998821259
1341846363.259977 -0.416081697 -0.057202369 0.087594435 0.046624772 0.015730482 0.013912787 0.998691678
1341846363.296031 -0.422012746 -0.054181259 0.089017630 0.050481472 0.018139077 0.016151475 0.998429596
1341846363.328065 -0.437457591 -0.050840847 0.087616906 0.051430158 0.018923448 0.019246100 0.998311758
1341846363.364023 -0.433704674 -0.053306270 0.072936259 0.049646303 0.014323805 0.021580467 0.998430967
1341846363.395985 -0.442755312 -0.058164425 0.070798121 0.048344538 0.009989207 0.021947028 0.998539627
1341846363.427955 -0.454426140 -0.048778180 0.089071713 0.049023516 0.006929470 0.019212671 0.998588741
1341846363.463979 -0.466231465 -0.048219066 0.086791538 0.047355782 0.004611788 0.019188309 0.998683095
1341846363.495986 -0.477313042 -0.047380671 0.089825198 0.045630544 0.000895361 0.020678824 0.998743892
1341846363.527941 -0.483281583 -0.042768128 0.091695957 0.043869670 -0.002150124 0.022114310 0.998790145
1341846363.564057 -0.493385196 -0.036522601 0.089733325 0.040215384 -0.004102996 0.026347294 0.998835146
1341846363.596025 -0.500301540 -0.044955172 0.095328778 0.035697170 -0.008075168 0.029476238 0.998895228
1341846363.632058 -0.499207348 -0.054512080 0.107283458 0.036201540 -0.015551394 0.033249609 0.998670101
1341846363.663931 -0.503365457 -0.047138751 0.102611750 0.038174629 -0.017536579 0.031523973 0.998619735
1341846363.695998 -0.516504586 -0.056575622 0.097635262 0.035738826 -0.018822692 0.026456147 0.998833537
1341846363.732007 -0.513353288 -0.061793726 0.098105058 0.032897301 -0.024810635 0.020800436 0.998934209
1341846363.794060 -0.523030698 -0.060876183 0.092863746 0.036729619 -0.037215039 0.023638049 0.998352230
1341846363.826406 -0.512360871 -0.054772347 0.093450569 0.038090948 -0.040327478 0.021784108 0.998222530
1341846363.861897 -0.506563723 -0.055590767 0.089973792 0.038832393 -0.040186279 0.020274665 0.998231411
1341846363.893984 -0.505480051 -0.050323274 0.084193237 0.039348051 -0.039218657 0.019064672 0.998273551
1341846363.926076 -0.491444528 -0.047063753 0.088404112 0.037618242 -0.040272180 0.019689942 0.998286188
1341846363.962090 -0.471565038 -0.038193937 0.084297784 0.036763914 -0.039319292 0.020335440 0.998343050
1341846363.994287 -0.472626835 -0.044089757 0.083862357 0.035088379 -0.038398568 0.023944950 0.998359144
1341846364.025993 -0.461666673 -0.042181373 0.082731426 0.034598656 -0.038162038 0.023780948 0.998389244
1341846364.061809 -0.452676624 -0.040426739 0.080931865 0.033249244 -0.035786234 0.022900401 0.998543620
1341846364.094209 -0.437276363 -0.056353875 0.089918040 0.032368202 -0.034246262 0.024646886 0.998584986
1341846364.130022 -0.427791476 -0.057734963 0.093613908 0.033968274 -0.034160942 0.024573032 0.998536587
1341846364.162231 -0.410305560 -0.072442293 0.090681434 0.036051366 -0.036878187 0.024487481 0.998368979
1341846364.194049 -0.407048017 -0.059145093 0.080965579 0.042396795 -0.037249554 0.019313322 0.998219430
1341846364.230023 -0.391944438 -0.064636618 0.088486925 0.044924922 -0.039209876 0.017298959 0.998070657
1341846364.262044 -0.367370188 -0.058299858 0.092164412 0.049333517 -0.040138517 0.015919933 0.997848511
1341846364.294059 -0.358867586 -0.059677094 0.076730281 0.053202126 -0.035817280 0.010789711 0.997882903
1341846364.330003 -0.347237349 -0.057761107 0.076823168 0.052512355 -0.032741126 0.009168319 0.998041272
1341846364.362052 -0.330795914 -0.061458766 0.078600302 0.051578138 -0.029980453 0.008218534 0.998185039
1341846364.397902 -0.307200015 -0.063698806 0.069868237 0.052391633 -0.024150444 0.007630441 0.998305380
1341846364.430108 -0.299403906 -0.057292324 0.082733393 0.053070508 -0.019489167 0.005768786 0.998383880
1341846364.462063 -0.284689784 -0.055862609 0.078046210 0.052655362 -0.016302761 0.003547316 0.998473346
1341846364.498091 -0.271195590 -0.063190050 0.081210159 0.051966645 -0.011536237 0.001889821 0.998580396
1341846364.530058 -0.265477389 -0.063799597 0.078730457 0.051374953 -0.008136375 -0.000592740 0.998646140
1341846364.561952 -0.244941980 -0.063808352 0.071206219 0.051285945 -0.005865673 -0.003120247 0.998661935
1341846364.597928 -0.233322889 -0.063432433 0.068766356 0.049614470 -0.002354827 -0.005584791 0.998750091
1341846364.629950 -0.224772006 -0.071269080 0.069227055 0.048428737 -0.000301422 -0.005368609 0.998812139
1341846364.665991 -0.226858750 -0.068800509 0.075903267 0.050495829 0.000403075 -0.005109104 0.998711109
1341846364.698004 -0.216581121 -0.065497518 0.077643611 0.050842270 -0.001803759 -0.004063834 0.998696804
1341846364.730097 -0.199283406 -0.069019765 0.073539980 0.050926544 -0.002824422 -0.002965132 0.998694003
1341846364.766057 -0.192098066 -0.065508939 0.068478808 0.052758634 -0.001639558 -0.002775122 0.998602092
1341846364.798632 -0.181923792 -0.061037261 0.067776762 0.052326746 -0.002683429 -0.002117725 0.998624146
1341846364.833901 -0.160981774 -0.066408269 0.061983310 0.050747633 -0.001623414 -0.003713053 0.998703301
1341846364.865923 -0.155539736 -0.066024303 0.058793727 0.051984821 0.002623602 -0.006850204 0.998620927
1341846364.897970 -0.151854828 -0.065462314 0.057350840 0.051614448 0.001540000 -0.004181258 0.998657107
1341846364.934019 -0.130876720 -0.070919059 0.052344140 0.051057342 -0.002056470 -0.001888341 0.998691797
1341846364.966047 -0.117564991 -0.061385110 0.054861665 0.052535277 0.000168777 -0.003512051 0.998612881
1341846364.998055 -0.107550427 -0.055119481 0.046526305 0.049798027 0.001927547 -0.003930264 0.998749733
1341846365.034125 -0.098784208 -0.057705298 0.024880070 0.043269437 0.000339649 -0.002174838 0.999060988
1341846365.066106 -0.083830439 -0.060051791 0.036520440 0.038869504 -0.002726065 -0.003825763 0.999233246
1341846365.101953 -0.057430092 -0.061646029 0.015488720 0.037321176 -0.000575682 -0.010812763 0.999244630
1341846365.133922 -0.044181854 -0.054922625 0.032516286 0.034763534 0.004669186 -0.018122753 0.999220312
1341846365.165953 -0.033896625 -0.059877440 0.034423217 0.031221943 0.007307346 -0.019658701 0.999292433
1341846365.201856 -0.018921042 -0.067783110 0.043450046 0.030855315 0.009243373 -0.022972267 0.999217093
1341846365.234093 -0.000193916 -0.073607363 0.052334175 0.031528655 0.013616326 -0.020394579 0.999201953
1341846365.266094 0.000998196 -0.070797205 0.056180198 0.036570605 0.020287756 -0.017011460 0.998980284
1341846365.302078 0.008629665 -0.072243504 0.061838266 0.042343412 0.024417840 -0.013005341 0.998720050
1341846365.334027 0.034065001 -0.074242964 0.053864662 0.045919400 0.026816608 -0.009486939 0.998540044
1341846365.369945 0.056981374 -0.075648591 0.044499215 0.048346356 0.032031484 -0.007592975 0.998288035
1341846365.401963 0.057898302 -0.069972947 0.054229170 0.050339431 0.038247298 -0.006646285 0.997977436
1341846365.434082 0.076039441 -0.064552017 0.035168651 0.050563730 0.041336548 -0.007903228 0.997833729
1341846365.469939 0.098531075 -0.054025594 0.021334995 0.046510622 0.047601931 -0.009813930 0.997734666
1341846365.502100 0.087323032 -0.063135833 0.053287238 0.039189458 0.054164175 -0.010386304 0.997708619
1341846365.533844 0.096363880 -0.073309906 0.059722491 0.036609087 0.053099796 -0.005385745 0.997903407
1341846365.569876 0.110292867 -0.075530902 0.031945098 0.037227005 0.050809611 -0.001507184 0.998013139
1341846365.601930 0.119523384 -0.070188314 0.027096946 0.036474023 0.049984187 0.002375715 0.998080969
1341846365.637899 0.136193544 -0.074363813 0.031042036 0.034688875 0.049339287 0.006348161 0.998159349
1341846365.669890 0.138584256 -0.067935221 0.018651901 0.035025988 0.051109843 0.006567975 0.998057067
1341846365.701977 0.154613584 -0.064382501 0.029192012 0.032457817 0.049444851 0.007332386 0.998222411
1341846365.738098 0.167464375 -0.075226888 0.032261975 0.030755609 0.051562339 0.007272324 0.998169601
1341846365.770026 0.171110511 -0.077238508 0.035151184 0.033145264 0.054027416 0.007207254 0.997963190
1341846365.805834 0.173249811 -0.076290287 0.034476068 0.035958894 0.052776255 0.009339925 0.997915030
1341846365.837937 0.189434350 -0.074339248 0.025231944 0.037580807 0.049153425 0.011466805 0.998018086
1341846365.869952 0.198883876 -0.069595911 0.019298110 0.039757963 0.049470041 0.010355101 0.997930229
1341846365.906411 0.206419677 -0.058835004 0.018650642 0.039550789 0.048496902 0.009879256 0.997991085
1341846365.938000 0.221837342 -0.072563201 0.014591529 0.035303485 0.047043923 0.013493011 0.998177588
1341846365.970022 0.224637076 -0.072897106 0.021444093 0.037214719 0.046966434 0.018391222 0.998033583
1341846366.006126 0.236846536 -0.066740192 0.019386217 0.039617594 0.046072755 0.023456398 0.997876525
1341846366.043876 0.246875465 -0.064028539 0.017207468 0.039452996 0.046542656 0.027343677 0.997762322
1341846366.076490 0.258382052 -0.051880457 0.009280446 0.039753910 0.047916356 0.029541034 0.997622669
1341846366.111888 0.273406237 -0.044120379 -0.001327022 0.036582064 0.051281013 0.030523652 0.997547150
1341846366.143907 0.287091404 -0.041339166 0.009543460 0.032309975 0.055924825 0.032379873 0.997386575
1341846366.176044 0.292973280 -0.044373240 0.018196763 0.027859908 0.058059514 0.037424915 0.997222304
1341846366.212022 0.300385445 -0.047573388 0.013433216 0.025616329 0.058128893 0.042371191 0.997080505
1341846366.243981 0.311198533 -0.040053122 0.012650441 0.025346968 0.059580568 0.044138141 0.996925056
1341846366.280032 0.309269041 -0.032649912 0.014223620 0.022929678 0.062012553 0.044393603 0.996823907
1341846366.344115 0.329805076 -0.035899628 0.018123688 0.014274897 0.060632758 0.044057008 0.997085154
1341846366.406057 0.335379422 -0.040084220 0.016702956 0.012331758 0.062905930 0.046385020 0.996864676
1341846366.442042 0.344544798 -0.035852905 0.011411968 0.013244325 0.062512025 0.046624828 0.996866584
1341846366.506117 0.353093833 -0.032794792 0.015163505 0.013941140 0.065013662 0.049241804 0.996571183
1341846366.542004 0.359928787 -0.026466252 0.011773963 0.014498129 0.064222947 0.048722237 0.996640086
1341846366.573848 0.368783891 -0.018943707 0.008095619 0.013946580 0.065969907 0.048256319 0.996556461
1341846366.610058 0.366279960 -0.019886220 0.013414602 0.011438706 0.067802653 0.049267553 0.996415913
1341846366.642206 0.394117743 -0.017988989 0.004971618 0.010287466 0.065438591 0.051163685 0.996490955
1341846366.674164 0.396683097 -0.012987834 0.007817931 0.009695430 0.067939401 0.051617652 0.996306121
1341846366.710207 0.397392869 -0.004615391 0.004051805 0.007937278 0.068476982 0.052687183 0.996228874
1341846366.741976 0.405630201 -0.009434086 0.001122668 0.003952655 0.068613008 0.051559299 0.996302307
1341846366.773916 0.418489069 -0.012563840 0.002419387 0.002793187 0.071211249 0.050634515 0.996171355
1341846366.810122 0.414711773 -0.010136719 0.004829942 0.003004825 0.073506556 0.054444056 0.995802999
1341846366.841893 0.417037934 -0.009688662 0.002681116 0.003573849 0.072807916 0.055779699 0.995778501
1341846366.878062 0.432045937 -0.007562486 0.000693493 0.005057264 0.071776107 0.055342566 0.995871365
1341846366.909933 0.433727771 -0.004535801 -0.000251181 0.006173471 0.073815674 0.057026651 0.995620966
1341846366.941941 0.430413246 0.007712266 0.000899873 0.006992993 0.074792445 0.058734730 0.995443344
1341846366.977906 0.438799590 0.004963106 -0.004641527 0.005535952 0.076127268 0.056865636 0.995459855
1341846367.009852 0.448747396 0.007061156 -0.011942195 0.005298707 0.079480380 0.058145970 0.995125055
1341846367.045944 0.459440947 0.004602123 -0.010832270 0.005247232 0.082639307 0.060182955 0.994746804
1341846367.077914 0.460515887 -0.002650244 -0.017273033 0.005310889 0.089819513 0.057397779 0.994288564
1341846367.110077 0.469948947 0.004744298 -0.023842866 0.007048426 0.094423085 0.057534836 0.993843198
1341846367.145997 0.465932757 0.004845201 -0.014493444 0.006903267 0.098858654 0.059738461 0.993282735
1341846367.177894 0.474939674 0.000746274 -0.016034639 0.008430453 0.101208322 0.061746463 0.992911458
1341846367.209903 0.490804791 0.010093174 -0.035203978 0.011774681 0.105065301 0.063637644 0.992357254
1341846367.245970 0.488116682 0.017616117 -0.035761118 0.010590076 0.110497169 0.066543609 0.991589725
1341846367.277966 0.497143328 0.008870761 -0.023636341 0.008305733 0.111930832 0.071135320 0.991131783
1341846367.314058 0.503872871 0.010383955 -0.038555313 0.010394231 0.113829434 0.071653605 0.990858495
1341846367.346333 0.514782131 0.024561154 -0.043864641 0.011681787 0.117508516 0.073256038 0.990297377
1341846367.378615 0.503739715 0.025247779 -0.038728710 0.009112407 0.121420048 0.076012231 0.989644527
1341846367.413946 0.507986128 0.020080768 -0.041027959 0.007286442 0.121599875 0.076298937 0.989615500
1341846367.446060 0.519975543 0.031795371 -0.050037917 0.007541502 0.123297378 0.077843338 0.989283204
1341846367.478095 0.525088131 0.027691003 -0.037486747 0.004740044 0.126017123 0.081835039 0.988635540
1341846367.514115 0.524339139 0.019381829 -0.036081605 0.004578781 0.125899583 0.086581945 0.988246858
1341846367.546096 0.551208258 0.015612056 -0.051986359 0.007305551 0.122323073 0.088795982 0.988483131
1341846367.581982 0.552160084 0.028064525 -0.059796344 0.009791766 0.123416096 0.090129949 0.988205016
1341846367.613951 0.553408921 0.027811294 -0.056666657 0.007358416 0.122318633 0.093549930 0.988044739
1341846367.645894 0.562729120 0.027908681 -0.064156443 0.006494775 0.121425033 0.091277674 0.988373518
1341846367.682223 0.568496943 0.025336720 -0.064095646 0.006276994 0.124046534 0.091712698 0.988009036
1341846367.714019 0.570292711 0.023791553 -0.065719306 0.007123737 0.125790790 0.093563996 0.987609088
1341846367.745904 0.572261930 0.025121335 -0.067659974 0.008366656 0.127216458 0.094428532 0.987334371
1341846367.781973 0.577987194 0.028782966 -0.071477950 0.009941979 0.128484458 0.094689079 0.987130642
1341846367.813986 0.581354916 0.029329762 -0.076058872 0.009446142 0.130096838 0.095279306 0.986867487
1341846367.850189 0.583050609 0.026919134 -0.078419216 0.008613788 0.132633448 0.093589649 0.986699104
1341846367.881960 0.577620625 0.034647819 -0.074656606 0.008549612 0.134529054 0.093740657 0.986428618
1341846367.914064 0.581152201 0.038419597 -0.078583919 0.005438040 0.133660197 0.096151352 0.986336768
1341846367.950095 0.581533909 0.026224194 -0.072595537 0.003030123 0.135614425 0.095504776 0.986143172
1341846367.981916 0.588813722 0.027047314 -0.072758585 0.004375355 0.137388974 0.094967477 0.985944390
1341846368.017965 0.582855821 0.030137883 -0.072934031 0.003901963 0.138600677 0.097304806 0.985548794
1341846368.050897 0.569232345 0.029289087 -0.065432630 0.003427113 0.138773933 0.096178710 0.985636711
1341846368.082322 0.572331369 0.028863370 -0.069898836 0.003536016 0.138406157 0.094689123 0.985832214
1341846368.118029 0.567574918 0.033193216 -0.066208757 0.003771737 0.138692498 0.095043108 0.985757053
1341846368.150026 0.559921920 0.029404731 -0.061393462 0.002037394 0.137964338 0.096399412 0.985732615
1341846368.181952 0.559728324 0.022001412 -0.059127428 0.003311711 0.136708692 0.094920978 0.986047506
1341846368.217882 0.554813147 0.031894047 -0.062821202 0.005475630 0.137004703 0.094005264 0.986084580
1341846368.250223 0.554222167 0.032818604 -0.059535783 0.003159127 0.136431098 0.095813341 0.986000180
1341846368.286003 0.548790336 0.026182976 -0.052612942 0.001310017 0.136826664 0.094054602 0.986118913
1341846368.317994 0.536496997 0.033415284 -0.050266422 0.001730770 0.136422545 0.092062943 0.986362159
1341846368.350010 0.533439934 0.040675402 -0.037581518 -0.001370949 0.132755101 0.093088128 0.986766815
1341846368.385949 0.516323984 0.038624834 -0.032705013 -0.004231471 0.131400213 0.089229271 0.987296402
1341846368.417845 0.515866160 0.037834905 -0.032196254 -0.005127308 0.128222957 0.086349182 0.987965822
1341846368.450062 0.513279915 0.031593062 -0.026661085 -0.008057156 0.125568926 0.087928496 0.988147795
1341846368.485968 0.504643738 0.025073895 -0.019857325 -0.009796783 0.122118726 0.086955383 0.988650501
1341846368.517939 0.503268719 0.019673768 -0.019000370 -0.009422961 0.118751176 0.084325865 0.989291906
1341846368.554171 0.496425003 0.020605071 -0.019017521 -0.008035228 0.116843469 0.085114598 0.989463747
1341846368.618123 0.489294678 0.014603575 -0.030872108 -0.010073605 0.110275857 0.079662174 0.990652144
1341846368.654302 0.478630930 0.013929951 -0.010453108 -0.010035752 0.110235088 0.075584978 0.990976453
1341846368.685914 0.468021631 0.009928377 -0.003778124 -0.008882605 0.107916646 0.073584445 0.991393149
1341846368.717980 0.465680569 0.009989527 -0.008196810 -0.007446655 0.104788318 0.071395211 0.991900563
1341846368.786190 0.453463584 0.002573899 -0.005548956 -0.004232402 0.103146382 0.071419783 0.992089748
1341846368.821968 0.447470516 0.004391472 -0.009937796 -0.002524421 0.100307651 0.068590492 0.992586195
1341846368.853991 0.443985999 0.007326031 -0.012001450 -0.002987486 0.100805365 0.065150954 0.992766201
1341846368.885978 0.435490310 -0.001338209 -0.008276174 -0.004364771 0.101444408 0.062324733 0.992877424
1341846368.923221 0.436399877 -0.015206218 -0.015109745 -0.003739627 0.098608159 0.063214257 0.993109465
1341846368.953942 0.427133501 -0.010884089 -0.017856568 -0.000356149 0.097083472 0.060972832 0.993406773
1341846368.986016 0.422250539 -0.008830084 -0.014088902 0.000833309 0.095268838 0.060103938 0.993635058
1341846369.021938 0.404378951 -0.002104538 0.000084352 0.002229993 0.095757984 0.056725185 0.993784547
1341846369.053927 0.409200102 -0.013629293 -0.014712488 0.000990988 0.094662309 0.054703243 0.994004846
1341846369.090047 0.401303113 -0.015126155 -0.011496946 0.001730804 0.096181124 0.050575867 0.994076610
1341846369.121845 0.395255148 -0.026271826 -0.012563805 0.002740246 0.095697492 0.051742684 0.994060934
1341846369.154351 0.383477211 -0.030334936 -0.013918241 0.006805787 0.094665706 0.052076720 0.994122744
1341846369.189885 0.380817860 -0.020433977 -0.016739508 0.010997551 0.093739070 0.050058514 0.994276702
1341846369.222188 0.376185924 -0.017221043 -0.016439931 0.010183034 0.095176257 0.048100218 0.994245529
1341846369.257947 0.363428771 -0.029128699 -0.012643077 0.009307096 0.097107925 0.045995295 0.994166911
1341846369.289994 0.356314331 -0.035726979 -0.014487883 0.011007293 0.096726328 0.046235666 0.994175613
1341846369.322196 0.352421284 -0.032360990 -0.017079789 0.014278141 0.096818507 0.047073487 0.994085729
1341846369.357830 0.344663441 -0.029696854 -0.015214050 0.014955316 0.098418184 0.045833260 0.993976593
1341846369.390267 0.337096363 -0.034063611 -0.011901232 0.014385768 0.099061772 0.044807132 0.993967891
1341846369.422057 0.329621553 -0.033177789 -0.011197433 0.014943563 0.099344358 0.043829981 0.993974984
1341846369.457950 0.315176666 -0.039201401 -0.007595467 0.014941032 0.100224070 0.044086073 0.993875384
1341846369.490144 0.298101306 -0.044272434 -0.013220409 0.016446095 0.099071138 0.044249658 0.993959963
1341846369.526405 0.291894585 -0.036069032 -0.009862120 0.018784309 0.096236490 0.044773795 0.994173527
1341846369.557969 0.283136100 -0.023875220 0.009940435 0.020793835 0.093630426 0.046539474 0.994301260
1341846369.590093 0.273175001 -0.027644999 0.011975466 0.022072004 0.090139590 0.047430612 0.994554162
1341846369.625895 0.262158841 -0.022109404 0.012577181 0.023967927 0.087881796 0.048356071 0.994667768
1341846369.657961 0.257512391 -0.021800157 0.010857664 0.023497093 0.086012520 0.048135594 0.994853139
1341846369.690135 0.244552642 -0.027905770 0.017337497 0.023380009 0.084468596 0.049349573 0.994928658
1341846369.726074 0.227667570 -0.025103822 0.009779203 0.025843294 0.081590936 0.052039549 0.994970798
1341846369.757962 0.219855472 -0.023820847 0.016729448 0.027180083 0.077929385 0.052550677 0.995201826
1341846369.793964 0.209983185 -0.020808589 0.020017283 0.027416898 0.076103672 0.053123996 0.995306194
1341846369.826161 0.195520163 -0.022683674 0.017428741 0.026545590 0.073825434 0.053942658 0.995457351
1341846369.858015 0.186755762 -0.024446299 0.019844001 0.026527481 0.070063263 0.053270992 0.995765865
1341846369.893954 0.178967342 -0.024125863 0.021909783 0.026569106 0.067524530 0.054816063 0.995856285
1341846369.926051 0.161975712 -0.024758812 0.019340875 0.025847707 0.065970600 0.053782072 0.996035755
1341846369.958062 0.150942504 -0.024895007 0.021671681 0.025719987 0.061198100 0.052223340 0.996426582
1341846369.994037 0.144641176 -0.023087261 0.027784206 0.026052836 0.057205878 0.049956422 0.996771336
1341846370.026058 0.135187104 -0.028092673 0.026372222 0.026378065 0.055376608 0.050430186 0.996842206
1341846370.062000 0.114785701 -0.024186665 0.018730048 0.026797486 0.051669743 0.051740084 0.996962965
1341846370.094135 0.113675624 -0.019424314 0.034253836 0.025572272 0.046905585 0.053007022 0.997164071
1341846370.126153 0.108460866 -0.036534235 0.027945779 0.023053588 0.046500240 0.052266534 0.997283518
1341846370.162082 0.095418215 -0.032550633 0.027154457 0.024490975 0.047473162 0.054060392 0.997107804
1341846370.194044 0.087801099 -0.035058916 0.029550426 0.023921700 0.045572840 0.056610618 0.997068763
1341846370.230152 0.084308974 -0.037586499 0.030534063 0.025679840 0.044838566 0.057134271 0.997028470
1341846370.262175 0.077988133 -0.034980014 0.032350231 0.027041664 0.045803338 0.055606786 0.997034967
1341846370.294216 0.068834662 -0.036603760 0.031816512 0.027437795 0.047130842 0.052283093 0.997142076
1341846370.329892 0.054201175 -0.035548739 0.033518430 0.027418781 0.045713425 0.048403285 0.997404456
1341846370.361939 0.048004072 -0.039283697 0.036846187 0.028083444 0.044050872 0.044025857 0.997663558
1341846370.394073 0.033307441 -0.038451951 0.032069027 0.029215109 0.041960787 0.043609802 0.997739434
1341846370.429985 0.021558728 -0.032189883 0.034946080 0.029607624 0.036034197 0.042325366 0.998014808
1341846370.462095 0.027248438 -0.015597448 0.035356741 0.029125838 0.029055415 0.041470237 0.998292387
1341846370.498034 0.023199562 -0.012734042 0.040913325 0.026142983 0.024611840 0.041377436 0.998498201
1341846370.530176 0.011970607 -0.011938742 0.041584652 0.022619439 0.023059104 0.041646823 0.998610079
1341846370.561949 0.006293103 -0.008028077 0.042114574 0.019491028 0.019032219 0.042788781 0.998712659
1341846370.597989 0.000973695 -0.000934835 0.044296853 0.015062645 0.015961530 0.044122700 0.998785019
1341846370.629913 -0.000267725 -0.009307472 0.043760903 0.009865411 0.015911577 0.044201646 0.998847187
1341846370.662062 -0.005261943 -0.014275867 0.039816055 0.008368393 0.015094443 0.043978166 0.998883367
1341846370.697981 -0.008104607 -0.009711105 0.041941080 0.006330121 0.014040725 0.043377478 0.998940051
1341846370.730015 -0.008580064 -0.021403808 0.040502097 0.002664795 0.013981149 0.041904170 0.999020219
1341846370.766182 -0.011151613 -0.026572051 0.035996076 0.003388397 0.017104205 0.038418874 0.999109566
1341846370.797966 -0.016909940 -0.022160180 0.031760424 0.001587757 0.019549280 0.036891352 0.999126792
1341846370.830023 -0.019815350 -0.041011572 0.033802789 -0.002514839 0.020587139 0.034271341 0.999197304
1341846370.866186 -0.014094572 -0.049863793 0.030416159 -0.000082369 0.020412339 0.034702130 0.999189198
1341846370.897994 -0.016615454 -0.046674214 0.020876300 -0.000251084 0.022614760 0.036778361 0.999067485
1341846370.929983 -0.021496892 -0.066952080 0.024968790 -0.002778427 0.023731897 0.038288068 0.998981059
1341846370.971974 -0.015905913 -0.076280236 0.025316818 0.000812973 0.024400918 0.038200662 0.998971760
1341846371.034127 -0.019944806 -0.089319073 0.021186749 0.006617048 0.030892683 0.039970241 0.998701274
1341846371.066883 -0.019764859 -0.086638853 0.018418524 0.008250050 0.033685613 0.039007746 0.998636842
1341846371.098209 -0.020120161 -0.096514709 0.012145692 0.005417670 0.037654292 0.035769828 0.998635709
1341846371.134068 -0.019093705 -0.102649786 0.015364205 0.003921878 0.040774357 0.034221746 0.998574436
1341846371.165993 -0.019775357 -0.108807854 0.016830808 0.000921824 0.043371070 0.035211474 0.998437881
1341846371.197951 -0.023990838 -0.119106866 0.015308104 -0.002242059 0.044395242 0.035742398 0.998371899
1341846371.233950 -0.020399615 -0.125294119 0.010739100 -0.002790494 0.045221701 0.036151223 0.998318732
1341846371.266433 -0.016568325 -0.119888917 0.004559977 -0.005367674 0.047961108 0.036658041 0.998161852
1341846371.302051 -0.014882087 -0.128670558 0.004304639 -0.012784761 0.050188102 0.038144324 0.997929215
1341846371.334010 -0.007252390 -0.137598515 0.000409104 -0.019304754 0.052977975 0.035764921 0.997768283
1341846371.366198 -0.005542775 -0.146118090 0.005026849 -0.024264693 0.058698501 0.032503944 0.997451365
1341846371.402482 -0.019149423 -0.160030648 0.010395795 -0.027605932 0.062826276 0.034009706 0.997062743
1341846371.434055 -0.016691638 -0.171480641 0.004798706 -0.026644921 0.061365839 0.036686152 0.997084975
1341846371.469998 -0.009203982 -0.180299744 0.003856853 -0.024664411 0.061011292 0.035243958 0.997209668
1341846371.501933 -0.018374979 -0.187038139 -0.000157515 -0.022646382 0.064671628 0.031657714 0.997147202
1341846371.534269 -0.024358088 -0.188956529 -0.005966918 -0.021697685 0.065434195 0.031343255 0.997128427
1341846371.570100 -0.023539223 -0.202327475 -0.003741817 -0.022886224 0.062938996 0.028927989 0.997335494
1341846371.602162 -0.017168090 -0.215023771 -0.008966126 -0.021455135 0.061604843 0.025860904 0.997534811
1341846371.634012 -0.021718476 -0.218446434 -0.010847161 -0.019631445 0.063124627 0.024887251 0.997502148
1341846371.669927 -0.026933812 -0.225056127 -0.011784164 -0.019429579 0.060729939 0.024165601 0.997672498
1341846371.702051 -0.024609657 -0.238318816 -0.031551369 -0.020369539 0.059093755 0.021200255 0.997819424
1341846371.737891 -0.025249004 -0.249938846 -0.029023841 -0.021659715 0.061742671 0.016865350 0.997714520
1341846371.769979 -0.034783956 -0.253835917 -0.025174655 -0.020403482 0.061968129 0.016339354 0.997735739
1341846371.802101 -0.033937745 -0.257133752 -0.023254622 -0.020475131 0.058916695 0.018920029 0.997873545
1341846371.837951 -0.030064205 -0.264028698 -0.026071152 -0.020786710 0.056531083 0.020767216 0.997968376
1341846371.870043 -0.020740544 -0.256360501 -0.033917706 -0.020861438 0.055661563 0.022847405 0.997970223
1341846371.902330 -0.023387874 -0.255892128 -0.034486681 -0.024995677 0.058258384 0.022579739 0.997733116
1341846371.938165 -0.022708965 -0.261625201 -0.031606130 -0.030399192 0.059550248 0.019788889 0.997566044
1341846371.969938 -0.010899266 -0.270562947 -0.041201729 -0.035295822 0.062063012 0.016757248 0.997307122
1341846372.005861 -0.019239830 -0.286164641 -0.030414861 -0.038517583 0.067753583 0.014406323 0.996854186
1341846372.038440 -0.022070549 -0.295179635 -0.029367782 -0.035737827 0.067741491 0.015071149 0.996948719
1341846372.070518 -0.014582990 -0.293775380 -0.034557872 -0.032744467 0.065872632 0.015465600 0.997170687
1341846372.111944 -0.015591075 -0.302024186 -0.029829919 -0.032493681 0.067324407 0.012101044 0.997128427
1341846372.143876 -0.013458814 -0.309531093 -0.025171269 -0.030044038 0.067639023 0.008838711 0.997218251
1341846372.179919 -0.016709637 -0.310786664 -0.027301272 -0.026216144 0.067631848 0.007188753 0.997339964
1341846372.212119 -0.022671990 -0.324400395 -0.027407607 -0.024053603 0.065893888 0.005588874 0.997521043
1341846372.244067 -0.021305239 -0.331293315 -0.030305086 -0.019445656 0.062311266 0.002388680 0.997864425
1341846372.279961 -0.026193520 -0.351533920 -0.024186801 -0.015610944 0.060828656 -0.001569201 0.998024881
1341846372.312076 -0.023261661 -0.350436449 -0.025162078 -0.009310564 0.057912383 -0.004156912 0.998269618
1341846372.347910 -0.020218810 -0.352147460 -0.027142521 -0.005129192 0.055398457 -0.005574369 0.998435557
1341846372.379906 -0.021968883 -0.364260674 -0.024626072 -0.002415712 0.052225281 -0.007615820 0.998603404
1341846372.412137 -0.011699550 -0.364063829 -0.025460411 0.001623754 0.048729870 -0.007658869 0.998781264
1341846372.447783 -0.012639038 -0.372257590 -0.027327113 0.003584782 0.048035298 -0.006350075 0.998818994
1341846372.479920 -0.015994078 -0.368018121 -0.011180454 0.008530780 0.045007125 -0.002684385 0.998946607
1341846372.516195 -0.002966961 -0.367540687 -0.004235140 0.011777506 0.039874479 0.000528945 0.999135137
1341846372.547915 0.007556265 -0.360521615 -0.005064922 0.012118222 0.039451044 -0.000153631 0.999148011
1341846372.579923 0.004500038 -0.367514044 -0.001701625 0.009896141 0.040345982 -0.002554067 0.999133527
1341846372.616037 0.005416527 -0.374393523 -0.005015278 0.008749595 0.039033186 -0.001439925 0.999198556
1341846372.647968 0.011325947 -0.373879164 -0.006826443 0.008194597 0.038683783 -0.001385959 0.999216914
1341846372.679953 0.013555908 -0.375923187 -0.003583337 0.006732893 0.039800510 -0.004473949 0.999174953
1341846372.716073 0.019227132 -0.376713306 -0.000344257 0.006294354 0.040607359 -0.004110284 0.999146879
1341846372.747919 0.017295675 -0.384868562 0.000391852 0.005813249 0.040918611 -0.002208576 0.999143124
1341846372.783912 0.022809453 -0.386770576 -0.003820432 0.007263495 0.039476946 -0.000540693 0.999193907
1341846372.816131 0.030523282 -0.385521293 -0.000356203 0.008440215 0.041019462 0.000703543 0.999122441
1341846372.848115 0.026537092 -0.387709469 -0.004569506 0.007887874 0.043606129 0.004168129 0.999008954
1341846372.884003 0.025396399 -0.392030597 -0.007997488 0.007748164 0.044531479 0.002122036 0.998975694
1341846372.948016 0.032080516 -0.401689440 0.001753810 0.007548341 0.050134547 0.002799437 0.998710036
1341846373.010206 0.036354121 -0.415958613 -0.000513912 0.012838572 0.045758013 0.006121734 0.998851299
1341846373.041934 0.043772258 -0.410047859 -0.001340627 0.016602969 0.047292355 0.005277075 0.998729169
1341846373.078079 0.040051255 -0.417824447 -0.002683633 0.017299702 0.050502703 0.006248938 0.998554528
1341846373.110028 0.037468888 -0.421898007 -0.002974516 0.019722929 0.051129069 0.004845891 0.998485565
1341846373.142204 0.043671954 -0.427412033 -0.004362535 0.022078376 0.051226791 0.005484560 0.998427868
1341846373.178121 0.043508101 -0.429089159 -0.005606265 0.024466092 0.052474536 0.006061508 0.998304069
1341846373.210218 0.047381528 -0.437564492 -0.012064794 0.026898485 0.054080125 0.004442910 0.998164356
1341846373.246073 0.043067906 -0.451471269 -0.019043254 0.029909721 0.056211550 0.004295639 0.997961521
1341846373.277962 0.047006838 -0.452801138 -0.022335589 0.035234593 0.057326835 0.005112681 0.997720420
1341846373.310189 0.050542597 -0.450360090 -0.027297599 0.038863160 0.059462540 0.004062424 0.997465491
1341846373.346051 0.057079379 -0.451980740 -0.035726767 0.038961977 0.062685579 0.001651771 0.997271180
1341846373.377993 0.047434177 -0.457126498 -0.032248829 0.038276002 0.066317052 0.000268122 0.997064114
1341846373.410038 0.048406370 -0.458558947 -0.029435897 0.038643289 0.066792414 0.001546733 0.997017086
1341846373.446109 0.046754826 -0.462550819 -0.031215886 0.038264584 0.067363739 -0.000445042 0.996994376
1341846373.478409 0.045951221 -0.469934613 -0.025512332 0.038390953 0.067341678 0.000990949 0.996990621
1341846373.514006 0.040913757 -0.474852115 -0.030398000 0.040289268 0.066789761 0.003695889 0.996946454
1341846373.546097 0.047758721 -0.466558993 -0.030967001 0.042581916 0.063800603 0.004994031 0.997041285
1341846373.578079 0.060037404 -0.466462702 -0.034205463 0.042728767 0.064111657 0.004123012 0.997018993
1341846373.613978 0.047330063 -0.461996108 -0.030346304 0.042793784 0.066988029 0.002630801 0.996832132
1341846373.646060 0.045365494 -0.454163760 -0.028121676 0.042575270 0.065113090 0.002680563 0.996965647
1341846373.682101 0.058422934 -0.445863098 -0.035666429 0.041346710 0.064379834 0.002554376 0.997065306
1341846373.713942 0.057559527 -0.438046813 -0.034338288 0.038166739 0.067477100 0.003129573 0.996985614
1341846373.746309 0.044493467 -0.425141603 -0.029045742 0.035128258 0.069408715 0.002677722 0.996966064
1341846373.782079 0.040514726 -0.429894209 -0.025893623 0.031235488 0.068703398 0.001796003 0.997146368
1341846373.814899 0.050785284 -0.427623779 -0.024382712 0.030185230 0.067990616 0.000379699 0.997229159
1341846373.846131 0.039303631 -0.413258016 -0.018709606 0.030634673 0.070535570 -0.002874834 0.997034609
1341846373.882197 0.027109195 -0.404585868 -0.020110860 0.029309146 0.069242559 -0.004543602 0.997158825
1341846373.914066 0.027308047 -0.393717468 -0.017242182 0.027164811 0.065482914 -0.000672727 0.997483611
1341846373.949976 0.031810544 -0.385199070 -0.015095411 0.024574742 0.063601390 0.002268164 0.997670174
1341846373.982090 0.026537666 -0.373500198 -0.015298686 0.022073876 0.063442491 0.003400199 0.997735560
1341846374.014518 0.016352221 -0.367469430 -0.015462663 0.018358987 0.061603107 0.006542173 0.997910440
1341846374.050082 0.018707855 -0.357604265 -0.011828984 0.015086267 0.057972532 0.009606341 0.998157978
1341846374.082248 0.020360084 -0.360979289 -0.009982754 0.011659142 0.056384947 0.009459659 0.998296201
1341846374.114063 0.017976675 -0.348872662 -0.013907422 0.009895300 0.057082340 0.010162733 0.998268664
1341846374.150230 0.009968922 -0.350807548 -0.007916767 0.007078321 0.056843005 0.010437761 0.998303473
1341846374.181949 0.007994736 -0.344433308 -0.004892842 0.008361551 0.054446399 0.011394320 0.998416662
1341846374.217985 0.012684464 -0.337108523 -0.011005578 0.009927189 0.052602150 0.014857474 0.998455644
1341846374.250018 0.009548615 -0.319363505 -0.010575325 0.010887982 0.053727057 0.015331657 0.998378575
1341846374.281921 0.006151427 -0.304128557 -0.009197728 0.008807495 0.054635763 0.014528173 0.998361826
1341846374.318502 0.006988633 -0.298745006 -0.007371876 0.005610347 0.054835990 0.013927079 0.998382449
1341846374.350047 0.004395757 -0.285347611 -0.008807963 0.002614558 0.056534979 0.014858394 0.998286664
1341846374.382011 -0.004132566 -0.283342302 -0.005490614 -0.001223668 0.056927253 0.014298903 0.998275161
1341846374.418020 -0.008079484 -0.277141392 -0.003119454 -0.002741617 0.055475753 0.013682814 0.998362482
1341846374.450160 -0.001524135 -0.255959004 0.008772010 -0.003017059 0.052597553 0.014561847 0.998505056
1341846374.486170 0.000538135 -0.244495019 0.006690382 -0.004822225 0.052042764 0.014379956 0.998529673
1341846374.524087 -0.006170243 -0.238491908 0.011075867 -0.008287624 0.052184358 0.013740232 0.998508513
1341846374.586056 -0.013213981 -0.225272998 0.016596260 -0.012853742 0.047662035 0.013216111 0.998693347
1341846374.617848 -0.018451678 -0.226255059 0.020485152 -0.015013372 0.045719374 0.014643311 0.998734117
1341846374.654133 -0.018371232 -0.217174813 0.026562573 -0.014156135 0.042356737 0.016137043 0.998871922
1341846374.685940 -0.019985484 -0.205412477 0.024028476 -0.013071196 0.039804772 0.019843921 0.998924911
1341846374.718159 -0.023528112 -0.199535802 0.023015717 -0.013259746 0.037968427 0.022810083 0.998930573
1341846374.754050 -0.024917066 -0.191972598 0.022911092 -0.012096179 0.034895558 0.023882112 0.999032319
1341846374.786226 -0.026488515 -0.186971307 0.017163588 -0.012131834 0.032856647 0.025398085 0.999063671
1341846374.818164 -0.027753368 -0.185027018 0.019951224 -0.011745479 0.031976275 0.024683122 0.999114752
1341846374.854017 -0.031588193 -0.179740667 0.019574584 -0.009018049 0.030541826 0.024127187 0.999201536
1341846374.886253 -0.034053348 -0.176010683 0.020934153 -0.006462513 0.027395910 0.024419351 0.999305487
1341846374.921999 -0.032368593 -0.166978985 0.018253574 -0.003884907 0.025132257 0.024213661 0.999383330
1341846374.953860 -0.035154723 -0.159259513 0.016513530 -0.002153530 0.023762772 0.025074884 0.999400795
1341846374.985929 -0.039259486 -0.154464036 0.016014356 -0.001557156 0.021667842 0.025509741 0.999438524
1341846375.022029 -0.033410437 -0.154530510 0.020757485 0.000249082 0.018798929 0.027522435 0.999444366
1341846375.053968 -0.033593610 -0.150377020 0.016015805 0.005001648 0.017058928 0.032711674 0.999306738
1341846375.085937 -0.034605857 -0.142603993 0.013642416 0.008471385 0.016254643 0.034644548 0.999231577
1341846375.122015 -0.036092442 -0.126854867 0.009381040 0.009681484 0.016471939 0.031965137 0.999306321
1341846375.190345 -0.032866951 -0.124121815 0.012596657 0.005109290 0.022126472 0.027044108 0.999376237
1341846375.222041 -0.038757533 -0.123884574 0.015748369 0.005549137 0.022503780 0.024596196 0.999428749
1341846375.254127 -0.031789206 -0.117347769 0.017300887 0.007805063 0.021827718 0.025309326 0.999410868
1341846375.289892 -0.032374434 -0.114175797 0.019939506 0.010950404 0.024064256 0.025424400 0.999327064
1341846375.322192 -0.039162640 -0.103406474 0.013798762 0.014394764 0.024621231 0.026630441 0.999238431
1341846375.354172 -0.040049125 -0.083732091 0.015304278 0.013881350 0.024167335 0.026291430 0.999265730
1341846375.390033 -0.033154659 -0.071940526 0.017485052 0.009498700 0.025111968 0.023501832 0.999363244
1341846375.422976 -0.041911624 -0.066957958 0.023160947 0.003474759 0.028616477 0.019732626 0.999389648
1341846375.458036 -0.047674201 -0.060998864 0.017424455 -0.001542783 0.027749145 0.018797385 0.999436975
1341846375.489941 -0.038617685 -0.063202709 0.025439436 -0.006325540 0.026391946 0.019193089 0.999447405
1341846375.521981 -0.038646545 -0.068243824 0.029193018 -0.007612905 0.027202412 0.019736210 0.999406099
1341846375.557947 -0.047514990 -0.064753540 0.026518960 -0.005616910 0.026684912 0.023163280 0.999359727
1341846375.590116 -0.045672178 -0.064882018 0.028727006 -0.003818442 0.023007156 0.028626712 0.999318063
1341846375.622399 -0.034086693 -0.056055550 0.032205477 0.000085489 0.021624992 0.030532558 0.999299824
1341846375.658264 -0.036470633 -0.049644228 0.032974634 0.003958196 0.023441082 0.032041866 0.999203742
1341846375.690116 -0.038305242 -0.049362682 0.034842134 0.008215738 0.022462223 0.037194718 0.999021769
1341846375.726080 -0.030027431 -0.039586011 0.035067506 0.016381105 0.020160152 0.041455075 0.998802602
1341846375.757947 -0.033317108 -0.033427283 0.037341014 0.023711316 0.020159330 0.045564521 0.998476446
1341846375.789914 -0.036213763 -0.023843512 0.040410873 0.030177770 0.018545909 0.048831325 0.998178780
1341846375.826111 -0.038632177 -0.000668049 0.044878405 0.034560967 0.017186783 0.047574215 0.998121619
1341846375.858282 -0.044864297 0.035929002 0.043961577 0.034905415 0.015985884 0.043412857 0.998319268
1341846375.893889 -0.034602448 0.045002148 0.051421285 0.024272913 0.011415649 0.043156181 0.998708189
1341846375.926121 -0.042687725 0.048081424 0.054681960 0.016838426 0.012366690 0.039452817 0.999002993
1341846375.958089 -0.043335333 0.056563459 0.057845168 0.011438394 0.012923478 0.040001996 0.999050558
1341846375.994060 -0.040636227 0.062422119 0.064655401 0.006928474 0.012939481 0.041211676 0.999042630
1341846376.026115 -0.037768558 0.067742467 0.071266480 0.005317169 0.014611245 0.043110814 0.998949289
1341846376.057999 -0.042800870 0.076573431 0.076947711 0.006832113 0.017116716 0.043752115 0.998872399
1341846376.094015 -0.039062485 0.090370297 0.077976987 0.007002868 0.018840622 0.045887671 0.998744369
1341846376.126126 -0.039381076 0.102635436 0.079096042 0.007002099 0.022389254 0.045409981 0.998692930
1341846376.162125 -0.041428756 0.114066072 0.080985330 0.004570366 0.026353594 0.045009550 0.998628438
1341846376.194033 -0.048263684 0.120383255 0.087628871 0.001625451 0.028313326 0.045403071 0.998566091
1341846376.226110 -0.049570400 0.125138387 0.090357691 -0.001112888 0.027955448 0.047920223 0.998459280
1341846376.262088 -0.050677340 0.128631070 0.098655142 -0.001575392 0.026965912 0.051133718 0.998326480
1341846376.293911 -0.049269911 0.133018360 0.101032406 0.000329243 0.027206991 0.052858967 0.998231232
1341846376.326088 -0.050577704 0.140059426 0.102728248 0.002634175 0.027409161 0.055426598 0.998082995
1341846376.362076 -0.053440403 0.151443258 0.100913338 0.003777017 0.026023747 0.056932103 0.998031676
1341846376.393924 -0.047843728 0.155973405 0.103344522 0.003340928 0.024734030 0.054572269 0.998197854
1341846376.429909 -0.047385409 0.166149750 0.104381002 0.003901889 0.027151084 0.049672678 0.998388827
1341846376.462224 -0.052759442 0.172309712 0.107201494 0.001961359 0.028858136 0.046966873 0.998477578
1341846376.494092 -0.054643393 0.173723698 0.115163334 0.000670003 0.028148538 0.046018008 0.998543680
1341846376.529992 -0.051788274 0.182128221 0.115577854 0.001490174 0.027749337 0.046067383 0.998551726
1341846376.562034 -0.050866686 0.185446829 0.116611004 0.000522598 0.029039003 0.044743963 0.998576164
1341846376.594092 -0.052343544 0.193200752 0.118704781 -0.000108072 0.030247346 0.044129513 0.998567820
1341846376.630016 -0.051569246 0.200944632 0.120059818 -0.001174151 0.030571193 0.043350551 0.998591363
1341846376.662132 -0.044863362 0.209134802 0.124680057 -0.001946952 0.032088283 0.041596752 0.998617172
1341846376.697981 -0.050122924 0.214706942 0.128843948 -0.002509184 0.034463961 0.041962139 0.998521447
1341846376.730128 -0.047638301 0.219508395 0.130610809 -0.002942974 0.035019472 0.042259101 0.998488426
1341846376.762061 -0.047353484 0.233409047 0.127444685 -0.002507541 0.035793323 0.042457670 0.998453736
1341846376.797939 -0.047842160 0.244184956 0.127014115 -0.004626294 0.035670791 0.040937964 0.998514056
1341846376.829920 -0.047228057 0.251159906 0.131720468 -0.007869450 0.036372971 0.042773265 0.998391509
1341846376.866170 -0.049642690 0.258051306 0.130731285 -0.010536560 0.036702435 0.045401175 0.998238802
1341846376.898026 -0.046221126 0.268356770 0.131897748 -0.014120753 0.034964368 0.045827955 0.998237371
1341846376.930139 -0.042175665 0.283315539 0.133501291 -0.018065719 0.036132749 0.042763587 0.998268127
1341846376.966511 -0.044577103 0.295522332 0.137230143 -0.023862079 0.039444882 0.041598797 0.998070240
1341846376.997919 -0.047692057 0.301081270 0.144284427 -0.029509967 0.041219901 0.043374468 0.997771859
1341846377.030079 -0.044178449 0.307081729 0.150477245 -0.032749593 0.041652471 0.043424517 0.997650683
1341846377.066212 -0.049240969 0.313490659 0.148482814 -0.035813313 0.043244831 0.044448856 0.997432530
1341846377.097918 -0.048883587 0.316240400 0.150566205 -0.040598940 0.042396761 0.044756074 0.997271836
1341846377.134079 -0.054187849 0.319302768 0.155154690 -0.044132940 0.040623877 0.045412302 0.997165799
1341846377.166160 -0.058736116 0.318294346 0.155990392 -0.047911927 0.037025366 0.046345629 0.997088611
1341846377.197925 -0.054556608 0.332326740 0.158073053 -0.047575600 0.031537645 0.046808857 0.997271717
1341846377.233952 -0.052082472 0.350640029 0.157106921 -0.047869790 0.029481554 0.043529321 0.997469068
1341846377.266486 -0.047765445 0.342294991 0.162259519 -0.053622019 0.030634953 0.042702653 0.997177362
1341846377.298068 -0.050538119 0.347325236 0.161477849 -0.057161823 0.031286530 0.046118002 0.996808350
1341846377.334109 -0.050504435 0.350140095 0.163843587 -0.060816113 0.030074829 0.047054779 0.996585548
1341846377.366029 -0.047931690 0.349575013 0.166330934 -0.062586904 0.029995646 0.044911053 0.996577203
1341846377.401870 -0.048121814 0.349467278 0.164239645 -0.064030126 0.030856134 0.042762890 0.996553779
1341846377.434052 -0.047613800 0.339688867 0.167468950 -0.066646338 0.030009637 0.043383822 0.996381223
1341846377.466127 -0.048817940 0.342741758 0.168950528 -0.063331805 0.030445362 0.042994939 0.996601045
1341846377.502027 -0.046228319 0.343072027 0.165298924 -0.061608404 0.030708851 0.039097913 0.996861458
1341846377.534114 -0.039809823 0.337066025 0.170291126 -0.061607953 0.032085538 0.037089426 0.996894896
1341846377.566085 -0.045565818 0.318834186 0.163916647 -0.061548676 0.034790039 0.037506182 0.996792197
1341846377.602113 -0.041989699 0.313030839 0.165584162 -0.059707392 0.033615291 0.038551532 0.996904612
1341846377.633912 -0.052995943 0.322876006 0.165271297 -0.049802314 0.037301183 0.032582045 0.997530341
1341846377.676329 -0.052958220 0.332104743 0.157232001 -0.043325335 0.038333219 0.032586411 0.997793376
1341846377.743964 -0.052645050 0.300007612 0.154390737 -0.038637206 0.036132693 0.028659347 0.998188496
1341846377.802535 -0.051115226 0.283600181 0.149923638 -0.037265308 0.035249371 0.028989641 0.998262703
1341846377.835932 -0.052813146 0.267033428 0.147944376 -0.031924747 0.037214547 0.030533936 0.998330414
1341846377.872063 -0.058324564 0.247416720 0.125869349 -0.032375298 0.035512924 0.039171405 0.998076260
1341846377.902201 -0.045358170 0.246131077 0.140600637 -0.031717185 0.027532870 0.039662633 0.998329997
1341846377.939383 -0.042438481 0.246576101 0.139288649 -0.026117379 0.031539671 0.030553760 0.998693943
1341846377.970635 -0.051672321 0.232334122 0.111794993 -0.029960401 0.034376539 0.033950135 0.998382688
1341846378.002401 -0.046488427 0.210229263 0.122242786 -0.034963217 0.027180372 0.035465799 0.998389184
1341846378.038883 -0.040732764 0.207334206 0.126394629 -0.030366644 0.027513355 0.032304842 0.998637676
1341846378.106524 -0.043723691 0.187413171 0.114377685 -0.033582155 0.028045220 0.028941270 0.998623133
1341846378.138114 -0.039470043 0.178201482 0.115547389 -0.031886008 0.028532142 0.023841010 0.998799682
1341846378.170157 -0.041776303 0.172997102 0.102812000 -0.030939279 0.030721040 0.016026752 0.998920441
1341846378.206045 -0.042043824 0.157704726 0.104016855 -0.034257252 0.031493537 0.012160635 0.998842716
1341846378.238081 -0.037676126 0.132733569 0.104216687 -0.035698477 0.031089008 0.011082703 0.998817444
1341846378.275916 -0.038216624 0.129158735 0.099390253 -0.031240385 0.031651128 0.008771932 0.998972118
1341846378.312389 -0.027157152 0.115924135 0.104516625 -0.031640839 0.031902123 0.007027788 0.998965323
1341846378.344267 -0.024176940 0.096067294 0.106249884 -0.031743359 0.034291547 0.005838129 0.998890579
1341846378.376036 -0.033609420 0.088884935 0.092007428 -0.026845135 0.037511792 0.004769735 0.998924136
1341846378.411936 -0.031294793 0.083396263 0.088816106 -0.025134144 0.038551338 0.002934166 0.998936176
1341846378.444079 -0.031917315 0.070013069 0.088825606 -0.024471812 0.041428570 -0.000831358 0.998841405
1341846378.480041 -0.036017533 0.060760614 0.076756515 -0.023310203 0.042173769 -0.003183297 0.998833239
1341846378.512023 -0.027206384 0.045472197 0.088726453 -0.024519116 0.038435847 -0.003285673 0.998954833
1341846378.543975 -0.021360096 0.035758927 0.086471476 -0.021636153 0.040210631 -0.009459374 0.998912156
1341846378.579973 -0.035252918 0.029491311 0.076160342 -0.019572126 0.044722490 -0.012108283 0.998734295
1341846378.612676 -0.027339807 0.017940622 0.085808441 -0.017465955 0.043261599 -0.011880482 0.998840451
1341846378.643945 -0.023728948 0.004904466 0.082342148 -0.013934899 0.045694683 -0.012668470 0.998777926
1341846378.679954 -0.028210305 -0.000503294 0.077873588 -0.010326539 0.047354881 -0.013291598 0.998736262
1341846378.742199 -0.015302451 -0.013080198 0.070298851 -0.004895040 0.049918864 -0.017009728 0.998596430
1341846378.774089 -0.025307480 -0.020306956 0.071944647 0.000273893 0.055024102 -0.019289715 0.998298645
1341846378.805994 -0.026467836 -0.028695343 0.066587329 0.003394259 0.055502322 -0.018238915 0.998286188
1341846378.842121 -0.014524033 -0.042895563 0.056174532 0.004227933 0.055204898 -0.020075278 0.998264253
1341846378.874022 -0.015431015 -0.055702057 0.054140057 0.006166758 0.058025450 -0.023449710 0.998020589
1341846378.911788 -0.017054709 -0.057721402 0.056498636 0.009144026 0.059882995 -0.021567577 0.997930467
1341846378.974034 -0.012335907 -0.077743322 0.056449745 0.012240561 0.060765378 -0.024050968 0.997787237
1341846379.009977 -0.014448125 -0.082702905 0.047054440 0.014589198 0.063501611 -0.023707580 0.997593403
1341846379.041991 -0.011110181 -0.088977009 0.046709832 0.015640264 0.064170733 -0.024101537 0.997525275
1341846379.078155 -0.011287394 -0.097219318 0.043807503 0.017080596 0.066065654 -0.028829101 0.997252464
1341846379.109871 -0.010761080 -0.097854257 0.044410001 0.018423384 0.066614710 -0.029049270 0.997185647
1341846379.142034 -0.010748957 -0.114250928 0.041742735 0.016993612 0.066768005 -0.029479509 0.997188151
1341846379.178080 -0.010490961 -0.132416248 0.036395535 0.019051803 0.068615898 -0.034489829 0.996864736
1341846379.209979 -0.008581783 -0.139950141 0.030988881 0.025276691 0.069170155 -0.035606496 0.996648729
1341846379.242047 -0.012372782 -0.151274443 0.044226535 0.031681973 0.067262143 -0.033315837 0.996675551
1341846379.278304 -0.007624192 -0.170061216 0.047497001 0.036481321 0.065579236 -0.035742112 0.996539533
1341846379.310076 -0.000559264 -0.178043380 0.025424162 0.045292720 0.068385340 -0.038900156 0.995870888
1341846379.346166 -0.000964695 -0.185596719 0.032033317 0.052163195 0.070488982 -0.037127484 0.995455623
1341846379.377944 -0.005020785 -0.207333893 0.021196548 0.057247952 0.070776947 -0.036546484 0.995177209
1341846379.409974 -0.001100800 -0.202557921 0.024222327 0.067507982 0.072682016 -0.037332796 0.994367301
1341846379.446065 -0.001001912 -0.198287338 0.018105194 0.073275760 0.073931687 -0.034304351 0.993975878
1341846379.478631 0.004130425 -0.197988987 0.022646690 0.073562607 0.072832994 -0.032063805 0.994110584
1341846379.511214 0.013667135 -0.208424032 0.019718038 0.071575828 0.073914193 -0.034330018 0.994100094
1341846379.546204 0.000551081 -0.215452090 0.025869712 0.072963104 0.076712616 -0.034231160 0.993790627
1341846379.578217 -0.009799903 -0.203630179 0.033648252 0.075096123 0.073237225 -0.031724785 0.993977010
1341846379.614096 0.007795016 -0.209395126 0.021532079 0.072361998 0.069268584 -0.029482910 0.994533241
1341846379.646030 0.009569434 -0.205396459 0.028380504 0.071110725 0.071393318 -0.029871082 0.994461596
1341846379.678830 -0.005506563 -0.207498714 0.027733549 0.068423785 0.071774669 -0.028387696 0.994666100
1341846379.714071 -0.005118666 -0.204192683 0.032013685 0.066662654 0.068291426 -0.025503786 0.995109022
1341846379.746082 0.007589926 -0.203505501 0.023801109 0.064899653 0.067458600 -0.024467936 0.995308280
1341846379.778087 -0.001951806 -0.188791379 0.034085970 0.063201763 0.069470391 -0.021068672 0.995356977
1341846379.813931 -0.008942081 -0.182066128 0.035411485 0.059034195 0.067270234 -0.018436555 0.995816112
1341846379.845927 0.000626240 -0.181529835 0.036182251 0.054391511 0.065064386 -0.017104182 0.996250749
1341846379.881893 -0.005279223 -0.163653940 0.036859475 0.050669711 0.065971799 -0.014845069 0.996423542
1341846379.913954 -0.010012452 -0.151920795 0.040608700 0.043853119 0.064744897 -0.010999761 0.996877134
1341846379.946050 -0.011509263 -0.152065530 0.045264781 0.035831731 0.062984020 -0.009649311 0.997324407
1341846379.981969 -0.017324889 -0.153752163 0.045486882 0.030527106 0.061833400 -0.007203510 0.997593522
1341846380.013935 -0.021783227 -0.139727905 0.047317937 0.026681647 0.058899805 -0.002670485 0.997903645
1341846380.046124 -0.018455397 -0.128219977 0.054198354 0.020513298 0.055975281 0.001082698 0.998220801
1341846380.082142 -0.012799480 -0.126815155 0.054887190 0.014527914 0.055584364 0.000809076 0.998347938
1341846380.114330 -0.017693494 -0.124222957 0.063838057 0.009701483 0.056833975 0.003039540 0.998331845
1341846380.150278 -0.023021746 -0.126253709 0.066057011 0.007457852 0.055496149 0.006593847 0.998409271
1341846380.182030 -0.018377623 -0.118167780 0.071435943 0.008560739 0.053699423 0.008134801 0.998487294
1341846380.213908 -0.019992620 -0.090756848 0.065319389 0.008472236 0.053914186 0.007796549 0.998479187
1341846380.250090 -0.008791529 -0.058037907 0.062455859 0.003291672 0.053646270 0.007767174 0.998524368
1341846380.281996 -0.006475882 -0.063516602 0.071206763 -0.006651449 0.058192380 0.005459085 0.998268306
1341846380.318009 -0.008546937 -0.057375342 0.072676137 -0.011139436 0.061813302 0.005840092 0.998008490
1341846380.350031 -0.009001880 -0.045524545 0.077133343 -0.017195409 0.062988058 0.010970543 0.997805834
1341846380.382297 -0.007902300 -0.036422681 0.077682108 -0.021167947 0.063904732 0.012876571 0.997648358
1341846380.418020 -0.010643610 -0.026627187 0.076729119 -0.024419975 0.065504871 0.012709858 0.997472405
1341846380.450059 -0.023946634 -0.009090685 0.085537091 -0.029766172 0.063490748 0.020942586 0.997318566
1341846380.481987 -0.016758179 -0.002115451 0.089883909 -0.038834866 0.056124214 0.026128119 0.997326076
1341846380.518026 -0.005645967 -0.000474068 0.092115499 -0.045001850 0.051710125 0.026356414 0.997299492
1341846380.549973 -0.010032349 0.005428328 0.097039342 -0.047387112 0.051338214 0.027203146 0.997185469
1341846380.585876 -0.014928326 0.003697698 0.086295888 -0.048020151 0.048121847 0.026309708 0.997339487
1341846380.617833 -0.010040788 0.007936660 0.091839910 -0.046441652 0.044844367 0.025733370 0.997582078
1341846380.650010 -0.006505475 -0.000061056 0.085630924 -0.044952191 0.043794461 0.023576593 0.997750223
1341846380.686058 -0.006108757 0.007484932 0.081125289 -0.041370232 0.041893624 0.022233572 0.998017550
1341846380.718154 -0.009850507 0.008156164 0.082491353 -0.039299402 0.040687568 0.022479776 0.998145640
1341846380.750063 0.001189531 0.005812029 0.078282483 -0.034425355 0.039293237 0.022226918 0.998387158
1341846380.785897 -0.004694925 0.016907694 0.070823938 -0.027880674 0.040710106 0.024742521 0.998475432
1341846380.818263 -0.010173639 0.027961392 0.078418881 -0.025961112 0.037412398 0.026720125 0.998605192
1341846380.854055 -0.005359515 0.016016107 0.074232034 -0.026724676 0.034311738 0.023536190 0.998776495
1341846380.886150 -0.002791279 0.025444770 0.082775153 -0.021173824 0.033560518 0.023847543 0.998927772
1341846380.918124 -0.016464278 0.033999208 0.082551643 -0.020183019 0.031052189 0.024955513 0.999002337
1341846380.954125 -0.004792842 0.035668522 0.099369667 -0.021162421 0.023741461 0.025002280 0.999181390
1341846380.985985 0.004622405 0.031558685 0.098383591 -0.020583423 0.024177272 0.022586316 0.999240518
1341846381.018098 0.001282264 0.036750279 0.106603786 -0.019454041 0.025637563 0.022546105 0.999227643
1341846381.054072 0.002102307 0.031202115 0.116433494 -0.018777516 0.022568578 0.023096694 0.999302030
1341846381.086074 0.012605637 0.013393315 0.119527251 -0.014776290 0.021906270 0.022672404 0.999393702
1341846381.122035 0.011717401 0.026536932 0.132822782 -0.010875774 0.023191221 0.025317827 0.999351263
1341846381.159808 0.014219933 0.023263710 0.138267100 -0.011966188 0.022629002 0.024921518 0.999361634
1341846381.222118 0.023563981 0.038490541 0.162313432 -0.010832661 0.025373910 0.027189014 0.999249458
1341846381.254198 0.032154042 0.032458629 0.165065363 -0.013629964 0.028761094 0.024715010 0.999187768
1341846381.289977 0.041078001 0.032277148 0.186557382 -0.012613633 0.035235979 0.025650160 0.998970151
1341846381.322365 0.036551759 0.046680372 0.198456272 -0.010630066 0.038938396 0.030981893 0.998704612
1341846381.353963 0.040665887 0.042587332 0.207578301 -0.013364458 0.039754421 0.035635013 0.998484373
1341846381.389983 0.053409439 0.040279079 0.211244777 -0.015773613 0.042727243 0.036167949 0.998307288
1341846381.421973 0.052274775 0.051919956 0.227763951 -0.018200561 0.049309164 0.038914159 0.997859240
1341846381.454108 0.051152229 0.044920254 0.247614920 -0.022235060 0.051336717 0.040174525 0.997625232
1341846381.489891 0.069427013 0.035695974 0.257789165 -0.020773180 0.052468065 0.041664675 0.997536778
1341846381.521988 0.061260071 0.043422271 0.270636588 -0.013821640 0.058562353 0.047729228 0.997046292
1341846381.558072 0.068327710 0.036276206 0.276781321 -0.012367737 0.060748603 0.050513443 0.996797383
1341846381.589879 0.073729716 0.037988637 0.288416028 -0.011077546 0.064148702 0.049352434 0.996657670
1341846381.622018 0.079196714 0.039836295 0.305122644 -0.012048128 0.067931876 0.047133852 0.996503115
1341846381.657894 0.082282655 0.031745754 0.314255625 -0.013317071 0.071087375 0.045046195 0.996363401
1341846381.689870 0.090870969 0.026559442 0.332212627 -0.009259054 0.073593721 0.043547291 0.996294022
1341846381.722338 0.093129672 0.035755679 0.343337893 -0.005537596 0.076261960 0.044478185 0.996079862
1341846381.758166 0.091898762 0.032897741 0.350714356 -0.005754211 0.078664169 0.042708337 0.995969296
1341846381.790889 0.098839797 0.031184617 0.362756759 -0.003945562 0.079728961 0.041608594 0.995939970
1341846381.826591 0.107101932 0.032569118 0.375512809 -0.001182078 0.081946343 0.041381195 0.995776534
1341846381.859589 0.098281115 0.030631233 0.385859907 -0.000644027 0.082612149 0.043109849 0.995648682
1341846381.890538 0.100218415 0.027256148 0.398958921 0.000878511 0.078469329 0.043367799 0.995972395
1341846381.926191 0.111736245 0.035862435 0.416903764 0.002201373 0.074787550 0.041155640 0.996347427
1341846381.958121 0.109990686 0.049595751 0.432980090 0.000863454 0.071962617 0.040157855 0.996598184
1341846381.990050 0.091816984 0.039447181 0.437569350 -0.005208996 0.067372084 0.040248141 0.996902168
1341846382.026007 0.117797002 0.040553510 0.450466782 -0.008912620 0.059430480 0.037103847 0.997502804
1341846382.059217 0.121182173 0.041712359 0.458547115 -0.014240132 0.059221912 0.032288220 0.997620881
1341846382.094090 0.118811943 0.035981882 0.476250708 -0.020091664 0.057390865 0.031901620 0.997639656
1341846382.126195 0.131541312 0.032243758 0.489865035 -0.021182200 0.052978262 0.034087047 0.997788906
1341846382.158170 0.134897962 0.030336618 0.497810274 -0.021426830 0.054070301 0.034687802 0.997704387
1341846382.194097 0.136591718 0.031957630 0.511760414 -0.021861361 0.054720420 0.036533717 0.997593641
1341846382.226010 0.139025152 0.024250809 0.524063826 -0.023090051 0.054633819 0.038306098 0.997504175
1341846382.258172 0.142355397 0.023572024 0.528268516 -0.022918537 0.055016059 0.038258232 0.997488976
1341846382.294020 0.143768355 0.024060734 0.544576287 -0.022823686 0.057738941 0.036479134 0.997403920
1341846382.325957 0.140668571 0.028156292 0.557002902 -0.022938261 0.057510659 0.034165833 0.997496367
1341846382.361974 0.141003713 0.019810194 0.568388462 -0.025052749 0.056248389 0.032868970 0.997561097
1341846382.393888 0.142265573 0.017346447 0.580684423 -0.023853481 0.054626383 0.031085888 0.997737765
1341846382.425972 0.139880762 0.023459617 0.593872488 -0.022414055 0.054110315 0.027540775 0.997903407
1341846382.462037 0.131433457 0.015352271 0.603995383 -0.025414702 0.054124057 0.021299398 0.997983456
1341846382.494003 0.134552538 0.012623166 0.615929782 -0.027693246 0.050316803 0.018407119 0.998179555
1341846382.530148 0.137482598 0.018946355 0.633042395 -0.025579950 0.047764346 0.015303378 0.998413742
1341846382.562400 0.136703700 0.017301217 0.638778269 -0.025016077 0.047803171 0.013682537 0.998449743
1341846382.593981 0.131112143 0.013647811 0.648118019 -0.024541756 0.049276073 0.014374207 0.998380125
1341846382.629905 0.128102705 0.015903866 0.658357561 -0.019252177 0.050596640 0.017437993 0.998381317
1341846382.661966 0.129127771 0.017302319 0.665228426 -0.016789515 0.050491773 0.020027751 0.998382509
1341846382.693976 0.132813379 0.013737942 0.676694810 -0.018820880 0.049233027 0.021072339 0.998387635
1341846382.730021 0.136565566 0.007795922 0.681860924 -0.019228553 0.049719073 0.020886665 0.998359680
1341846382.762004 0.126390293 0.013908911 0.686261058 -0.017419500 0.052268986 0.021790428 0.998243272
1341846382.798112 0.127637625 0.010696431 0.690554559 -0.021067323 0.050182909 0.019217685 0.998332858
1341846382.829949 0.136755496 0.012141634 0.696912587 -0.022648500 0.049407966 0.013454246 0.998431206
1341846382.861875 0.126653224 0.012936419 0.703928292 -0.022999967 0.053103212 0.010729569 0.998266459
1341846382.897967 0.132358924 0.007165567 0.707192242 -0.024563938 0.051874194 0.012650250 0.998271286
1341846382.930017 0.138162255 0.008712754 0.708144605 -0.022396939 0.052037973 0.012737006 0.998312652
1341846382.962121 0.140869454 0.019237766 0.711312830 -0.018686866 0.054484673 0.011095710 0.998278081
1341846382.997950 0.132319123 0.005572272 0.712933242 -0.021884739 0.057398058 0.013098917 0.998025537
1341846383.029927 0.134951919 0.002607446 0.714430392 -0.021463877 0.056587093 0.013943737 0.998069525
1341846383.104184 0.142677248 0.011144779 0.720116317 -0.022839203 0.060256355 0.006265416 0.997901917
1341846383.172122 0.144913718 0.006943888 0.723909676 -0.026267901 0.058659460 0.006549783 0.997910917
1341846383.236935 0.129118636 0.016296109 0.731486022 -0.024753818 0.070751831 0.004633280 0.997175992
1341846383.272112 0.138699040 0.011810063 0.731468976 -0.024363315 0.067202687 0.009602490 0.997395635
1341846383.303955 0.145100594 0.015948879 0.728989542 -0.022943845 0.067076914 0.011321562 0.997419715
1341846383.336133 0.149166912 0.023885211 0.726257741 -0.024794143 0.067267776 0.010487596 0.997371674
1341846383.398119 0.154851332 0.017222473 0.726963103 -0.027261484 0.065396346 0.013602868 0.997394145
1341846383.433991 0.153888702 0.016041584 0.715037525 -0.028072057 0.067367561 0.014437178 0.997228742
1341846383.466087 0.149444103 0.013337293 0.715653837 -0.028441593 0.068064503 0.014490024 0.997170150
1341846383.501974 0.150052875 0.018858001 0.715197861 -0.026281366 0.065934524 0.018205166 0.997311652
1341846383.533975 0.146731794 0.014413844 0.705439627 -0.026900176 0.064252034 0.017655430 0.997414827
1341846383.565981 0.145126760 0.013498968 0.700617313 -0.028009698 0.063577250 0.015275531 0.997466803
1341846383.602253 0.130626395 0.004506508 0.692237258 -0.029920990 0.063473910 0.015859846 0.997408748
1341846383.634175 0.106826477 0.010604897 0.685508966 -0.027911998 0.062552370 0.015955281 0.997523665
1341846383.665988 0.112083651 0.018587803 0.680995464 -0.026779121 0.056566473 0.013746220 0.997944951
1341846383.702104 0.111230619 0.007657029 0.671428680 -0.029777503 0.053250309 0.010955370 0.998076975
1341846383.734131 0.117783673 0.008127815 0.663949847 -0.029846063 0.045966692 0.010896135 0.998437583
1341846383.770067 0.108351573 0.009818617 0.657562196 -0.028984202 0.042130612 0.013570880 0.998599410
1341846383.802027 0.101477630 0.012008593 0.644338429 -0.028082320 0.039591640 0.012886685 0.998738110
1341846383.870067 0.087179281 -0.000903892 0.624102592 -0.031970818 0.034633327 0.015886027 0.998762250
1341846383.901854 0.091342054 0.025203470 0.617760777 -0.026040412 0.029987106 0.015951196 0.999083698
1341846383.934301 0.081653602 0.021975743 0.603433549 -0.029736251 0.030043652 0.014961452 0.998994112
1341846383.969997 0.078575552 0.016083367 0.597893476 -0.031757388 0.028000079 0.015726890 0.998979509
1341846384.001936 0.085032023 0.015725400 0.583443820 -0.029484730 0.022628425 0.019285940 0.999122977
1341846384.038092 0.072199851 0.027123630 0.575469315 -0.026386153 0.019511551 0.019845035 0.999264359
1341846384.070104 0.076783009 0.022796018 0.565469503 -0.028611060 0.017200110 0.016454784 0.999307156
1341846384.102008 0.073768027 0.016454509 0.552451611 -0.028057566 0.017022356 0.015581314 0.999339879
1341846384.138265 0.063288786 0.020386584 0.538403869 -0.025903614 0.014343632 0.017528731 0.999407828
1341846384.170093 0.068437256 0.019932421 0.531001747 -0.027181534 0.011102436 0.017542765 0.999414921
1341846384.202188 0.067154400 0.021329034 0.516591609 -0.026177527 0.012162519 0.014834648 0.999473214
1341846384.237844 0.058418922 0.026200552 0.509600997 -0.025630705 0.013743987 0.014656845 0.999469519
1341846384.269968 0.056804739 0.022270450 0.503467262 -0.025962679 0.012163064 0.016567308 0.999451578
1341846384.306015 0.056967363 0.026125837 0.488521636 -0.024151217 0.012044806 0.015942443 0.999508619
1341846384.337907 0.050893717 0.025564529 0.476755530 -0.024653813 0.012950928 0.015919957 0.999485373
1341846384.369865 0.049941961 0.028415883 0.466255963 -0.025575869 0.011869888 0.015075173 0.999488711
1341846384.406199 0.050948821 0.028156180 0.457025439 -0.024875890 0.012358259 0.012799489 0.999532223
1341846384.437788 0.045551218 0.030898867 0.442242473 -0.025050955 0.012769833 0.011994502 0.999532640
1341846384.469882 0.045602683 0.032542065 0.435326844 -0.027521072 0.011403386 0.009887376 0.999507248
1341846384.506115 0.048546992 0.032190405 0.425001532 -0.028717479 0.012014026 0.006947969 0.999491215
1341846384.537970 0.045804732 0.040552221 0.418350428 -0.028923038 0.015034598 0.006040611 0.999450326
1341846384.573994 0.039699737 0.032358691 0.411306649 -0.031584471 0.015373613 0.008590128 0.999345899
1341846384.606493 0.034899797 0.028233001 0.403570652 -0.030092681 0.014097169 0.013319536 0.999358952
1341846384.637999 0.034900308 0.036270946 0.397759438 -0.027198946 0.012620832 0.015949959 0.999423087
1341846384.674068 0.028498458 0.038409721 0.389972597 -0.027469220 0.012408429 0.013728476 0.999451339
1341846384.705921 0.027561199 0.036451690 0.376962423 -0.027289204 0.011162147 0.012858137 0.999482512
1341846384.742045 0.017239613 0.051124368 0.367807388 -0.025322339 0.009975755 0.010264290 0.999576867
1341846384.774082 0.015608967 0.050503988 0.362015456 -0.028601259 0.007787949 0.007603807 0.999531627
1341846384.805987 0.013151467 0.043353301 0.347586185 -0.031284273 0.007483444 0.003301602 0.999477029
1341846384.842025 0.007077985 0.049116846 0.344378442 -0.031161556 0.006501900 0.001427366 0.999492168
1341846384.874081 0.007023051 0.045467131 0.333523810 -0.032850701 0.004142162 0.004296101 0.999442458
1341846384.905998 0.008424764 0.043366186 0.323994935 -0.031471215 0.003608199 0.007294604 0.999471545
1341846384.942014 0.004447964 0.052240081 0.313832581 -0.030076703 0.003823347 0.009161428 0.999498308
1341846384.974049 -0.000501706 0.051178228 0.305273443 -0.031306367 0.004001416 0.012531793 0.999423265
1341846385.009917 -0.001074016 0.048064481 0.300242692 -0.029317826 0.004437516 0.017018387 0.999415398
1341846385.042211 -0.006061648 0.054694723 0.289686412 -0.027785037 0.005722784 0.018429635 0.999427617
1341846385.073967 -0.010200339 0.048465412 0.284452885 -0.030427564 0.006694753 0.018907985 0.999335706
1341846385.110157 -0.011187884 0.045495458 0.276422083 -0.029613331 0.007814064 0.018711321 0.999355733
1341846385.141931 -0.016496181 0.046917707 0.271016598 -0.027469080 0.008698998 0.020486837 0.999374866
1341846385.173929 -0.024973117 0.048027799 0.263801157 -0.025997814 0.008089279 0.019354073 0.999441922
1341846385.210052 -0.021848889 0.047197297 0.258856177 -0.024991812 0.007032253 0.013740507 0.999568462
1341846385.242941 -0.028017312 0.044601332 0.252475083 -0.024314007 0.008158096 0.008069064 0.999638498
1341846385.278001 -0.031509496 0.043029267 0.243864849 -0.024047889 0.007158181 0.004737189 0.999673963
1341846385.311234 -0.038094770 0.036096353 0.233513355 -0.022755811 0.007039603 0.004234799 0.999707282
1341846385.342936 -0.043730594 0.043664940 0.224692851 -0.018342830 0.005960869 0.002260789 0.999811411
1341846385.378101 -0.050307516 0.048197269 0.217525676 -0.017453294 0.006441087 0.000305923 0.999826908
1341846385.410048 -0.059184827 0.045042273 0.209756285 -0.018086735 0.005915117 0.000166420 0.999818921
1341846385.442088 -0.068920620 0.045164492 0.205847293 -0.017276714 0.004168091 0.000306879 0.999841988
1341846385.477970 -0.073463112 0.049816035 0.201016799 -0.017666008 0.000552260 -0.000686752 0.999843538
1341846385.510109 -0.078383714 0.049783789 0.189954787 -0.018230066 -0.001181538 -0.000069317 0.999833107
1341846385.545989 -0.092208259 0.050459042 0.180126607 -0.018451473 -0.003147358 0.000478251 0.999824643
1341846385.577939 -0.098760784 0.054184470 0.172741070 -0.019514481 -0.007754772 0.000047573 0.999779463
1341846385.609948 -0.105993912 0.048595350 0.166745380 -0.020994101 -0.009968372 0.000476366 0.999729812
1341846385.646024 -0.115320779 0.052551474 0.155440077 -0.020842455 -0.013475833 0.001777059 0.999690354
1341846385.678122 -0.122640073 0.051172044 0.149621770 -0.023062935 -0.019310854 0.003312493 0.999541998
1341846385.713966 -0.122681342 0.051696286 0.141530782 -0.023222730 -0.022400832 0.003602285 0.999472857
1341846385.745986 -0.129663035 0.053482026 0.135291234 -0.022051629 -0.022023294 0.004810409 0.999502659
1341846385.778024 -0.139765307 0.061360169 0.130567953 -0.021091802 -0.023840686 0.007723371 0.999463439
1341846385.814480 -0.138303936 0.063389622 0.118387096 -0.021586375 -0.025613720 0.006540244 0.999417424
1341846385.846594 -0.134137824 0.065813884 0.104279824 -0.021853231 -0.023937015 0.004311827 0.999465287
1341846385.884072 -0.152466223 0.064316958 0.102996364 -0.023212768 -0.019848086 0.006493052 0.999512434
1341846385.920282 -0.151649475 0.065759964 0.101476133 -0.023591984 -0.022775674 0.007827541 0.999431551
1341846385.951967 -0.144829631 0.065999098 0.084077857 -0.023592822 -0.021486225 0.005480385 0.999475718
1341846385.983828 -0.152831897 0.068669967 0.083711952 -0.022847792 -0.017189078 0.004421500 0.999581397
1341846386.019954 -0.159636140 0.066165067 0.077884994 -0.022864750 -0.017088205 0.007047373 0.999567688
1341846386.053153 -0.159522474 0.063078918 0.073762037 -0.021697460 -0.018965768 0.007065447 0.999559700
1341846386.087964 -0.156032890 0.065232687 0.058288511 -0.018621100 -0.017341737 0.003045112 0.999671578
1341846386.120298 -0.167106226 0.063719884 0.053940780 -0.017641455 -0.013505053 -0.000420315 0.999753058
1341846386.152323 -0.173707992 0.060711224 0.047664553 -0.015530202 -0.013388374 -0.001030203 0.999789238
1341846386.187922 -0.174853146 0.062462952 0.042681888 -0.012367672 -0.015037529 -0.003258179 0.999805093
1341846386.220214 -0.176298216 0.064056627 0.028978704 -0.010324728 -0.014456258 -0.007672001 0.999812782
1341846386.251878 -0.176008523 0.058107574 0.013684803 -0.008022661 -0.013181807 -0.010379873 0.999827027
1341846386.287926 -0.186006486 0.057015464 -0.002070943 -0.005336972 -0.013859473 -0.010045977 0.999839246
1341846386.320048 -0.179465488 0.061528329 -0.008094748 -0.002304636 -0.016476125 -0.013901482 0.999764979
1341846386.351806 -0.177793890 0.061340619 -0.019807396 -0.000517445 -0.014296414 -0.018384587 0.999728620
1341846386.387904 -0.182148129 0.058586102 -0.037886046 0.000963256 -0.013402758 -0.018209457 0.999743879
1341846386.420158 -0.188587397 0.058994710 -0.055737212 0.002760067 -0.015053803 -0.017114665 0.999736369
1341846386.488011 -0.175720453 0.070133701 -0.089062214 0.004594901 -0.020100078 -0.019951981 0.999588311
1341846386.550203 -0.189250499 0.064464368 -0.118205659 0.006095844 -0.018821903 -0.020912509 0.999585569
1341846386.582265 -0.187418759 0.073971704 -0.138129413 0.007374498 -0.022389840 -0.018402152 0.999552727
1341846386.618055 -0.179466382 0.078532800 -0.156938329 0.007136539 -0.023077445 -0.019855017 0.999511003
1341846386.651032 -0.184665829 0.085451782 -0.180327937 0.006215566 -0.021167379 -0.021235248 0.999531090
1341846386.682220 -0.186647266 0.086660393 -0.194155812 0.003616116 -0.022652095 -0.019167427 0.999553144
1341846386.718071 -0.180673450 0.079787001 -0.205395177 0.002266562 -0.023961958 -0.017082803 0.999564350
1341846386.750071 -0.171453327 0.086423658 -0.224035725 0.004890710 -0.022048689 -0.015708819 0.999621511
1341846386.786100 -0.174835369 0.088672452 -0.232841164 0.005449597 -0.019163964 -0.012324407 0.999725521
1341846386.817967 -0.175794870 0.089686833 -0.246187091 0.006440525 -0.019549424 -0.010533536 0.999732673
1341846386.850155 -0.169005617 0.096622221 -0.263134718 0.007967803 -0.018314878 -0.010784235 0.999742329
1341846386.886034 -0.169036344 0.098154105 -0.276083171 0.007707523 -0.015336053 -0.009264549 0.999809742
1341846386.918050 -0.172998071 0.098012470 -0.291847467 0.007937939 -0.013226832 -0.006159618 0.999862015
1341846386.954005 -0.171386600 0.102579266 -0.301865846 0.008844716 -0.012670767 -0.004041466 0.999872446
1341846386.986155 -0.166382387 0.104438871 -0.316369832 0.008658128 -0.011140675 -0.004273804 0.999891341
1341846387.018027 -0.163087934 0.100363396 -0.324122399 0.007992383 -0.006872314 -0.002224571 0.999942005
1341846387.054058 -0.172825351 0.102184631 -0.337617069 0.009626415 -0.004364443 -0.000544877 0.999943972
1341846387.086157 -0.169678003 0.107828870 -0.346014917 0.010654768 -0.004591496 -0.000558737 0.999932528
1341846387.118350 -0.163386181 0.103781536 -0.359560817 0.010796579 -0.002008409 -0.001774019 0.999938130
1341846387.153927 -0.172110036 0.104966879 -0.375366271 0.012349408 0.000989025 -0.002061851 0.999921143
1341846387.185953 -0.177728087 0.115193166 -0.384589165 0.012853500 0.000323273 -0.001065287 0.999916792
1341846387.222042 -0.172371253 0.116452560 -0.391314983 0.010449396 -0.000857933 -0.003057718 0.999940336
1341846387.253968 -0.170623392 0.114096910 -0.402988523 0.009287769 0.001034973 -0.005244369 0.999942601
1341846387.286046 -0.176517457 0.116282143 -0.416616857 0.008171015 0.001397948 -0.003197456 0.999960482
1341846387.322002 -0.168020323 0.116974249 -0.424896419 0.006274556 -0.000603512 -0.001998529 0.999978125
1341846387.353879 -0.163899645 0.114906371 -0.442607373 0.004997985 0.000977782 -0.002707115 0.999983370
1341846387.386177 -0.175016105 0.113900974 -0.452071190 0.004718401 0.002187093 0.000087612 0.999986470
1341846387.422132 -0.168273315 0.115118437 -0.460613549 0.005113971 0.000170390 0.003030649 0.999982297
1341846387.454043 -0.161169156 0.119974665 -0.472700149 0.005586322 0.001185760 0.001087980 0.999983072
1341846387.490166 -0.170372725 0.120979376 -0.482634068 0.005050068 0.002697175 0.001866111 0.999981880
1341846387.522009 -0.171453938 0.121428870 -0.488646954 0.005323546 0.000547664 0.006390657 0.999965250
1341846387.554619 -0.162190914 0.125880584 -0.504161835 0.005897343 -0.000763320 0.007953673 0.999950707
1341846387.590257 -0.158377916 0.136606067 -0.516467094 0.004875474 -0.000218565 0.007687567 0.999958515
1341846387.622301 -0.160031572 0.135520414 -0.519567609 0.001585816 0.001352156 0.008146776 0.999964654
1341846387.654151 -0.168284923 0.134520471 -0.525288761 -0.000138687 0.001717043 0.008019900 0.999966383
1341846387.690110 -0.169344634 0.140445530 -0.535415053 -0.000775225 -0.000369168 0.006852972 0.999976158
1341846387.722109 -0.167770460 0.141343638 -0.538330495 -0.003128318 -0.001439776 0.006563082 0.999972522
1341846387.758177 -0.170194820 0.136550277 -0.545619965 -0.004870402 -0.001928960 0.007414882 0.999958754
1341846387.790191 -0.172167316 0.133867085 -0.555102229 -0.004769170 -0.003584245 0.010905884 0.999922693
1341846387.822157 -0.167532682 0.141715094 -0.561732233 -0.003272093 -0.006097865 0.011166201 0.999913692
1341846387.858179 -0.172961786 0.146043301 -0.568351626 -0.003765924 -0.006664120 0.014228504 0.999869466
1341846387.890013 -0.175991714 0.145199060 -0.572635829 -0.004002180 -0.009208148 0.015450257 0.999830186
1341846387.926103 -0.169833869 0.149676010 -0.579861104 -0.003617988 -0.010739227 0.015328445 0.999818265
1341846387.958426 -0.173884764 0.150394335 -0.581589937 -0.004403406 -0.011036431 0.017977007 0.999767780
1341846387.990086 -0.177672118 0.149595037 -0.587226629 -0.005120261 -0.013105311 0.019343443 0.999713898
1341846388.026158 -0.174770430 0.141394034 -0.573213696 -0.004257681 -0.016970281 0.017911259 0.999686480
1341846388.058060 -0.166853502 0.140065089 -0.575131416 0.000413933 -0.019316463 0.024364231 0.999516428
1341846388.089974 -0.172822237 0.141570181 -0.575254977 0.005653978 -0.021775147 0.029091515 0.999323547
1341846388.126088 -0.168408707 0.157937720 -0.579150498 0.009028676 -0.023767959 0.027415056 0.999300778
1341846388.158090 -0.155221790 0.170141965 -0.591087997 0.006611106 -0.023093989 0.025174415 0.999394417
1341846388.194068 -0.161852464 0.157730013 -0.573049724 0.001066880 -0.020188974 0.021576826 0.999562740
1341846388.225961 -0.164218679 0.151778191 -0.566796005 -0.000012743 -0.020603042 0.019628488 0.999594986
1341846388.257928 -0.160189822 0.160091385 -0.563478529 -0.000524420 -0.020999081 0.020943267 0.999559999
1341846388.294066 -0.160119414 0.147110149 -0.549540341 -0.002326586 -0.021236392 0.020930501 0.999552667
1341846388.325954 -0.155407548 0.157188743 -0.543485224 -0.000356735 -0.021685932 0.018547587 0.999592721
1341846388.357936 -0.156319782 0.156937107 -0.542200983 -0.002117153 -0.020294731 0.017671408 0.999635577
1341846388.394202 -0.157485917 0.147661358 -0.525161564 -0.003934748 -0.020640118 0.015381905 0.999660850
1341846388.425957 -0.152512044 0.150516540 -0.528958380 -0.003904338 -0.021765962 0.012909716 0.999672115
1341846388.462012 -0.155066788 0.147199333 -0.513633668 -0.005075755 -0.019564852 0.010687090 0.999738574
1341846388.493961 -0.157386795 0.138992921 -0.494144350 -0.004624853 -0.020418813 0.010439212 0.999726295
1341846388.526293 -0.152079135 0.136485755 -0.485029906 -0.003080801 -0.022546278 0.010422264 0.999686718
1341846388.562293 -0.143741861 0.137071133 -0.473945677 -0.001295606 -0.021389479 0.008561304 0.999733746
1341846388.594090 -0.148495764 0.137501761 -0.463645995 -0.000495781 -0.019282736 0.007754926 0.999783874
1341846388.626030 -0.149888694 0.137588799 -0.445128709 -0.000449700 -0.019747701 0.006789355 0.999781847
1341846388.662009 -0.142076477 0.124616481 -0.433942854 0.000012930 -0.019418307 0.005092968 0.999798477
1341846388.694110 -0.147533625 0.130811185 -0.424943358 0.002089561 -0.017807331 0.004546936 0.999828935
1341846388.730239 -0.145068914 0.131413922 -0.406878114 0.000607132 -0.018951204 0.003906543 0.999812603
1341846388.762131 -0.136932924 0.118673049 -0.396402568 -0.000133187 -0.018233359 0.001123027 0.999833107
1341846388.794087 -0.142847165 0.127260059 -0.385265589 0.001638554 -0.015711743 0.001420161 0.999874234
1341846388.830117 -0.147749707 0.129733428 -0.362679780 -0.000322260 -0.016625155 0.003082002 0.999857008
1341846388.868548 -0.137794226 0.113460511 -0.359089553 -0.001820162 -0.017799327 0.003565078 0.999833584
1341846388.900942 -0.143958345 0.124790661 -0.342253894 -0.000334454 -0.015661703 0.002939764 0.999872983
1341846388.937157 -0.143654972 0.125059083 -0.322088659 -0.003593658 -0.017339883 0.003995111 0.999835193
1341846388.970712 -0.141654581 0.116700590 -0.300653815 -0.005655619 -0.017614761 0.003131473 0.999823928
1341846389.001153 -0.142091870 0.115580685 -0.290878385 -0.005629202 -0.017534226 0.002330340 0.999827743
1341846389.036956 -0.144754961 0.123233408 -0.272581786 -0.007398722 -0.017516129 0.000653754 0.999818981
1341846389.069208 -0.142092407 0.105866641 -0.255248100 -0.011254190 -0.018291755 0.000601530 0.999769151
1341846389.168276 -0.142290354 0.092804745 -0.218418837 -0.012011826 -0.017682280 0.001908504 0.999769688
1341846389.230639 -0.152742401 0.092986673 -0.179395169 -0.008414453 -0.016103975 0.002665177 0.999831378
1341846389.266034 -0.146910891 0.090452977 -0.169410348 -0.007433430 -0.018346483 0.001878773 0.999802291
1341846389.298760 -0.141868278 0.084880330 -0.164940357 -0.006598811 -0.016234750 0.001440963 0.999845386
1341846389.329980 -0.146870181 0.087547809 -0.137743518 -0.004505730 -0.013974546 0.000858315 0.999891818
1341846389.366022 -0.139864028 0.088291578 -0.123694204 -0.003958319 -0.014843059 0.001076216 0.999881446
1341846389.397969 -0.133478329 0.082684390 -0.117849365 -0.003943643 -0.012516019 0.001085634 0.999913335
1341846389.433982 -0.134376302 0.082903631 -0.104613326 -0.000622457 -0.008479482 0.001026534 0.999963343
1341846389.466033 -0.135679677 0.087518640 -0.093888409 -0.000658505 -0.007790376 0.003763254 0.999962389
1341846389.498030 -0.131035134 0.083865084 -0.073928416 -0.001412553 -0.008252497 0.003244099 0.999959707
1341846389.534085 -0.129959121 0.088054843 -0.072858252 -0.000609431 -0.005236412 0.001792273 0.999984503
1341846389.565875 -0.133695215 0.094256349 -0.062621176 -0.002153322 -0.002962874 0.001184484 0.999992609
1341846389.597960 -0.133273467 0.091232769 -0.044700138 -0.006558510 -0.004018350 0.001497816 0.999969304
1341846389.634116 -0.128177762 0.087759949 -0.034540050 -0.008042954 -0.005094954 0.001205472 0.999953926
1341846389.665950 -0.124037325 0.101913050 -0.021263288 -0.009184033 -0.003928515 -0.001865948 0.999948382
1341846389.702127 -0.123647556 0.091084979 0.001742981 -0.014708718 -0.003264957 -0.003262346 0.999881148
1341846389.734086 -0.122462884 0.087065630 0.011128587 -0.014417503 -0.005036090 -0.001588356 0.999882102
1341846389.765898 -0.117753059 0.092023753 0.016919110 -0.014275050 -0.006186577 -0.001050142 0.999878407
1341846389.802126 -0.115382694 0.091795266 0.032363880 -0.015214816 -0.006159308 -0.002768093 0.999861419
1341846389.834063 -0.111581415 0.084959686 0.045472182 -0.014265727 -0.006029217 -0.001836107 0.999878407
1341846389.866260 -0.112211138 0.083348341 0.048381392 -0.011913397 -0.006143118 0.002498341 0.999907076
1341846389.902002 -0.107642226 0.083499528 0.064395010 -0.010432641 -0.007485507 0.001658729 0.999916196
1341846389.934117 -0.099634513 0.086377472 0.071292683 -0.009099812 -0.006176460 -0.000340820 0.999939442
1341846389.970116 -0.098049648 0.087783091 0.085061438 -0.008820921 -0.004079103 -0.000696419 0.999952495
1341846390.002129 -0.101094291 0.084855676 0.094608769 -0.009210767 -0.005511007 0.001542018 0.999941170
1341846390.034099 -0.094049461 0.082732782 0.104185820 -0.008530797 -0.008861655 0.001317259 0.999923468
1341846390.070024 -0.089129552 0.088895962 0.111156926 -0.007423576 -0.008013476 -0.002496617 0.999937236
1341846390.101910 -0.088945188 0.086297542 0.121378414 -0.008805213 -0.007978256 -0.003636095 0.999922812
1341846390.137924 -0.083591737 0.079512909 0.127232775 -0.008606641 -0.010833513 -0.001521682 0.999903142
1341846390.170038 -0.078047298 0.087382697 0.126312196 -0.006274523 -0.010676808 -0.002552374 0.999920070
1341846390.202115 -0.076101035 0.089143075 0.133920908 -0.008993580 -0.009538640 -0.004483221 0.999904037
1341846390.238117 -0.073991440 0.083393700 0.146184787 -0.010083896 -0.010518889 -0.003349104 0.999888241
1341846390.270052 -0.068475418 0.084227122 0.151786253 -0.009388930 -0.013972345 0.003198742 0.999853194
1341846390.302085 -0.058264516 0.085823715 0.153611764 -0.010767052 -0.015149121 0.005046021 0.999814570
1341846390.338496 -0.052346684 0.082841136 0.167423412 -0.010997044 -0.013925351 0.007249350 0.999816298
1341846390.370105 -0.055003654 0.085097894 0.175091162 -0.010740323 -0.015394269 0.012672035 0.999743521
1341846390.438106 -0.043607358 0.086184755 0.192275837 -0.015696513 -0.021654656 0.010231932 0.999589920
1341846390.505984 -0.035813268 0.091962263 0.211618602 -0.019759076 -0.030916953 0.013617218 0.999233842
1341846390.538495 -0.021210521 0.089375712 0.211358622 -0.021134516 -0.033699863 0.009971722 0.999158740
1341846390.606055 -0.019014630 0.092008099 0.234907076 -0.023961328 -0.036250520 0.017800381 0.998896837
1341846390.638031 -0.005398308 0.095469818 0.234349653 -0.022983873 -0.039623775 0.018430358 0.998780251
1341846390.673954 0.000942595 0.101418518 0.234117493 -0.022299243 -0.036247633 0.014512138 0.998988628
1341846390.705937 -0.001934280 0.109323680 0.247010738 -0.024675140 -0.034496345 0.013778391 0.999005139
1341846390.737965 0.001036752 0.099904694 0.257019371 -0.028262055 -0.035966996 0.013832450 0.998857498
1341846390.774135 0.012182073 0.103346355 0.259177774 -0.025716711 -0.034657668 0.013056605 0.998982966
1341846390.806067 0.018340383 0.108973749 0.266428143 -0.025721710 -0.030734804 0.014284326 0.999094427
1341846390.838026 0.016163468 0.111962937 0.276761025 -0.027161006 -0.029425878 0.015630793 0.999075592
1341846390.874116 0.025148744 0.114948310 0.279708862 -0.027985539 -0.030197442 0.017805431 0.998993456
1341846390.906067 0.023002220 0.116562769 0.279146701 -0.029858753 -0.027873684 0.021536933 0.998933256
1341846390.942137 0.028821355 0.116337635 0.289374977 -0.032193724 -0.028552053 0.024796680 0.998765945
1341846390.974052 0.031370800 0.110077783 0.294150084 -0.031867608 -0.030014893 0.029621631 0.998602092
1341846391.006164 0.032514781 0.118799180 0.290357023 -0.029516244 -0.031688254 0.032117151 0.998545527
1341846391.042303 0.043105684 0.117164887 0.295309812 -0.032192472 -0.033937894 0.029515149 0.998469174
1341846391.074134 0.038768873 0.114281088 0.296179473 -0.032378070 -0.034131527 0.026332930 0.998545587
1341846391.106097 0.035986006 0.117470421 0.293883711 -0.031548511 -0.035595253 0.026210770 0.998524249
1341846391.142154 0.041416012 0.114651024 0.294360250 -0.032439537 -0.038591884 0.028666211 0.998316884
1341846391.174124 0.045076162 0.116736300 0.294487566 -0.031633854 -0.039599031 0.029113892 0.998290300
1341846391.209961 0.040103935 0.118681759 0.293206841 -0.031050967 -0.037758134 0.029087547 0.998380721
1341846391.241977 0.042118128 0.110265866 0.296150327 -0.031840604 -0.039905552 0.032366868 0.998171389
1341846391.273984 0.044224836 0.109526031 0.288859040 -0.030175550 -0.041748751 0.030943684 0.998192847
1341846391.309946 0.043565627 0.108670719 0.280800521 -0.029572602 -0.040781077 0.029717073 0.998288155
1341846391.342018 0.038117684 0.105435394 0.287787020 -0.029899608 -0.041489903 0.029168632 0.998265386
1341846391.378060 0.037765577 0.106546730 0.286877632 -0.029192168 -0.044544712 0.026648985 0.998225152
1341846391.410037 0.043343950 0.108002387 0.282586783 -0.028983256 -0.045789685 0.024092726 0.998239875
1341846391.442052 0.043861240 0.101887420 0.286223054 -0.028904218 -0.044937205 0.025827203 0.998237491
1341846391.478040 0.039847214 0.103641368 0.285092682 -0.026980588 -0.046108920 0.031131640 0.998086572
1341846391.510072 0.041757241 0.109572358 0.278893769 -0.026303401 -0.048269287 0.032552648 0.997957170
1341846391.542159 0.041778892 0.108403027 0.277879059 -0.027277276 -0.047462113 0.032234751 0.997980118
1341846391.578010 0.042003851 0.107571773 0.280269146 -0.027152751 -0.046940237 0.032520466 0.997998893
1341846391.610169 0.039599203 0.101932324 0.279163420 -0.027044041 -0.048223320 0.035046887 0.997855127
1341846391.645942 0.039270587 0.101421490 0.277540863 -0.025836334 -0.050129183 0.035356034 0.997782290
1341846391.677959 0.037532739 0.102492489 0.274256051 -0.024354190 -0.049888335 0.034193404 0.997872114
1341846391.710022 0.033211868 0.096941814 0.277425945 -0.023370080 -0.049757034 0.035608429 0.997852743
1341846391.745846 0.032351777 0.093812250 0.276400030 -0.021380892 -0.052157208 0.034767870 0.997804463
1341846391.778020 0.037155602 0.094002396 0.272846192 -0.019207124 -0.053062752 0.033614866 0.997840405
1341846391.810026 0.033630196 0.088077836 0.269783199 -0.018234722 -0.052315369 0.034702100 0.997860909
1341846391.846013 0.032365054 0.085721113 0.271273166 -0.016404662 -0.052629896 0.035586867 0.997844934
1341846391.877984 0.032520384 0.082405575 0.265179902 -0.013847849 -0.052650016 0.037535105 0.997811258
1341846391.914033 0.033489477 0.081567250 0.269065946 -0.012169921 -0.052096844 0.038537435 0.997824013
1341846391.945996 0.031727135 0.081557862 0.267676860 -0.010623543 -0.052487385 0.038083341 0.997838616
1341846391.978037 0.033761680 0.081798732 0.266341418 -0.010383702 -0.052776739 0.036110427 0.997899234
1341846392.014187 0.034556083 0.078434110 0.265250474 -0.010214990 -0.052204181 0.034924719 0.997973263
1341846392.046054 0.030924054 0.079294562 0.266251087 -0.008785970 -0.051879555 0.035458148 0.997985005
1341846392.078061 0.030587021 0.084470116 0.266104698 -0.007816622 -0.052503143 0.035770018 0.997949302
1341846392.114010 0.033672843 0.083449230 0.266386747 -0.008244590 -0.053072404 0.034972660 0.997944057
1341846392.145989 0.033592790 0.082754083 0.263030410 -0.008009246 -0.052871890 0.033994850 0.997990370
1341846392.181959 0.025330588 0.088531159 0.259708315 -0.008713810 -0.053662937 0.033545390 0.997957468
1341846392.213917 0.033583891 0.083088070 0.266071081 -0.010577731 -0.057043888 0.031804204 0.997808874
1341846392.246105 0.036845166 0.085313782 0.262792408 -0.008808365 -0.055221520 0.026607946 0.998080671
1341846392.282032 0.034540221 0.085107334 0.263309926 -0.009005710 -0.054320905 0.026853263 0.998121798
1341846392.314025 0.040659033 0.080485038 0.271738827 -0.008430056 -0.057600189 0.029977594 0.997853935
1341846392.349981 0.043477491 0.086831942 0.267960519 -0.005260595 -0.057158079 0.029371757 0.997919142
1341846392.382103 0.041449413 0.087201238 0.266357183 -0.004612861 -0.055128329 0.030450698 0.998004198
1341846392.414056 0.041380312 0.085937090 0.257696122 -0.004727461 -0.055859875 0.032344449 0.997903407
1341846392.450136 0.045563657 0.080792256 0.259116232 -0.003796454 -0.056834269 0.036947686 0.997692466
1341846392.482091 0.047740173 0.079418369 0.259492397 -0.001544252 -0.057393320 0.038342349 0.997613907
1341846392.514096 0.049837720 0.080805473 0.253104657 -0.000272038 -0.057291426 0.037611000 0.997648776
1341846392.550030 0.049280114 0.076583013 0.256684572 -0.000986355 -0.057912722 0.038798537 0.997566938
1341846392.582053 0.051074088 0.071802683 0.254832834 0.000044068 -0.059339549 0.041741874 0.997364759
1341846392.617983 0.049229421 0.071485110 0.252725869 0.001872494 -0.059251212 0.042792082 0.997323751
1341846392.649909 0.051194463 0.070913054 0.249333516 0.003123854 -0.058998354 0.040301803 0.997439325
1341846392.682128 0.050409358 0.068186976 0.249068782 0.003461972 -0.059233669 0.038947921 0.997478068
1341846392.718019 0.049181338 0.063603714 0.249553785 0.004665804 -0.061234586 0.041141167 0.997264266
1341846392.749829 0.051577654 0.064176463 0.247339740 0.006745152 -0.063034378 0.041465417 0.997126758
1341846392.782107 0.053318929 0.064964429 0.246090218 0.007461230 -0.063049182 0.040994454 0.997140229
1341846392.818251 0.049605634 0.061918803 0.248433501 0.007453965 -0.061944291 0.040950719 0.997211337
1341846392.852165 0.051801484 0.058558300 0.244168743 0.008965579 -0.062830642 0.042104181 0.997095406
1341846392.885913 0.055528034 0.059986524 0.244407848 0.010371247 -0.062596001 0.040300556 0.997171044
1341846392.917882 0.056107592 0.056745239 0.241907775 0.011482968 -0.061311379 0.040667646 0.997223735
1341846392.950023 0.056142420 0.054495491 0.244477928 0.013189104 -0.060814306 0.041174147 0.997212291
