1341846361.788774 0.000000000 0.000000000 0.000000000 0.000000000 0.000000000 0.000000000 1.000000000
1341846361.824112 -0.013056060 0.000722331 0.009078093 -0.002297536 0.003723528 -0.004866708 0.999978602
1341846361.856016 -0.033336654 0.020110445 0.010125328 -0.005618657 0.005915534 -0.007661192 0.999937356
1341846361.887871 -0.042441763 -0.007668114 0.020544795 -0.017603707 0.008937649 -0.013589385 0.999712706
1341846361.923930 -0.060663685 -0.022728927 0.028139105 -0.019032545 0.013285222 -0.010396342 0.999676526
1341846361.955927 -0.071468830 -0.020501360 0.025065120 -0.012108783 0.011336056 -0.002408111 0.999859512
1341846361.991999 -0.081088401 -0.027248908 0.028164763 -0.009944238 0.006739297 0.004188254 0.999919057
1341846362.023994 -0.081352308 -0.022993617 0.033921525 -0.005380427 0.003650317 0.005611652 0.999963105
1341846362.056118 -0.088789843 -0.013541324 0.031277843 -0.002627811 0.004365731 0.006613414 0.999965131
1341846362.091992 -0.108894221 -0.013827911 0.035271190 -0.004159590 0.005762435 0.006706111 0.999952257
1341846362.123929 -0.112255953 -0.026642682 0.047284983 -0.005351757 0.004133275 0.007665657 0.999947727
1341846362.156058 -0.120909631 -0.029596813 0.043582093 -0.002000489 0.004493536 0.009760531 0.999940276
1341846362.191987 -0.136499599 -0.027555745 0.049188491 0.001073119 0.004897488 0.012457872 0.999909818
1341846362.224138 -0.141691849 -0.034955800 0.055518568 0.004766874 0.003025207 0.015902145 0.999857605
1341846362.260011 -0.144885361 -0.028399356 0.053448532 0.010609942 0.004665327 0.014290566 0.999830723
1341846362.291979 -0.154676750 -0.030911071 0.054923013 0.012662945 0.008715449 0.013791110 0.999786735
1341846362.323947 -0.165446356 -0.031390518 0.058929078 0.015239895 0.011947996 0.012845421 0.999729991
1341846362.359889 -0.176146135 -0.028885903 0.066166110 0.017358497 0.015949821 0.011350789 0.999657631
1341846362.392021 -0.188161880 -0.031685311 0.064876303 0.017910307 0.021164510 0.011543226 0.999548912
1341846362.423868 -0.204339638 -0.032828506 0.071990460 0.019330723 0.024459638 0.011991037 0.999441981
1341846362.459968 -0.218186870 -0.036334366 0.074838430 0.022198025 0.026113413 0.013034660 0.999327481
1341846362.491924 -0.232650548 -0.036882915 0.070253178 0.024109833 0.026128564 0.016007932 0.999239564
1341846362.523976 -0.237059191 -0.037946004 0.072761908 0.025555816 0.025457947 0.017831855 0.999190092
1341846362.559933 -0.249660388 -0.041430809 0.073597826 0.027328687 0.027340936 0.019315260 0.999065816
1341846362.592338 -0.258291572 -0.038356986 0.075370908 0.028872529 0.027282765 0.019213125 0.999025941
1341846362.628177 -0.265696019 -0.037039556 0.075750753 0.028595727 0.026376180 0.019385735 0.999054968
1341846362.660128 -0.275449336 -0.036810089 0.072622903 0.028122760 0.026789183 0.018412085 0.999075770
1341846362.691901 -0.286845922 -0.037388131 0.080147505 0.026647720 0.025083432 0.017807372 0.999171436
1341846362.727993 -0.297475725 -0.042100765 0.074944660 0.024545360 0.021889875 0.016697396 0.999319553
1341846362.759942 -0.307781458 -0.043820038 0.075622655 0.024220658 0.019900663 0.014613829 0.999401689
1341846362.792002 -0.317306608 -0.040641569 0.073806353 0.023956884 0.018788317 0.012649288 0.999456346
1341846362.827965 -0.326519966 -0.044289593 0.073157631 0.022224326 0.016669616 0.010199567 0.999561965
1341846362.859959 -0.331121862 -0.045870852 0.074588083 0.021827115 0.015053488 0.006678996 0.999626100
1341846362.891861 -0.344546974 -0.043141920 0.076462865 0.022563877 0.015612436 0.005555360 0.999608040
1341846362.928098 -0.351482481 -0.047205623 0.082256049 0.022432003 0.013437402 0.006349008 0.999637902
1341846362.959894 -0.358074605 -0.053266659 0.085963979 0.024806177 0.012740292 0.008453567 0.999575377
1341846362.995909 -0.367374569 -0.053415217 0.086041570 0.028390203 0.011250586 0.011416276 0.999468386
1341846363.028072 -0.371081024 -0.056982290 0.089597724 0.030253725 0.008463847 0.013162057 0.999419749
1341846363.059896 -0.373474121 -0.059807263 0.092037164 0.034779400 0.008937284 0.010894336 0.999295652
1341846363.096102 -0.380553722 -0.051884349 0.086917832 0.038635422 0.011495917 0.008977496 0.999146879
1341846363.127992 -0.389063269 -0.054143973 0.091275789 0.037525363 0.012993054 0.005902083 0.999193728
1341846363.159870 -0.380987525 -0.055413540 0.090319775 0.039139125 0.014806552 0.002768256 0.999120235
1341846363.195966 -0.398412794 -0.055389918 0.092906401 0.041677490 0.019548092 0.005676309 0.998923779
1341846363.227902 -0.416567743 -0.059911385 0.083756223 0.042995550 0.018751508 0.008895777 0.998859644
1341846363.259977 -0.416795582 -0.059353884 0.094889246 0.046163231 0.015943654 0.013395679 0.998716831
1341846363.296031 -0.425362498 -0.057421442 0.094651155 0.049924485 0.018827591 0.015565977 0.998454213
1341846363.328065 -0.438502014 -0.051607609 0.093177222 0.050946113 0.019170968 0.018797964 0.998340368
1341846363.364023 -0.446931660 -0.055978350 0.094256714 0.049266119 0.015445610 0.022030376 0.998423219
1341846363.395985 -0.455851912 -0.059885014 0.092219956 0.048297893 0.011071851 0.022369120 0.998521090
1341846363.427955 -0.458107531 -0.054734897 0.089548402 0.048243724 0.007691353 0.018461984 0.998635352
1341846363.463979 -0.470236868 -0.051471431 0.089870691 0.046738889 0.005486697 0.017701576 0.998735249
1341846363.495986 -0.481687427 -0.053623337 0.088045515 0.044671249 0.001676514 0.020485995 0.998790264
1341846363.527941 -0.487982810 -0.050602403 0.084769607 0.042561945 -0.001565131 0.022692448 0.998834848
1341846363.564057 -0.497570097 -0.048511114 0.084962614 0.038760651 -0.003288604 0.026333068 0.998896062
1341846363.596025 -0.511439502 -0.048289366 0.096296132 0.035705633 -0.006247390 0.028437857 0.998938143
1341846363.632058 -0.506472170 -0.061613895 0.098595150 0.035455335 -0.014581989 0.033343058 0.998708427
1341846363.663931 -0.511051774 -0.051596936 0.096020892 0.037815612 -0.016429715 0.030697813 0.998677969
1341846363.695998 -0.515075207 -0.055940811 0.103780903 0.035571460 -0.018517418 0.026864983 0.998834312
1341846363.732007 -0.515157700 -0.055447277 0.105299205 0.033403262 -0.024214080 0.019729527 0.998953760
1341846363.794060 -0.521008492 -0.061681341 0.096162625 0.036017258 -0.037003506 0.023228178 0.998395681
1341846363.826406 -0.510501802 -0.053121153 0.097387232 0.038109388 -0.039779406 0.020931166 0.998262048
1341846363.861897 -0.503982186 -0.050387058 0.094149247 0.039371766 -0.039666694 0.019224672 0.998251855
1341846363.893984 -0.501063108 -0.044281986 0.090557545 0.039984152 -0.039139744 0.018295322 0.998265803
1341846363.926076 -0.488640517 -0.041218314 0.094721705 0.037926339 -0.039890788 0.018757591 0.998307824
1341846363.962090 -0.478156894 -0.041430984 0.092539437 0.036289666 -0.038792677 0.020371096 0.998380244
1341846363.994287 -0.475315452 -0.045553103 0.089629732 0.035023402 -0.037778173 0.023003185 0.998407245
1341846364.025993 -0.461197317 -0.043815494 0.093281552 0.034424208 -0.037810676 0.023246737 0.998421252
1341846364.061809 -0.448837638 -0.043841962 0.094085924 0.032844093 -0.035775401 0.022844333 0.998558700
1341846364.094209 -0.442133158 -0.056610651 0.091025248 0.032221582 -0.033155724 0.023206774 0.998661041
1341846364.130022 -0.433521777 -0.058415957 0.095842898 0.033734605 -0.033065371 0.023351759 0.998610735
1341846364.162231 -0.418653697 -0.070129424 0.094106592 0.036226965 -0.035528157 0.022607308 0.998455942
1341846364.194049 -0.403836042 -0.066538773 0.090667233 0.041703019 -0.037160099 0.018952435 0.998258889
1341846364.230023 -0.391696364 -0.066149324 0.079076983 0.044421691 -0.038611859 0.017635541 0.998110652
1341846364.262044 -0.372834355 -0.066294648 0.092692725 0.048913747 -0.039288357 0.014199371 0.997928977
1341846364.294059 -0.361251682 -0.064418569 0.069211952 0.052259699 -0.034836862 0.011246447 0.997962356
1341846364.330003 -0.342989832 -0.055989720 0.075719185 0.052119080 -0.032490768 0.009715663 0.998064876
1341846364.362052 -0.333021760 -0.065367073 0.076219477 0.050941732 -0.029203828 0.008272039 0.998240292
1341846364.397902 -0.310190082 -0.063835368 0.073878393 0.052317351 -0.023633918 0.005951155 0.998333037
1341846364.430108 -0.307012886 -0.059957515 0.079641201 0.052777652 -0.018276935 0.005088005 0.998426020
1341846364.462063 -0.292921782 -0.060713436 0.074169233 0.052006636 -0.015154282 0.003004748 0.998527229
1341846364.498091 -0.278280973 -0.062749028 0.071924716 0.052064702 -0.010623705 0.000780933 0.998586893
1341846364.530058 -0.266244322 -0.061963815 0.077091955 0.051356934 -0.007721317 -0.000701553 0.998650253
1341846364.561952 -0.255300313 -0.064263985 0.071112804 0.051286038 -0.004535581 -0.005024360 0.998661041
1341846364.597928 -0.241052091 -0.060082734 0.073292360 0.050212752 -0.001224600 -0.007288672 0.998711169
1341846364.629950 -0.229910269 -0.067939073 0.079320930 0.048896443 0.000561491 -0.006506232 0.998782516
1341846364.665991 -0.231229007 -0.070307538 0.061954044 0.050050139 0.000986768 -0.005688178 0.998730004
1341846364.698004 -0.220037580 -0.068011105 0.061727762 0.050094806 -0.001136195 -0.003988474 0.998735905
1341846364.730097 -0.203993723 -0.072035328 0.058192857 0.050463732 -0.002090618 -0.004078932 0.998715401
1341846364.766057 -0.198063046 -0.067740612 0.053814597 0.052447919 -0.000792946 -0.003586810 0.998616874
1341846364.798632 -0.185371742 -0.063325875 0.045344658 0.051891875 -0.001763964 -0.003288179 0.998645723
1341846364.833901 -0.167593971 -0.068104573 0.036759101 0.050556336 -0.000392611 -0.005537227 0.998705804
1341846364.865923 -0.158790663 -0.072333336 0.039843120 0.051277887 0.003480991 -0.007601005 0.998649418
1341846364.897970 -0.154201537 -0.072941884 0.034204770 0.050860085 0.002446989 -0.005362344 0.998688400
1341846364.934019 -0.133876771 -0.074657932 0.024862982 0.050492536 -0.001105990 -0.002770470 0.998719990
1341846364.966047 -0.116685353 -0.065763205 0.022482991 0.051863566 0.000685799 -0.004525519 0.998643696
1341846364.998055 -0.108815916 -0.058965851 0.025342703 0.049061745 0.002320179 -0.004682534 0.998782098
1341846365.034125 -0.097115815 -0.062944584 -0.007260269 0.042820971 0.001072603 -0.004238840 0.999073148
1341846365.066106 -0.087057739 -0.063769132 0.027148560 0.038315549 -0.001898482 -0.004810405 0.999252319
1341846365.101953 -0.063597813 -0.064981557 0.014425343 0.036802698 0.000224244 -0.011902071 0.999251664
1341846365.133922 -0.057852309 -0.062448308 0.021433916 0.033983685 0.006358320 -0.019670118 0.999208570
1341846365.165953 -0.049351756 -0.069635428 0.014078240 0.030372957 0.009275464 -0.021634009 0.999261439
1341846365.201856 -0.022586197 -0.076097019 0.026137881 0.029811669 0.010083277 -0.023282509 0.999233425
1341846365.234093 0.007680621 -0.082161210 0.025497705 0.030801509 0.013501616 -0.022268962 0.999186158
1341846365.266094 0.004491889 -0.085626446 0.032995086 0.034673367 0.020699818 -0.018439930 0.999014139
1341846365.302078 0.018060323 -0.082483068 0.034788832 0.040702235 0.023678420 -0.012415154 0.998813510
1341846365.334027 0.036683377 -0.080356613 0.042907421 0.045608077 0.026903942 -0.010225026 0.998544693
1341846365.369945 0.058495022 -0.081145674 0.022951001 0.047737096 0.032450184 -0.007786348 0.998302281
1341846365.401963 0.064926326 -0.078466654 0.025726154 0.049013749 0.037956212 -0.006061631 0.998058200
1341846365.434082 0.075326189 -0.072994024 0.021257052 0.049531072 0.041684847 -0.008474072 0.997866333
1341846365.469939 0.088684030 -0.053095661 0.015647857 0.046812057 0.048627667 -0.011497625 0.997653127
1341846365.502100 0.082513161 -0.067890257 0.036401723 0.037846431 0.054728992 -0.009144984 0.997741818
1341846365.533844 0.088485979 -0.077774934 0.034873780 0.035437960 0.054273698 -0.005270692 0.997883141
1341846365.569876 0.100462735 -0.079254590 0.017509064 0.037019506 0.052552573 -0.002873278 0.997927606
1341846365.601930 0.113431461 -0.071460195 0.014087269 0.036614072 0.050989866 0.001488754 0.998026669
1341846365.637899 0.132098570 -0.077460334 0.017868191 0.034542996 0.049935017 0.005031499 0.998142242
1341846365.669890 0.140674919 -0.071250767 0.013835235 0.034861144 0.051130876 0.006380706 0.998062909
1341846365.701977 0.151773021 -0.066688471 0.017031467 0.032216020 0.050196078 0.007035750 0.998194814
1341846365.738098 0.160750642 -0.078024000 0.012564995 0.030449878 0.052743547 0.006896204 0.998119891
1341846365.770026 0.166923717 -0.083508231 0.020280341 0.032718409 0.055178765 0.005388955 0.997925699
1341846365.805834 0.170053244 -0.079565056 0.021200441 0.035711691 0.053778358 0.008799415 0.997875273
1341846365.837937 0.183683664 -0.077448912 0.025159642 0.037678737 0.050291453 0.010452096 0.997968853
1341846365.869952 0.194165170 -0.074719787 0.010374659 0.039698202 0.050758608 0.009110538 0.997880042
1341846365.906411 0.204386398 -0.063871786 0.009385157 0.039276857 0.049325440 0.009027924 0.997969329
1341846365.938000 0.219626337 -0.071674973 0.012174550 0.036085818 0.047694627 0.011806883 0.998140097
1341846365.970022 0.223996058 -0.078437336 0.015322057 0.037315361 0.047490995 0.016116535 0.998044312
1341846366.006126 0.239662200 -0.075107999 0.011532023 0.039195638 0.045989163 0.021825770 0.997934043
1341846366.043876 0.249187648 -0.069572151 0.008974534 0.039616898 0.046810977 0.024903415 0.997807145
1341846366.076490 0.261482000 -0.062742531 -0.000177926 0.038968023 0.048151676 0.027624665 0.997697234
1341846366.111888 0.280887783 -0.052208241 -0.013186318 0.035736471 0.051185232 0.030361429 0.997587621
1341846366.143907 0.283744335 -0.047933817 -0.001340917 0.031487040 0.056943934 0.031923234 0.997369945
1341846366.176044 0.281232119 -0.050726075 0.009941932 0.027249545 0.060071729 0.035514791 0.997189820
1341846366.212022 0.296595961 -0.058453422 0.007281738 0.024532422 0.059011180 0.041312683 0.997100353
1341846366.243981 0.312308818 -0.054509819 -0.002794755 0.023487020 0.059895009 0.043254133 0.996990502
1341846366.280032 0.307612807 -0.046128888 0.005858055 0.021133682 0.062562823 0.043955602 0.996848583
1341846366.344115 0.327219665 -0.037963565 0.004081495 0.014107228 0.061574165 0.043949183 0.997034609
1341846366.406057 0.340949893 -0.040171627 0.006728407 0.012625168 0.062757120 0.047029529 0.996840179
1341846366.442042 0.351785511 -0.037251748 0.008057712 0.013403830 0.062165916 0.047925308 0.996824443
1341846366.506117 0.361045599 -0.034468323 0.008388863 0.013900141 0.064429082 0.050718565 0.996535659
1341846366.542004 0.368176550 -0.026949894 0.004532731 0.014919209 0.063764594 0.049620427 0.996618927
1341846366.573848 0.378661633 -0.019209323 0.003342250 0.014179003 0.065368317 0.049266115 0.996543407
1341846366.610058 0.380311161 -0.023205178 0.000244168 0.011456344 0.066702813 0.049606308 0.996473134
1341846366.642206 0.391345680 -0.022783259 -0.000632008 0.009802580 0.066554546 0.050476067 0.996456981
1341846366.674164 0.394730568 -0.019241771 -0.000060748 0.009093259 0.068823390 0.050637279 0.996301413
1341846366.710207 0.393908352 -0.010022170 -0.003334602 0.007267702 0.069555297 0.052381910 0.996175408
1341846366.741976 0.405803978 -0.013732620 -0.005732634 0.003585477 0.069211103 0.051225517 0.996279538
1341846366.773916 0.413210839 -0.015272866 -0.000379730 0.002498579 0.072453007 0.049799342 0.996124685
1341846366.810122 0.412340671 -0.014427818 0.002650532 0.002242473 0.074403413 0.053032756 0.995814562
1341846366.841893 0.413243175 -0.012743212 0.000925638 0.003120733 0.073742092 0.054955769 0.995757103
1341846366.878062 0.420439541 -0.011390795 0.000483109 0.004516189 0.073918365 0.054292511 0.995775104
1341846366.909933 0.424831986 -0.006596881 -0.003942103 0.005813653 0.075600058 0.055446196 0.995578527
1341846366.941941 0.422098905 -0.001680944 -0.006267311 0.005071050 0.076751620 0.056167152 0.995454013
1341846366.977906 0.449264705 -0.004077306 -0.010488891 0.003939342 0.075694703 0.057067897 0.995488822
1341846367.009852 0.459407687 -0.000048221 -0.012000389 0.003935285 0.078892156 0.058877043 0.995135188
1341846367.045944 0.465039492 -0.006603048 -0.020573806 0.003179507 0.082563013 0.059992198 0.994773448
1341846367.077914 0.470319867 -0.001727029 -0.029155461 0.005868996 0.088390157 0.056964617 0.994438410
1341846367.110077 0.475730032 0.005598853 -0.028918369 0.007425879 0.093779460 0.057801683 0.993885934
1341846367.145997 0.474331260 0.000387727 -0.026657246 0.006456472 0.097646289 0.060686551 0.993348181
1341846367.177894 0.487376809 -0.003080875 -0.023591006 0.007986308 0.099442199 0.062089231 0.993072212
1341846367.209903 0.496386498 0.003567626 -0.056813546 0.011115890 0.103764594 0.063368239 0.992518902
1341846367.245970 0.493610293 0.010732252 -0.057156947 0.009849762 0.109166861 0.067328759 0.991691649
1341846367.277966 0.498420715 0.000073114 -0.051971737 0.007167341 0.111311667 0.071243875 0.991202593
1341846367.314058 0.503399551 0.005190971 -0.056623947 0.009953626 0.113353871 0.071162939 0.990952909
1341846367.346333 0.519516647 0.019712111 -0.064024977 0.011198475 0.116359845 0.072555542 0.990490139
1341846367.378615 0.510830164 0.021069093 -0.057811297 0.008908164 0.120093912 0.074852735 0.989896536
1341846367.413946 0.523430347 0.012891355 -0.069274828 0.006226369 0.119512506 0.076601431 0.989853621
1341846367.446060 0.533066034 0.025251655 -0.057997502 0.006770236 0.121283054 0.077973671 0.989527524
1341846367.478095 0.530466318 0.020962074 -0.057655975 0.003938884 0.125023454 0.081250578 0.988813400
1341846367.514115 0.539756477 0.013760340 -0.051833965 0.003970610 0.124309815 0.085420623 0.988551795
1341846367.546096 0.546987474 0.018098548 -0.055656407 0.008209465 0.123512469 0.087360211 0.988456130
1341846367.581982 0.548754573 0.032278512 -0.063573405 0.010938980 0.124430858 0.088860087 0.988180757
1341846367.613951 0.545113862 0.032391541 -0.061952375 0.008657407 0.124267735 0.091696352 0.987964749
1341846367.645894 0.559652984 0.030539446 -0.069027260 0.007473819 0.122327439 0.090236910 0.988350868
1341846367.682223 0.565662444 0.030634716 -0.068938941 0.007664560 0.125200599 0.089632802 0.988044560
1341846367.714019 0.565225303 0.029100383 -0.069719873 0.008573107 0.127153322 0.092417449 0.987531006
1341846367.745904 0.569231570 0.032917570 -0.070842549 0.010162288 0.128186613 0.092449203 0.987379372
1341846367.781973 0.574061155 0.035150915 -0.075564884 0.011436410 0.129813939 0.092719696 0.987127483
1341846367.813986 0.583175480 0.032237630 -0.092409797 0.010015290 0.130016282 0.095463037 0.986854732
1341846367.850189 0.583297729 0.030602532 -0.096370876 0.009360788 0.132773340 0.093831003 0.986650586
1341846367.881960 0.582944214 0.034764800 -0.098519646 0.008554850 0.133782879 0.094768062 0.986431897
1341846367.914064 0.582217216 0.037960943 -0.092381254 0.005673209 0.133645743 0.095490344 0.986401618
1341846367.950095 0.585051119 0.026470702 -0.090470746 0.003057571 0.135002688 0.095093913 0.986266732
1341846367.981916 0.587096989 0.028439354 -0.089938924 0.004787657 0.137474954 0.093405917 0.986079633
1341846368.017965 0.580927312 0.031786770 -0.087098524 0.004263204 0.138803199 0.095779553 0.985668182
1341846368.050897 0.576693177 0.029283699 -0.079822764 0.003405096 0.137725383 0.096373692 0.985764802
1341846368.082322 0.574565768 0.027748318 -0.085368469 0.003523045 0.138060778 0.093397781 0.986003876
1341846368.118029 0.571687818 0.030834153 -0.082809642 0.003538768 0.138152763 0.094175868 0.985916913
1341846368.150026 0.568951726 0.028676247 -0.075852722 0.001990961 0.136386350 0.095937736 0.985997319
1341846368.181952 0.564228117 0.018742319 -0.074513756 0.002876744 0.135923579 0.094158113 0.986230552
1341846368.217882 0.561771274 0.030214706 -0.078480959 0.005138885 0.136073187 0.094340846 0.986183286
1341846368.250223 0.560115039 0.032851875 -0.077312477 0.003198791 0.135413766 0.095659025 0.986155272
1341846368.286003 0.552528024 0.025202589 -0.072096623 0.001265665 0.136279777 0.093529217 0.986244619
1341846368.317994 0.545029700 0.029737476 -0.068720624 0.001270213 0.135223657 0.092099681 0.986524522
1341846368.350010 0.537175357 0.043505728 -0.052633677 -0.000819938 0.132481292 0.092898160 0.986822128
1341846368.385949 0.525073707 0.038042907 -0.045796677 -0.004176386 0.130433872 0.089544922 0.987396181
1341846368.417845 0.532445669 0.027924588 -0.047126185 -0.006633845 0.126485854 0.087707333 0.988061070
1341846368.450062 0.521994829 0.030987477 -0.037904967 -0.007964101 0.124698520 0.088451929 0.988212049
1341846368.485968 0.514799118 0.026040059 -0.032669481 -0.009686671 0.120892368 0.088242307 0.988688290
1341846368.517939 0.509604335 0.019675596 -0.034082316 -0.009350459 0.118210144 0.085199580 0.989282548
1341846368.554171 0.503753185 0.021860769 -0.029665506 -0.007544942 0.116149567 0.085035801 0.989556074
1341846368.618123 0.490571320 0.022171272 -0.032377183 -0.008816627 0.110160522 0.079591431 0.990682662
1341846368.654302 0.488041252 0.012190466 -0.028422827 -0.010282419 0.109107651 0.076773673 0.991007388
1341846368.685914 0.475864142 0.008666324 -0.016473128 -0.009051740 0.107275136 0.075068109 0.991350055
1341846368.717980 0.469960809 0.005813647 -0.019551726 -0.007898264 0.104771614 0.071963340 0.991857767
1341846368.786190 0.460335672 -0.001070701 -0.018751202 -0.004567692 0.102602705 0.071690701 0.992125154
1341846368.821968 0.451308668 0.002156075 -0.025412083 -0.002590705 0.100311778 0.069553882 0.992518544
1341846368.853991 0.452066720 0.005559164 -0.028291669 -0.003065523 0.100065671 0.066066742 0.992780268
1341846368.885978 0.444297433 -0.001979427 -0.021444913 -0.004354600 0.100381218 0.063498221 0.992911160
1341846368.923221 0.430956364 -0.008630570 -0.013789207 -0.002542885 0.099490486 0.062007468 0.993101358
1341846368.953942 0.421965152 -0.005947716 -0.016481904 0.000535046 0.098021597 0.059622195 0.993396521
1341846368.986016 0.416546136 -0.002210313 -0.015682640 0.002241142 0.096525826 0.057826132 0.993646801
1341846369.021938 0.407530725 -0.004005752 -0.015313808 0.002240202 0.095746867 0.057355996 0.993749380
1341846369.053927 0.407508016 -0.005937965 -0.018295538 0.002673385 0.095021136 0.053057086 0.994056702
1341846369.090047 0.400000334 -0.011746904 -0.016234837 0.002681560 0.096662477 0.049331143 0.994090378
1341846369.121845 0.388967693 -0.019422648 -0.008129433 0.004220521 0.096885636 0.049949151 0.994032443
1341846369.154351 0.380659342 -0.024824021 -0.006033158 0.008155166 0.095252022 0.050362285 0.994144976
1341846369.189885 0.373608172 -0.014120819 -0.016141856 0.012404715 0.095067628 0.047640521 0.994252801
1341846369.222188 0.377335519 -0.015401235 -0.014879210 0.010798819 0.095702097 0.047749512 0.994205475
1341846369.257947 0.368224591 -0.025717277 -0.009955992 0.009924160 0.097241983 0.046212997 0.994137764
1341846369.289994 0.352871060 -0.029675040 -0.013837191 0.012400918 0.097752698 0.044761457 0.994126260
1341846369.322196 0.350957692 -0.024802586 -0.014349086 0.015570743 0.097439945 0.045628544 0.994072974
1341846369.357830 0.341402411 -0.023428556 -0.014996770 0.016016228 0.099222727 0.044692717 0.993932068
1341846369.390267 0.330193490 -0.027464738 -0.014476570 0.015586616 0.100588225 0.042922202 0.993879676
1341846369.422057 0.321198791 -0.027880600 -0.014178389 0.016043380 0.100947112 0.042053435 0.993873119
1341846369.457950 0.313846767 -0.032794446 -0.003153027 0.015817927 0.101047173 0.043204043 0.993817210
1341846369.490144 0.299024075 -0.038791142 -0.004604354 0.017484676 0.099428311 0.043595426 0.993935466
1341846369.526405 0.291631550 -0.030057155 -0.001878602 0.019703062 0.096529454 0.044554144 0.994137168
1341846369.557969 0.280876517 -0.033738893 -0.000185389 0.019619189 0.094240539 0.045539420 0.994313836
1341846369.590093 0.267728090 -0.037185568 0.005115831 0.021115957 0.091314055 0.046239302 0.994523942
1341846369.625895 0.257766366 -0.031580061 0.003395843 0.022954632 0.088829055 0.046838783 0.994680166
1341846369.657961 0.252978563 -0.030349948 0.003850554 0.022575198 0.086817376 0.046434358 0.994885385
1341846369.690135 0.240567788 -0.036590360 0.006084722 0.022406353 0.085371546 0.048055001 0.994937360
1341846369.726074 0.224562004 -0.037707370 0.000631261 0.024399791 0.082300738 0.050106890 0.995048046
1341846369.757962 0.213225543 -0.033178784 0.005610316 0.026166542 0.079194576 0.050699554 0.995225132
1341846369.793964 0.204321772 -0.030793939 0.002771413 0.026255613 0.077185661 0.051745865 0.995326757
1341846369.826161 0.189002350 -0.033434246 0.002182451 0.025339782 0.075115375 0.052209523 0.995484650
1341846369.858015 0.181577340 -0.035629403 0.006949863 0.025261430 0.071197912 0.051597860 0.995806396
1341846369.893954 0.174044833 -0.033451170 0.014486144 0.025609480 0.068558879 0.052624680 0.995928943
1341846369.926051 0.158636048 -0.035992932 0.005883092 0.024502477 0.066720888 0.052459151 0.996090353
1341846369.958062 0.142226517 -0.036183197 0.002873844 0.024537574 0.062857591 0.050244641 0.996454895
1341846369.994037 0.138296321 -0.035324790 0.017794203 0.024527196 0.058223363 0.048819102 0.996807516
1341846370.026058 0.129649684 -0.040239640 0.016196793 0.024787083 0.056561321 0.048888810 0.996893346
1341846370.062000 0.111462928 -0.033766791 0.007542284 0.025593597 0.052844081 0.050541978 0.996994495
1341846370.094135 0.109212302 -0.035464857 0.017706124 0.023737574 0.047917720 0.051889203 0.997220099
1341846370.126153 0.108933076 -0.040315628 0.021980550 0.023159808 0.046894729 0.051224105 0.997316718
1341846370.162082 0.096008874 -0.032188181 0.026374863 0.024982138 0.047749799 0.052211355 0.997180939
1341846370.194044 0.089714848 -0.040019099 0.024473596 0.023851577 0.045738246 0.055247944 0.997139335
1341846370.230152 0.083368167 -0.040580675 0.028871728 0.025822962 0.045267235 0.056298442 0.997052908
1341846370.262175 0.078825243 -0.039283771 0.026065862 0.026815487 0.046043828 0.054771006 0.997076213
1341846370.294216 0.068228126 -0.040516969 0.026598576 0.027327348 0.047718108 0.051247384 0.997170925
1341846370.329892 0.055022292 -0.040089022 0.019955955 0.027203334 0.046389017 0.047249407 0.997434437
1341846370.361939 0.051665094 -0.044108745 0.029592805 0.027732043 0.043936588 0.043811239 0.997687876
1341846370.394073 0.026801327 -0.038569357 0.023215109 0.029684618 0.043453008 0.041930918 0.997733653
1341846370.429985 0.019320447 -0.030526588 0.021802194 0.030218113 0.037225269 0.041006092 0.998007834
1341846370.462095 0.011463258 -0.024063870 0.021864878 0.028390443 0.032191493 0.040038392 0.998275816
1341846370.498034 0.009331701 -0.021583997 0.027628347 0.025009383 0.027017901 0.040549882 0.998499036
1341846370.530176 0.005733111 -0.021528291 0.025958879 0.021610653 0.024208382 0.040391412 0.998656809
1341846370.561949 -0.007254426 -0.018074514 0.016120642 0.018358950 0.021158209 0.041520152 0.998744905
1341846370.597989 -0.009626146 -0.012861269 0.022213882 0.013431735 0.017557804 0.042761192 0.998840749
1341846370.629913 -0.008495498 -0.021569302 0.029913044 0.008532981 0.017246898 0.043254729 0.998878777
1341846370.662062 -0.017822539 -0.025149329 0.025711510 0.007180505 0.016929496 0.042894740 0.998910367
1341846370.697981 -0.018189786 -0.019975593 0.025261842 0.005048069 0.015499749 0.042645380 0.998957276
1341846370.730015 -0.019488797 -0.033520553 0.025921907 0.001285012 0.015569562 0.040428225 0.999060273
1341846370.766182 -0.020459106 -0.038640216 0.021000257 0.001919062 0.018601939 0.037110023 0.999136209
1341846370.797966 -0.026480034 -0.032512382 0.013716749 0.000439956 0.021340892 0.035325859 0.999147892
1341846370.830023 -0.029194746 -0.051090624 0.021224685 -0.003648574 0.022057550 0.033215657 0.999198139
1341846370.866186 -0.024103705 -0.062053476 0.017884489 -0.001464532 0.022034643 0.033591580 0.999191642
1341846370.897994 -0.027714631 -0.056942165 0.010086049 -0.001295439 0.024299920 0.035171065 0.999085009
1341846370.929983 -0.032209270 -0.076127455 0.012040506 -0.003884866 0.025564872 0.036663171 0.998993099
1341846370.971974 -0.025951121 -0.088447809 0.011256458 -0.000494807 0.025940675 0.036398791 0.999000490
1341846371.034127 -0.027425975 -0.106046498 0.006066898 0.004552709 0.032193381 0.038463023 0.998730958
1341846371.066883 -0.026721904 -0.100420997 -0.002703849 0.006718427 0.034962036 0.037369665 0.998667121
1341846371.098209 -0.030188803 -0.107680075 -0.001487660 0.004152153 0.039240774 0.034201451 0.998635650
1341846371.134068 -0.029187726 -0.114666454 0.001023685 0.002587382 0.042299639 0.032772649 0.998563945
1341846371.165993 -0.030955773 -0.120311670 0.004260142 -0.000315513 0.045101497 0.033638939 0.998415828
1341846371.197951 -0.034521699 -0.132321566 0.003578612 -0.003667373 0.046190344 0.034319490 0.998336196
1341846371.233950 -0.026188394 -0.139749065 -0.004603213 -0.004512365 0.046420544 0.034873314 0.998302877
1341846371.266433 -0.026195874 -0.129890993 -0.007416863 -0.006342540 0.049531456 0.035537258 0.998120010
1341846371.302051 -0.030577235 -0.137346104 -0.012935120 -0.013874643 0.052876621 0.036010824 0.997855127
1341846371.334010 -0.028837172 -0.145927861 -0.016970810 -0.020153308 0.056566194 0.033332635 0.997638762
1341846371.366198 -0.023016345 -0.154045597 -0.016607441 -0.024931628 0.061700072 0.030985242 0.997302115
1341846371.402482 -0.036234956 -0.170708433 -0.010311661 -0.028328640 0.065639220 0.032377161 0.996915638
1341846371.434055 -0.033122607 -0.186738521 -0.009420294 -0.028092079 0.064114258 0.034415416 0.996953249
1341846371.469998 -0.025281018 -0.192790449 -0.013774092 -0.025895527 0.063746937 0.033519167 0.997066796
1341846371.501933 -0.029411634 -0.197844863 -0.017949298 -0.023592597 0.066419624 0.030721094 0.997039676
1341846371.534269 -0.037990250 -0.202680707 -0.021829985 -0.023319535 0.067648195 0.030011095 0.996985078
1341846371.570100 -0.039699472 -0.216092885 -0.019630630 -0.024345567 0.065603666 0.027067276 0.997181475
1341846371.602162 -0.030289134 -0.226405576 -0.024672709 -0.022595992 0.063698508 0.024883982 0.997403026
1341846371.634012 -0.034530591 -0.229558945 -0.024050025 -0.020882718 0.065316513 0.023407008 0.997371435
1341846371.669927 -0.044126399 -0.238361642 -0.024769224 -0.020746764 0.063401878 0.022393420 0.997521043
1341846371.702051 -0.032853860 -0.240659446 -0.034304406 -0.020574965 0.060557652 0.020598603 0.997740030
1341846371.737891 -0.033646397 -0.254003823 -0.032092571 -0.022049712 0.063422903 0.015978787 0.997615159
1341846371.769979 -0.040244520 -0.256288379 -0.028665554 -0.020638580 0.063129522 0.015438540 0.997672439
1341846371.802101 -0.042549975 -0.259674400 -0.031163439 -0.020710569 0.060451876 0.017299013 0.997806311
1341846371.837951 -0.035620522 -0.263176560 -0.031981196 -0.020551879 0.057630088 0.019690676 0.997932196
1341846371.870043 -0.028358843 -0.259893984 -0.040790565 -0.021130897 0.057265293 0.022102604 0.997890592
1341846371.902330 -0.031092489 -0.263675958 -0.043921530 -0.026071545 0.059664857 0.021854505 0.997638583
1341846371.938165 -0.029367352 -0.269556940 -0.041548226 -0.031538874 0.060725980 0.018548707 0.997483671
1341846371.969938 -0.011041112 -0.279144168 -0.057722449 -0.036431409 0.062125169 0.017954871 0.997241616
1341846372.005861 -0.015842455 -0.292010397 -0.044168960 -0.039267804 0.067375042 0.016449900 0.996818960
1341846372.038440 -0.020180719 -0.300774723 -0.042818241 -0.036542740 0.067677230 0.016676787 0.996898353
1341846372.070518 -0.014343014 -0.303689629 -0.049355850 -0.034233354 0.066140868 0.016091958 0.997093022
1341846372.111944 -0.019532073 -0.307831645 -0.032822911 -0.032698013 0.068335831 0.012294549 0.997050583
1341846372.143876 -0.016363446 -0.313265413 -0.029443411 -0.029784732 0.068549275 0.009265154 0.997159958
1341846372.179919 -0.021635763 -0.318474025 -0.035835009 -0.026730381 0.068486921 0.006944427 0.997269690
1341846372.212119 -0.028998422 -0.331391960 -0.035428602 -0.024126312 0.066336893 0.006050528 0.997487187
1341846372.244067 -0.024367090 -0.338406742 -0.032012682 -0.019838754 0.062665984 0.002581731 0.997834027
1341846372.279961 -0.028034778 -0.349806279 -0.033223022 -0.014589418 0.060839351 -0.000160426 0.998040915
1341846372.312076 -0.026810937 -0.353325784 -0.029971519 -0.008630652 0.058367666 -0.003592722 0.998251379
1341846372.347910 -0.019217316 -0.350703686 -0.029065419 -0.004705836 0.055640459 -0.005445773 0.998424888
1341846372.379906 -0.021948185 -0.359410167 -0.027178207 -0.001651716 0.052591104 -0.007172727 0.998588979
1341846372.412137 -0.011964414 -0.359536797 -0.027351027 0.002295714 0.048944544 -0.007162010 0.998773158
1341846372.447783 -0.013440378 -0.367344648 -0.031522177 0.004331889 0.048172411 -0.005719029 0.998813272
1341846372.479920 -0.023510393 -0.376943439 -0.032577615 0.007362963 0.046004854 -0.003135978 0.998909175
1341846372.516195 -0.009181397 -0.371995658 -0.030995579 0.011148675 0.040852986 0.000023202 0.999102950
1341846372.547915 0.003466587 -0.367533922 -0.036197428 0.011164410 0.040094264 -0.000942716 0.999133050
1341846372.579923 -0.000411873 -0.377454907 -0.028200267 0.008726434 0.041259535 -0.003522116 0.999104142
1341846372.616037 0.000696828 -0.380542219 -0.025346503 0.008119429 0.039777171 -0.001237353 0.999174833
1341846372.647968 0.006291541 -0.379867941 -0.024485391 0.007389397 0.039278883 -0.001018343 0.999200463
1341846372.679953 0.007144784 -0.382315904 -0.018383784 0.005825249 0.040538520 -0.005505994 0.999145806
1341846372.716073 0.011612336 -0.387059212 -0.012787872 0.005022622 0.041769687 -0.005866582 0.999097407
1341846372.747919 0.006772107 -0.395312965 -0.010903420 0.004528541 0.042439412 -0.004478274 0.999078751
1341846372.783912 0.012258158 -0.396769404 -0.014251851 0.006013599 0.041069608 -0.002693072 0.999134541
1341846372.816131 0.018337971 -0.397342235 -0.017864116 0.006698633 0.042908005 -0.001251753 0.999055803
1341846372.848115 0.013940636 -0.398255855 -0.013149581 0.006635683 0.045350373 0.002030596 0.998947024
1341846372.884003 0.016827121 -0.402643979 -0.020659288 0.006242545 0.045718186 0.000459699 0.998934746
1341846372.948016 0.020283675 -0.409364849 -0.008595401 0.006501958 0.051825646 0.000740632 0.998634696
1341846373.010206 0.022389174 -0.426872224 -0.013520085 0.011493084 0.047646720 0.003527912 0.998791933
1341846373.041934 0.035219733 -0.424617797 -0.020494457 0.014500090 0.048492204 0.004285748 0.998709142
1341846373.078079 0.029703783 -0.430435747 -0.018777674 0.015681017 0.051887542 0.004435156 0.998519957
1341846373.110028 0.026930844 -0.435319304 -0.018268585 0.018079145 0.052680798 0.002990277 0.998443305
1341846373.142204 0.032211531 -0.438822061 -0.016307736 0.020619277 0.052657474 0.003391328 0.998394012
1341846373.178121 0.034106296 -0.442672223 -0.021481648 0.022356646 0.054109745 0.005194229 0.998271167
1341846373.210218 0.036924500 -0.450765580 -0.023428662 0.024838964 0.055608112 0.003515343 0.998137474
1341846373.246073 0.038046505 -0.458266556 -0.026589518 0.028845062 0.056952573 0.002517060 0.997956932
1341846373.277962 0.041883107 -0.461468220 -0.024941856 0.034053497 0.058063831 0.003680881 0.997725129
1341846373.310189 0.045807332 -0.457253397 -0.035669852 0.037924398 0.060388625 0.002402588 0.997451365
1341846373.346051 0.049974177 -0.456709743 -0.038527142 0.038454868 0.063824043 -0.000269874 0.997219980
1341846373.377993 0.044582456 -0.461826205 -0.038233347 0.037706185 0.066881053 -0.000751677 0.997047961
1341846373.410038 0.045050804 -0.466161251 -0.038228884 0.037708886 0.067513421 0.000216773 0.997005522
1341846373.446109 0.043806024 -0.469452024 -0.041009907 0.037443381 0.067956530 -0.001211848 0.996984661
1341846373.478409 0.042028725 -0.476437300 -0.036990464 0.037587371 0.068096630 -0.000472556 0.996970356
1341846373.514006 0.035502110 -0.478849977 -0.033693686 0.039803285 0.067782938 0.002481466 0.996902704
1341846373.546097 0.043119963 -0.473368794 -0.037654832 0.041784346 0.064565986 0.003330298 0.997032762
1341846373.578079 0.053061906 -0.472512096 -0.039778296 0.041935444 0.065077752 0.002206617 0.996996224
1341846373.613978 0.042600378 -0.468342572 -0.037527680 0.042009197 0.067689836 0.001273995 0.996820807
1341846373.646060 0.041243598 -0.459780097 -0.035984553 0.041844696 0.065705389 0.001445687 0.996960282
1341846373.682101 0.052633427 -0.453599572 -0.040619005 0.040509712 0.065035798 0.001442181 0.997059286
1341846373.713942 0.050072111 -0.445031196 -0.035658725 0.037461344 0.068287663 0.001887420 0.996960282
1341846373.746309 0.038038533 -0.437500238 -0.034633916 0.033706307 0.070391759 0.001110642 0.996949196
1341846373.782079 0.035351336 -0.436958164 -0.026819561 0.030441271 0.069334850 0.000340165 0.997128844
1341846373.814899 0.044491269 -0.434033990 -0.031715192 0.029574485 0.068713315 -0.001045454 0.997197449
1341846373.846131 0.035331514 -0.421351403 -0.026206130 0.029720508 0.070993938 -0.003599544 0.997027397
1341846373.882197 0.022831848 -0.411338598 -0.024873193 0.028548203 0.069724150 -0.005765002 0.997141063
1341846373.914066 0.022341911 -0.400881797 -0.026177684 0.026496291 0.066128530 -0.002095272 0.997457087
1341846373.949976 0.029036451 -0.391067833 -0.021817856 0.024022751 0.064021319 0.001499497 0.997658253
1341846373.982090 0.022281278 -0.382230550 -0.025457051 0.021319756 0.064164214 0.002074628 0.997709453
1341846374.014518 0.011733431 -0.368693322 -0.023090782 0.018112313 0.062625006 0.004850301 0.997860968
1341846374.050082 0.013086540 -0.362004668 -0.019219307 0.014562765 0.059015770 0.008136262 0.998117685
1341846374.082248 0.017728357 -0.362463295 -0.019111993 0.011311718 0.057040595 0.008856581 0.998268485
1341846374.114063 0.015226683 -0.349378318 -0.019668590 0.009692028 0.057606462 0.009178347 0.998250127
1341846374.150230 0.004989692 -0.353179485 -0.016437398 0.006612904 0.057668980 0.009200304 0.998271465
1341846374.181949 0.002377548 -0.347195476 -0.012496227 0.007839283 0.055425528 0.009958657 0.998382390
1341846374.217985 0.006850814 -0.341476291 -0.019039366 0.009244085 0.053629685 0.013400708 0.998428226
1341846374.250018 0.008998276 -0.321856290 -0.020431226 0.010574891 0.054100018 0.014649149 0.998372078
1341846374.281921 0.002775044 -0.306509942 -0.016842671 0.008410883 0.055413786 0.013196034 0.998340845
1341846374.318502 0.003250467 -0.301717997 -0.016986353 0.005049963 0.055597719 0.013237109 0.998352766
1341846374.350047 0.000682183 -0.286237925 -0.015086610 0.002490646 0.057355095 0.013286077 0.998262346
1341846374.382011 -0.008403925 -0.286354572 -0.010671525 -0.001573748 0.057833511 0.012710841 0.998244107
1341846374.418020 -0.013101719 -0.278019875 -0.009369666 -0.002780546 0.056198329 0.012655717 0.998335540
1341846374.450160 -0.013562661 -0.270655841 -0.007082902 -0.004914066 0.054444879 0.012783397 0.998422861
1341846374.486170 -0.009800789 -0.257752746 -0.007917113 -0.006727438 0.053643066 0.013222388 0.998449981
1341846374.524087 -0.017100932 -0.251449019 -0.006237036 -0.010163098 0.054016035 0.012201180 0.998413801
1341846374.586056 -0.024414619 -0.239890352 0.001187552 -0.014558199 0.049464647 0.011994836 0.998597741
1341846374.617848 -0.028314499 -0.236731321 0.004652315 -0.016218457 0.047306314 0.013830513 0.998652995
1341846374.654133 -0.031169768 -0.233219892 0.008144080 -0.016059125 0.044568997 0.015446194 0.998757780
1341846374.685940 -0.030439802 -0.220580772 0.011017619 -0.014909177 0.041511547 0.018389061 0.998857558
1341846374.718159 -0.033488300 -0.211818263 0.011560217 -0.014649793 0.039572138 0.022068571 0.998865545
1341846374.754050 -0.033273231 -0.203484610 0.015825344 -0.013412484 0.036279164 0.023588140 0.998973250
1341846374.786226 -0.032384679 -0.191391557 0.011367524 -0.012430000 0.033915199 0.024596198 0.999044657
1341846374.818164 -0.037262157 -0.192599386 0.012013963 -0.012567468 0.033461951 0.024023566 0.999072194
1341846374.854017 -0.039139729 -0.186501443 0.012916295 -0.009726305 0.031774871 0.023000065 0.999183059
1341846374.886253 -0.037147354 -0.172412634 0.021783605 -0.005720278 0.028066786 0.023345862 0.999317050
1341846374.921999 -0.033906821 -0.165046394 0.017189706 -0.003283846 0.025502088 0.023636565 0.999389887
1341846374.953860 -0.039542098 -0.157460660 0.015202645 -0.001550935 0.024534496 0.024253070 0.999403536
1341846374.985929 -0.044760752 -0.151312873 0.017249802 -0.000864661 0.022667598 0.024893619 0.999432743
1341846375.022029 -0.035898998 -0.152749628 0.020343270 0.001000739 0.019355847 0.027444653 0.999435425
1341846375.053968 -0.036543008 -0.145814672 0.017994160 0.005631000 0.017734643 0.030812569 0.999351978
1341846375.085937 -0.039709587 -0.137881696 0.016078426 0.009104660 0.017188584 0.032412421 0.999285281
1341846375.122015 -0.038742788 -0.124241568 0.016617127 0.009997113 0.017102979 0.030465120 0.999339461
1341846375.190345 -0.037853815 -0.122575872 0.013755173 0.005296541 0.022773651 0.025495403 0.999401450
1341846375.222041 -0.042262748 -0.121239781 0.015690623 0.005823004 0.023055460 0.022981392 0.999453068
1341846375.254127 -0.037113346 -0.114516526 0.018989682 0.008041715 0.022702500 0.023357663 0.999436975
1341846375.289892 -0.035961661 -0.114788488 0.019193394 0.010775684 0.024549037 0.024011880 0.999352098
1341846375.322192 -0.043445010 -0.102203563 0.012552648 0.014445827 0.025239231 0.025297262 0.999256849
1341846375.354172 -0.040882964 -0.082885593 0.010687007 0.014002341 0.024449434 0.025163965 0.999286175
1341846375.390033 -0.032943372 -0.068901725 0.006059740 0.009884000 0.025407594 0.023143940 0.999360383
1341846375.422976 -0.043471266 -0.066445313 0.005288824 0.003979454 0.028767744 0.019557973 0.999386847
1341846375.458036 -0.048385121 -0.058003917 0.007327510 -0.000635393 0.027825871 0.019352280 0.999425232
1341846375.489941 -0.039179761 -0.060009047 0.013592188 -0.005627855 0.026484780 0.019615171 0.999440908
1341846375.521981 -0.038434409 -0.066740252 0.014326057 -0.007067212 0.027268529 0.020335024 0.999396324
1341846375.557947 -0.050668012 -0.062939316 0.011170479 -0.005464910 0.027256383 0.022730038 0.999355078
1341846375.590116 -0.048808321 -0.057841007 0.018911269 -0.002938964 0.023711320 0.027134134 0.999346256
1341846375.622399 -0.041341450 -0.049785577 0.019802116 0.001084312 0.022568863 0.029158654 0.999319375
1341846375.658264 -0.041204199 -0.048543606 0.018701302 0.004183073 0.024092905 0.031117937 0.999216557
1341846375.690116 -0.044998724 -0.043844078 0.021942968 0.008758681 0.023623200 0.035777397 0.999042153
1341846375.726080 -0.038891274 -0.039752487 0.023030816 0.016131235 0.021383466 0.040600017 0.998816371
1341846375.757947 -0.042667001 -0.027724234 0.026452838 0.024543347 0.021605635 0.044005066 0.998496056
1341846375.789914 -0.043263592 -0.020108502 0.028352326 0.030483132 0.019663965 0.047472816 0.998213589
1341846375.826111 -0.044366091 0.002879631 0.029663641 0.035065066 0.018151224 0.046665616 0.998129904
1341846375.858282 -0.053379882 0.029385392 0.028338695 0.033941347 0.017120995 0.042241510 0.998383939
1341846375.893889 -0.043530867 0.028588075 0.033107601 0.021703009 0.012768161 0.041613612 0.998816431
1341846375.926121 -0.046111707 0.044893026 0.043486509 0.016265418 0.012969155 0.037913799 0.999064445
1341846375.958089 -0.046761200 0.051761702 0.044807237 0.010819657 0.013638983 0.038353421 0.999112606
1341846375.994060 -0.044836406 0.062115051 0.052906107 0.007142005 0.013598506 0.039823107 0.999088705
1341846376.026115 -0.040132407 0.063590273 0.056545053 0.004916459 0.015231116 0.041551523 0.999008179
1341846376.057999 -0.043440901 0.073546633 0.062328838 0.006325359 0.017315648 0.043572273 0.998880208
1341846376.094015 -0.042076990 0.091832161 0.069768541 0.007038828 0.019267637 0.045155402 0.998769343
1341846376.126126 -0.041269977 0.103507616 0.074632972 0.007131968 0.022766797 0.044348180 0.998731196
1341846376.162125 -0.046566349 0.111755811 0.069770440 0.004354126 0.027231777 0.043593202 0.998668671
1341846376.194033 -0.052300029 0.120481528 0.077135585 0.001786730 0.028999550 0.044128221 0.998603284
1341846376.226110 -0.051865879 0.123532929 0.072868966 -0.000734208 0.028324405 0.046910550 0.998497128
1341846376.262088 -0.049024764 0.123090461 0.077271566 -0.002010366 0.026891872 0.050503872 0.998359740
1341846376.293911 -0.048074726 0.131658435 0.080407500 0.000660646 0.027049527 0.052339796 0.998262703
1341846376.326088 -0.049730897 0.138929337 0.081832953 0.003084785 0.027396079 0.054138128 0.998152792
1341846376.362076 -0.053323284 0.147187531 0.081124932 0.003514847 0.026074788 0.056392454 0.998061955
1341846376.393924 -0.048508197 0.153015494 0.085397393 0.003279642 0.024814436 0.054329388 0.998209298
1341846376.429909 -0.047727533 0.161709294 0.085731968 0.003517448 0.027155288 0.049644187 0.998391569
1341846376.462224 -0.053328894 0.169898719 0.090046860 0.001964601 0.028903428 0.046606846 0.998493135
1341846376.494092 -0.054204855 0.169374838 0.095280275 0.000342047 0.028127460 0.045620117 0.998562753
1341846376.529992 -0.051995493 0.180010989 0.097543731 0.001585063 0.027809536 0.045463763 0.998577535
1341846376.562034 -0.051450390 0.185480535 0.099120557 0.000898827 0.029136451 0.043781422 0.998615742
1341846376.594092 -0.052476384 0.191164643 0.098753765 0.000000094 0.030391086 0.043509670 0.998590648
1341846376.630016 -0.051893227 0.198151186 0.099849358 -0.001239801 0.030663460 0.043057788 0.998601139
1341846376.662132 -0.050948922 0.203300804 0.114147007 -0.002583884 0.032666925 0.041912299 0.998583794
1341846376.697981 -0.057087839 0.206525072 0.118601546 -0.003533372 0.035207078 0.042209912 0.998481989
1341846376.730128 -0.055578928 0.216044500 0.121298462 -0.003035584 0.035929490 0.042703133 0.998436928
1341846376.762061 -0.054916304 0.227949589 0.118306592 -0.003017159 0.036662478 0.042794332 0.998406470
1341846376.797939 -0.054637976 0.238818958 0.117440514 -0.005172370 0.036461901 0.041084435 0.998476744
1341846376.829920 -0.053542238 0.243134633 0.120643780 -0.008810704 0.037062481 0.042849671 0.998354971
1341846376.866170 -0.054749850 0.252423108 0.121849708 -0.010965420 0.037167784 0.045600533 0.998207867
1341846376.898026 -0.052484889 0.262188971 0.124363922 -0.014939737 0.035510864 0.046304278 0.998184204
1341846376.930139 -0.049600899 0.291258395 0.129314378 -0.015921477 0.037114836 0.042452276 0.998281896
1341846376.966511 -0.051114820 0.300750524 0.130279541 -0.021882841 0.040285736 0.041336812 0.998092949
1341846376.997919 -0.054831427 0.305702448 0.137012988 -0.027758971 0.042271137 0.043358125 0.997778893
1341846377.030079 -0.048815936 0.312733829 0.141064361 -0.031056818 0.042255893 0.043448213 0.997678399
1341846377.066212 -0.054157857 0.316266090 0.141695544 -0.034757432 0.043917798 0.044646982 0.997431636
1341846377.097918 -0.053186473 0.320439368 0.142829314 -0.039424337 0.042900536 0.044646017 0.997302353
1341846377.134079 -0.058275122 0.327922493 0.147882178 -0.041966930 0.041917551 0.044993840 0.997224808
1341846377.166160 -0.061129890 0.319724232 0.136838734 -0.047209371 0.037884608 0.046435185 0.997085631
1341846377.197925 -0.062806942 0.329699516 0.140562385 -0.047494359 0.033760130 0.046419807 0.997220993
1341846377.233952 -0.062761240 0.345842004 0.138846904 -0.048274588 0.032087870 0.042357981 0.997419536
1341846377.266486 -0.060282581 0.344920784 0.147121623 -0.052517984 0.033459883 0.041382968 0.997200966
1341846377.298068 -0.057410754 0.345064342 0.138358504 -0.056924142 0.033624239 0.045278650 0.996784270
1341846377.334109 -0.060031317 0.348503679 0.146038920 -0.060502481 0.032474760 0.046287861 0.996565223
1341846377.366029 -0.059977751 0.351721823 0.151560768 -0.061464727 0.032668963 0.043923181 0.996607006
1341846377.401870 -0.061539702 0.351474494 0.148844004 -0.063049279 0.033868078 0.041995492 0.996551096
1341846377.434052 -0.059443522 0.343473852 0.152891561 -0.065228604 0.032745417 0.042630833 0.996421397
1341846377.466127 -0.057926383 0.342450738 0.153312936 -0.062707432 0.032678101 0.042467635 0.996592402
1341846377.502027 -0.056018431 0.343842328 0.148988649 -0.060936600 0.033205397 0.038745411 0.996836424
1341846377.534114 -0.053980071 0.338015854 0.154957861 -0.060877122 0.035204474 0.036103997 0.996870697
1341846377.566085 -0.056037556 0.325622588 0.144599289 -0.059842717 0.037273258 0.037584998 0.996803343
1341846377.602113 -0.054732755 0.320875585 0.149705365 -0.057766173 0.036256809 0.038956903 0.996910691
1341846377.633912 -0.050319083 0.306238800 0.155969650 -0.053320680 0.036567584 0.037355226 0.997208238
1341846377.676329 -0.051126204 0.305277884 0.139262512 -0.048272487 0.038457606 0.034572460 0.997494638
1341846377.743964 -0.047873024 0.278688431 0.146464750 -0.042562313 0.035412561 0.032357238 0.997941554
1341846377.802535 -0.051596384 0.266334623 0.131993577 -0.040611900 0.035798751 0.031317025 0.998042285
1341846377.835932 -0.050986089 0.242640540 0.130441397 -0.036692679 0.037423745 0.032231592 0.998105288
1341846377.872063 -0.061881214 0.235040665 0.106507182 -0.034503624 0.036153585 0.039373625 0.997974038
1341846377.902201 -0.051810615 0.232222140 0.122532368 -0.033983499 0.028774578 0.040031992 0.998205662
1341846377.939383 -0.044874776 0.229368970 0.118894681 -0.028722752 0.032313243 0.030874923 0.998587787
1341846377.970635 -0.054816507 0.218581840 0.099244274 -0.032031227 0.035042286 0.033198781 0.998320520
1341846378.002401 -0.048757467 0.202551931 0.114481039 -0.036055509 0.027632430 0.035395227 0.998340428
1341846378.038883 -0.043429397 0.194013745 0.113597050 -0.032473687 0.027934123 0.032286812 0.998560309
1341846378.106524 -0.046974320 0.174924344 0.102728367 -0.035610244 0.028426221 0.029288245 0.998531938
1341846378.138114 -0.036918204 0.166705966 0.110092275 -0.033923883 0.027222414 0.026378389 0.998705328
1341846378.170157 -0.038871773 0.160389498 0.102529868 -0.033101782 0.029259862 0.018588807 0.998850644
1341846378.206045 -0.038789123 0.146961480 0.101446100 -0.035856962 0.030279709 0.013855245 0.998802006
1341846378.238081 -0.036233235 0.123995654 0.102903992 -0.036836237 0.030047474 0.012341788 0.998793244
1341846378.275916 -0.035968807 0.119318366 0.100737527 -0.033033021 0.030260356 0.011483933 0.998930037
1341846378.312389 -0.030466555 0.112923078 0.096962057 -0.032241575 0.032040771 0.008780980 0.998927772
1341846378.344267 -0.029573267 0.097350597 0.087697953 -0.031008691 0.035260018 0.005523904 0.998881698
1341846378.376036 -0.031707156 0.081824705 0.090144798 -0.028107237 0.036267892 0.006965534 0.998922467
1341846378.411936 -0.026151376 0.074107721 0.085785501 -0.026831087 0.036833525 0.005683329 0.998944998
1341846378.444079 -0.030276556 0.063478760 0.084641315 -0.025702067 0.040425327 0.001025870 0.998851418
1341846378.480041 -0.030560065 0.052697808 0.062763937 -0.024245191 0.041192736 -0.002056296 0.998854876
1341846378.512023 -0.029883472 0.042867776 0.077245988 -0.025432302 0.038468640 -0.001716182 0.998934627
1341846378.543975 -0.024671391 0.034790743 0.081234857 -0.022304812 0.040108755 -0.007400555 0.998918891
1341846378.579973 -0.030762210 0.025837829 0.067974828 -0.019515550 0.043739177 -0.011608618 0.998784900
1341846378.612676 -0.027443502 0.016707439 0.068149656 -0.017162289 0.043392416 -0.012343350 0.998834431
1341846378.643945 -0.024245160 0.001295917 0.059412930 -0.014022393 0.045979906 -0.013289751 0.998755515
1341846378.679954 -0.030032925 -0.003554976 0.059697703 -0.010313681 0.047617715 -0.013537759 0.998720646
1341846378.742199 -0.013802989 -0.022263005 0.060244929 -0.006619703 0.049687263 -0.015859554 0.998616934
1341846378.774089 -0.026719056 -0.026810136 0.065399908 -0.001035032 0.055302847 -0.019165467 0.998285174
1341846378.805994 -0.030201338 -0.030716125 0.068015493 0.002482438 0.055665374 -0.017202487 0.998298168
1341846378.842121 -0.018562913 -0.041019805 0.047738876 0.004116190 0.055912554 -0.020347323 0.998219848
1341846378.874022 -0.018886952 -0.052887551 0.047255166 0.006144207 0.058538560 -0.023658337 0.997985840
1341846378.911788 -0.018081127 -0.057145517 0.049197901 0.008804106 0.059867542 -0.021657772 0.997932553
1341846378.974034 -0.012296807 -0.077545725 0.037582930 0.012459141 0.061105445 -0.025363309 0.997731209
1341846379.009977 -0.017909702 -0.081485979 0.035664279 0.014754833 0.064132832 -0.024351779 0.997535110
1341846379.041991 -0.013813642 -0.084747501 0.038121734 0.016192704 0.064632028 -0.024978193 0.997465074
1341846379.078155 -0.011808190 -0.096343175 0.038337763 0.016940774 0.066531546 -0.029876431 0.997193038
1341846379.109871 -0.015701035 -0.099040970 0.034399595 0.018201543 0.067527428 -0.029422881 0.997117341
1341846379.142034 -0.006469280 -0.114435978 0.046771035 0.017702976 0.066844910 -0.029823169 0.997160435
1341846379.178080 -0.008417966 -0.139843345 0.023590147 0.019391797 0.068268627 -0.032502573 0.996948838
1341846379.209979 -0.010113044 -0.146457762 0.036695387 0.025241179 0.070158206 -0.035547558 0.996582687
1341846379.242047 -0.012639072 -0.159645990 0.035224423 0.031230584 0.067539506 -0.032391559 0.996701479
1341846379.278304 -0.006053505 -0.170934662 0.023416860 0.036856826 0.065273128 -0.035637215 0.996549547
1341846379.310076 -0.007175576 -0.182398289 0.018865438 0.044973608 0.069723010 -0.040130671 0.995743752
1341846379.346166 -0.005542752 -0.185188338 0.022869969 0.052331373 0.071557187 -0.036099400 0.995408356
1341846379.377944 -0.008788969 -0.213137537 0.013158781 0.056714132 0.071766630 -0.036658127 0.995132804
1341846379.409974 -0.002200738 -0.204676583 0.014686972 0.067621991 0.073333822 -0.036880590 0.994328558
1341846379.446065 -0.002543999 -0.199208081 0.023460666 0.073448151 0.074686609 -0.034399092 0.993903399
1341846379.478631 0.002029996 -0.195187196 0.019543549 0.074243084 0.073403701 -0.033103522 0.993983924
1341846379.511214 0.007525151 -0.205597922 0.014273752 0.072047867 0.074855790 -0.036262367 0.993926942
1341846379.546204 -0.003976448 -0.213652909 0.021902353 0.073351890 0.077412397 -0.035853647 0.993650496
1341846379.578217 -0.012853746 -0.207168251 0.022564594 0.074781515 0.073399976 -0.031462815 0.993997097
1341846379.614096 0.001097106 -0.208981350 0.017109046 0.072652474 0.069511838 -0.030060088 0.994477808
1341846379.646030 0.003825890 -0.207508251 0.021413619 0.070973732 0.071581587 -0.030100724 0.994450986
1341846379.678830 -0.006585157 -0.205329135 0.020412438 0.068844147 0.072227068 -0.029079903 0.994584382
1341846379.714071 -0.005668930 -0.204350278 0.024468420 0.066952631 0.068638280 -0.025807453 0.995057821
1341846379.746082 0.005434017 -0.203083739 0.016899468 0.065052137 0.067845166 -0.025146276 0.995255172
1341846379.778087 -0.006819046 -0.191280723 0.028593492 0.063261881 0.070338450 -0.021874517 0.995274842
1341846379.813931 -0.013210358 -0.183445752 0.030969106 0.059361532 0.068066202 -0.018665290 0.995738328
1341846379.845927 -0.006552903 -0.180254743 0.026669256 0.054997820 0.066238672 -0.017376451 0.996135414
1341846379.881893 -0.008286189 -0.168719977 0.033527069 0.050774541 0.066869624 -0.014545538 0.996362805
1341846379.913954 -0.007648198 -0.151788980 0.028557736 0.043519810 0.064473331 -0.009264043 0.996926963
1341846379.946050 -0.009689511 -0.155116856 0.035123099 0.035598174 0.062859118 -0.008734904 0.997349083
1341846379.981969 -0.014097364 -0.154665723 0.038944330 0.030313924 0.061476577 -0.006077419 0.997629583
1341846380.013935 -0.022877332 -0.143726990 0.040807467 0.026823644 0.059507132 -0.002147521 0.997865140
1341846380.046124 -0.018662676 -0.130965889 0.044061687 0.020840252 0.056080416 0.002183174 0.998206317
1341846380.082142 -0.010138170 -0.126042351 0.046722628 0.014916503 0.055274464 0.002368618 0.998356938
1341846380.114330 -0.020817956 -0.126135930 0.059190083 0.010318598 0.057694595 0.003257592 0.998275638
1341846380.150278 -0.026436482 -0.126983017 0.066799335 0.008015408 0.056357656 0.006489411 0.998357356
1341846380.182030 -0.021107385 -0.118767045 0.063403480 0.008799087 0.054393310 0.008186337 0.998447299
1341846380.213908 -0.024467343 -0.093155213 0.058426157 0.008912426 0.054711886 0.007716414 0.998432577
1341846380.250090 -0.018520126 -0.059966505 0.054189578 0.003877092 0.054734245 0.006846157 0.998469949
1341846380.281996 -0.012784304 -0.061754379 0.064285584 -0.006105721 0.058706611 0.006135945 0.998237729
1341846380.318009 -0.014779587 -0.051537812 0.065059789 -0.010685485 0.062260903 0.007312298 0.997975945
1341846380.350031 -0.016400578 -0.046537858 0.067586325 -0.016765831 0.063570537 0.011329839 0.997772157
1341846380.382297 -0.010775616 -0.039435364 0.073822901 -0.020946626 0.063748516 0.013566399 0.997653902
1341846380.418020 -0.016583465 -0.027749462 0.077171087 -0.024273440 0.065772466 0.014529614 0.997433543
1341846380.450059 -0.017361708 -0.014593052 0.071629316 -0.032172769 0.061860632 0.024684429 0.997260690
1341846380.481987 -0.011576381 -0.006568056 0.073377825 -0.040653434 0.054760795 0.028905446 0.997252703
1341846380.518026 -0.004819927 -0.006105958 0.072929978 -0.046731587 0.051503584 0.028276162 0.997178018
1341846380.549973 -0.006442624 -0.003471878 0.076463051 -0.049363434 0.050503720 0.029173739 0.997076452
1341846380.585876 -0.008891567 0.002622097 0.078608923 -0.049375657 0.046529341 0.028602349 0.997285783
1341846380.617833 -0.004912558 0.001816370 0.078787535 -0.048611850 0.043473978 0.028247705 0.997471273
1341846380.650010 -0.001572046 0.001319731 0.076680288 -0.045613978 0.042588711 0.025611660 0.997722208
1341846380.686058 -0.000898878 0.006090617 0.072636671 -0.042565435 0.040576216 0.024693228 0.997963905
1341846380.718154 -0.011573131 0.010903980 0.067793578 -0.039940160 0.040409293 0.022843555 0.998123229
1341846380.750063 -0.000458642 0.009769217 0.062152073 -0.035203982 0.038923137 0.024020609 0.998332977
1341846380.785897 -0.000364153 0.015522812 0.063423529 -0.029260382 0.039771788 0.025264580 0.998460650
1341846380.818263 -0.002349942 0.032904990 0.063376911 -0.026215784 0.035861354 0.028283799 0.998612404
1341846380.854055 0.001448900 0.016929144 0.066484436 -0.027627503 0.032838892 0.025709918 0.998747885
1341846380.886150 0.002083229 0.027283296 0.074074030 -0.021863056 0.032600198 0.024850249 0.998920262
1341846380.918124 -0.012575788 0.036346272 0.076957703 -0.021018591 0.029696267 0.026893258 0.998975992
1341846380.954125 0.007151545 0.036919478 0.092197120 -0.021181837 0.021767674 0.025695262 0.999208331
1341846380.985985 0.006678888 0.027477214 0.075717270 -0.021816844 0.023419119 0.023343449 0.999215007
1341846381.018098 0.004534527 0.028847026 0.086749308 -0.020744352 0.024648236 0.023446968 0.999205887
1341846381.054072 0.008133310 0.028266508 0.100747593 -0.019469298 0.021252993 0.023801649 0.999301136
1341846381.086074 0.017154500 0.019962639 0.100759819 -0.015158627 0.020388862 0.024180658 0.999384701
1341846381.122035 0.011285606 0.030060578 0.110791646 -0.011826206 0.022481181 0.026193278 0.999334097
1341846381.159808 0.017160285 0.028990535 0.120129146 -0.012477799 0.021437248 0.025938665 0.999355733
1341846381.222118 0.031003771 0.035649259 0.140624732 -0.011384937 0.023947161 0.028299252 0.999247730
1341846381.254198 0.040921781 0.028228942 0.156349376 -0.014991100 0.026766712 0.027370173 0.999154508
1341846381.289977 0.048509028 0.026465997 0.165245578 -0.013996975 0.033332538 0.027506823 0.998967648
1341846381.322365 0.042202499 0.038462397 0.184385240 -0.012442412 0.037294757 0.032092072 0.998711348
1341846381.353963 0.045972850 0.036127578 0.191837281 -0.015181300 0.038141225 0.036984164 0.998472273
1341846381.389983 0.061757624 0.037258998 0.196790755 -0.016960798 0.040831670 0.037082225 0.998333633
1341846381.421973 0.054164693 0.037230790 0.209554300 -0.021422997 0.048546929 0.040174708 0.997782648
1341846381.454108 0.057922266 0.036584489 0.229575649 -0.024557998 0.049457576 0.041701566 0.997603059
1341846381.489891 0.074708499 0.037622601 0.234981477 -0.021498270 0.050791904 0.043329377 0.997537255
1341846381.521988 0.067181095 0.037624530 0.249288931 -0.015647795 0.056620337 0.048630223 0.997087955
1341846381.558072 0.076331235 0.029792303 0.255718380 -0.014540359 0.058559414 0.053275462 0.996755302
1341846381.589879 0.079953127 0.033064317 0.270405233 -0.012895002 0.062391870 0.050856762 0.996671736
1341846381.622018 0.085902140 0.038570579 0.282607436 -0.013174472 0.066113658 0.049009908 0.996520698
1341846381.657894 0.086621746 0.025390141 0.295556247 -0.015219924 0.069799565 0.045698836 0.996397495
1341846381.689870 0.089168146 0.016255019 0.307405889 -0.011844858 0.073316351 0.043182962 0.996302962
1341846381.722338 0.093645170 0.025801079 0.316260964 -0.008104941 0.075484991 0.044054169 0.996140361
1341846381.758166 0.096180543 0.026794421 0.331318974 -0.007649593 0.077194348 0.044649091 0.995986402
1341846381.790889 0.103907742 0.022917921 0.343808979 -0.006248497 0.078240819 0.043222237 0.995977461
1341846381.826591 0.105786040 0.023002395 0.360343307 -0.003565700 0.081643730 0.041104805 0.995807171
1341846381.859589 0.098658197 0.024475878 0.375807017 -0.002185834 0.081826381 0.044635337 0.995644212
1341846381.890538 0.109567784 0.028936669 0.391252756 0.000333015 0.076036945 0.046177361 0.996035099
1341846381.926191 0.114362344 0.029545749 0.395098984 0.000711683 0.073897034 0.043109488 0.996333420
1341846381.958121 0.108919851 0.042436253 0.393936723 -0.000598475 0.071714215 0.041492470 0.996561646
1341846381.990050 0.105965346 0.044366714 0.410822570 -0.004412811 0.064349517 0.043451857 0.996971190
1341846382.026007 0.119694263 0.036627471 0.424098104 -0.009760604 0.058567446 0.038515400 0.997492433
1341846382.059217 0.124176398 0.036788493 0.438674599 -0.015685525 0.058212820 0.033861462 0.997606456
1341846382.094090 0.120218895 0.033172663 0.453166068 -0.020869343 0.056672454 0.033895392 0.997599006
1341846382.126195 0.131387055 0.023766287 0.472587079 -0.023136614 0.052632846 0.035464931 0.997715771
1341846382.158170 0.138259962 0.023680223 0.475511521 -0.023020608 0.053069316 0.036478736 0.997658730
1341846382.194097 0.141040355 0.024155131 0.482871532 -0.023528893 0.053301334 0.038270243 0.997567415
1341846382.226010 0.141276672 0.022162817 0.500555158 -0.023634197 0.053575993 0.040258300 0.997471929
1341846382.258172 0.144449681 0.018868038 0.506047308 -0.024131954 0.054167256 0.039653547 0.997452319
1341846382.294020 0.145192444 0.019082127 0.516002297 -0.023950266 0.056754902 0.037628144 0.997391284
1341846382.325957 0.141164899 0.020348985 0.532063067 -0.024516134 0.056721799 0.035715684 0.997449756
1341846382.361974 0.144704401 0.015250171 0.549804509 -0.026014909 0.054788899 0.034262773 0.997570753
1341846382.393888 0.141439527 0.012338175 0.561341345 -0.025051164 0.054067597 0.032717258 0.997686684
1341846382.425972 0.139661998 0.016282413 0.573720872 -0.024156844 0.053398281 0.028450636 0.997875571
1341846382.462037 0.134903535 0.014285456 0.578320742 -0.025718825 0.052783180 0.024217570 0.997980952
1341846382.494003 0.131727606 0.020977153 0.594665110 -0.025874905 0.050346307 0.020126523 0.998193681
1341846382.530148 0.137487084 0.012422340 0.609023571 -0.027186191 0.047152176 0.017222876 0.998369157
1341846382.562400 0.136392593 0.011960408 0.619285822 -0.026192883 0.047145173 0.015657846 0.998421788
1341846382.593981 0.138159454 0.007105844 0.628741443 -0.026129905 0.046843681 0.015630081 0.998438060
1341846382.629905 0.137543783 0.001203948 0.642040014 -0.022970481 0.047883939 0.018604463 0.998415411
1341846382.661966 0.137524247 0.011657966 0.646865606 -0.018341141 0.047970731 0.021428224 0.998450398
1341846382.693976 0.126520291 0.005921682 0.650605023 -0.020488963 0.050150197 0.022604385 0.998275578
1341846382.730021 0.130042225 0.015239031 0.658368468 -0.017349198 0.050577082 0.021439886 0.998339236
1341846382.762004 0.124958716 0.012115505 0.666223526 -0.017989233 0.052128572 0.023366578 0.998204887
1341846382.798112 0.123307019 0.012501182 0.670427680 -0.020593913 0.050476771 0.020694008 0.998298407
1341846382.829949 0.124996632 0.014771079 0.674732864 -0.021984719 0.051555332 0.014428901 0.998323858
1341846382.861875 0.134721413 0.006658911 0.681714058 -0.024362314 0.050747167 0.012041033 0.998341739
1341846382.897967 0.123145372 0.016242381 0.684943676 -0.022261852 0.053384759 0.013079578 0.998240113
1341846382.930017 0.134044543 0.009623840 0.687973320 -0.022205686 0.052488036 0.014215110 0.998273432
1341846382.962121 0.129887849 0.018558100 0.692277253 -0.018677827 0.056596018 0.012773601 0.998140693
1341846382.997950 0.127774999 0.019303316 0.694467008 -0.018206865 0.057853613 0.014252645 0.998057246
1341846383.029927 0.138296828 0.016374195 0.698331654 -0.017952623 0.055385843 0.015477359 0.998183608
1341846383.104184 0.136759192 0.020978857 0.701205432 -0.020183751 0.061275810 0.007235574 0.997890532
1341846383.172122 0.133058161 0.016908046 0.705655515 -0.023783021 0.061010923 0.006623202 0.997831762
1341846383.236935 0.137159675 0.012770092 0.709149957 -0.025741939 0.068134971 0.006532168 0.997322559
1341846383.272112 0.144939408 0.008844032 0.712711394 -0.025338817 0.064988405 0.011098272 0.997502506
1341846383.303955 0.146444917 0.011684407 0.707745433 -0.024132045 0.066281691 0.013178192 0.997422040
1341846383.336133 0.153648451 0.022649439 0.702258527 -0.025069734 0.065611497 0.013323448 0.997441292
1341846383.398119 0.154870540 0.012201390 0.699725926 -0.028546924 0.064562261 0.015710626 0.997381568
1341846383.433991 0.157103881 0.005317498 0.696648419 -0.030520100 0.066213414 0.015247832 0.997222006
1341846383.466087 0.157472327 0.009037971 0.697673559 -0.029476207 0.065785706 0.016315304 0.997264862
1341846383.501974 0.150745034 0.004170084 0.695581317 -0.029950051 0.065529935 0.019366901 0.997213006
1341846383.533975 0.151808828 0.008122611 0.686239243 -0.028332362 0.062641934 0.019434577 0.997444510
1341846383.565981 0.140835613 0.011344749 0.679221749 -0.028458938 0.064072266 0.017143257 0.997392058
1341846383.602253 0.129654363 0.006254764 0.673207104 -0.029543599 0.063111633 0.016991263 0.997424364
1341846383.634175 0.130641520 -0.009694575 0.671103120 -0.032965939 0.056692433 0.017723119 0.997689903
1341846383.665988 0.130309284 0.014720823 0.656819224 -0.027698766 0.051876392 0.015449742 0.998149753
1341846383.702104 0.112724163 0.005224633 0.652296364 -0.030489966 0.052567016 0.012540531 0.998073041
1341846383.734131 0.102878377 0.008531537 0.647000313 -0.029679092 0.048993014 0.012078269 0.998284996
1341846383.770067 0.101749502 -0.002397154 0.631572843 -0.031942599 0.043205865 0.016061459 0.998426199
1341846383.802027 0.110880286 0.013584652 0.624536097 -0.027851390 0.036842909 0.015448689 0.998813391
1341846383.870067 0.090539716 0.007100544 0.605025947 -0.030087182 0.033677518 0.017457930 0.998827219
1341846383.901854 0.094280384 0.018056799 0.593040049 -0.027729843 0.028985653 0.018058999 0.999031901
1341846383.934301 0.091032259 0.021596532 0.585873306 -0.029906536 0.027533438 0.017010020 0.999028623
1341846383.969997 0.089243673 0.016723698 0.579982281 -0.031708110 0.025221951 0.017163562 0.999031484
1341846384.001936 0.081484407 0.013215225 0.566330135 -0.030194329 0.023205558 0.020903060 0.999055982
1341846384.038092 0.076625481 0.025822382 0.558798254 -0.026517125 0.018379044 0.021191947 0.999254704
1341846384.070104 0.080974638 0.020710982 0.543057978 -0.028918354 0.015961006 0.018455015 0.999283910
1341846384.102008 0.076495223 0.012784104 0.534874916 -0.028721539 0.015942248 0.017629854 0.999304771
1341846384.138265 0.071935572 0.016330568 0.521202862 -0.026900508 0.012397435 0.019852292 0.999364078
1341846384.170093 0.071511880 0.022513673 0.511871934 -0.026517350 0.010225710 0.018859314 0.999418139
1341846384.202188 0.066318735 0.022267871 0.499921292 -0.025916981 0.012056134 0.016895764 0.999448597
1341846384.237844 0.060025383 0.022348143 0.487439811 -0.026587620 0.013105133 0.016592510 0.999422848
1341846384.269968 0.061093364 0.014318604 0.476838082 -0.027856791 0.010764331 0.018616004 0.999380589
1341846384.306015 0.059782621 0.022361672 0.464245647 -0.024791945 0.010919266 0.017653286 0.999477088
1341846384.337907 0.054325908 0.022932781 0.453998774 -0.025135761 0.011793100 0.017502230 0.999461234
1341846384.369865 0.054844812 0.025617486 0.447231948 -0.026203696 0.010442353 0.016769309 0.999461412
1341846384.406199 0.055632874 0.024958266 0.432882667 -0.025502035 0.010785642 0.014696506 0.999508500
1341846384.437788 0.049975008 0.029140806 0.420829028 -0.025509320 0.011303389 0.013879763 0.999514282
1341846384.469882 0.047647994 0.031535584 0.412731767 -0.027685309 0.010419432 0.011803111 0.999492705
1341846384.506115 0.050301794 0.028040031 0.401646584 -0.029410755 0.011461668 0.007887916 0.999470592
1341846384.537970 0.043329887 0.034975804 0.391889513 -0.030107902 0.014845721 0.007471573 0.999408484
1341846384.573994 0.041080747 0.026790058 0.384271234 -0.032559596 0.014630735 0.010013198 0.999312520
1341846384.606493 0.036641322 0.028148038 0.380745322 -0.030122142 0.013342128 0.014889165 0.999346256
1341846384.637999 0.033967171 0.035079669 0.372058183 -0.027555682 0.012338834 0.017065268 0.999398410
1341846384.674068 0.031136427 0.037130024 0.367001712 -0.027842343 0.011384179 0.015971279 0.999419868
1341846384.705921 0.028741052 0.036129862 0.354199946 -0.027399937 0.010691673 0.013934826 0.999470234
1341846384.742045 0.021267522 0.045518041 0.345081180 -0.026197713 0.008856650 0.012414463 0.999540448
1341846384.774082 0.022620339 0.045985911 0.338655025 -0.029496847 0.005806066 0.010288378 0.999495029
1341846384.805987 0.017763598 0.043065488 0.329179823 -0.031272799 0.006276274 0.004583497 0.999480665
1341846384.842025 0.010002987 0.044209220 0.321936011 -0.032033831 0.005323191 0.003719060 0.999465704
1341846384.874081 0.009729111 0.044456437 0.312197000 -0.032980934 0.003166900 0.005157062 0.999437630
1341846384.905998 0.008741993 0.044955768 0.306839913 -0.031167038 0.002980579 0.008218803 0.999475956
1341846384.942014 0.001837748 0.050465152 0.293979049 -0.030278062 0.004001056 0.010721774 0.999475956
1341846384.974049 -0.001064163 0.051385239 0.287922174 -0.031136133 0.003872807 0.013034847 0.999422669
1341846385.009917 -0.000248425 0.051458944 0.282606721 -0.028701255 0.004003312 0.017544977 0.999426007
1341846385.042211 -0.004067210 0.053683680 0.267880857 -0.027577637 0.004802240 0.019862140 0.999410748
1341846385.073967 -0.004813293 0.053471539 0.267322510 -0.029326264 0.005507466 0.018884122 0.999376297
1341846385.110157 -0.008677443 0.044572607 0.254760027 -0.029733036 0.007037361 0.019691577 0.999339104
1341846385.141931 -0.012994195 0.042862143 0.252191901 -0.028315658 0.007665925 0.021936381 0.999328911
1341846385.173929 -0.019719213 0.043455776 0.239176959 -0.026910918 0.007037819 0.020310339 0.999406695
1341846385.210052 -0.015632574 0.045219928 0.233212739 -0.025251489 0.005627907 0.015310355 0.999548018
1341846385.242941 -0.028904781 0.043358002 0.226395145 -0.024498116 0.007894007 0.009272447 0.999625683
1341846385.278001 -0.029541075 0.040708173 0.219049454 -0.024610661 0.006452555 0.005821374 0.999659300
1341846385.311234 -0.037300356 0.036381997 0.211610466 -0.022592273 0.006765853 0.004879646 0.999709964
1341846385.342936 -0.039759144 0.040527616 0.204920217 -0.018910289 0.005000796 0.003985528 0.999800742
1341846385.378101 -0.046966527 0.044352949 0.195883155 -0.018140351 0.005605684 0.002179860 0.999817371
1341846385.410048 -0.055326235 0.042096119 0.192080244 -0.018557342 0.005082074 0.001208944 0.999814093
1341846385.442088 -0.068606116 0.041624993 0.183587462 -0.018150032 0.003490103 0.001396169 0.999828219
1341846385.477970 -0.072168343 0.043418042 0.175689802 -0.018618379 -0.000304205 0.001109177 0.999826014
1341846385.510109 -0.073428877 0.047615714 0.174784437 -0.018474376 -0.002435366 0.001117279 0.999825716
1341846385.545989 -0.084191062 0.046495944 0.160272941 -0.019236902 -0.004687251 0.001421003 0.999802947
1341846385.577939 -0.092057094 0.043856755 0.155557841 -0.021365751 -0.009472501 0.001871221 0.999725103
1341846385.609948 -0.100260265 0.045485191 0.151145518 -0.021451809 -0.011227435 0.001862451 0.999705076
1341846385.646024 -0.116033539 0.043465871 0.148365870 -0.022605784 -0.014252582 0.004096997 0.999634445
1341846385.678122 -0.117426068 0.048146654 0.145218298 -0.023578458 -0.021054113 0.004406517 0.999490559
1341846385.713966 -0.123148397 0.046920788 0.126045391 -0.024036795 -0.022915581 0.004532353 0.999438107
1341846385.745986 -0.127905980 0.051419802 0.122449212 -0.022377973 -0.022508176 0.005513425 0.999480963
1341846385.778024 -0.136872917 0.056890652 0.113366351 -0.022107296 -0.024875604 0.008911098 0.999406338
1341846385.814480 -0.134375215 0.056056291 0.103871614 -0.022681214 -0.026503373 0.008294361 0.999356925
1341846385.846594 -0.135348812 0.058471501 0.094869278 -0.022738796 -0.023878748 0.005259566 0.999442399
1341846385.884072 -0.147352919 0.060811404 0.094672844 -0.023763994 -0.020925580 0.007204081 0.999472618
1341846385.920282 -0.147650406 0.062752277 0.090878360 -0.024119519 -0.023775922 0.009114589 0.999384701
1341846385.951967 -0.152001575 0.066015422 0.083886184 -0.023742530 -0.020359941 0.004444668 0.999500871
1341846385.983828 -0.167531118 0.065683454 0.075253069 -0.023593739 -0.015194725 0.004730966 0.999594927
1341846386.019954 -0.171424121 0.054730777 0.062823810 -0.025207257 -0.015533146 0.007120839 0.999536216
1341846386.053153 -0.170376793 0.062240295 0.064825766 -0.022198061 -0.017530136 0.006613042 0.999577999
1341846386.087964 -0.162688494 0.064886041 0.053162791 -0.018846981 -0.016536376 0.002005555 0.999683619
1341846386.120298 -0.175123140 0.063972063 0.044699963 -0.017924495 -0.012484836 -0.000373115 0.999761343
1341846386.152323 -0.180733636 0.057584815 0.033380680 -0.016520001 -0.012880268 0.000022081 0.999780536
1341846386.187922 -0.180000395 0.058259871 0.027228821 -0.013567501 -0.014486075 -0.003706114 0.999796152
1341846386.220214 -0.179515839 0.057016004 0.017479077 -0.011594342 -0.013812816 -0.008958981 0.999797225
1341846386.251878 -0.181874365 0.051637527 0.007345681 -0.009032785 -0.012287170 -0.011481790 0.999817789
1341846386.287926 -0.189858198 0.050592508 -0.003573854 -0.006258019 -0.013331257 -0.011476021 0.999825716
1341846386.320048 -0.183994815 0.054932926 -0.016524659 -0.003464459 -0.015729247 -0.015163894 0.999755263
1341846386.351806 -0.182616577 0.053726185 -0.030272562 -0.001904709 -0.013599395 -0.019503623 0.999715447
1341846386.387904 -0.189206481 0.050663758 -0.046314333 -0.000377102 -0.012200028 -0.019579347 0.999733806
1341846386.420158 -0.191318870 0.052447952 -0.056491502 0.001665240 -0.014366792 -0.018388547 0.999726295
1341846386.488011 -0.180385634 0.064690471 -0.095416352 0.003706366 -0.019269880 -0.021691915 0.999572098
1341846386.550203 -0.192714319 0.061087191 -0.113462329 0.005629804 -0.018091561 -0.022999147 0.999555886
1341846386.582265 -0.190072730 0.068392903 -0.156461313 0.006517756 -0.021665581 -0.018837539 0.999566555
1341846386.618055 -0.181468964 0.075569592 -0.171892792 0.006738106 -0.022254353 -0.021420818 0.999500155
1341846386.651032 -0.185242608 0.080707937 -0.193635970 0.005586034 -0.020519974 -0.022589443 0.999518633
1341846386.682220 -0.187015623 0.079526603 -0.210402012 0.002779188 -0.022179587 -0.020589298 0.999538124
1341846386.718071 -0.178483114 0.071998365 -0.220937669 0.001219033 -0.023733567 -0.018001044 0.999555528
1341846386.750071 -0.172011212 0.079965189 -0.238368094 0.004046799 -0.021400254 -0.017333034 0.999612510
1341846386.786100 -0.177692056 0.085323468 -0.254474699 0.004796538 -0.018501732 -0.013420762 0.999727249
1341846386.817967 -0.181570768 0.089721173 -0.258345008 0.006451454 -0.018534293 -0.012516645 0.999729037
1341846386.850155 -0.174273580 0.099048041 -0.276711434 0.008011957 -0.017524349 -0.012503527 0.999736190
1341846386.886034 -0.175823510 0.099183604 -0.288130224 0.007664459 -0.014229567 -0.011092911 0.999807835
1341846386.918050 -0.176477581 0.099827774 -0.301244110 0.007999571 -0.012613315 -0.007775960 0.999858201
1341846386.954005 -0.178587005 0.103159741 -0.315351874 0.008566626 -0.011543310 -0.005882414 0.999879360
1341846386.986155 -0.168945402 0.103994586 -0.332886279 0.008418956 -0.010688509 -0.005419372 0.999892771
1341846387.018027 -0.167352781 0.099057138 -0.340326816 0.007493853 -0.006238812 -0.003974483 0.999944568
1341846387.054058 -0.180712789 0.101299867 -0.358127475 0.009262159 -0.002972675 -0.002398898 0.999949872
1341846387.086157 -0.173357099 0.102613762 -0.364556402 0.010002776 -0.003810107 -0.001017876 0.999942183
1341846387.118350 -0.169818655 0.103575520 -0.375363648 0.010674303 -0.001027153 -0.002427035 0.999939501
1341846387.153927 -0.179118127 0.103842154 -0.389316320 0.012142577 0.001931518 -0.002732047 0.999920666
1341846387.185953 -0.181289613 0.112195544 -0.401389986 0.012280861 0.000972389 -0.001921705 0.999922276
1341846387.222042 -0.173539922 0.111431867 -0.410052508 0.009867250 -0.000470353 -0.003298035 0.999945760
1341846387.253968 -0.172074586 0.109424025 -0.422068447 0.008740491 0.001429623 -0.005670931 0.999944687
1341846387.286046 -0.181778759 0.111537479 -0.435013205 0.007630267 0.002281193 -0.004157792 0.999959648
1341846387.322002 -0.174401075 0.114611864 -0.444516629 0.006030730 0.000571932 -0.003088847 0.999976873
1341846387.353879 -0.166772887 0.112083331 -0.453215897 0.004608766 0.001717315 -0.003203902 0.999982715
1341846387.386177 -0.179497018 0.110094577 -0.462654978 0.004175717 0.003167900 -0.000271160 0.999986172
1341846387.422132 -0.169214070 0.114246890 -0.471713662 0.004944399 0.000695160 0.002307537 0.999984860
1341846387.454043 -0.163681865 0.120341636 -0.483742028 0.005588628 0.001995191 0.000385622 0.999982297
1341846387.490166 -0.173067674 0.120421402 -0.489081770 0.004892043 0.003444487 0.000726701 0.999981821
1341846387.522009 -0.175398335 0.118733197 -0.497129977 0.004920688 0.001518859 0.004987489 0.999974310
1341846387.554619 -0.170218274 0.125560239 -0.511318326 0.005676045 0.000563358 0.006394890 0.999963284
1341846387.590257 -0.166135401 0.135836050 -0.523122966 0.004622614 0.001274079 0.005546405 0.999973118
1341846387.622301 -0.168611273 0.135963246 -0.530019522 0.001682733 0.002772564 0.006816581 0.999971509
1341846387.654151 -0.174681872 0.133957937 -0.535397530 -0.000243690 0.002907414 0.007010515 0.999971151
1341846387.690110 -0.173967376 0.138941363 -0.546755433 -0.001070947 0.000675039 0.005906083 0.999981761
1341846387.722109 -0.171830028 0.138542205 -0.551472604 -0.003580305 -0.000562001 0.005601431 0.999977767
1341846387.758177 -0.173784614 0.134375453 -0.557762980 -0.005300080 -0.001111419 0.006402976 0.999964833
1341846387.790191 -0.180115074 0.132305816 -0.561188459 -0.004978614 -0.002276447 0.009419839 0.999940634
1341846387.822157 -0.177084684 0.139540255 -0.568824530 -0.003658295 -0.004577826 0.010008545 0.999932766
1341846387.858179 -0.178580120 0.143573686 -0.580817103 -0.004171760 -0.005683881 0.013554449 0.999883235
1341846387.890013 -0.181470662 0.144010812 -0.585312009 -0.004125742 -0.008119932 0.014722385 0.999850154
1341846387.926103 -0.175546840 0.147793025 -0.593302011 -0.003955273 -0.009614109 0.014694330 0.999837995
1341846387.958426 -0.177781105 0.148693487 -0.595152497 -0.004605359 -0.010014034 0.016691083 0.999799907
1341846387.990086 -0.183425307 0.144258186 -0.602244318 -0.005789650 -0.012010713 0.018574860 0.999738574
1341846388.026158 -0.174476862 0.136174992 -0.590136826 -0.004975381 -0.016640162 0.017390141 0.999697924
1341846388.058060 -0.173152745 0.136775300 -0.584660828 0.000293444 -0.018457301 0.024053304 0.999540210
1341846388.089974 -0.178394169 0.140651375 -0.585876942 0.005389502 -0.020804888 0.027903898 0.999379516
1341846388.126088 -0.171833426 0.153201103 -0.595631599 0.008546995 -0.023006786 0.027232166 0.999327779
1341846388.158090 -0.163200840 0.168626562 -0.603962839 0.006327750 -0.021735854 0.023472983 0.999468148
1341846388.194068 -0.168442965 0.154471621 -0.588420868 0.000661838 -0.019040082 0.020474944 0.999608815
1341846388.225961 -0.170339257 0.152412027 -0.579367995 -0.000008370 -0.019565174 0.018831281 0.999631166
1341846388.257928 -0.167119488 0.157443881 -0.579131305 -0.000908535 -0.019715684 0.019577723 0.999613523
1341846388.294066 -0.167673662 0.146283612 -0.560888290 -0.002528449 -0.019987253 0.019759495 0.999601781
1341846388.325954 -0.162134990 0.154754281 -0.555889189 -0.000652578 -0.020618260 0.017325537 0.999637067
1341846388.357936 -0.161334336 0.153125331 -0.551562011 -0.002574675 -0.019201029 0.016389821 0.999678016
1341846388.394202 -0.168521762 0.146959752 -0.536027789 -0.003991436 -0.019090468 0.014661195 0.999702275
1341846388.425957 -0.158075169 0.151450858 -0.533083439 -0.003862953 -0.020810308 0.011891400 0.999705255
1341846388.462012 -0.158041954 0.143632382 -0.522406876 -0.005570017 -0.018824324 0.009713952 0.999760091
1341846388.493961 -0.163734898 0.135979772 -0.504025936 -0.004964633 -0.019342974 0.009535363 0.999755085
1341846388.526293 -0.157567412 0.136197835 -0.494427502 -0.003222495 -0.021511288 0.009248550 0.999720633
1341846388.562293 -0.149352372 0.134058818 -0.487340093 -0.001660477 -0.020484433 0.007817393 0.999758244
1341846388.594090 -0.156799465 0.135869309 -0.474270195 -0.000605970 -0.018034190 0.006633190 0.999815166
1341846388.626030 -0.154368073 0.133021206 -0.458180815 -0.001036807 -0.019180482 0.006589780 0.999793768
1341846388.662009 -0.150588095 0.121389672 -0.446911156 -0.000490283 -0.018212961 0.004240809 0.999825001
1341846388.694110 -0.153202578 0.131255940 -0.434776694 0.002004689 -0.016791569 0.003622520 0.999850452
1341846388.730239 -0.152053088 0.129733935 -0.419180900 0.000295057 -0.017784791 0.002786035 0.999837935
1341846388.762131 -0.143507123 0.116875671 -0.406200260 -0.000392049 -0.017134350 0.000052022 0.999853134
1341846388.794087 -0.148674697 0.125045091 -0.396113962 0.001328032 -0.014655545 0.000429369 0.999891639
1341846388.830117 -0.152116582 0.126499146 -0.372039914 -0.000774095 -0.015697606 0.002357338 0.999873698
1341846388.868548 -0.142535537 0.112535901 -0.364829987 -0.001991456 -0.016715512 0.001933225 0.999856412
1341846388.900942 -0.149529412 0.127813980 -0.346433252 -0.000094709 -0.014557253 0.002218213 0.999891579
1341846388.937157 -0.151478395 0.124437951 -0.332814068 -0.003700258 -0.016062906 0.003268771 0.999858797
1341846388.970712 -0.148639485 0.112157889 -0.310509771 -0.006239472 -0.016472155 0.002549023 0.999841630
1341846389.001153 -0.147026747 0.113856658 -0.299993128 -0.005818568 -0.016590806 0.001633148 0.999844074
1341846389.036956 -0.150051326 0.122339152 -0.276948303 -0.007583441 -0.016581325 -0.000004662 0.999833763
1341846389.069208 -0.146741942 0.103241771 -0.264298379 -0.011856485 -0.017579438 0.000401923 0.999775112
1341846389.168276 -0.146937609 0.090919301 -0.226389423 -0.012272860 -0.016680028 0.001063275 0.999785006
1341846389.230639 -0.155772105 0.089989774 -0.189104155 -0.008798728 -0.015456064 0.002157310 0.999839485
1341846389.266034 -0.151303381 0.088471875 -0.177012727 -0.007814818 -0.017396877 0.000954997 0.999817669
1341846389.298760 -0.146810338 0.084486522 -0.171884999 -0.006717538 -0.015174640 -0.000346631 0.999862254
1341846389.329980 -0.149467543 0.079823442 -0.153536379 -0.005670125 -0.013545014 0.001587091 0.999890924
1341846389.366022 -0.146046400 0.085187979 -0.136859715 -0.004659731 -0.013895450 0.000433970 0.999892533
1341846389.397969 -0.138267055 0.080390275 -0.117788121 -0.004209333 -0.011604098 0.000313970 0.999923766
1341846389.433982 -0.140564904 0.083075754 -0.108494960 -0.000738116 -0.007227150 0.000104970 0.999973595
1341846389.466033 -0.142579481 0.087861419 -0.099868841 -0.000842495 -0.006473799 0.002581905 0.999975324
1341846389.498030 -0.137816593 0.078953594 -0.082521394 -0.002271840 -0.007190605 0.002802362 0.999967635
1341846389.534085 -0.130998850 0.087021612 -0.071472391 -0.000876982 -0.004685546 0.001065382 0.999988079
1341846389.565875 -0.135289311 0.091828890 -0.060715601 -0.002520263 -0.002604521 0.000749380 0.999993145
1341846389.597960 -0.134896278 0.088734351 -0.044160526 -0.006878240 -0.003616553 0.001519385 0.999968648
1341846389.634116 -0.129133806 0.085153043 -0.032044809 -0.008315425 -0.004683739 0.000726828 0.999954164
1341846389.665950 -0.128853112 0.099624604 -0.025800131 -0.009442830 -0.003094510 -0.002488398 0.999947548
1341846389.702127 -0.127062559 0.087651372 -0.007473412 -0.015066769 -0.002542752 -0.003901694 0.999875665
1341846389.734086 -0.127572119 0.084747314 0.004953458 -0.014774652 -0.004118478 -0.002163384 0.999880075
1341846389.765898 -0.121925265 0.090629503 0.012954081 -0.014368438 -0.005399095 -0.001636064 0.999880850
1341846389.802126 -0.119060144 0.087774128 0.022057101 -0.015871709 -0.005355757 -0.003283012 0.999854326
1341846389.834063 -0.115233429 0.082549527 0.035109315 -0.014612354 -0.005266246 -0.002334716 0.999876618
1341846389.866260 -0.114635065 0.081117131 0.052883409 -0.011977802 -0.005534381 0.001063102 0.999912381
1341846389.902002 -0.109073639 0.083912969 0.055993509 -0.010397446 -0.007084172 0.001552473 0.999919653
1341846389.934117 -0.101248175 0.082485214 0.061125908 -0.009778894 -0.005856432 -0.000084090 0.999935031
1341846389.970116 -0.100809731 0.083253346 0.074593663 -0.009366260 -0.003332815 -0.000878338 0.999950171
1341846390.002129 -0.106610782 0.080447927 0.086681522 -0.009972495 -0.004575870 0.001498843 0.999938667
1341846390.034099 -0.098146006 0.083747640 0.100674495 -0.008358108 -0.007989019 0.000351835 0.999933064
1341846390.070024 -0.091989316 0.084370166 0.101249687 -0.008189837 -0.007488498 -0.002472093 0.999935329
1341846390.101910 -0.092785589 0.082076877 0.114153698 -0.009493984 -0.007241420 -0.004068644 0.999920428
1341846390.137924 -0.087066673 0.075714767 0.122252941 -0.009021530 -0.009958518 -0.002607055 0.999906301
1341846390.170038 -0.081074513 0.083634734 0.117708862 -0.006727328 -0.009860118 -0.003231200 0.999923527
1341846390.202115 -0.077985473 0.084301814 0.125853583 -0.009611976 -0.008746753 -0.005789303 0.999898791
1341846390.238117 -0.076771349 0.076431282 0.140847102 -0.011007654 -0.009855573 -0.004052217 0.999882638
1341846390.270052 -0.072797224 0.081686042 0.148946539 -0.009662616 -0.012966857 0.001468543 0.999868155
1341846390.302085 -0.059208725 0.085020170 0.153803691 -0.010773751 -0.014610675 0.004185332 0.999826431
1341846390.338496 -0.053858768 0.078787707 0.164393052 -0.011500561 -0.013338730 0.006112945 0.999826193
1341846390.370105 -0.057740290 0.079686418 0.171148553 -0.011418836 -0.014534621 0.011563369 0.999762297
1341846390.438106 -0.042762753 0.081966899 0.188022211 -0.016238663 -0.021613911 0.009290686 0.999591351
1341846390.505984 -0.044368062 0.089213327 0.205462575 -0.020213570 -0.029008176 0.012232971 0.999299884
1341846390.538495 -0.028176341 0.085538462 0.206081554 -0.021775002 -0.032300644 0.008060871 0.999208450
1341846390.606055 -0.026123390 0.095321245 0.227577791 -0.023272866 -0.034622807 0.015584324 0.999007940
1341846390.638031 -0.011951359 0.097497575 0.228301033 -0.022785671 -0.038085893 0.016449109 0.998879254
1341846390.673954 -0.002391816 0.099859990 0.229112536 -0.022677412 -0.035505705 0.013952146 0.999014735
1341846390.705937 -0.005509816 0.105894104 0.240507320 -0.025244594 -0.033553265 0.013268411 0.999029934
1341846390.737965 0.001839420 0.101462767 0.254960030 -0.027974665 -0.035601169 0.012784164 0.998892665
1341846390.774135 0.013184345 0.099907033 0.248207822 -0.026473871 -0.034482956 0.012343653 0.998978317
1341846390.806067 0.016291706 0.106875151 0.265304446 -0.025840595 -0.029704809 0.012764961 0.999143124
1341846390.838026 0.014060952 0.107745737 0.274844706 -0.027661132 -0.028427750 0.014889267 0.999102116
1341846390.874116 0.018692059 0.118040815 0.272908270 -0.027525203 -0.028431313 0.015940068 0.999089539
1341846390.906067 0.023734229 0.112490505 0.268523932 -0.030513449 -0.027404387 0.020338496 0.998951614
1341846390.942137 0.025111917 0.115527309 0.283319890 -0.032301299 -0.027292646 0.023729425 0.998823643
1341846390.974052 0.030990735 0.108653411 0.283598363 -0.032304991 -0.029494824 0.028605441 0.998633146
1341846391.006164 0.034361452 0.117881179 0.286060750 -0.029592769 -0.031509824 0.031150836 0.998579502
1341846391.042303 0.039627377 0.119473070 0.292387217 -0.031511836 -0.032832671 0.028223919 0.998565197
1341846391.074134 0.037243243 0.114651904 0.290450156 -0.032248978 -0.033342149 0.025014011 0.998610377
1341846391.106097 0.035473876 0.116545193 0.286976993 -0.031619124 -0.035226390 0.025960492 0.998541653
1341846391.142154 0.045058012 0.112226836 0.290410578 -0.032826841 -0.038993508 0.028351944 0.998297572
1341846391.174124 0.046318240 0.114712670 0.288259089 -0.031857759 -0.039206859 0.028123111 0.998327136
1341846391.209961 0.045691717 0.111629464 0.285113513 -0.032419123 -0.038569279 0.028665053 0.998318493
1341846391.241977 0.044195641 0.101945750 0.280773401 -0.033486106 -0.040221754 0.032606024 0.998097062
1341846391.273984 0.040458985 0.108179279 0.281435251 -0.030112114 -0.040878192 0.031736728 0.998205900
1341846391.309946 0.041919548 0.115479223 0.284835279 -0.028065985 -0.040054556 0.028678663 0.998391449
1341846391.342018 0.041257717 0.107518338 0.272076517 -0.029704407 -0.041840240 0.028993264 0.998261690
1341846391.378060 0.039102107 0.105972774 0.279691607 -0.029093534 -0.044533703 0.026112502 0.998242676
1341846391.410037 0.039607316 0.103200391 0.274078488 -0.029712172 -0.044699680 0.023573231 0.998280227
1341846391.442052 0.037549231 0.101122051 0.273973286 -0.028840639 -0.043450728 0.025070826 0.998324454
1341846391.478040 0.035003543 0.099398620 0.270759076 -0.027818922 -0.045013167 0.030128147 0.998144388
1341846391.510072 0.038145412 0.105623163 0.269284219 -0.026953423 -0.047396958 0.032074090 0.997997165
1341846391.542159 0.035348419 0.104736924 0.266423941 -0.027798984 -0.045933064 0.031173330 0.998070955
1341846391.578010 0.035817523 0.105404206 0.271439910 -0.027356563 -0.045546360 0.031624924 0.998086691
1341846391.610169 0.034585755 0.100386217 0.270298451 -0.027154220 -0.047000211 0.034704022 0.997922480
1341846391.645942 0.037557393 0.099679336 0.265745342 -0.025940586 -0.049519069 0.034848001 0.997827947
1341846391.677959 0.035041124 0.098968595 0.261616081 -0.024841459 -0.049094718 0.033663183 0.997917533
1341846391.710022 0.031747073 0.090528026 0.263855845 -0.024336373 -0.049284749 0.035554081 0.997855067
1341846391.745846 0.032806363 0.091781415 0.265919685 -0.021595206 -0.051979724 0.035308149 0.997790098
1341846391.778020 0.034568980 0.089589335 0.260902613 -0.019932447 -0.052297238 0.033454899 0.997871935
1341846391.810026 0.028612500 0.086195439 0.267150193 -0.018392781 -0.050843000 0.033139586 0.997987211
1341846391.846013 0.030087622 0.080888063 0.262835175 -0.016976772 -0.051788252 0.034867622 0.997904837
1341846391.877984 0.029212756 0.080240436 0.260678232 -0.014051039 -0.051642939 0.036381945 0.997903764
1341846391.914033 0.028553722 0.077526651 0.260678887 -0.012945300 -0.051033750 0.037688393 0.997901559
1341846391.945996 0.028920533 0.079512715 0.258206755 -0.011090154 -0.051660005 0.036949687 0.997919321
1341846391.978037 0.028631460 0.080537923 0.256144524 -0.010630195 -0.051616047 0.034804966 0.998003662
1341846392.014187 0.028179042 0.076380104 0.255864054 -0.010652635 -0.050945349 0.033830479 0.998071432
1341846392.046054 0.030611020 0.076361567 0.257985234 -0.009255505 -0.051629595 0.035394277 0.997995973
1341846392.078061 0.028354285 0.081580147 0.258278310 -0.008068199 -0.051848255 0.035173282 0.998002768
1341846392.114010 0.028330225 0.081753567 0.256191045 -0.008466222 -0.052031249 0.034247968 0.998022079
1341846392.145989 0.029724989 0.083744317 0.256657332 -0.007707838 -0.052038629 0.033121862 0.998065889
1341846392.181959 0.023009529 0.086871356 0.252771735 -0.008922635 -0.053007871 0.033323355 0.997998059
1341846392.213917 0.031804655 0.082004011 0.254504979 -0.010671197 -0.056470916 0.030796060 0.997872114
1341846392.246105 0.032707814 0.087086231 0.249532267 -0.008517808 -0.054179441 0.024829179 0.998186111
1341846392.282032 0.031268951 0.083658554 0.258732855 -0.009171776 -0.053425454 0.026010241 0.998190880
1341846392.314025 0.035358638 0.080118954 0.258695483 -0.008459394 -0.056472659 0.028550794 0.997959971
1341846392.349981 0.040809348 0.084879696 0.254526228 -0.005581902 -0.056446724 0.028532961 0.997982204
1341846392.382103 0.036179122 0.085204333 0.252761662 -0.005076481 -0.053956516 0.028803488 0.998114884
1341846392.414056 0.037410479 0.084268689 0.254597664 -0.004843610 -0.054991938 0.031354107 0.997982621
1341846392.450136 0.042028308 0.078114025 0.251404375 -0.004327619 -0.055863991 0.035314519 0.997804284
1341846392.482091 0.043362558 0.073919781 0.246681586 -0.002368982 -0.056266662 0.037342470 0.997714400
1341846392.514096 0.044056445 0.077018984 0.240491867 -0.000930331 -0.056034107 0.036583230 0.997757971
1341846392.550030 0.045700394 0.074728899 0.246602073 -0.001289723 -0.056880247 0.037634026 0.997670591
1341846392.582053 0.048289467 0.071288303 0.248118415 0.000048529 -0.058455173 0.040421486 0.997471333
1341846392.617983 0.043778885 0.070842884 0.238276526 0.001721071 -0.057957899 0.040856645 0.997481167
1341846392.649909 0.046382878 0.068188436 0.233279839 0.002542770 -0.057797495 0.039377477 0.997548223
1341846392.682128 0.045862813 0.065874070 0.238307968 0.003131557 -0.058128972 0.037833948 0.997586966
1341846392.718019 0.046694722 0.060946394 0.235556006 0.004258361 -0.060571592 0.040340655 0.997339249
1341846392.749829 0.046782583 0.062519960 0.236665204 0.006578204 -0.061972108 0.040313907 0.997241676
1341846392.782107 0.049613710 0.062126163 0.235642299 0.007073965 -0.062178131 0.039913207 0.997241616
1341846392.818251 0.047134142 0.058355022 0.240261167 0.006914766 -0.061288707 0.040318012 0.997281432
1341846392.852165 0.049437359 0.055886548 0.240536466 0.008660723 -0.062148154 0.041500419 0.997166157
1341846392.885913 0.052595340 0.057964168 0.238156632 0.010234203 -0.061916474 0.039733030 0.997237623
1341846392.917882 0.053328715 0.056625631 0.238317132 0.011521635 -0.060562726 0.039467212 0.997317255
1341846392.950023 0.050435361 0.056600470 0.238597140 0.013567745 -0.059613526 0.039490316 0.997347832
