1341846361.788774 0.000000000 0.000000000 0.000000000 0.000000000 0.000000000 0.000000000 1.000000000
1341846361.824112 -0.013197260 0.000910159 0.008815447 -0.002247034 0.003760581 -0.004899216 0.999978423
1341846361.856016 -0.037695263 0.015051659 -0.000739196 -0.006208207 0.006906844 -0.008752676 0.999918580
1341846361.887871 -0.036876880 0.001680375 0.017776480 -0.016162379 0.008346951 -0.014363140 0.999731362
1341846361.923930 -0.057422057 -0.014793553 0.025496043 -0.017886877 0.012976094 -0.011615921 0.999688327
1341846361.955927 -0.065879405 -0.017016586 0.021653172 -0.012439312 0.011023533 -0.004117510 0.999853373
1341846361.991999 -0.074903704 -0.025684474 0.022679616 -0.009733723 0.005738523 0.004241254 0.999927163
1341846362.023994 -0.070376590 -0.022530688 0.028695798 -0.005332808 0.002140445 0.005317360 0.999969363
1341846362.056118 -0.076768480 -0.010723936 0.027535867 -0.002310944 0.002631888 0.007364110 0.999966741
1341846362.091992 -0.095937639 -0.012394460 0.029109692 -0.003705346 0.003812275 0.006992764 0.999961436
1341846362.123929 -0.097359203 -0.023985565 0.036619019 -0.004947191 0.001865658 0.009039103 0.999945164
1341846362.156058 -0.106678709 -0.028951926 0.034440648 -0.001811205 0.002231325 0.011203355 0.999933124
1341846362.191987 -0.126398668 -0.029371828 0.040936921 0.001042194 0.003297591 0.012724956 0.999913037
1341846362.224138 -0.133096755 -0.035315000 0.046005953 0.004634905 0.001676510 0.015556749 0.999866843
1341846362.260011 -0.136689425 -0.032167044 0.040871345 0.009931384 0.003210466 0.015123113 0.999831140
1341846362.291979 -0.143692315 -0.034740429 0.040750086 0.012105532 0.006900614 0.014978992 0.999790668
1341846362.323947 -0.160580561 -0.034295712 0.045742664 0.014633650 0.011065385 0.012879539 0.999748707
1341846362.359889 -0.163780108 -0.032289270 0.045344692 0.016880030 0.013829223 0.010898647 0.999702454
1341846362.392021 -0.182174057 -0.026698651 0.043192878 0.018454595 0.020074705 0.010915792 0.999568522
1341846362.423868 -0.199664325 -0.028303521 0.053366825 0.019721858 0.023583530 0.011460776 0.999461591
1341846362.459968 -0.209290177 -0.031715151 0.052287742 0.022557622 0.024543054 0.012768044 0.999362707
1341846362.491924 -0.218573660 -0.041346505 0.054135151 0.023428176 0.023786705 0.016404839 0.999307871
1341846362.523976 -0.231971622 -0.030928778 0.056139503 0.026384255 0.024635063 0.016801430 0.999207020
1341846362.559933 -0.235249922 -0.044885654 0.059393972 0.026775161 0.024908314 0.019601917 0.999138832
1341846362.592338 -0.247189283 -0.033721820 0.069751151 0.029549228 0.025535323 0.017829102 0.999078035
1341846362.628177 -0.254439831 -0.032825083 0.064248726 0.029162142 0.024669690 0.018380260 0.999101162
1341846362.660128 -0.262889087 -0.034831643 0.066509604 0.028421788 0.024821591 0.017462516 0.999135196
1341846362.691901 -0.277092993 -0.031644128 0.075614661 0.027518187 0.023861291 0.016350603 0.999202728
1341846362.727993 -0.289542556 -0.038171288 0.071554892 0.025350790 0.020898068 0.015399463 0.999341488
1341846362.759942 -0.294022590 -0.040276282 0.075992122 0.024906404 0.018052714 0.013270757 0.999438643
1341846362.792002 -0.305020571 -0.034568179 0.070595331 0.024974188 0.017157948 0.010715684 0.999483407
1341846362.827965 -0.315023035 -0.037674617 0.072568059 0.023339184 0.015131265 0.008107658 0.999580204
1341846362.859959 -0.319886744 -0.039381899 0.074877098 0.022816468 0.013695756 0.005404494 0.999631226
1341846362.891861 -0.328691989 -0.038032562 0.066304013 0.023189502 0.013447522 0.004643904 0.999629855
1341846362.928098 -0.338160723 -0.043009724 0.064270854 0.022764979 0.011518473 0.005500108 0.999659359
1341846362.959894 -0.343377411 -0.047871131 0.068879917 0.025283694 0.010584840 0.007535110 0.999595881
1341846362.995909 -0.356230348 -0.048450563 0.074861161 0.028954832 0.009730489 0.010260175 0.999480665
1341846363.028072 -0.364348024 -0.051292025 0.068832368 0.030989954 0.007615909 0.012249374 0.999415576
1341846363.059896 -0.361497223 -0.051275130 0.078202866 0.035849277 0.007533659 0.010457631 0.999274075
1341846363.096102 -0.373119891 -0.046168350 0.069611378 0.039471846 0.010430681 0.008078986 0.999133527
1341846363.127992 -0.384216934 -0.046094246 0.069323599 0.038706101 0.012190210 0.004774433 0.999164820
1341846363.159870 -0.382488549 -0.054052338 0.068416096 0.039222591 0.014633863 0.001883455 0.999121547
1341846363.195966 -0.398740917 -0.054713815 0.068667822 0.041499000 0.019273650 0.004419873 0.998942852
1341846363.227902 -0.413491368 -0.056194913 0.078258455 0.043602459 0.017876348 0.008774465 0.998850465
1341846363.259977 -0.412733257 -0.059912890 0.077644169 0.045824509 0.015425988 0.012937086 0.998746574
1341846363.296031 -0.420198828 -0.055925146 0.077840820 0.049943447 0.018066321 0.015541616 0.998467684
1341846363.328065 -0.435081422 -0.052981038 0.075827241 0.050656136 0.018771783 0.018751096 0.998363614
1341846363.364023 -0.442402691 -0.055561617 0.081147403 0.049205296 0.014837255 0.020924876 0.998459220
1341846363.395985 -0.451894820 -0.058656830 0.076103508 0.048162069 0.010658039 0.020837929 0.998565257
1341846363.427955 -0.453550041 -0.053306833 0.082920440 0.048393842 0.006981167 0.018716021 0.998628557
1341846363.463979 -0.466877580 -0.051363837 0.081231028 0.046844468 0.004890748 0.018307146 0.998722434
1341846363.495986 -0.472388178 -0.049189981 0.079148591 0.044756178 0.000465358 0.020875651 0.998779714
1341846363.527941 -0.479473054 -0.047322001 0.078290805 0.042499099 -0.002620944 0.023510957 0.998816371
1341846363.564057 -0.490930289 -0.042029638 0.077686101 0.039417256 -0.004267719 0.026237862 0.998869181
1341846363.596025 -0.498418838 -0.048603483 0.081791535 0.035068236 -0.007935883 0.029025951 0.998931825
1341846363.632058 -0.502007723 -0.062633738 0.081005841 0.034763880 -0.015279266 0.033016931 0.998733163
1341846363.663931 -0.504904926 -0.049536005 0.075385354 0.037663508 -0.017389096 0.030793447 0.998664498
1341846363.695998 -0.510650754 -0.048157834 0.082496606 0.036273245 -0.019146921 0.025344690 0.998836935
1341846363.732007 -0.513519049 -0.054661311 0.075646728 0.033009309 -0.024691816 0.019684870 0.998956025
1341846363.794060 -0.511011660 -0.056667864 0.080759242 0.036364730 -0.037972081 0.022932369 0.998353541
1341846363.826406 -0.506961584 -0.044841655 0.088007778 0.038419690 -0.040731043 0.020859687 0.998213291
1341846363.861897 -0.493844360 -0.044630140 0.090031482 0.039592229 -0.040996410 0.018834144 0.998196900
1341846363.893984 -0.489768863 -0.039995637 0.086928107 0.040017363 -0.040438253 0.018231118 0.998213887
1341846363.926076 -0.485581338 -0.035498977 0.084432535 0.038058985 -0.040803492 0.018769488 0.998265624
1341846363.962090 -0.470914066 -0.036595460 0.086982824 0.036783341 -0.039591387 0.019531546 0.998347640
1341846363.994287 -0.465271264 -0.041444801 0.084943973 0.035367470 -0.038781967 0.022481948 0.998368502
1341846364.025993 -0.453598499 -0.040114984 0.084112011 0.034803197 -0.038615827 0.022159824 0.998401940
1341846364.061809 -0.441632777 -0.039632913 0.087835662 0.033451382 -0.036530081 0.021741521 0.998535872
1341846364.094209 -0.434294850 -0.047196064 0.085292868 0.033190109 -0.034052171 0.021552410 0.998636246
1341846364.130022 -0.424068272 -0.053927202 0.093555436 0.034111645 -0.034281131 0.023142306 0.998561740
1341846364.162231 -0.407825470 -0.064909950 0.089880668 0.036354825 -0.036772870 0.022171197 0.998416007
1341846364.194049 -0.395694494 -0.063451402 0.092331052 0.041977126 -0.038339093 0.018579908 0.998209774
1341846364.230023 -0.383897632 -0.062292833 0.083849519 0.044594146 -0.039707094 0.017169166 0.998068094
1341846364.262044 -0.364663273 -0.067696422 0.084485292 0.049071688 -0.040108237 0.013417429 0.997899413
1341846364.294059 -0.352045357 -0.060354169 0.071824685 0.052765749 -0.036003418 0.010343276 0.997904062
1341846364.330003 -0.337054104 -0.054022182 0.075094141 0.052530188 -0.033382993 0.008597624 0.998024166
1341846364.362052 -0.317765653 -0.060712080 0.078664355 0.051339481 -0.030989133 0.007932091 0.998168826
1341846364.397902 -0.306515574 -0.061185643 0.072259456 0.052664187 -0.023803521 0.005568932 0.998313010
1341846364.430108 -0.300446272 -0.060948096 0.075224347 0.053043161 -0.018686630 0.004898570 0.998405337
1341846364.462063 -0.285436094 -0.063815109 0.069304563 0.052069277 -0.015626851 0.003698867 0.998514354
1341846364.498091 -0.267251670 -0.060599703 0.069436006 0.052094609 -0.012115058 0.000518599 0.998568535
1341846364.530058 -0.262381166 -0.064352378 0.069302820 0.051436801 -0.008515725 -0.001698941 0.998638511
1341846364.561952 -0.245694891 -0.060139276 0.065532744 0.051874280 -0.005529880 -0.005375337 0.998623848
1341846364.597928 -0.233440384 -0.060164448 0.059922900 0.050319128 -0.002013704 -0.008216729 0.998697340
1341846364.629950 -0.219334081 -0.069252633 0.063010208 0.048906036 -0.000343866 -0.007584360 0.998774529
1341846364.665991 -0.220239088 -0.067072131 0.063371189 0.050213266 -0.000480977 -0.004929796 0.998726249
1341846364.698004 -0.209008887 -0.064464115 0.063627169 0.050451383 -0.002987297 -0.003685843 0.998715281
1341846364.730097 -0.200800791 -0.065758288 0.070068732 0.051371701 -0.003186643 -0.003974899 0.998666584
1341846364.766057 -0.188731357 -0.064134531 0.058071584 0.052715451 -0.002355599 -0.003234335 0.998601556
1341846364.798632 -0.177203998 -0.060236562 0.053041875 0.052312948 -0.002869840 -0.003465821 0.998620570
1341846364.833901 -0.158497706 -0.064180486 0.047397781 0.050947715 -0.001626242 -0.005310394 0.998685896
1341846364.865923 -0.149298176 -0.067491934 0.045194305 0.051700201 0.001947183 -0.007726640 0.998630881
1341846364.897970 -0.144793928 -0.066209882 0.044769894 0.051384293 0.000718121 -0.004803487 0.998667181
1341846364.934019 -0.127499551 -0.069557354 0.036851760 0.051077925 -0.002128313 -0.003076247 0.998687625
1341846364.966047 -0.109322436 -0.062492646 0.025949523 0.052040204 -0.000272237 -0.004441659 0.998635054
1341846364.998055 -0.101302184 -0.056855049 0.026231492 0.049009558 0.001365862 -0.005196171 0.998783886
1341846365.034125 -0.093360886 -0.052642774 0.020238595 0.043587964 -0.000314625 -0.003834881 0.999042153
1341846365.066106 -0.081275761 -0.058079902 0.027436644 0.038779460 -0.002797962 -0.005606237 0.999228179
1341846365.101953 -0.049968444 -0.059114452 0.015853306 0.037058685 -0.001571106 -0.010925146 0.999252141
1341846365.133922 -0.042497210 -0.054904491 0.020309815 0.034655407 0.004807011 -0.019729583 0.999193013
1341846365.165953 -0.034964573 -0.060233254 0.025643783 0.031303685 0.007625805 -0.021725899 0.999244690
1341846365.201856 -0.021306561 -0.067036100 0.035349648 0.030847635 0.009799617 -0.024295323 0.999180734
1341846365.234093 0.005431470 -0.071459211 0.030553907 0.031864140 0.014028233 -0.022998603 0.999129117
1341846365.266094 0.009827704 -0.077994950 0.040039986 0.034986477 0.019882388 -0.018151393 0.999025106
1341846365.302078 0.023641484 -0.077009000 0.023693552 0.040986542 0.023671467 -0.012732614 0.998798072
1341846365.334027 0.034670070 -0.071328722 0.039376926 0.046871800 0.027791774 -0.012515922 0.998435795
1341846365.369945 0.066855080 -0.077044956 0.020045552 0.047966871 0.031521931 -0.008908083 0.998311698
1341846365.401963 0.068700388 -0.069505282 0.030632552 0.050305564 0.037562884 -0.008729700 0.997989058
1341846365.434082 0.073710009 -0.067495912 0.007260179 0.050359350 0.042265020 -0.010729020 0.997778773
1341846365.469939 0.093428962 -0.037818953 0.048375897 0.049273357 0.048192468 -0.013690474 0.997528017
1341846365.502100 0.085445203 -0.053389814 0.081777968 0.040763218 0.054294206 -0.011875097 0.997621894
1341846365.533844 0.094484769 -0.063532390 0.082646556 0.037936416 0.053214196 -0.006069720 0.997843802
1341846365.569876 0.108704180 -0.073817104 0.010027942 0.037852276 0.051515531 -0.004853778 0.997942805
1341846365.601930 0.120795868 -0.060110625 0.044157647 0.038370430 0.049819555 0.001096961 0.998020291
1341846365.637899 0.134158552 -0.065082878 0.045166813 0.036511041 0.049715385 0.004601463 0.998085260
1341846365.669890 0.143061638 -0.057352491 0.038980007 0.036925275 0.050387744 0.005868268 0.998029649
1341846365.701977 0.154164836 -0.052969310 0.047351934 0.034209665 0.049348071 0.006333170 0.998175502
1341846365.738098 0.164649755 -0.066387251 0.049998891 0.032577846 0.052037198 0.005329141 0.998099387
1341846365.770026 0.170405686 -0.069188349 0.042159505 0.034579054 0.054242451 0.005376383 0.997914433
1341846365.805834 0.177519828 -0.067375518 0.043904375 0.037195954 0.052219309 0.009022974 0.997901917
1341846365.837937 0.184368312 -0.063765936 0.044641580 0.039464820 0.049958926 0.009748662 0.997923672
1341846365.869952 0.197710022 -0.060375351 0.035507716 0.041505974 0.049634982 0.009479010 0.997859597
1341846365.906411 0.206627056 -0.050102703 0.036572091 0.041197199 0.048477892 0.008832413 0.997935236
1341846365.938000 0.213588804 -0.057855934 0.045155827 0.038219124 0.048080929 0.011060858 0.998050690
1341846365.970022 0.221741512 -0.064533576 0.036145139 0.039096266 0.047619097 0.015845070 0.997974396
1341846366.006126 0.236886516 -0.058076903 0.037582364 0.041336630 0.046105560 0.022090226 0.997836471
1341846366.043876 0.243843436 -0.055269677 0.041226059 0.041292984 0.046861317 0.026031690 0.997708023
1341846366.076490 0.259103537 -0.053703077 0.010414358 0.039562292 0.048428793 0.028483840 0.997636259
1341846366.111888 0.272552133 -0.045392685 0.000409088 0.036610655 0.052023947 0.028765729 0.997559845
1341846366.143907 0.277728826 -0.044932891 0.012595485 0.032262299 0.057800595 0.029950172 0.997357130
1341846366.176044 0.282527119 -0.049659476 0.023382001 0.027640762 0.060121406 0.035136662 0.997189462
1341846366.212022 0.284031451 -0.050716344 0.024378100 0.025941143 0.061132357 0.039492279 0.997010648
1341846366.243981 0.303482562 -0.043610729 0.015777253 0.025240108 0.061223052 0.042345587 0.996905982
1341846366.280032 0.300074071 -0.034138829 0.010330702 0.022824591 0.063684992 0.042640183 0.996797383
1341846366.344115 0.321321994 -0.036649212 0.010980659 0.014126182 0.062048066 0.042049054 0.997086942
1341846366.406057 0.329349011 -0.039577998 0.016806347 0.012644122 0.063983768 0.044942975 0.996858239
1341846366.442042 0.341191918 -0.034578819 0.014761564 0.013593506 0.063374966 0.046055306 0.996833861
1341846366.506117 0.349031001 -0.032257762 0.018806169 0.014481572 0.065900117 0.047963124 0.996567607
1341846366.542004 0.355836838 -0.028606556 0.010175114 0.014694200 0.065213010 0.047102276 0.996650755
1341846366.573848 0.368248671 -0.021928417 0.006754298 0.013691450 0.066591308 0.047020216 0.996577799
1341846366.610058 0.370518416 -0.021464830 0.002990329 0.011684299 0.067539252 0.049722947 0.996408343
1341846366.642206 0.382461041 -0.019960333 0.002343542 0.010156804 0.067283183 0.050591070 0.996398687
1341846366.674164 0.383552015 -0.017252719 0.002150384 0.009305366 0.069925167 0.050714854 0.996218801
1341846366.710207 0.384240180 -0.012353495 -0.001346486 0.006850057 0.070425406 0.052176826 0.996127963
1341846366.741976 0.395782977 -0.014869618 -0.003466185 0.003250146 0.070074461 0.051499341 0.996206224
1341846366.773916 0.406220824 -0.014246247 -0.002523404 0.002760351 0.073020265 0.050362386 0.996054232
1341846366.810122 0.402875394 -0.012636597 -0.002124435 0.002653790 0.075304314 0.053398594 0.995726287
1341846366.841893 0.407893151 -0.013806539 -0.005071372 0.002910963 0.074226618 0.054694660 0.995736122
1341846366.878062 0.418542713 -0.012627232 -0.008578465 0.004279637 0.074108750 0.054057971 0.995774746
1341846366.909933 0.421130866 -0.009794373 -0.010305976 0.005303548 0.076065198 0.055794060 0.995526493
1341846366.941941 0.422110796 -0.000394509 -0.011753588 0.005170415 0.076568596 0.056435972 0.995452404
1341846366.977906 0.440502137 0.000776861 -0.014771526 0.004594918 0.076483645 0.055625651 0.995507360
1341846367.009852 0.453076303 -0.000565234 -0.021998120 0.003549275 0.079540536 0.057365716 0.995173275
1341846367.045944 0.456610978 -0.004005699 -0.027547358 0.003434276 0.083608337 0.059207298 0.994732320
1341846367.077914 0.466743648 0.002265675 -0.020608427 0.005801869 0.089374632 0.057373218 0.994327307
1341846367.110077 0.473571628 0.010297575 -0.026892567 0.007518464 0.094772257 0.056755319 0.993851364
1341846367.145997 0.472517163 0.005955609 -0.020377990 0.006883669 0.098639354 0.060939990 0.993231714
1341846367.177894 0.482086390 0.000568088 -0.033307295 0.008354597 0.100127757 0.062704146 0.992961645
1341846367.209903 0.487084359 0.003282574 -0.049898684 0.011055984 0.105664812 0.063418239 0.992315888
1341846367.245970 0.493555397 0.010885226 -0.051451750 0.009815108 0.109492138 0.069082640 0.991535544
1341846367.277966 0.496183842 -0.000125454 -0.051112819 0.007281041 0.111478776 0.073094748 0.991048217
1341846367.314058 0.495934188 0.006442820 -0.051240329 0.009985995 0.114932835 0.071733728 0.990729511
1341846367.346333 0.509609461 0.015583302 -0.065813996 0.010879148 0.118035600 0.072790243 0.990278125
1341846367.378615 0.502800703 0.015816443 -0.053478245 0.008300498 0.121571079 0.076057486 0.989629626
1341846367.413946 0.508413911 0.012842094 -0.057009421 0.006556034 0.121557839 0.077305764 0.989547610
1341846367.446060 0.521812916 0.022313653 -0.056586567 0.006533667 0.123092972 0.078772306 0.989242315
1341846367.478095 0.519901454 0.019964917 -0.054835934 0.004201894 0.126595259 0.081005126 0.988632441
1341846367.514115 0.534291625 0.015440200 -0.045965463 0.004034931 0.124799006 0.086601675 0.988387108
1341846367.546096 0.537405074 0.017282654 -0.048184376 0.007878843 0.124673471 0.088107079 0.988246739
1341846367.581982 0.539992392 0.031845745 -0.059508614 0.010640130 0.125443086 0.089602426 0.987988949
1341846367.613951 0.540237904 0.029260065 -0.057827525 0.007930138 0.124595210 0.093025044 0.987805367
1341846367.645894 0.552799225 0.029378178 -0.061544109 0.007095873 0.122954488 0.091171168 0.988190114
1341846367.682223 0.550726175 0.024962511 -0.064388342 0.006732862 0.127162680 0.090465806 0.987724781
1341846367.714019 0.559297323 0.027732084 -0.064820871 0.008087168 0.127700493 0.093493901 0.987363160
1341846367.745904 0.562243104 0.030760281 -0.064599670 0.009545531 0.128800422 0.093806975 0.987177610
1341846367.781973 0.569610059 0.033339534 -0.076114878 0.010413429 0.129689604 0.094375268 0.986998200
1341846367.813986 0.572580755 0.034786135 -0.080714367 0.010051418 0.131543696 0.095013127 0.986695349
1341846367.850189 0.572150767 0.031976480 -0.081862301 0.009287717 0.134340137 0.093136989 0.986504912
1341846367.881960 0.568288267 0.038816057 -0.079098478 0.008912290 0.135949314 0.093651146 0.986239195
1341846367.914064 0.572229803 0.044174302 -0.078538291 0.006152931 0.134932563 0.095648013 0.986208320
1341846367.950095 0.574445069 0.031204924 -0.074834801 0.003233522 0.136461362 0.094910465 0.986083090
1341846367.981916 0.578443170 0.033608101 -0.077070035 0.004822229 0.138609067 0.093873814 0.985876262
1341846368.017965 0.568249226 0.033596858 -0.075295046 0.003911060 0.140620410 0.096621782 0.985329807
1341846368.050897 0.562062442 0.032836076 -0.066956677 0.003461881 0.139885247 0.095790960 0.985517204
1341846368.082322 0.564879179 0.030441506 -0.073329106 0.003245148 0.139498651 0.093988255 0.985746324
1341846368.118029 0.559255064 0.035266832 -0.068160631 0.003643869 0.139934793 0.094300404 0.985653281
1341846368.150026 0.558956563 0.032073949 -0.062137254 0.001962158 0.137990221 0.096664019 0.985703290
1341846368.181952 0.553510785 0.023928208 -0.064115182 0.003200915 0.137574017 0.094280943 0.985988975
1341846368.217882 0.551041782 0.033843745 -0.066265129 0.005302412 0.137589812 0.093904026 0.986013651
1341846368.250223 0.547309220 0.032522090 -0.067395017 0.002682954 0.137365535 0.095583372 0.985894144
1341846368.286003 0.538895905 0.028060477 -0.058310609 0.001232903 0.138174146 0.093665577 0.985968113
1341846368.317994 0.537426054 0.033974156 -0.050354932 0.001732929 0.136139542 0.091813222 0.986424506
1341846368.350010 0.528048396 0.041832525 -0.047003675 -0.000927484 0.133661598 0.092830211 0.986669242
1341846368.385949 0.519076586 0.034439649 -0.040604688 -0.004884259 0.131088942 0.090018347 0.987263143
1341846368.417845 0.521076679 0.028307581 -0.041622072 -0.006702275 0.127672851 0.088242523 0.987860322
1341846368.450062 0.516053617 0.030138984 -0.032655600 -0.008232740 0.125413537 0.088642463 0.988102317
1341846368.485968 0.507423460 0.027291697 -0.030087335 -0.009419602 0.121831708 0.087473460 0.988643885
1341846368.517939 0.504406393 0.019345192 -0.029410305 -0.009555046 0.118664764 0.085519552 0.989198565
1341846368.554171 0.497929335 0.020229552 -0.027331252 -0.007890985 0.116881773 0.084838472 0.989484131
1341846368.618123 0.484322906 0.017927902 -0.028503215 -0.009489045 0.111175738 0.078973144 0.990612507
1341846368.654302 0.477811068 0.008941938 -0.021891899 -0.010841285 0.110654794 0.076152921 0.990877748
1341846368.685914 0.469719857 0.006550459 -0.012612693 -0.009419994 0.108284235 0.074293770 0.991295218
1341846368.717980 0.463594258 0.004489380 -0.018679198 -0.008166352 0.105675235 0.072709240 0.991705298
1341846368.786190 0.455721021 -0.002107715 -0.017874377 -0.004927234 0.103521056 0.073211536 0.991916895
1341846368.821968 0.446380228 0.000688492 -0.024254419 -0.003012319 0.101043455 0.070986919 0.992341697
1341846368.853991 0.442615002 0.002988320 -0.025464548 -0.003527168 0.101496987 0.066385776 0.992612123
1341846368.885978 0.433792412 -0.006570367 -0.020242546 -0.004935225 0.102323443 0.063735060 0.992695034
1341846368.923221 0.424072087 -0.011784947 -0.015212511 -0.002990408 0.101069756 0.062908292 0.992883921
1341846368.953942 0.414923668 -0.010424815 -0.017908501 -0.000040504 0.099297129 0.060628142 0.993209064
1341846368.986016 0.407169580 -0.007680182 -0.016083634 0.001413622 0.097860619 0.059112430 0.993441999
1341846369.021938 0.401899785 -0.008660394 -0.013210719 0.001553324 0.096606895 0.057984684 0.993630946
1341846369.053927 0.397587448 -0.010410279 -0.018381016 0.001824825 0.096910223 0.053707369 0.993841290
1341846369.090047 0.391337842 -0.012098752 -0.016216325 0.002392884 0.098033950 0.049854230 0.993930638
1341846369.121845 0.382199615 -0.020989975 -0.008947557 0.003706248 0.097862951 0.050739892 0.993898630
1341846369.154351 0.373409808 -0.027425051 -0.012275405 0.007263825 0.096378304 0.051946748 0.993961751
1341846369.189885 0.368605256 -0.018081952 -0.019783473 0.011445327 0.096013635 0.049288645 0.994093060
1341846369.222188 0.366003007 -0.015398805 -0.017309193 0.010522362 0.096926995 0.046121258 0.994166613
1341846369.257947 0.352530688 -0.027760217 -0.014629091 0.009637314 0.099202439 0.045056608 0.993999958
1341846369.289994 0.346157819 -0.033688523 -0.016474579 0.011686019 0.098784231 0.045635678 0.993993223
1341846369.322196 0.341714889 -0.030463682 -0.014679780 0.014685648 0.098706774 0.046608292 0.993915975
1341846369.357830 0.334684163 -0.026488684 -0.017405650 0.015431430 0.100351207 0.045657743 0.993784130
1341846369.390267 0.321424961 -0.028598750 -0.010972120 0.015322907 0.101882018 0.043951634 0.993706942
1341846369.422057 0.315139562 -0.030336736 -0.013037421 0.015588928 0.101918846 0.042919964 0.993744135
1341846369.457950 0.304601580 -0.035449147 -0.011435024 0.015581429 0.102323271 0.043517835 0.993676662
1341846369.490144 0.298113555 -0.034593187 -0.003282871 0.018108377 0.099646598 0.043970227 0.993885934
1341846369.526405 0.292010456 -0.027558388 -0.002938837 0.020084903 0.096644960 0.044773757 0.994108498
1341846369.557969 0.279520333 -0.031706400 -0.003030355 0.020014456 0.094697461 0.045639616 0.994257927
1341846369.590093 0.269842803 -0.033868238 0.000287450 0.021604102 0.091010235 0.046844978 0.994512916
1341846369.625895 0.260971278 -0.028768852 -0.000254238 0.023409251 0.088412449 0.047218222 0.994688749
1341846369.657961 0.254729003 -0.027387915 -0.000031109 0.022959810 0.086672157 0.047431834 0.994842231
1341846369.690135 0.240298152 -0.033728648 0.003332140 0.022811633 0.085522085 0.048565958 0.994890451
1341846369.726074 0.225504011 -0.035647072 -0.000553358 0.024651987 0.082284249 0.050974425 0.994999111
1341846369.757962 0.214354262 -0.031097557 -0.001412756 0.026469108 0.079369940 0.051467314 0.995163798
1341846369.793964 0.205002412 -0.027765423 0.000395828 0.026770776 0.077320926 0.052243795 0.995276570
1341846369.826161 0.190499172 -0.029095760 0.002186301 0.025927240 0.074979015 0.052937288 0.995441377
1341846369.858015 0.179768294 -0.031273801 0.004600009 0.025854442 0.071580745 0.052285697 0.995727837
1341846369.893954 0.173144996 -0.030587241 0.009329954 0.026056761 0.068827577 0.053452533 0.995854735
1341846369.926051 0.161070183 -0.031184278 0.009061397 0.025181916 0.066621728 0.053217422 0.996039808
1341846369.958062 0.142694235 -0.033446234 0.006614800 0.025010878 0.062951617 0.050232392 0.996437788
1341846369.994037 0.139805406 -0.031858936 0.019223984 0.025018688 0.058540981 0.048832033 0.996776044
1341846370.026058 0.129890680 -0.035383053 0.018824931 0.025458278 0.056850899 0.048917454 0.996858537
1341846370.062000 0.113011301 -0.029274065 0.017505359 0.026248883 0.052747067 0.050998840 0.996959269
1341846370.094135 0.111649826 -0.025938781 0.025174089 0.024866495 0.047975872 0.051746007 0.997197211
1341846370.126153 0.111217551 -0.031032156 0.031560820 0.024199748 0.047041658 0.051067989 0.997293055
1341846370.162082 0.099214531 -0.028818190 0.028962608 0.025431542 0.047737312 0.052676048 0.997145712
1341846370.194044 0.090367638 -0.031892572 0.031495471 0.024795216 0.046166532 0.054973222 0.997111738
1341846370.230152 0.086338423 -0.033835463 0.032691751 0.026672814 0.045435894 0.055841710 0.997048557
1341846370.262175 0.081904761 -0.031905122 0.030869959 0.027793966 0.046290990 0.054496456 0.997053027
1341846370.294216 0.069953896 -0.033384446 0.030192707 0.028234756 0.047962438 0.050976273 0.997147799
1341846370.329892 0.053935055 -0.031594060 0.036459588 0.028399367 0.046646647 0.046265148 0.997435272
1341846370.361939 0.051386412 -0.033528045 0.038585648 0.029127639 0.044367734 0.042928115 0.997667372
1341846370.394073 0.036747087 -0.034374952 0.031585589 0.030190267 0.042179432 0.042148244 0.997763991
1341846370.429985 0.027814941 -0.027570250 0.027089864 0.030652175 0.036088910 0.041220181 0.998027503
1341846370.462095 0.021981886 -0.021113947 0.032292895 0.028576978 0.030669766 0.040421747 0.998302937
1341846370.498034 0.022766024 -0.020142032 0.035891604 0.025131343 0.025443656 0.040968258 0.998520195
1341846370.530176 0.013683810 -0.016735410 0.040090241 0.022154547 0.023272367 0.040998336 0.998642445
1341846370.561949 0.006833222 -0.012244017 0.030528439 0.018904869 0.019280139 0.042849485 0.998716593
1341846370.597989 -0.004389297 -0.004544882 0.049524684 0.014769400 0.016313283 0.043814760 0.998797297
1341846370.629913 -0.002900369 -0.016185708 0.039750189 0.009195155 0.016551880 0.043536030 0.998872399
1341846370.662062 -0.010577273 -0.020592080 0.037983987 0.007735542 0.016088039 0.043581560 0.998890340
1341846370.697981 -0.013062932 -0.015110240 0.037955981 0.005684488 0.014792829 0.043248408 0.998938680
1341846370.730015 -0.012344358 -0.029042555 0.031608179 0.001905398 0.014727836 0.040663015 0.999062538
1341846370.766182 -0.013346693 -0.032990679 0.030176409 0.002593449 0.017567784 0.037692554 0.999131560
1341846370.797966 -0.019059513 -0.026981626 0.027661161 0.001173625 0.020177234 0.035671793 0.999159157
1341846370.830023 -0.029030325 -0.041807700 0.041564655 -0.002308033 0.021476684 0.033456758 0.999206722
1341846370.866186 -0.021481548 -0.052951764 0.033608060 -0.000148659 0.021283524 0.033539359 0.999210715
1341846370.897994 -0.019901333 -0.050401777 0.019275939 -0.000387573 0.023402762 0.035217296 0.999105513
1341846370.929983 -0.022560956 -0.071452975 0.021213667 -0.003299187 0.024379827 0.037309747 0.999000847
1341846370.971974 -0.023006855 -0.080524050 0.034804311 0.000517428 0.025018873 0.036782060 0.999009967
1341846371.034127 -0.022544971 -0.097392045 0.017372521 0.005703816 0.031597953 0.038613610 0.998738229
1341846371.066883 -0.020475367 -0.095493630 0.010565941 0.007229125 0.034168653 0.037781879 0.998675466
1341846371.098209 -0.026888561 -0.096443087 0.023389613 0.005715610 0.038448501 0.034355331 0.998653471
1341846371.134068 -0.027570976 -0.103286877 0.023335280 0.004096135 0.041654643 0.032594014 0.998591900
1341846371.165993 -0.027618671 -0.107987382 0.020948304 0.001317766 0.044336002 0.033326153 0.998459816
1341846371.197951 -0.032194138 -0.118380435 0.021237433 -0.001764021 0.045458876 0.034106135 0.998382270
1341846371.233950 -0.025941661 -0.127314836 0.016710469 -0.002780443 0.045899529 0.034524161 0.998345435
1341846371.266433 -0.020999705 -0.125965595 -0.003809083 -0.005974961 0.048903797 0.035258148 0.998163104
1341846371.302051 -0.024056138 -0.133252323 -0.012487442 -0.013792538 0.051951509 0.036241431 0.997896492
1341846371.334010 -0.018254070 -0.142011344 -0.013690968 -0.020173898 0.054944213 0.033229820 0.997732401
1341846371.366198 -0.018430194 -0.150585592 -0.014574621 -0.024842266 0.060857393 0.031108191 0.997352242
1341846371.402482 -0.024212856 -0.166791737 -0.010913428 -0.028493430 0.064017832 0.032062102 0.997026503
1341846371.434055 -0.023306649 -0.178622097 -0.012906995 -0.027638324 0.062772900 0.034556039 0.997046411
1341846371.469998 -0.016610909 -0.187704176 -0.015854862 -0.025788764 0.062483612 0.033222385 0.997159481
1341846371.501933 -0.019162877 -0.193960324 -0.019246271 -0.023885753 0.065159202 0.030462015 0.997123778
1341846371.534269 -0.026512990 -0.195835680 -0.021128876 -0.023105146 0.065948993 0.030377138 0.997092843
1341846371.570100 -0.028831081 -0.210494906 -0.018893916 -0.024347872 0.063926913 0.027681069 0.997273445
1341846371.602162 -0.022497969 -0.220057905 -0.025213687 -0.022336200 0.062602393 0.025170606 0.997471035
1341846371.634012 -0.026569782 -0.225652888 -0.027872931 -0.020807600 0.064024374 0.023447877 0.997455835
1341846371.669927 -0.035396390 -0.234145880 -0.028325221 -0.020644400 0.062124141 0.021909555 0.997614324
1341846371.702051 -0.024768095 -0.240306199 -0.038638677 -0.021231867 0.059304167 0.019594448 0.997821748
1341846371.737891 -0.025267277 -0.251407444 -0.035447970 -0.022350263 0.062277120 0.015088410 0.997694492
1341846371.769979 -0.032254893 -0.251050681 -0.028815718 -0.020645818 0.062062114 0.015017734 0.997745693
1341846371.802101 -0.032787029 -0.253564060 -0.030295314 -0.020554755 0.059113059 0.017252456 0.997890532
1341846371.837951 -0.028540961 -0.261382878 -0.032600030 -0.021048374 0.056722127 0.019046381 0.997986317
1341846371.870043 -0.023673140 -0.255971044 -0.041885141 -0.021175414 0.056446522 0.020983506 0.997960448
1341846371.902330 -0.023191486 -0.256734401 -0.042317789 -0.025630312 0.058477841 0.020847524 0.997741878
1341846371.938165 -0.023830354 -0.264767498 -0.039973922 -0.031501736 0.059990473 0.017607139 0.997546375
1341846371.969938 -0.014064110 -0.273764074 -0.046436474 -0.035383027 0.062820509 0.016469399 0.997261465
1341846372.005861 -0.025015414 -0.290063143 -0.030306926 -0.038991146 0.069314562 0.014212680 0.996731222
1341846372.038440 -0.030353498 -0.299065351 -0.027221253 -0.036053892 0.069569655 0.015361466 0.996806979
1341846372.070518 -0.014840622 -0.293698400 -0.035534710 -0.033086706 0.066552378 0.014058249 0.997135103
1341846372.111944 -0.016184282 -0.299310863 -0.033323430 -0.032279801 0.067942016 0.011605086 0.997099400
1341846372.143876 -0.014739554 -0.304392219 -0.029288055 -0.029494356 0.068303160 0.008388959 0.997193277
1341846372.179919 -0.017523248 -0.309055001 -0.032535780 -0.026230430 0.067924783 0.006356616 0.997325301
1341846372.212119 -0.025402103 -0.319398493 -0.029992770 -0.023831742 0.066444695 0.004765506 0.997494102
1341846372.244067 -0.022110423 -0.325417489 -0.028718606 -0.019298155 0.062776856 0.001069598 0.997840405
1341846372.279961 -0.023261618 -0.339149594 -0.031196656 -0.014220975 0.060669467 -0.001019775 0.998056054
1341846372.312076 -0.020891134 -0.336383581 -0.027558714 -0.007696109 0.057892289 -0.004579872 0.998282671
1341846372.347910 -0.020440960 -0.340349942 -0.033449098 -0.003438528 0.055298820 -0.005885713 0.998446584
1341846372.379906 -0.023762209 -0.347016722 -0.033844095 -0.000197971 0.052330244 -0.007139461 0.998604298
1341846372.412137 -0.008661282 -0.348046392 -0.033671066 0.003447447 0.048136476 -0.007410220 0.998807311
1341846372.447783 -0.013155141 -0.359607905 -0.030878725 0.005091903 0.047687378 -0.006904473 0.998825490
1341846372.479920 -0.026036512 -0.368921906 -0.030434271 0.008013218 0.045984875 -0.004965047 0.998897672
1341846372.516195 -0.002561430 -0.365515769 -0.033220597 0.011805538 0.039921250 -0.000273648 0.999133050
1341846372.547915 0.007568723 -0.361105323 -0.033359926 0.011939867 0.039472252 -0.001897198 0.999147534
1341846372.579923 0.005050027 -0.368866682 -0.027293479 0.009560989 0.040382165 -0.004318770 0.999129236
1341846372.616037 0.003257460 -0.374797404 -0.024507495 0.008577711 0.039306834 -0.002090701 0.999188185
1341846372.647968 0.010371717 -0.373842865 -0.027409475 0.007964556 0.038800392 -0.002039516 0.999213159
1341846372.679953 0.018657839 -0.377662510 -0.025369434 0.006218546 0.039084159 -0.004354315 0.999207079
1341846372.716073 0.019712374 -0.382266968 -0.021996094 0.005326691 0.040731654 -0.004199826 0.999147117
1341846372.747919 0.015414561 -0.385336131 -0.012745086 0.005634914 0.041422021 -0.003320368 0.999120295
1341846372.783912 0.023326635 -0.389191508 -0.015998414 0.006869412 0.039762415 -0.001857104 0.999183834
1341846372.816131 0.031108664 -0.387918681 -0.013257625 0.007958421 0.041286994 -0.000378552 0.999115586
1341846372.848115 0.025862485 -0.388728976 -0.014105188 0.007864327 0.043886472 0.002532301 0.999002337
1341846372.884003 0.028365329 -0.393927753 -0.017845964 0.007270037 0.044208493 0.001748450 0.998994350
1341846372.948016 0.031124821 -0.402428687 -0.008468058 0.007413368 0.050415702 0.001587745 0.998699546
1341846373.010206 0.035564419 -0.413746476 -0.012546076 0.012923429 0.045951135 0.005057354 0.998847306
1341846373.041934 0.047798533 -0.413423508 -0.016616346 0.015917046 0.046978887 0.005126011 0.998755932
1341846373.078079 0.042470638 -0.421564996 -0.019006202 0.016625771 0.050333086 0.005471850 0.998579085
1341846373.110028 0.040264506 -0.425771594 -0.018669289 0.019202573 0.051096629 0.004237365 0.998500109
1341846373.142204 0.045769118 -0.429416388 -0.019507606 0.021836370 0.051220629 0.004622777 0.998437941
1341846373.178121 0.046575356 -0.430474699 -0.023041453 0.024124756 0.052405417 0.005852300 0.998317301
1341846373.210218 0.042726975 -0.441041678 -0.025283761 0.026044572 0.054590777 0.003933667 0.998161316
1341846373.246073 0.046455305 -0.448591650 -0.026418025 0.030121066 0.055626027 0.003551771 0.997990906
1341846373.277962 0.048187803 -0.450483739 -0.032217380 0.035478782 0.057035796 0.004186246 0.997732759
1341846373.310189 0.049945541 -0.449829996 -0.040936682 0.038902592 0.059467442 0.002359255 0.997469127
1341846373.346051 0.058627751 -0.450090110 -0.043623883 0.039120227 0.062535271 0.000214006 0.997275710
1341846373.377993 0.048983138 -0.455194741 -0.037544556 0.038399704 0.066032477 -0.000714771 0.997078061
1341846373.410038 0.048146758 -0.456227154 -0.040214539 0.039104857 0.066998839 0.000385478 0.996986330
1341846373.446109 0.047331888 -0.460317612 -0.043028262 0.038845699 0.067450285 -0.001448360 0.996965051
1341846373.478409 0.043333393 -0.467797488 -0.040083591 0.038947757 0.067786172 -0.000458435 0.996939242
1341846373.514006 0.040144023 -0.470509976 -0.043461129 0.041183650 0.067048855 0.002734591 0.996895611
1341846373.546097 0.047586799 -0.463068247 -0.041620210 0.043159664 0.063907050 0.003443304 0.997016191
1341846373.578079 0.056765925 -0.462853104 -0.045903638 0.043236114 0.064511515 0.002164077 0.996977508
1341846373.613978 0.046088614 -0.456182241 -0.041985251 0.043579023 0.067141488 0.001318802 0.996790409
1341846373.646060 0.043491870 -0.451235354 -0.038946074 0.043074895 0.065326013 0.001146545 0.996933162
1341846373.682101 0.055182263 -0.440423280 -0.042150635 0.042136475 0.064605147 0.001462788 0.997019827
1341846373.713942 0.054362610 -0.432247847 -0.039435670 0.039034087 0.067670122 0.001682413 0.996942461
1341846373.746309 0.044579282 -0.423233271 -0.037589993 0.035606500 0.069519669 0.001351217 0.996944010
1341846373.782079 0.044135641 -0.424049109 -0.031304266 0.031744123 0.068045445 0.000850385 0.997176707
1341846373.814899 0.049791832 -0.421059996 -0.035087086 0.031049177 0.068124279 -0.000769529 0.997193277
1341846373.846131 0.040323082 -0.407821834 -0.032057907 0.031348638 0.070403546 -0.003856852 0.997018397
1341846373.882197 0.026794493 -0.398047775 -0.031798348 0.030094000 0.069196440 -0.005873804 0.997131705
1341846373.914066 0.029240001 -0.388872474 -0.029133994 0.027796380 0.065065660 -0.002311059 0.997491121
1341846373.949976 0.035296939 -0.380106211 -0.024689427 0.025088526 0.063019864 0.001433914 0.997695804
1341846373.982090 0.029222811 -0.372414380 -0.025766317 0.022233129 0.063067600 0.001953749 0.997759640
1341846374.014518 0.018288370 -0.365922481 -0.027077720 0.018355105 0.061360445 0.005115501 0.997933745
1341846374.050082 0.020209460 -0.353583276 -0.018890169 0.015401637 0.057662126 0.008541318 0.998180747
1341846374.082248 0.021610701 -0.356689483 -0.018633697 0.011931011 0.056017391 0.008522549 0.998322129
1341846374.114063 0.019782960 -0.343529940 -0.024621103 0.010545491 0.056887038 0.009114888 0.998283327
1341846374.150230 0.013494181 -0.344715744 -0.013140472 0.007559165 0.056210112 0.009582330 0.998344362
1341846374.181949 0.011056364 -0.341601014 -0.015056867 0.008541268 0.053881828 0.010167642 0.998459041
1341846374.217985 0.015076731 -0.334096134 -0.017119180 0.010136831 0.052249163 0.013488776 0.998491526
1341846374.250018 0.015268832 -0.318514556 -0.017427225 0.010794039 0.053112358 0.014353109 0.998427033
1341846374.281921 0.010061291 -0.302016705 -0.018339841 0.008851986 0.054218456 0.013256827 0.998401821
1341846374.318502 0.011482477 -0.296054095 -0.018775020 0.005639190 0.054257348 0.013293683 0.998422563
1341846374.350047 0.007273205 -0.283761770 -0.014858692 0.002525623 0.056224979 0.013698400 0.998320937
1341846374.382011 -0.001748068 -0.282958448 -0.010166947 -0.001327641 0.056747649 0.012588389 0.998308301
1341846374.418020 -0.006973932 -0.273145497 -0.009798380 -0.002444248 0.055276290 0.012513810 0.998389661
1341846374.450160 -0.004974953 -0.266665250 -0.006301776 -0.004544204 0.053212833 0.012738736 0.998491585
1341846374.486170 -0.002405062 -0.255730599 -0.010495341 -0.006592525 0.052490257 0.012953179 0.998515606
1341846374.524087 -0.012804937 -0.245069981 -0.002224296 -0.009443766 0.053312607 0.011925668 0.998462021
1341846374.586056 -0.019316286 -0.235012725 -0.001089727 -0.014622078 0.048692338 0.011058901 0.998645544
1341846374.617848 -0.020623088 -0.233645752 0.004686835 -0.016401110 0.046194822 0.013164590 0.998711050
1341846374.654133 -0.023003448 -0.226908669 0.008731429 -0.015854049 0.043275237 0.015132413 0.998822749
1341846374.685940 -0.021588163 -0.210108414 0.008402944 -0.013836828 0.040138789 0.019092994 0.998915851
1341846374.718159 -0.027351916 -0.204964474 0.011541045 -0.014035914 0.038551111 0.022293996 0.998909295
1341846374.754050 -0.026173228 -0.196030602 0.013159184 -0.012642704 0.035059005 0.023960710 0.999017954
1341846374.786226 -0.026036656 -0.186868474 0.010853307 -0.012227605 0.032943178 0.024697470 0.999077201
1341846374.818164 -0.026124472 -0.186373547 0.014805031 -0.012112392 0.032053877 0.023742167 0.999130726
1341846374.854017 -0.032575764 -0.179133475 0.011303472 -0.009161112 0.030933164 0.022900680 0.999217033
1341846374.886253 -0.032157376 -0.175377831 0.009090322 -0.006064414 0.027008420 0.024261573 0.999322355
1341846374.921999 -0.029371470 -0.165851101 0.006049642 -0.003371681 0.024522098 0.024552746 0.999392092
1341846374.953860 -0.030910706 -0.159958124 0.002839199 -0.001787631 0.023021715 0.025273282 0.999413848
1341846374.985929 -0.037319966 -0.151963279 0.006304140 -0.000821367 0.021289002 0.025568023 0.999446034
1341846375.022029 -0.029402819 -0.155334190 0.011094789 0.000564976 0.018191706 0.028191850 0.999436796
1341846375.053968 -0.033969034 -0.148161873 0.006397874 0.005312229 0.017143315 0.030857118 0.999362648
1341846375.085937 -0.035224147 -0.140154451 0.004093121 0.008742765 0.016277788 0.032839522 0.999289811
1341846375.122015 -0.034484532 -0.124486253 0.002340648 0.009980013 0.016156051 0.030194968 0.999363601
1341846375.190345 -0.035001244 -0.121736743 0.001947950 0.005377475 0.022350643 0.024915658 0.999425232
1341846375.222041 -0.039504729 -0.122156695 0.005861082 0.005671270 0.022643933 0.022814343 0.999467134
1341846375.254127 -0.032885920 -0.115148664 0.004295180 0.007926886 0.021825485 0.023375154 0.999457061
1341846375.289892 -0.033590522 -0.116076410 0.005622043 0.010647783 0.023974096 0.024089461 0.999365568
1341846375.322192 -0.038752764 -0.102685198 0.002261952 0.014426308 0.024472486 0.025294028 0.999276340
1341846375.354172 -0.038172573 -0.079923250 0.005102930 0.014129511 0.024128158 0.025182266 0.999291778
1341846375.390033 -0.032336067 -0.069874987 0.006487282 0.009316988 0.025400205 0.022586137 0.999378741
1341846375.422976 -0.042261817 -0.065505452 0.007384025 0.003412724 0.028761525 0.018624874 0.999406934
1341846375.458036 -0.045475185 -0.057246402 0.010434127 -0.001353026 0.027618432 0.017903376 0.999457300
1341846375.489941 -0.037722312 -0.059842858 0.013291923 -0.006450777 0.026270002 0.018299282 0.999466538
1341846375.521981 -0.038739461 -0.066057734 0.016836794 -0.007808011 0.027408252 0.018957729 0.999414027
1341846375.557947 -0.045337528 -0.059448544 0.015741678 -0.005099658 0.026342161 0.022250419 0.999392331
1341846375.590116 -0.043905716 -0.057212390 0.020499088 -0.003098256 0.022964830 0.026880398 0.999370039
1341846375.622399 -0.033288497 -0.049910709 0.022247322 0.000755882 0.021450475 0.029531227 0.999333382
1341846375.658264 -0.034466423 -0.046559114 0.022248285 0.004280975 0.023189072 0.031022405 0.999240518
1341846375.690116 -0.038854502 -0.043017395 0.025038708 0.008687340 0.022674203 0.035192709 0.999085486
1341846375.726080 -0.034033466 -0.040319391 0.023884565 0.016626732 0.020556137 0.041236833 0.998799562
1341846375.757947 -0.038254980 -0.029690644 0.025829224 0.024664491 0.020761292 0.044299118 0.998497963
1341846375.789914 -0.038366985 -0.021474585 0.025450800 0.030730020 0.018777475 0.047799803 0.998207510
1341846375.826111 -0.040384587 0.001020353 0.030304337 0.034960646 0.017353648 0.046374142 0.998161316
1341846375.858282 -0.040585365 0.035005186 0.027563613 0.033579864 0.015126701 0.044149548 0.998345792
1341846375.893889 -0.037997060 0.048385482 0.032711130 0.024134420 0.012037945 0.042099178 0.998749316
1341846375.926121 -0.041911248 0.044595383 0.044414524 0.015837774 0.012243094 0.038791854 0.999046743
1341846375.958089 -0.042468563 0.050425276 0.046106644 0.010228560 0.012876575 0.039782904 0.999073029
1341846375.994060 -0.039634299 0.057712462 0.051659588 0.006254784 0.012834091 0.040947746 0.999059260
1341846376.026115 -0.038241327 0.060581509 0.057382006 0.004467335 0.014906344 0.042386904 0.998980045
1341846376.057999 -0.039986674 0.068039283 0.063057572 0.005327421 0.016653523 0.044912785 0.998837888
1341846376.094015 -0.040182892 0.085173853 0.065916412 0.006168902 0.018983092 0.045992650 0.998742342
1341846376.126126 -0.039209381 0.100458153 0.066549450 0.006772834 0.022585934 0.044536121 0.998729467
1341846376.162125 -0.043347105 0.113422990 0.068296030 0.004501575 0.026720341 0.043472439 0.998687088
1341846376.194033 -0.047393359 0.119113036 0.075457446 0.001379706 0.028342456 0.044703696 0.998597205
1341846376.226110 -0.048340335 0.121614836 0.077186860 -0.001610377 0.027781446 0.047552940 0.998480976
1341846376.262088 -0.048875678 0.122496597 0.084321640 -0.002708772 0.026769264 0.051147465 0.998328626
1341846376.293911 -0.046827573 0.133299708 0.090147331 0.000146218 0.026742347 0.052567378 0.998259246
1341846376.326088 -0.047450397 0.138378918 0.088602208 0.002371909 0.026941398 0.054967701 0.998121798
1341846376.362076 -0.050512914 0.148431227 0.085851990 0.003178358 0.025668858 0.056783404 0.998051405
1341846376.393924 -0.046672557 0.151167884 0.090694360 0.002312767 0.024338888 0.055642281 0.998151422
1341846376.429909 -0.047447979 0.160136044 0.090156153 0.002768190 0.027034340 0.050097927 0.998374522
1341846376.462224 -0.052231859 0.167474329 0.093702972 0.001097926 0.028624116 0.047065549 0.998480976
1341846376.494092 -0.052882496 0.167674497 0.099504270 -0.000279313 0.027758712 0.046456784 0.998534501
1341846376.529992 -0.049890071 0.175425634 0.101646930 0.000358113 0.027391944 0.046454318 0.998544693
1341846376.562034 -0.049128227 0.184525535 0.104211658 0.000287419 0.028754551 0.044426192 0.998598695
1341846376.594092 -0.051288296 0.190328047 0.104796007 -0.000682184 0.030109357 0.044252269 0.998566329
1341846376.630016 -0.049439076 0.195862025 0.108151473 -0.002046264 0.030343024 0.043302648 0.998598993
1341846376.662132 -0.046996385 0.201646879 0.113877207 -0.002907851 0.032524429 0.040657569 0.998639405
1341846376.697981 -0.051267728 0.209335744 0.115273535 -0.003164772 0.034901205 0.041490916 0.998524129
1341846376.730128 -0.049219977 0.212744996 0.118061222 -0.003486047 0.035534281 0.041538365 0.998498738
1341846376.762061 -0.050822239 0.224168688 0.115534261 -0.003414199 0.036511812 0.041848641 0.998450756
1341846376.797939 -0.050471567 0.234519407 0.118467666 -0.005803849 0.036267102 0.040202085 0.998516321
1341846376.829920 -0.049643502 0.240317985 0.120806709 -0.009108865 0.037066463 0.041761704 0.998398244
1341846376.866170 -0.053580411 0.252393663 0.121753566 -0.011044633 0.037266675 0.045094054 0.998226285
1341846376.898026 -0.048559312 0.262666821 0.119057193 -0.014830955 0.035397392 0.045797929 0.998213172
1341846376.930139 -0.046210613 0.279249132 0.128493369 -0.018043591 0.036546577 0.042525236 0.998263657
1341846376.966511 -0.048507109 0.286984593 0.129720688 -0.024375631 0.039959889 0.041213598 0.998053372
1341846376.997919 -0.052369587 0.288801461 0.133689806 -0.030591782 0.042025998 0.042890929 0.997726560
1341846377.030079 -0.048032265 0.298773736 0.138570443 -0.033345517 0.042220149 0.043580223 0.997600257
1341846377.066212 -0.052245479 0.305189252 0.141068041 -0.036759533 0.043525778 0.044708036 0.997374296
1341846377.097918 -0.052044410 0.309663922 0.145750180 -0.041422870 0.042560589 0.045124993 0.997214377
1341846377.134079 -0.056071565 0.314430326 0.145025238 -0.044420760 0.041520283 0.045292828 0.997121572
1341846377.166160 -0.054604184 0.305978566 0.146082491 -0.049557414 0.036559075 0.046869900 0.997000873
1341846377.197925 -0.054460924 0.317860126 0.150891915 -0.049584456 0.032019943 0.046765521 0.997160494
1341846377.233952 -0.054665595 0.340942323 0.145378545 -0.049270052 0.030476052 0.043317121 0.997380257
1341846377.266486 -0.053891264 0.344947547 0.153249532 -0.052500855 0.032156903 0.042367987 0.997203350
1341846377.298068 -0.053223349 0.338480562 0.146254331 -0.058057055 0.032669984 0.044963460 0.996764958
1341846377.334109 -0.051068824 0.349222273 0.151631460 -0.060320236 0.030838385 0.046213076 0.996631742
1341846377.366029 -0.050541881 0.350028515 0.154074907 -0.061701950 0.030877437 0.045261540 0.996589601
1341846377.401870 -0.050591093 0.352479130 0.151630193 -0.062790744 0.031721540 0.042944122 0.996597648
1341846377.434052 -0.049173005 0.345271319 0.154719889 -0.064702593 0.030759254 0.042816348 0.996511042
1341846377.466127 -0.050430328 0.345327526 0.148195952 -0.062277645 0.031436827 0.041233312 0.996711075
1341846377.502027 -0.045961883 0.344630033 0.146199390 -0.061153207 0.031294253 0.037980340 0.996914446
1341846377.534114 -0.046829615 0.345413506 0.146385729 -0.059360530 0.034255542 0.034588352 0.997048914
1341846377.566085 -0.046532102 0.328795105 0.147249982 -0.059276804 0.035409134 0.036274515 0.996953666
1341846377.602113 -0.047531150 0.325165212 0.144033432 -0.056855392 0.035252884 0.037107281 0.997069597
1341846377.633912 -0.049785126 0.310744047 0.149782896 -0.052671682 0.036856517 0.034584034 0.997332036
1341846377.676329 -0.044885918 0.309712291 0.138885424 -0.047442868 0.037285022 0.033687640 0.997609198
1341846377.743964 -0.041874375 0.276154935 0.139912575 -0.043222196 0.034513701 0.030328298 0.998008430
1341846377.802535 -0.043347768 0.268469125 0.133847773 -0.040256407 0.034074541 0.031477250 0.998111963
1341846377.835932 -0.044470258 0.249300554 0.133168265 -0.035505008 0.036052264 0.032084584 0.998203516
1341846377.872063 -0.058940392 0.239532769 0.111475989 -0.033757873 0.035195921 0.038819317 0.998055458
1341846377.902201 -0.040956255 0.240616754 0.124456331 -0.032684505 0.026542647 0.040055066 0.998309970
1341846377.939383 -0.032384381 0.234962702 0.125574127 -0.027856842 0.029598013 0.030792793 0.998699009
1341846377.970635 -0.043779325 0.224978879 0.114125192 -0.031207835 0.032499935 0.033937473 0.998407781
1341846378.002401 -0.041872166 0.202197775 0.116043679 -0.036375199 0.026034649 0.035698842 0.998360991
1341846378.038883 -0.033359665 0.197458073 0.112760291 -0.032104209 0.026116615 0.032697558 0.998608112
1341846378.106524 -0.037921615 0.175751776 0.105057530 -0.035179507 0.026928138 0.029273493 0.998589158
1341846378.138114 -0.037128732 0.167110056 0.106149390 -0.033259124 0.027886864 0.023879472 0.998772204
1341846378.170157 -0.038163744 0.161026970 0.098419376 -0.032458253 0.029894365 0.016157510 0.998895288
1341846378.206045 -0.036836315 0.147314891 0.097802892 -0.035359655 0.030456394 0.012452382 0.998832822
1341846378.238081 -0.036254719 0.127315611 0.105538018 -0.036028892 0.030529004 0.010890853 0.998824954
1341846378.275916 -0.034826800 0.119928837 0.097808093 -0.032519445 0.030788520 0.009333300 0.998953164
1341846378.312389 -0.029513849 0.113138057 0.091996081 -0.031586953 0.032517746 0.006433810 0.998951197
1341846378.344267 -0.029769206 0.095167398 0.096694686 -0.031443361 0.035310030 0.004788919 0.998870134
1341846378.376036 -0.030252641 0.083300725 0.086714976 -0.027409408 0.036605224 0.005031910 0.998941183
1341846378.411936 -0.027183043 0.079164907 0.084788635 -0.025616279 0.037497655 0.003679838 0.998961568
1341846378.444079 -0.029076546 0.065705255 0.085281298 -0.024837961 0.040802214 -0.000873133 0.998858094
1341846378.480041 -0.029582396 0.056448374 0.072766878 -0.024024280 0.040806491 -0.002144575 0.998875916
1341846378.512023 -0.029283334 0.043555975 0.073709354 -0.024982791 0.038886614 -0.003643107 0.998924673
1341846378.543975 -0.023461184 0.035156127 0.073885575 -0.021756141 0.040559769 -0.009876213 0.998891413
1341846378.579973 -0.028887669 0.024764199 0.069172718 -0.020247798 0.043347716 -0.011188768 0.998792171
1341846378.612676 -0.025545504 0.017200684 0.070597738 -0.017656969 0.042992234 -0.012004464 0.998847246
1341846378.643945 -0.020354109 0.003045267 0.060644217 -0.014646918 0.045249265 -0.012204555 0.998793781
1341846378.679954 -0.027982283 -0.002473718 0.060031623 -0.010957270 0.047352310 -0.012616962 0.998738468
1341846378.742199 -0.011920338 -0.024610255 0.049623251 -0.006349911 0.049817119 -0.017938204 0.998577058
1341846378.774089 -0.021872524 -0.033005398 0.048583653 -0.001763623 0.054980572 -0.019861564 0.998288274
1341846378.805994 -0.025429621 -0.037738085 0.049952049 0.001954015 0.055557761 -0.018291280 0.998286009
1341846378.842121 -0.020361377 -0.039503418 0.052020259 0.004592290 0.055849072 -0.021396965 0.998199344
1341846378.874022 -0.015996058 -0.058070011 0.039937682 0.005744934 0.058394551 -0.025284296 0.997956812
1341846378.911788 -0.019794308 -0.061244287 0.044107389 0.008593000 0.060229111 -0.023144906 0.997879207
1341846378.974034 -0.013653369 -0.078776717 0.035910528 0.011979266 0.060965225 -0.025721511 0.997736514
1341846379.009977 -0.014166897 -0.079817377 0.035627495 0.014868337 0.063400961 -0.024356123 0.997580111
1341846379.041991 -0.014096390 -0.083356820 0.036926631 0.016284412 0.064459577 -0.024764823 0.997480094
1341846379.078155 -0.008479089 -0.093228884 0.034317374 0.017255122 0.065671638 -0.029428987 0.997257948
1341846379.109871 -0.012560611 -0.100465916 0.031077119 0.018000910 0.066938788 -0.029847894 0.997148097
1341846379.142034 -0.006396894 -0.112695679 0.030863345 0.017314984 0.066674821 -0.030387623 0.997161567
1341846379.178080 -0.005529325 -0.126283765 0.037919331 0.019945500 0.068661176 -0.035042092 0.996824920
1341846379.209979 -0.010442417 -0.139445841 0.028101549 0.025882559 0.069832623 -0.037205420 0.996528566
1341846379.242047 -0.014676714 -0.149130568 0.033587143 0.032347769 0.067746587 -0.034589190 0.996577919
1341846379.278304 -0.009731107 -0.162472010 0.029047474 0.037476495 0.065694682 -0.037708480 0.996422470
1341846379.310076 -0.007550574 -0.191257924 0.018521387 0.042721961 0.069804266 -0.043949757 0.995675921
1341846379.346166 -0.003618704 -0.185969561 0.022597909 0.052081253 0.071400583 -0.038567852 0.995340168
1341846379.377944 -0.010581817 -0.209106103 0.021884069 0.056930356 0.072217941 -0.039712723 0.994970500
1341846379.409974 -0.003859774 -0.207561687 0.016873235 0.067111716 0.073702589 -0.039250877 0.994245052
1341846379.446065 0.001958825 -0.198456496 0.020372560 0.073594101 0.074384585 -0.035740640 0.993867874
1341846379.478631 0.003195164 -0.194665357 0.016007466 0.074357592 0.073407039 -0.033865709 0.993949413
1341846379.511214 0.012480853 -0.206024170 0.010988794 0.072223864 0.074392505 -0.036056109 0.993956387
1341846379.546204 -0.002632351 -0.215218514 0.017404500 0.073587328 0.077312097 -0.036112867 0.993631482
1341846379.578217 -0.007909040 -0.203585893 0.024064559 0.075751841 0.073279835 -0.032767970 0.993890345
1341846379.614096 0.009189900 -0.207997292 0.017777465 0.073193416 0.069204517 -0.030809298 0.994436681
1341846379.646030 0.009071393 -0.205781668 0.016881801 0.071728900 0.071712725 -0.031404659 0.994347036
1341846379.678830 -0.001701670 -0.206384733 0.018549783 0.069100864 0.071678579 -0.029280722 0.994600356
1341846379.714071 -0.001496419 -0.205219984 0.020975377 0.067274243 0.068226121 -0.026094271 0.995056987
1341846379.746082 0.009333367 -0.203630000 0.017393723 0.065486468 0.067525700 -0.025420122 0.995241463
1341846379.778087 0.001156481 -0.191912055 0.018469045 0.063605487 0.069554605 -0.022348616 0.995297432
1341846379.813931 -0.003329434 -0.180441707 0.028860319 0.059250891 0.066669598 -0.018596355 0.995840669
1341846379.845927 0.003257077 -0.175795376 0.026537681 0.054997735 0.064913616 -0.017002687 0.996229053
1341846379.881893 0.000984378 -0.163812175 0.029570963 0.050975103 0.065592505 -0.014840700 0.996433079
1341846379.913954 0.000084616 -0.157632560 0.028947147 0.042869203 0.063754894 -0.009341791 0.997000635
1341846379.946050 -0.006115003 -0.152840927 0.038967725 0.035951972 0.062594861 -0.009893824 0.997342229
1341846379.981969 -0.009474432 -0.151180133 0.037860997 0.030871361 0.061286800 -0.007203526 0.997616708
1341846380.013935 -0.009847333 -0.142934993 0.039744366 0.025941931 0.057593666 -0.000903212 0.998002589
1341846380.046124 -0.011112774 -0.127506554 0.046363793 0.020820701 0.055252220 0.002336335 0.998252571
1341846380.082142 -0.007571995 -0.123262063 0.047187176 0.015004949 0.055088837 0.001714691 0.998367250
1341846380.114330 -0.012716115 -0.123254143 0.054686680 0.009988157 0.056663334 0.002868371 0.998339236
1341846380.150278 -0.019097891 -0.124258585 0.059616894 0.007740742 0.055310097 0.005627032 0.998423398
1341846380.182030 -0.015048354 -0.112742685 0.062397983 0.009187855 0.053536937 0.008205477 0.998489857
1341846380.213908 -0.015794447 -0.092601731 0.053827606 0.008708215 0.053669203 0.007937448 0.998489261
1341846380.250090 -0.013477605 -0.067485623 0.045514170 0.002909394 0.054123290 0.006363927 0.998509705
1341846380.281996 -0.010802925 -0.063838482 0.055633046 -0.006421504 0.058643624 0.004807156 0.998246729
1341846380.318009 -0.015703816 -0.055565413 0.060736556 -0.011108481 0.062830612 0.005175380 0.997948945
1341846380.350031 -0.013826785 -0.044001900 0.064089864 -0.016617732 0.063588716 0.009264020 0.997794807
1341846380.382297 -0.010655089 -0.044620130 0.068069331 -0.021637345 0.064329647 0.012034519 0.997621536
1341846380.418020 -0.010127934 -0.031704776 0.072288170 -0.024847103 0.065643549 0.012525893 0.997455060
1341846380.450059 -0.018583782 -0.010245399 0.080045126 -0.032213379 0.062374353 0.023360040 0.997259259
1341846380.481987 -0.017678816 0.004991461 0.083166674 -0.039562024 0.055959061 0.027069686 0.997281611
1341846380.518026 -0.007678259 0.005087597 0.079546541 -0.045232657 0.052211575 0.025843794 0.997276306
1341846380.549973 -0.011731185 0.009074689 0.087906018 -0.047966871 0.051649325 0.026460864 0.997161627
1341846380.585876 -0.011865046 0.015962673 0.086829983 -0.047799822 0.047234084 0.027051792 0.997372687
1341846380.617833 -0.005766018 0.008187607 0.085860975 -0.048122551 0.043930795 0.026133999 0.997532606
1341846380.650010 -0.003674549 0.013256789 0.083302297 -0.044266686 0.043037884 0.023841331 0.997807503
1341846380.686058 -0.007139424 0.014718549 0.075880878 -0.041792188 0.041909754 0.022711290 0.997988582
1341846380.718154 -0.010100503 0.011698494 0.076263756 -0.040137108 0.040837973 0.021690058 0.998123646
1341846380.750063 0.005798171 0.009255686 0.070851758 -0.035647508 0.038186707 0.023335814 0.998361886
1341846380.785897 -0.003744160 0.024565933 0.073568448 -0.028201692 0.040434722 0.023826187 0.998499870
1341846380.818263 -0.005529687 0.037811678 0.077143274 -0.025700318 0.036475584 0.026045246 0.998664439
1341846380.854055 -0.002329052 0.030307971 0.081049465 -0.025341818 0.033852473 0.022150641 0.998859942
1341846380.886150 -0.000671445 0.037631612 0.082600355 -0.020477468 0.033054471 0.022807136 0.998983443
1341846380.918124 -0.007487033 0.052355956 0.096712343 -0.018555176 0.029415445 0.024970004 0.999083042
1341846380.954125 -0.002575041 0.040070962 0.091834076 -0.020863449 0.023716524 0.024346834 0.999204397
1341846380.985985 0.007129805 0.034738518 0.092581071 -0.020463932 0.024244472 0.020854993 0.999279022
1341846381.018098 0.006742109 0.042556871 0.105841421 -0.018564302 0.024891697 0.021729713 0.999281585
1341846381.054072 0.006996549 0.033918660 0.115812510 -0.018543052 0.022077117 0.022349505 0.999334455
1341846381.086074 0.016991829 0.027918052 0.120094500 -0.013883684 0.020953268 0.022820646 0.999423563
1341846381.122035 0.011690415 0.037146617 0.130044684 -0.010761932 0.023084972 0.024541583 0.999374270
1341846381.159808 0.017455449 0.036087990 0.138010368 -0.011522696 0.021919046 0.024272336 0.999398649
1341846381.222118 0.025526265 0.044005174 0.156186804 -0.010135948 0.025577869 0.026017545 0.999282837
1341846381.254198 0.038556967 0.035519086 0.171107396 -0.014020681 0.027675467 0.025749907 0.999186873
1341846381.289977 0.054117266 0.032575473 0.181916565 -0.013361934 0.033092652 0.026073961 0.999022782
1341846381.322365 0.043174803 0.046595417 0.198907256 -0.011249852 0.037768815 0.031696804 0.998720348
1341846381.353963 0.046947557 0.040299412 0.209145948 -0.014821812 0.038612593 0.035484068 0.998514056
1341846381.389983 0.058198359 0.040511981 0.198703259 -0.016544081 0.042727727 0.034057379 0.998369038
1341846381.421973 0.054637384 0.050875351 0.225415319 -0.019212173 0.048795551 0.038615242 0.997877121
1341846381.454108 0.059804998 0.045857683 0.243289798 -0.023026936 0.049645916 0.039992392 0.997700214
1341846381.489891 0.066651709 0.033825155 0.256426156 -0.022276217 0.052925579 0.041124213 0.997502625
1341846381.521988 0.072373345 0.036685664 0.266936570 -0.016226079 0.056396078 0.047883321 0.997127593
1341846381.558072 0.074864469 0.036988784 0.275858968 -0.013292904 0.059299529 0.051040210 0.996845901
1341846381.589879 0.076263271 0.039739966 0.284409791 -0.011469599 0.063624233 0.048003051 0.996752799
1341846381.622018 0.082618557 0.042543549 0.300334007 -0.012409377 0.067342348 0.046603311 0.996563673
1341846381.657894 0.087320805 0.034445945 0.311376840 -0.013766478 0.070029914 0.044323165 0.996464610
1341846381.689870 0.095207050 0.028688198 0.326665401 -0.009678470 0.072507277 0.043189786 0.996385336
1341846381.722338 0.097101144 0.035453890 0.338390410 -0.006544953 0.075290106 0.043722797 0.996181130
1341846381.758166 0.097660281 0.033648528 0.352302551 -0.006698673 0.077502266 0.042728085 0.996053636
1341846381.790889 0.103369914 0.033789948 0.356875539 -0.004419046 0.078797184 0.041000683 0.996037364
1341846381.826591 0.113608435 0.036258500 0.372244954 -0.001349474 0.080517009 0.041111227 0.995904148
1341846381.859589 0.108491234 0.037562709 0.390533209 0.000017403 0.080496624 0.044290457 0.995770395
1341846381.890538 0.110969760 0.031883731 0.403416425 0.001001943 0.076188140 0.044517044 0.996098697
1341846381.926191 0.113671020 0.034362473 0.406408370 0.001826766 0.074351862 0.040619712 0.996402740
1341846381.958121 0.103503197 0.045338571 0.408217311 0.000334645 0.072727390 0.040818226 0.996516168
1341846381.990050 0.101612926 0.044403408 0.427441150 -0.004299331 0.065005176 0.040651500 0.997047246
1341846382.026007 0.117610909 0.037418224 0.431419492 -0.009486286 0.059288952 0.036241356 0.997537673
1341846382.059217 0.120091438 0.039778087 0.444917291 -0.014845969 0.059298582 0.032030690 0.997615814
1341846382.094090 0.116329826 0.034555584 0.460389942 -0.020348107 0.057693005 0.031614080 0.997626185
1341846382.126195 0.131295905 0.029569658 0.473369688 -0.021838872 0.052916128 0.032917116 0.997817338
1341846382.158170 0.136262640 0.030064406 0.481164008 -0.021732535 0.053605005 0.034572456 0.997726858
1341846382.194097 0.135212541 0.030502312 0.493873417 -0.022289457 0.054930501 0.035936702 0.997594297
1341846382.226010 0.137204885 0.028784938 0.508418739 -0.022091594 0.054864909 0.037644558 0.997539282
1341846382.258172 0.143284187 0.025653770 0.513065755 -0.022690859 0.054686930 0.038029373 0.997521043
1341846382.294020 0.145176992 0.024636872 0.524646282 -0.022774551 0.057187058 0.035993353 0.997454464
1341846382.325957 0.136476129 0.029194683 0.541779160 -0.022617161 0.058125898 0.033539437 0.997489333
1341846382.361974 0.138751015 0.020835012 0.553943336 -0.024785755 0.056547329 0.032019932 0.997578442
1341846382.393888 0.140354410 0.020578714 0.564293265 -0.023304062 0.054660346 0.031135945 0.997747302
1341846382.425972 0.138822258 0.020679813 0.572173119 -0.023305561 0.054017086 0.026990717 0.997903049
1341846382.462037 0.133570269 0.022760686 0.588076234 -0.023863185 0.053507138 0.021476295 0.998051226
1341846382.494003 0.132389516 0.020853899 0.601359308 -0.025759976 0.050649840 0.017718803 0.998226941
1341846382.530148 0.142937362 0.017602433 0.615440726 -0.026016999 0.046421867 0.014937120 0.998471320
1341846382.562400 0.135373548 0.014164916 0.622745216 -0.025853449 0.047790933 0.013774343 0.998427689
1341846382.593981 0.137348250 0.012403847 0.633219600 -0.025052300 0.047474924 0.013970128 0.998460472
1341846382.629905 0.137155786 0.003272634 0.645080268 -0.022609713 0.048443981 0.016823282 0.998428226
1341846382.661966 0.136668533 0.014014821 0.651086450 -0.017792713 0.048506610 0.019566644 0.998472691
1341846382.693976 0.128381371 0.014464626 0.657644629 -0.018773220 0.049973123 0.020660596 0.998360336
1341846382.730021 0.132225469 0.008730236 0.664770186 -0.019123273 0.050297480 0.019758264 0.998355687
1341846382.762004 0.126427308 0.018824739 0.670705914 -0.016449045 0.052009612 0.020261699 0.998305500
1341846382.798112 0.129110113 0.020252157 0.676142633 -0.019038999 0.049530685 0.018413797 0.998421311
1341846382.829949 0.132114545 0.018255515 0.677012920 -0.021314330 0.050028987 0.012709322 0.998439431
1341846382.861875 0.131335825 0.017754581 0.685847998 -0.022055281 0.051601630 0.009959148 0.998374462
1341846382.897967 0.134295091 0.012046113 0.686496496 -0.023562107 0.051079776 0.011564082 0.998349607
1341846382.930017 0.136655658 0.010037289 0.689467847 -0.022238266 0.052044470 0.011640676 0.998329222
1341846382.962121 0.137536064 0.019671032 0.693398178 -0.018815281 0.054976903 0.010883715 0.998251021
1341846382.997950 0.134159803 0.015977085 0.698369384 -0.019299278 0.056538332 0.012833029 0.998131394
1341846383.029927 0.133061752 0.019008005 0.701054811 -0.017467566 0.056870464 0.013051376 0.998143375
1341846383.104184 0.140116751 0.019803023 0.704563916 -0.020809818 0.060537521 0.005314818 0.997934818
1341846383.172122 0.142387107 0.008632263 0.708930850 -0.025857808 0.059005842 0.005285903 0.997908652
1341846383.236935 0.140147910 0.019805802 0.712951064 -0.024098344 0.067833886 0.004373084 0.997395933
1341846383.272112 0.144143760 0.010363964 0.714810729 -0.025108209 0.065552749 0.008202853 0.997499406
1341846383.303955 0.149748415 0.011908697 0.710567832 -0.024211241 0.065566190 0.011081911 0.997492909
1341846383.336133 0.150408626 0.022593509 0.708496511 -0.025206914 0.066713125 0.010425417 0.997399271
1341846383.398119 0.155142307 0.012509143 0.703177869 -0.028407218 0.064886726 0.012701528 0.997407317
1341846383.433991 0.158275321 0.010828021 0.701523244 -0.029313149 0.066186868 0.014023004 0.997277975
1341846383.466087 0.153732792 0.008566730 0.697533607 -0.029659446 0.067006983 0.014475637 0.997206509
1341846383.501974 0.147720993 0.009300807 0.695719719 -0.028593417 0.066535555 0.017130824 0.997227132
1341846383.533975 0.151061922 0.013162078 0.689236641 -0.027262472 0.063268319 0.017710838 0.997466862
1341846383.565981 0.146066085 0.015401098 0.679112375 -0.027677253 0.062958993 0.016113354 0.997502148
1341846383.602253 0.139737293 0.009913249 0.679072917 -0.028711408 0.060957946 0.015470450 0.997607350
1341846383.634175 0.126900360 0.012749816 0.675168097 -0.027650582 0.057294082 0.016205203 0.997842789
1341846383.665988 0.122860707 0.015252027 0.665419340 -0.027745878 0.053870331 0.013542240 0.998070478
1341846383.702104 0.119161047 0.013704672 0.659211934 -0.028548881 0.051191211 0.010318345 0.998227417
1341846383.734131 0.109883331 0.009457879 0.650141537 -0.029754248 0.047673650 0.010568356 0.998363733
1341846383.770067 0.103157938 0.014220973 0.640010476 -0.027845867 0.043147165 0.013386052 0.998590887
1341846383.802027 0.106637791 0.014988499 0.627348423 -0.027539231 0.038075104 0.012910077 0.998811901
1341846383.870067 0.089216039 0.013912838 0.612074971 -0.028549029 0.034055240 0.015242908 0.998895824
1341846383.901854 0.090327755 0.022787681 0.598974645 -0.026712470 0.030171882 0.015137077 0.999073029
1341846383.934301 0.086660013 0.026645597 0.590557098 -0.028890021 0.028947875 0.014476093 0.999058485
1341846383.969997 0.086262301 0.020650316 0.584891617 -0.030844636 0.026146891 0.014788772 0.999072671
1341846384.001936 0.077943392 0.018922539 0.574752271 -0.029024990 0.024133241 0.018123440 0.999122977
1341846384.038092 0.071040489 0.028060777 0.560715377 -0.026134575 0.019586291 0.019474741 0.999276757
1341846384.070104 0.077544957 0.026875539 0.548392236 -0.027817897 0.016810730 0.016037773 0.999342978
1341846384.102008 0.067516565 0.017975274 0.538939178 -0.027786097 0.018157249 0.014636379 0.999341786
1341846384.138265 0.064744569 0.020217583 0.526347160 -0.026132954 0.013991727 0.017663945 0.999404490
1341846384.170093 0.066638969 0.025395334 0.515326202 -0.025994740 0.011415374 0.016890043 0.999454200
1341846384.202188 0.064850226 0.024615919 0.502564430 -0.025657648 0.012653099 0.014274218 0.999488771
1341846384.237844 0.056985140 0.028594477 0.495164037 -0.025308130 0.014016390 0.014138760 0.999481440
1341846384.269968 0.054547817 0.020717327 0.486287564 -0.026502615 0.012411595 0.016417744 0.999436855
1341846384.306015 0.056949791 0.026333461 0.471869618 -0.024118863 0.011799136 0.015763035 0.999515176
1341846384.337907 0.050553426 0.030429594 0.462430298 -0.024006056 0.012918522 0.015594995 0.999506652
1341846384.369865 0.051485211 0.030583713 0.453340232 -0.025387412 0.011318459 0.014539344 0.999507844
1341846384.406199 0.050507020 0.027582539 0.440617025 -0.025243158 0.012191636 0.012435490 0.999529600
1341846384.437788 0.043521158 0.035006121 0.426551223 -0.024423713 0.012947426 0.011492980 0.999551773
1341846384.469882 0.042033162 0.036853053 0.417344123 -0.026987521 0.011726232 0.009246924 0.999524236
1341846384.506115 0.044579431 0.034819745 0.407871693 -0.028440582 0.012667621 0.006195399 0.999496043
1341846384.537970 0.038381506 0.039008599 0.400345683 -0.029479289 0.015958078 0.005573125 0.999422431
1341846384.573994 0.037225466 0.035958536 0.397912174 -0.031084059 0.015554866 0.007957768 0.999364018
1341846384.606493 0.033783339 0.033842396 0.388355732 -0.029318798 0.014182600 0.012244785 0.999394476
1341846384.637999 0.031492125 0.039012246 0.378606021 -0.026911125 0.013385763 0.014736092 0.999439538
1341846384.674068 0.025723422 0.040439032 0.373262078 -0.027446831 0.012633104 0.014011282 0.999445200
1341846384.705921 0.025345147 0.043392621 0.367979586 -0.026359711 0.011683552 0.011808489 0.999514520
1341846384.742045 0.014676458 0.052290753 0.352958113 -0.025315141 0.010212953 0.010838121 0.999568582
1341846384.774082 0.016520178 0.052009430 0.344740212 -0.028353093 0.007407784 0.007715109 0.999540746
1341846384.805987 0.011881090 0.050262112 0.336727649 -0.030074021 0.007653791 0.001864648 0.999516606
1341846384.842025 0.005997282 0.053248335 0.324954063 -0.030572312 0.006545405 0.001105374 0.999510527
1341846384.874081 0.005182088 0.055364560 0.319092810 -0.031241374 0.004360382 0.002538625 0.999499142
1341846384.905998 0.003997975 0.053195946 0.307069838 -0.029728109 0.004219511 0.005524576 0.999533832
1341846384.942014 0.000688200 0.059254576 0.299130380 -0.028912790 0.004401897 0.008569517 0.999535501
1341846384.974049 -0.001672298 0.057234239 0.292475015 -0.030246314 0.004126541 0.010957099 0.999473870
1341846385.009917 -0.003507893 0.052142955 0.280902296 -0.028829603 0.004830837 0.015556892 0.999451578
1341846385.042211 -0.010536583 0.058339205 0.274456769 -0.027105395 0.006153245 0.017940583 0.999452651
1341846385.073967 -0.010518407 0.058924735 0.269601196 -0.028585194 0.006774217 0.016926916 0.999425054
1341846385.110157 -0.009772662 0.053348303 0.263519853 -0.028359849 0.007665435 0.017366894 0.999417484
1341846385.141931 -0.015318503 0.051814631 0.258644551 -0.026738664 0.008465011 0.019291393 0.999420464
1341846385.173929 -0.023465825 0.052395426 0.256655335 -0.025650086 0.007985868 0.018210739 0.999473214
1341846385.210052 -0.019485969 0.051098228 0.237761557 -0.024432234 0.006469327 0.013285373 0.999592245
1341846385.242941 -0.028111048 0.048040994 0.231383964 -0.023929866 0.007959347 0.007640760 0.999652743
1341846385.278001 -0.033153381 0.049157578 0.227125868 -0.023179362 0.007354951 0.004245976 0.999695241
1341846385.311234 -0.039301626 0.039485857 0.216766819 -0.022312546 0.007128044 0.003842039 0.999718249
1341846385.342936 -0.044702232 0.045369901 0.209934428 -0.018408677 0.005928240 0.002589951 0.999809623
1341846385.378101 -0.047493663 0.049207661 0.207729414 -0.017740343 0.005895480 0.000547039 0.999825120
1341846385.410048 -0.053839259 0.050072398 0.211187243 -0.017524678 0.005025242 -0.000321117 0.999833763
1341846385.442088 -0.064404570 0.049836807 0.202535644 -0.017018881 0.003269959 -0.000136783 0.999849856
1341846385.477970 -0.068509988 0.052450757 0.194146723 -0.017575001 -0.000129315 -0.000907206 0.999845147
1341846385.510109 -0.075953402 0.050301470 0.177652106 -0.018230516 -0.001627022 0.000015135 0.999832511
1341846385.545989 -0.086387187 0.054714538 0.182395682 -0.018335456 -0.003575903 -0.000193498 0.999825478
1341846385.577939 -0.093076199 0.054044235 0.164342299 -0.020082301 -0.008740879 -0.000297376 0.999760091
1341846385.609948 -0.099617846 0.054470293 0.158452034 -0.020539200 -0.010801650 0.000342156 0.999730647
1341846385.646024 -0.117932208 0.055109303 0.144509003 -0.020604733 -0.012738544 0.001196070 0.999705851
1341846385.678122 -0.122244865 0.059663296 0.140959442 -0.021735802 -0.019238725 0.002992521 0.999574125
1341846385.713966 -0.122672766 0.056351431 0.127629563 -0.022653515 -0.022478433 0.003019479 0.999486089
1341846385.745986 -0.125790298 0.056616187 0.122775503 -0.021870872 -0.022667654 0.004094134 0.999495387
1341846385.778024 -0.133544028 0.058903597 0.117172100 -0.021705424 -0.024797535 0.007356008 0.999429703
1341846385.814480 -0.131113485 0.063826799 0.107506074 -0.021672178 -0.026738947 0.006178125 0.999388397
1341846385.846594 -0.133011207 0.067183778 0.091771454 -0.021833312 -0.024046062 0.003303525 0.999466896
1341846385.884072 -0.146503344 0.069539517 0.093353063 -0.022559162 -0.020799849 0.004704443 0.999518037
1341846385.920282 -0.150301933 0.070140362 0.085265577 -0.023214357 -0.023049735 0.006942854 0.999440610
1341846385.951967 -0.144794822 0.071255259 0.067765668 -0.023090197 -0.021600297 0.004989373 0.999487519
1341846385.983828 -0.150780365 0.071604230 0.068504088 -0.022672083 -0.017589496 0.004130630 0.999579668
1341846386.019954 -0.159623653 0.071386985 0.066555746 -0.022246966 -0.017080134 0.006039251 0.999588311
1341846386.053153 -0.159951523 0.066472180 0.060612954 -0.021473235 -0.019029712 0.006401997 0.999567807
1341846386.087964 -0.158193335 0.067103453 0.037318807 -0.018717391 -0.017352916 0.002505332 0.999671042
1341846386.120298 -0.164426133 0.068315491 0.037410811 -0.017385222 -0.013997157 -0.001387002 0.999749899
1341846386.152323 -0.170283750 0.066313989 0.032474667 -0.015041552 -0.014105469 -0.001496962 0.999786198
1341846386.187922 -0.170445114 0.063992806 0.025358981 -0.012596910 -0.015752358 -0.003958202 0.999788702
1341846386.220214 -0.174151465 0.065200053 0.012999364 -0.010456534 -0.014367125 -0.009717359 0.999794900
1341846386.251878 -0.176466510 0.059119008 -0.000188257 -0.008095496 -0.012808668 -0.012785986 0.999803424
1341846386.287926 -0.183765620 0.057359967 -0.011228449 -0.005421396 -0.013977128 -0.012748022 0.999806345
1341846386.320048 -0.179823428 0.061138492 -0.024841636 -0.002714881 -0.016119817 -0.016361699 0.999732494
1341846386.351806 -0.178306371 0.059679504 -0.035023343 -0.001164321 -0.013916602 -0.020442614 0.999693453
1341846386.387904 -0.181733161 0.055078000 -0.053865168 0.000138259 -0.013074090 -0.019964406 0.999715209
1341846386.420158 -0.189571604 0.057231646 -0.073904589 0.002064148 -0.014524048 -0.018627800 0.999718845
1341846386.488011 -0.179296881 0.069862500 -0.104251303 0.004399703 -0.019099837 -0.022725081 0.999549627
1341846386.550203 -0.191601992 0.062888280 -0.136588931 0.005535936 -0.018332882 -0.021939328 0.999575853
1341846386.582265 -0.187872753 0.072574399 -0.154114723 0.006918018 -0.021896262 -0.020273257 0.999530733
1341846386.618055 -0.179903597 0.078320920 -0.174835742 0.006839481 -0.022643307 -0.021916915 0.999479949
1341846386.651032 -0.185929805 0.086543635 -0.194047615 0.006035459 -0.020536421 -0.023538243 0.999493778
1341846386.682220 -0.188044548 0.090034075 -0.208223909 0.003892358 -0.022035811 -0.021735391 0.999513328
1341846386.718071 -0.178236961 0.082309805 -0.216742620 0.002330407 -0.023865819 -0.018952506 0.999532819
1341846386.750071 -0.171366543 0.087361693 -0.238524660 0.004698901 -0.021547081 -0.018465916 0.999586284
1341846386.786100 -0.180451035 0.094212495 -0.255464345 0.005709411 -0.018205117 -0.014634140 0.999710858
1341846386.817967 -0.179352507 0.090231746 -0.268753201 0.006276978 -0.018974509 -0.012512589 0.999721944
1341846386.850155 -0.172159299 0.096666783 -0.291147053 0.007624931 -0.017887933 -0.012580765 0.999731779
1341846386.886034 -0.172467023 0.096859656 -0.301643163 0.007192811 -0.014846935 -0.010597551 0.999807775
1341846386.918050 -0.173990965 0.098768778 -0.314103574 0.007586923 -0.013055511 -0.007323063 0.999859154
1341846386.954005 -0.174249634 0.104752935 -0.323208481 0.008577940 -0.012116100 -0.005538305 0.999874473
1341846386.986155 -0.165088385 0.104147181 -0.338123828 0.008204209 -0.011032435 -0.005316120 0.999891341
1341846387.018027 -0.163237795 0.099842593 -0.346986562 0.007265147 -0.006592354 -0.003740126 0.999944866
1341846387.054058 -0.173150390 0.101611391 -0.357816428 0.009135257 -0.004059112 -0.001709092 0.999948561
1341846387.086157 -0.168163553 0.107840762 -0.367090464 0.010188525 -0.004447732 -0.001503046 0.999937117
1341846387.118350 -0.165226594 0.104631908 -0.377300382 0.010542216 -0.001658016 -0.002712172 0.999939382
1341846387.153927 -0.175828174 0.104568630 -0.386747092 0.012014806 0.001520062 -0.003457334 0.999920666
1341846387.185953 -0.178073570 0.113037236 -0.399490237 0.012239626 0.000468988 -0.001904912 0.999923170
1341846387.222042 -0.172366530 0.114113294 -0.408986539 0.009995785 -0.000848087 -0.003797506 0.999942422
1341846387.253968 -0.170190766 0.111849070 -0.423662066 0.008725228 0.001154463 -0.006385544 0.999940872
1341846387.286046 -0.177943051 0.115094498 -0.438385457 0.007793478 0.001860722 -0.004568599 0.999957442
1341846387.322002 -0.172770560 0.117712885 -0.445780754 0.006093719 0.000305983 -0.003954829 0.999973595
1341846387.353879 -0.161054239 0.114518873 -0.450706303 0.004942694 0.000938336 -0.003266134 0.999981999
1341846387.386177 -0.174783155 0.112799883 -0.466888875 0.004165300 0.002467696 -0.001460956 0.999987245
1341846387.422132 -0.170048878 0.114952914 -0.472608268 0.004812334 0.000658923 0.001109202 0.999987602
1341846387.454043 -0.162902266 0.123509288 -0.481991917 0.005709608 0.001654600 -0.000848571 0.999981999
1341846387.490166 -0.165145069 0.121765614 -0.490736216 0.005079536 0.002519886 0.001065294 0.999983311
1341846387.522009 -0.166721314 0.119584262 -0.495483607 0.005076133 0.000506166 0.005395506 0.999972403
1341846387.554619 -0.161681250 0.128471211 -0.511687219 0.005979616 -0.000539131 0.007111771 0.999956667
1341846387.590257 -0.155900568 0.139371410 -0.524188042 0.005050373 0.000055352 0.006251505 0.999967694
1341846387.622301 -0.158683792 0.136490211 -0.526008070 0.001739660 0.001456069 0.006845919 0.999974012
1341846387.654151 -0.167247683 0.134591490 -0.534610808 -0.000178075 0.001847677 0.006873654 0.999974668
1341846387.690110 -0.167091921 0.139382824 -0.542294741 -0.000956635 -0.000266943 0.005647470 0.999983549
1341846387.722109 -0.164425358 0.140287727 -0.549850643 -0.003315867 -0.001501485 0.005231656 0.999979675
1341846387.758177 -0.165371552 0.134903476 -0.556510985 -0.005167156 -0.002144915 0.006178978 0.999965250
1341846387.790191 -0.172985643 0.133969054 -0.562653899 -0.004690771 -0.003199784 0.009331030 0.999940336
1341846387.822157 -0.170695290 0.141588464 -0.564926982 -0.003300981 -0.005622721 0.009862324 0.999930084
1341846387.858179 -0.171155870 0.145763218 -0.575690091 -0.003909862 -0.006498455 0.012557082 0.999892414
1341846387.890013 -0.171553761 0.145993635 -0.581108749 -0.004012627 -0.009313430 0.014195275 0.999847829
1341846387.926103 -0.164426982 0.150150642 -0.588431537 -0.003603406 -0.011067379 0.014209442 0.999831319
1341846387.958426 -0.170796305 0.151350111 -0.592297792 -0.004447741 -0.010983979 0.016639883 0.999791324
1341846387.990086 -0.175536036 0.152591363 -0.593103766 -0.004918932 -0.013076010 0.017970143 0.999740899
1341846388.026158 -0.172414571 0.138526142 -0.587407231 -0.004779286 -0.017007669 0.016905455 0.999701023
1341846388.058060 -0.170591965 0.135641381 -0.587775528 0.000055143 -0.018845273 0.023198623 0.999553263
1341846388.089974 -0.169865042 0.140814647 -0.583602965 0.005547777 -0.021891301 0.028198943 0.999347150
1341846388.126088 -0.163947463 0.153602093 -0.592507482 0.008454244 -0.023988588 0.026766952 0.999318063
1341846388.158090 -0.156909212 0.174870014 -0.590101838 0.007134722 -0.022671161 0.023227580 0.999447703
1341846388.194068 -0.161345795 0.158768609 -0.576835275 0.001114646 -0.020023424 0.020301951 0.999592721
1341846388.225961 -0.164157331 0.155956268 -0.571486473 0.000306932 -0.020436823 0.018318849 0.999623239
1341846388.257928 -0.157202005 0.163368195 -0.566229582 -0.000210123 -0.020960383 0.019551836 0.999589086
1341846388.294066 -0.159330547 0.150485829 -0.551823199 -0.002019897 -0.020984409 0.019393941 0.999589622
1341846388.325954 -0.154206827 0.158745497 -0.549457669 -0.000160111 -0.021604314 0.017291797 0.999617040
1341846388.357936 -0.151895434 0.156381115 -0.548864007 -0.002199093 -0.020391978 0.016410043 0.999655008
1341846388.394202 -0.157478645 0.147050962 -0.538274646 -0.004010964 -0.020431742 0.015229536 0.999667227
1341846388.425957 -0.149058402 0.146037191 -0.536682189 -0.004403857 -0.022059809 0.012394587 0.999670088
1341846388.462012 -0.151578754 0.143455744 -0.519303381 -0.005487987 -0.019652741 0.009622723 0.999745488
1341846388.493961 -0.157437801 0.138506964 -0.498648196 -0.004812463 -0.020235056 0.008881230 0.999744236
1341846388.526293 -0.150257483 0.135825500 -0.493766487 -0.003265185 -0.022499923 0.009362452 0.999697685
1341846388.562293 -0.144218922 0.135855496 -0.485603929 -0.001504732 -0.021138152 0.007505863 0.999747276
1341846388.594090 -0.148873582 0.135714263 -0.474218577 -0.000721025 -0.019149136 0.006827605 0.999793053
1341846388.626030 -0.150734112 0.134464920 -0.459154427 -0.000952122 -0.019612316 0.006049839 0.999788880
1341846388.662009 -0.140977770 0.124313787 -0.441942573 -0.000075255 -0.019381130 0.003943635 0.999804378
1341846388.694110 -0.146358743 0.131206483 -0.432719588 0.002066649 -0.017717408 0.003461229 0.999834895
1341846388.730239 -0.145905063 0.130672157 -0.420267642 0.000388862 -0.018721022 0.002778393 0.999820769
1341846388.762131 -0.136041209 0.118054539 -0.406857282 -0.000315364 -0.018150304 -0.000020050 0.999835193
1341846388.794087 -0.142963037 0.126290634 -0.397035450 0.001476462 -0.015491149 0.000316831 0.999878824
1341846388.830117 -0.146780565 0.127080247 -0.373022646 -0.000701041 -0.016522828 0.002134434 0.999860942
1341846388.868548 -0.139289215 0.114498347 -0.369341761 -0.001791297 -0.017278688 0.001937802 0.999847233
1341846388.900942 -0.140652061 0.124685444 -0.350487143 -0.000436326 -0.015653340 0.001570396 0.999876142
1341846388.937157 -0.145940021 0.125804663 -0.333835036 -0.003507496 -0.016940275 0.003504436 0.999844193
1341846388.970712 -0.140241116 0.111053921 -0.313922971 -0.006346334 -0.017682415 0.002835662 0.999819458
1341846389.001153 -0.141082466 0.114418052 -0.300398737 -0.005828797 -0.017495664 0.002044672 0.999827862
1341846389.036956 -0.141538575 0.122738801 -0.278430074 -0.007519759 -0.017762750 0.000291842 0.999813914
1341846389.069208 -0.143456548 0.106120005 -0.266714662 -0.011431981 -0.018016733 -0.000148762 0.999772310
1341846389.168276 -0.140210167 0.092987798 -0.227552935 -0.012244676 -0.017663354 0.000834109 0.999768674
1341846389.230639 -0.149817243 0.092377394 -0.195146099 -0.008634968 -0.016494710 0.003001208 0.999822199
1341846389.266034 -0.145697102 0.088039212 -0.184257418 -0.007945173 -0.018362505 0.001137086 0.999799192
1341846389.298760 -0.136125922 0.086206846 -0.172107100 -0.006481013 -0.016709408 0.000039343 0.999839365
1341846389.329980 -0.144616872 0.086914465 -0.148964584 -0.004645051 -0.014104256 0.000024659 0.999889731
1341846389.366022 -0.140254408 0.090088665 -0.131764084 -0.003980931 -0.014593472 -0.000132975 0.999885559
1341846389.397969 -0.134304732 0.080505274 -0.130038857 -0.004337051 -0.012202271 0.000420349 0.999916077
1341846389.433982 -0.137791052 0.081933774 -0.113089465 -0.000839858 -0.007754293 0.000461133 0.999969482
1341846389.466033 -0.137831777 0.086432070 -0.100798719 -0.000898476 -0.007369215 0.003321086 0.999966919
1341846389.498030 -0.133228049 0.083221316 -0.088753574 -0.001634910 -0.007874819 0.002618372 0.999964237
1341846389.534085 -0.128053293 0.086630836 -0.078599788 -0.000742592 -0.005155532 0.001064934 0.999985874
1341846389.565875 -0.134348884 0.092843220 -0.067712627 -0.002471840 -0.002710182 0.000705439 0.999993026
1341846389.597960 -0.129853591 0.088807665 -0.049427528 -0.007096870 -0.004272299 0.000544595 0.999965549
1341846389.634116 -0.123616919 0.087563716 -0.034765720 -0.008178572 -0.005349239 0.000035186 0.999952197
1341846389.665950 -0.122638561 0.098272890 -0.028157685 -0.009906699 -0.003935151 -0.002694125 0.999939561
1341846389.702127 -0.122305937 0.088849045 -0.012184895 -0.015092371 -0.003087218 -0.004451178 0.999871373
1341846389.734086 -0.120262951 0.086293712 -0.001600335 -0.014749258 -0.005234996 -0.002009346 0.999875486
1341846389.765898 -0.117913082 0.093779825 0.009535722 -0.014104004 -0.006067711 -0.001585571 0.999880850
1341846389.802126 -0.113970339 0.090480886 0.021336710 -0.015438975 -0.006199424 -0.003255360 0.999856293
1341846389.834063 -0.111517064 0.086382069 0.027758103 -0.014331548 -0.005876967 -0.002728338 0.999876320
1341846389.866260 -0.109255269 0.083050095 0.045514930 -0.012022205 -0.006254598 0.001106639 0.999907553
1341846389.902002 -0.103846416 0.084440231 0.049314287 -0.010598723 -0.007816918 0.001594986 0.999911964
1341846389.934117 -0.097516954 0.084009483 0.062900037 -0.009629404 -0.006119923 -0.001163776 0.999934196
1341846389.970116 -0.096338898 0.084712438 0.073015690 -0.009396519 -0.003961117 -0.001300507 0.999947131
1341846390.002129 -0.099089891 0.082854986 0.080096118 -0.009764824 -0.005522239 0.001023254 0.999936521
1341846390.034099 -0.092522956 0.083160028 0.087576777 -0.008714117 -0.008824235 0.000215842 0.999923050
1341846390.070024 -0.086875916 0.085851550 0.092822656 -0.008126384 -0.007976798 -0.003255007 0.999929845
1341846390.101910 -0.087246388 0.084379598 0.106005698 -0.009406443 -0.008039829 -0.004039125 0.999915242
1341846390.137924 -0.082888380 0.078709096 0.115522191 -0.008787132 -0.010762118 -0.002456145 0.999900460
1341846390.170038 -0.074462943 0.084248327 0.111206912 -0.006844176 -0.010916595 -0.003372295 0.999911308
1341846390.202115 -0.073446691 0.086392038 0.121989824 -0.009600725 -0.009560931 -0.005645530 0.999892235
1341846390.238117 -0.072571538 0.080692299 0.135245129 -0.010593991 -0.010463883 -0.004279480 0.999880016
1341846390.270052 -0.066895120 0.081712633 0.138841078 -0.009925281 -0.013861826 0.002160609 0.999852300
1341846390.302085 -0.056897573 0.083607942 0.143316701 -0.011232493 -0.015156792 0.004714331 0.999810934
1341846390.338496 -0.049650181 0.081631608 0.157179996 -0.011326090 -0.014117626 0.006659489 0.999814034
1341846390.370105 -0.053696461 0.082982019 0.163758114 -0.011293808 -0.015251571 0.012001976 0.999747872
1341846390.438106 -0.042365577 0.083684959 0.178820625 -0.016148008 -0.021493193 0.008680067 0.999600887
1341846390.505984 -0.037244938 0.088000976 0.200627193 -0.020644471 -0.030435905 0.013056111 0.999238193
1341846390.538495 -0.022772059 0.087572344 0.200450614 -0.021667536 -0.033231985 0.009256785 0.999169886
1341846390.606055 -0.024915170 0.094780222 0.224644020 -0.023458740 -0.034792613 0.015561686 0.998997986
1341846390.638031 -0.010402687 0.093868919 0.226031482 -0.023345562 -0.038329817 0.016388945 0.998857915
1341846390.673954 -0.002312059 0.099250041 0.225681394 -0.022847828 -0.035497978 0.014328414 0.999005795
1341846390.705937 -0.004656315 0.106074549 0.235856190 -0.025446797 -0.033885617 0.013406249 0.999011755
1341846390.737965 0.000026524 0.097365655 0.246803895 -0.028889412 -0.035479922 0.013063062 0.998867333
1341846390.774135 0.017550662 0.096344255 0.242736027 -0.027161272 -0.035007838 0.012643982 0.998937845
1341846390.806067 0.020256238 0.104656734 0.252930343 -0.026543744 -0.030618597 0.013770681 0.999083757
1341846390.838026 0.020424673 0.106051281 0.261513174 -0.028380157 -0.029862998 0.015605555 0.999029160
1341846390.874116 0.020197194 0.108598538 0.262487769 -0.029444031 -0.028778441 0.017565666 0.998997629
1341846390.906067 0.023780739 0.112174660 0.267925531 -0.030661900 -0.027491760 0.020301359 0.998945415
1341846390.942137 0.025672112 0.113905698 0.275676727 -0.032614391 -0.027282093 0.023777932 0.998812616
1341846390.974052 0.027612329 0.104873508 0.280198991 -0.032743361 -0.028673535 0.028786313 0.998637617
1341846391.006164 0.032520730 0.113853976 0.277669996 -0.030528907 -0.031088641 0.030937525 0.998571157
1341846391.042303 0.038059495 0.108695298 0.278047860 -0.033634596 -0.032323081 0.028605342 0.998501718
1341846391.074134 0.037923280 0.109088741 0.280484587 -0.033330809 -0.033450358 0.025524708 0.998558283
1341846391.106097 0.041708931 0.115590572 0.280444115 -0.031846438 -0.036345940 0.026133627 0.998489797
1341846391.142154 0.045650292 0.100087583 0.276233822 -0.035408750 -0.038964584 0.029066592 0.998189926
1341846391.174124 0.050215252 0.108074509 0.277632654 -0.033455886 -0.039898872 0.028973263 0.998223066
1341846391.209961 0.044999819 0.106987916 0.271942616 -0.033510074 -0.038440302 0.029702349 0.998257101
1341846391.241977 0.044539366 0.103513099 0.277808070 -0.033259496 -0.040217664 0.032696761 0.998101830
1341846391.273984 0.045615956 0.105766788 0.277954578 -0.030864459 -0.041744813 0.031094998 0.998167276
1341846391.309946 0.049311824 0.105702035 0.276090443 -0.030035282 -0.041520301 0.029773654 0.998242199
1341846391.342018 0.041155953 0.101803936 0.275449514 -0.030652719 -0.041772399 0.028989471 0.998236001
1341846391.378060 0.042280119 0.100414865 0.271065354 -0.030409725 -0.045420744 0.027278649 0.998132288
1341846391.410037 0.044473156 0.101612516 0.269526988 -0.030193144 -0.045898501 0.024160121 0.998197377
1341846391.442052 0.043781091 0.101250343 0.273422629 -0.029104736 -0.044732686 0.024931198 0.998263657
1341846391.478040 0.040986836 0.100213781 0.270359576 -0.027614029 -0.046141390 0.030709816 0.998080850
1341846391.510072 0.043083590 0.106896281 0.268106431 -0.026723690 -0.048285369 0.032251038 0.997955024
1341846391.542159 0.042491809 0.106354594 0.266429842 -0.027582088 -0.047383156 0.031699970 0.997992575
1341846391.578010 0.040680133 0.103438787 0.264412671 -0.027788768 -0.046564668 0.032521509 0.997998953
1341846391.610169 0.038103443 0.100843504 0.265447140 -0.027302498 -0.047663298 0.034506474 0.997893810
1341846391.645942 0.039447069 0.099606842 0.263738155 -0.026180342 -0.049832128 0.035088085 0.997797668
1341846391.677959 0.039462164 0.099949814 0.261627018 -0.024824249 -0.049836136 0.033929154 0.997872174
1341846391.710022 0.035094976 0.095064014 0.264097482 -0.023716986 -0.049823854 0.035387792 0.997849047
1341846391.745846 0.031406015 0.093634076 0.261796147 -0.021558672 -0.051734310 0.034725491 0.997824132
1341846391.778020 0.036267050 0.091842376 0.262379795 -0.019871285 -0.052519649 0.033164702 0.997871161
1341846391.810026 0.031183006 0.087930001 0.258766711 -0.018467071 -0.051470391 0.033673313 0.997935772
1341846391.846013 0.033009812 0.085888587 0.262894839 -0.016454505 -0.052292615 0.034383021 0.997904062
1341846391.877984 0.033544052 0.082434013 0.257993460 -0.013816002 -0.052335035 0.036477398 0.997867525
1341846391.914033 0.030512631 0.084340252 0.260806531 -0.011843245 -0.051299337 0.037217274 0.997919321
1341846391.945996 0.031061416 0.084515072 0.258414984 -0.010443809 -0.052025106 0.037108213 0.997901440
1341846391.978037 0.032304864 0.079783261 0.249823853 -0.011138871 -0.052253816 0.034934945 0.997960448
1341846392.014187 0.034273818 0.075963005 0.250611395 -0.011116670 -0.052063420 0.034261923 0.997993946
1341846392.046054 0.033598736 0.077137068 0.251412541 -0.009440775 -0.052304506 0.035261907 0.997963786
1341846392.078061 0.032574389 0.080850422 0.251617044 -0.008565160 -0.052691527 0.035687931 0.997936189
1341846392.114010 0.031455625 0.078828424 0.249192879 -0.009302205 -0.052605644 0.034927193 0.997961044
1341846392.145989 0.031783026 0.079225361 0.249506116 -0.008815303 -0.052415408 0.033910163 0.998010516
1341846392.181959 0.023776842 0.085579813 0.244032368 -0.009244107 -0.053293813 0.033598915 0.997970641
1341846392.213917 0.033243392 0.081777625 0.251417756 -0.011068662 -0.056802776 0.030755552 0.997850180
1341846392.246105 0.035546821 0.082987256 0.244756758 -0.009454607 -0.054770779 0.025869953 0.998118997
1341846392.282032 0.035933834 0.080284670 0.247881606 -0.009978541 -0.054388665 0.026297951 0.998123586
1341846392.314025 0.035998262 0.079103395 0.250508994 -0.008887696 -0.056662861 0.028762355 0.997939408
1341846392.349981 0.045292765 0.082394883 0.246719956 -0.006193664 -0.057497717 0.029430592 0.997892499
1341846392.382103 0.041148365 0.083133116 0.241954967 -0.005667996 -0.054919869 0.030133797 0.998019814
1341846392.414056 0.043765485 0.081652388 0.242016405 -0.005578243 -0.056195050 0.032481857 0.997875690
1341846392.450136 0.045586031 0.079550818 0.240444511 -0.004254643 -0.056569949 0.036097635 0.997736752
1341846392.482091 0.048187595 0.075378411 0.240144745 -0.002423157 -0.057233933 0.038173422 0.997627735
1341846392.514096 0.046025917 0.078654446 0.238617808 -0.000796307 -0.056442350 0.036539126 0.997736692
1341846392.550030 0.048353974 0.072829120 0.239045084 -0.001782095 -0.057409078 0.037922043 0.997628689
1341846392.582053 0.051771771 0.068735898 0.233790025 -0.000622197 -0.059195951 0.041218664 0.997394860
1341846392.617983 0.050566640 0.069120251 0.235232443 0.001420085 -0.059235033 0.041589774 0.997376323
1341846392.649909 0.052814320 0.065469898 0.234409228 0.002041545 -0.059098106 0.039983995 0.997448981
1341846392.682128 0.051611163 0.066032618 0.233961537 0.002918120 -0.059339169 0.038370058 0.997495890
1341846392.718019 0.051691350 0.061198607 0.236089244 0.004148758 -0.061539467 0.040701993 0.997265756
1341846392.749829 0.051881533 0.063255481 0.233024538 0.006482265 -0.062934555 0.040503599 0.997174323
1341846392.782107 0.052766215 0.063545518 0.231939241 0.007065622 -0.062885292 0.040130597 0.997188568
1341846392.818251 0.050335586 0.059390254 0.231766567 0.006730011 -0.062008351 0.040641341 0.997225165
1341846392.852165 0.054774694 0.057483803 0.230102181 0.008541198 -0.063254580 0.041996069 0.997076869
1341846392.885913 0.056423832 0.056261368 0.229944721 0.009587982 -0.062656693 0.039822984 0.997194231
1341846392.917882 0.057577133 0.055076338 0.229763448 0.010980440 -0.061412059 0.039898720 0.997254252
1341846392.950023 0.059056468 0.053530790 0.232780516 0.012832457 -0.061219800 0.040447373 0.997221887
