1341846361.788774 0.000000000 0.000000000 0.000000000 0.000000000 0.000000000 0.000000000 1.000000000
1341846361.824112 -0.013435252 0.000672703 0.008745274 -0.002279537 0.003787861 -0.004864287 0.999978423
1341846361.856016 -0.029501732 0.016994154 0.008146918 -0.006378504 0.005387996 -0.008416094 0.999929726
1341846361.887871 -0.034094665 -0.002568169 0.015011928 -0.016691914 0.007658411 -0.013868083 0.999735177
1341846361.923930 -0.052722674 -0.019935494 0.022902736 -0.018528614 0.012029285 -0.010944722 0.999696076
1341846361.955927 -0.072136126 -0.020296605 0.038493730 -0.012428166 0.011378315 -0.004035887 0.999849856
1341846361.991999 -0.080593087 -0.015421415 0.043431103 -0.008264185 0.006746387 0.001917950 0.999941230
1341846362.023994 -0.079739183 -0.024601487 0.029029906 -0.005675789 0.003814617 0.003492658 0.999970496
1341846362.056118 -0.087708645 -0.013179645 0.026015678 -0.002709172 0.004538681 0.004928464 0.999973893
1341846362.091992 -0.100449324 -0.016151734 0.030791506 -0.004422175 0.004653976 0.005843332 0.999962330
1341846362.123929 -0.106445968 -0.027436784 0.039049651 -0.005575809 0.003548799 0.006108544 0.999959528
1341846362.156058 -0.113115788 -0.031264182 0.039606862 -0.002244309 0.003328390 0.008183122 0.999958456
1341846362.191987 -0.129941523 -0.026345663 0.050937280 0.001278028 0.004216562 0.010306881 0.999937177
1341846362.224138 -0.140801921 -0.029136060 0.047423467 0.005323753 0.002882055 0.014424884 0.999877632
1341846362.260011 -0.138281628 -0.021563616 0.044572208 0.011355771 0.003656327 0.013509984 0.999837577
1341846362.291979 -0.149427548 -0.024164140 0.047792375 0.013520205 0.007852584 0.012703796 0.999797046
1341846362.323947 -0.164609104 -0.022565801 0.051831521 0.016200237 0.011890362 0.011089072 0.999736547
1341846362.359889 -0.170218885 -0.028550401 0.060143471 0.017376838 0.015110047 0.010184344 0.999682963
1341846362.392021 -0.181972012 -0.028323721 0.059710655 0.018365469 0.020363878 0.010355196 0.999570310
1341846362.423868 -0.199368998 -0.030867027 0.065410107 0.019608449 0.023851993 0.010833386 0.999464452
1341846362.459968 -0.207838476 -0.034339465 0.070191607 0.022439884 0.024614735 0.012026556 0.999372780
1341846362.491924 -0.224568576 -0.033518977 0.066491254 0.024601458 0.024945712 0.014718147 0.999277651
1341846362.523976 -0.233019918 -0.033441298 0.068382151 0.026255034 0.025079802 0.016554911 0.999203444
1341846362.559933 -0.241105586 -0.036579747 0.076435626 0.028087569 0.026188815 0.017764350 0.999104440
1341846362.592338 -0.255128890 -0.032644853 0.069183134 0.029597146 0.026902029 0.017441170 0.999047577
1341846362.628177 -0.263452411 -0.028347200 0.068639472 0.029811967 0.026203763 0.017277580 0.999062598
1341846362.660128 -0.271784872 -0.033049442 0.066941291 0.028545761 0.026421197 0.016533790 0.999106467
1341846362.691901 -0.282229513 -0.034086052 0.069060594 0.026858108 0.024601690 0.015373714 0.999218225
1341846362.727993 -0.293570936 -0.038429379 0.066469900 0.024870200 0.021440484 0.014037860 0.999362171
1341846362.759942 -0.299777895 -0.040076919 0.070217356 0.024496131 0.018856471 0.012311569 0.999446273
1341846362.792002 -0.309461206 -0.035303395 0.067169689 0.024448866 0.017833697 0.009715487 0.999494791
1341846362.827965 -0.323590010 -0.039876606 0.061681043 0.022804085 0.016461892 0.006717812 0.999581814
1341846362.859959 -0.331397653 -0.043470163 0.059256114 0.022005169 0.015473461 0.003766215 0.999630988
1341846362.891861 -0.343487382 -0.038966268 0.066553466 0.023194756 0.015954703 0.002371267 0.999600828
1341846362.928098 -0.352210730 -0.047145441 0.065741062 0.022355586 0.013832412 0.003412197 0.999648571
1341846362.959894 -0.355718851 -0.052523032 0.069240987 0.024774062 0.012635021 0.006012117 0.999595165
1341846362.995909 -0.360336393 -0.051917128 0.078184888 0.028498033 0.010660684 0.008449669 0.999501288
1341846363.028072 -0.368089169 -0.055140160 0.072844863 0.030550247 0.008533835 0.009987625 0.999446869
1341846363.059896 -0.368696958 -0.058367468 0.076195359 0.034857146 0.008646901 0.008135735 0.999321759
1341846363.096102 -0.378827125 -0.051301289 0.066941254 0.038693231 0.011466864 0.006214212 0.999166012
1341846363.127992 -0.386590153 -0.051399149 0.071615212 0.037929777 0.012951493 0.003132408 0.999191582
1341846363.159870 -0.389028281 -0.058297127 0.068352364 0.038592946 0.015812896 -0.000194207 0.999129891
1341846363.195966 -0.402158856 -0.057665523 0.068592213 0.041095622 0.020138646 0.002908087 0.998947978
1341846363.227902 -0.414094388 -0.061296903 0.085109524 0.042951398 0.018490272 0.007230653 0.998879910
1341846363.259977 -0.413522959 -0.063253269 0.082354732 0.045714833 0.016122889 0.011089051 0.998762846
1341846363.296031 -0.420443058 -0.058667727 0.082825184 0.049833115 0.018773731 0.012963461 0.998496950
1341846363.328065 -0.437362731 -0.054096248 0.081554040 0.050823260 0.019629905 0.016226884 0.998382866
1341846363.364023 -0.444781780 -0.060441684 0.070644684 0.048378997 0.015613470 0.020222832 0.998502254
1341846363.395985 -0.454151392 -0.063609183 0.067774400 0.047464892 0.011327388 0.020300291 0.998602331
1341846363.427955 -0.460050017 -0.053035967 0.074887402 0.048246190 0.008231360 0.016040040 0.998672783
1341846363.463979 -0.472428858 -0.051322326 0.071970552 0.046668757 0.005969323 0.015690260 0.998769343
1341846363.495986 -0.479682148 -0.049086660 0.077543586 0.045178514 0.001753510 0.018006720 0.998815119
1341846363.527941 -0.487920970 -0.042785071 0.078644611 0.043488685 -0.001168836 0.020002361 0.998853028
1341846363.564057 -0.496172339 -0.040402830 0.078291632 0.039924417 -0.002951155 0.023526059 0.998921394
1341846363.596025 -0.515320659 -0.051934756 0.079963423 0.034468114 -0.006356564 0.027493805 0.999007285
1341846363.632058 -0.517679095 -0.058788437 0.070406727 0.034911234 -0.013739893 0.031180037 0.998809397
1341846363.663931 -0.515630364 -0.049302727 0.073957697 0.037216309 -0.016044144 0.029567577 0.998740852
1341846363.695998 -0.524574935 -0.044707838 0.075657986 0.036141474 -0.017620163 0.023913838 0.998905122
1341846363.732007 -0.530841470 -0.047461119 0.072736651 0.033377413 -0.022712698 0.016883399 0.999042034
1341846363.794060 -0.526615739 -0.051255118 0.074190654 0.036589582 -0.036392767 0.020980628 0.998447061
1341846363.826406 -0.509479642 -0.061069977 0.088935010 0.037063964 -0.040220737 0.019485354 0.998313010
1341846363.861897 -0.510547221 -0.058397807 0.084856808 0.037965611 -0.039616942 0.018527208 0.998321474
1341846363.893984 -0.509388089 -0.053807355 0.076777413 0.038373340 -0.038851250 0.017520979 0.998354197
1341846363.926076 -0.488853246 -0.047784705 0.093577176 0.037215721 -0.040092781 0.017006990 0.998357832
1341846363.962090 -0.479500860 -0.049782794 0.089848943 0.035508204 -0.038924284 0.018944839 0.998431325
1341846363.994287 -0.475416094 -0.053034630 0.084839433 0.034212098 -0.037987422 0.021718755 0.998456180
1341846364.025993 -0.465029567 -0.052450903 0.080968685 0.033543449 -0.037774492 0.021593247 0.998489678
1341846364.061809 -0.447011590 -0.048226856 0.075601898 0.031994667 -0.035738610 0.020924533 0.998629689
1341846364.094209 -0.439840525 -0.055402227 0.072104082 0.031873737 -0.033210393 0.021021284 0.998718798
1341846364.130022 -0.436420649 -0.058915868 0.086441167 0.033208247 -0.032845851 0.021919619 0.998668075
1341846364.162231 -0.419153720 -0.069010437 0.084433310 0.035359249 -0.035668287 0.021650864 0.998503268
1341846364.194049 -0.404713184 -0.061594993 0.086412542 0.041775096 -0.037061661 0.017180238 0.998291612
1341846364.230023 -0.394254327 -0.064039245 0.084008433 0.044398267 -0.038373228 0.015522175 0.998155951
1341846364.262044 -0.372485101 -0.066893101 0.086611360 0.048923820 -0.039059985 0.011563534 0.997971475
1341846364.294059 -0.361076951 -0.057450134 0.076240875 0.053136878 -0.035003565 0.008247505 0.997939467
1341846364.330003 -0.350693464 -0.062720545 0.072539233 0.051185779 -0.031948440 0.007548073 0.998149455
1341846364.362052 -0.333637893 -0.068057612 0.069108933 0.050045233 -0.029400699 0.006835728 0.998290718
1341846364.397902 -0.312796772 -0.061844036 0.075279489 0.052315120 -0.023343826 0.004158598 0.998349071
1341846364.430108 -0.306785822 -0.064968519 0.069106676 0.051907439 -0.018631883 0.004052131 0.998469830
1341846364.462063 -0.292567998 -0.063828051 0.063334316 0.051512636 -0.015473020 0.002110106 0.998550236
1341846364.498091 -0.276027799 -0.066372044 0.066149883 0.051118046 -0.010997642 -0.000225249 0.998632014
1341846364.530058 -0.265379071 -0.069529265 0.065774530 0.050420571 -0.007762382 -0.002381713 0.998695076
1341846364.561952 -0.250592172 -0.069288529 0.066268943 0.050530713 -0.004995341 -0.005828168 0.998692989
1341846364.597928 -0.240516886 -0.067269869 0.062067114 0.049396724 -0.001301882 -0.008965841 0.998738110
1341846364.629950 -0.231461301 -0.076872759 0.061496902 0.047919497 0.000804424 -0.008842195 0.998811722
1341846364.665991 -0.230331555 -0.073410496 0.059034858 0.049491178 0.000636080 -0.006455771 0.998753488
1341846364.698004 -0.214901611 -0.072100967 0.057916157 0.049478915 -0.001838778 -0.004700678 0.998762429
1341846364.730097 -0.203611344 -0.076671690 0.053605791 0.049578309 -0.002446920 -0.004724401 0.998756051
1341846364.766057 -0.194949701 -0.075522795 0.048564781 0.051150016 -0.001401099 -0.004390920 0.998680353
1341846364.798632 -0.178713545 -0.072843775 0.028854890 0.051043190 -0.001950286 -0.005996720 0.998676538
1341846364.833901 -0.158852249 -0.073540166 0.027934764 0.050345324 -0.000713099 -0.008315926 0.998696983
1341846364.865923 -0.150769219 -0.079658218 0.020693632 0.050396696 0.002881722 -0.010091797 0.998674154
1341846364.897970 -0.146601751 -0.082110032 0.015389200 0.049470764 0.001637979 -0.007334599 0.998747289
1341846364.934019 -0.133933395 -0.080570064 0.030012561 0.049656194 -0.001230889 -0.004132025 0.998757064
1341846364.966047 -0.119922332 -0.070451289 0.033132065 0.051073100 0.000658996 -0.005708656 0.998678386
1341846364.998055 -0.109255761 -0.063875094 0.030240417 0.048144110 0.002218251 -0.005500033 0.998822808
1341846365.034125 -0.101281568 -0.068773575 0.015058752 0.041745104 0.000656510 -0.004403478 0.999118388
1341846365.066106 -0.084859431 -0.064257443 0.031307179 0.037515711 -0.002879303 -0.003777341 0.999284744
1341846365.101953 -0.059796382 -0.062597223 0.019176979 0.036346596 -0.000897174 -0.010495646 0.999283731
1341846365.133922 -0.058216255 -0.061113480 0.022945747 0.033802945 0.006368557 -0.021161659 0.999184132
1341846365.165953 -0.049763180 -0.066455960 0.022679174 0.030321809 0.009126632 -0.023197211 0.999229312
1341846365.201856 -0.034596592 -0.073508672 0.038216427 0.029816646 0.010864224 -0.025402647 0.999173462
1341846365.234093 -0.002730520 -0.083043672 0.036385402 0.030544996 0.014334276 -0.023849552 0.999145985
1341846365.266094 -0.002302269 -0.084297992 0.040514342 0.034830999 0.020880671 -0.020286016 0.998969078
1341846365.302078 0.011510272 -0.085600697 0.042216875 0.040404461 0.024293827 -0.015369232 0.998769760
1341846365.334027 0.030093966 -0.086805694 0.028776404 0.044610515 0.027762391 -0.013003826 0.998533905
1341846365.369945 0.051896472 -0.089943781 0.015356237 0.046871956 0.032895401 -0.011628914 0.998291373
1341846365.401963 0.051992487 -0.082571588 0.026087385 0.049214926 0.039052632 -0.010706359 0.997967005
1341846365.434082 0.069208294 -0.078440785 0.014955383 0.048989184 0.042262662 -0.011254567 0.997841299
1341846365.469939 0.089906767 -0.064303435 0.005667464 0.045372128 0.048493110 -0.013540212 0.997700572
1341846365.502100 0.077590317 -0.077808380 0.026557522 0.037362382 0.055552971 -0.013752689 0.997661591
1341846365.533844 0.081196591 -0.086062901 0.033567552 0.035414960 0.055482987 -0.010093635 0.997780263
1341846365.569876 0.096111044 -0.081934370 0.044183820 0.036968935 0.052425038 -0.005408264 0.997925639
1341846365.601930 0.109400883 -0.079177707 0.021518083 0.035767227 0.051312521 -0.001501319 0.998040795
1341846365.637899 0.132298246 -0.077852108 0.016383743 0.034440499 0.050041307 0.002815059 0.998149157
1341846365.669890 0.138085291 -0.076911055 0.013028259 0.034423735 0.051014259 0.003848885 0.998097062
1341846365.701977 0.156944990 -0.072594471 0.021541916 0.031804226 0.048708677 0.004881937 0.998294592
1341846365.738098 0.168867886 -0.084103681 0.009925711 0.030265898 0.051029906 0.004262338 0.998229325
1341846365.770026 0.165432483 -0.090130687 0.018997690 0.031961478 0.054909814 0.003915770 0.997971952
1341846365.805834 0.170403287 -0.082843162 0.017073380 0.035558775 0.053256929 0.006476065 0.997926474
1341846365.837937 0.180742905 -0.082135499 0.016925287 0.037303939 0.050401628 0.008021212 0.997999847
1341846365.869952 0.192168817 -0.077982992 0.012498868 0.039555132 0.050360154 0.006961493 0.997923255
1341846365.906411 0.201878101 -0.068114005 0.004029277 0.039106213 0.049256466 0.006692498 0.997997820
1341846365.938000 0.212511718 -0.079114184 0.011201089 0.035358936 0.048333738 0.009835616 0.998156726
1341846365.970022 0.220339999 -0.084202655 0.008094624 0.036620524 0.047599461 0.014293320 0.998092651
1341846366.006126 0.233397439 -0.074957468 0.011079741 0.039571825 0.046438854 0.019506257 0.997946382
1341846366.043876 0.241283193 -0.073012337 0.013723727 0.039447621 0.047272854 0.022671372 0.997845232
1341846366.076490 0.248324916 -0.064517871 0.009857938 0.039203610 0.049198091 0.025303883 0.997698486
1341846366.111888 0.260388553 -0.056560736 0.000102346 0.036060736 0.053036887 0.025912339 0.997604728
1341846366.143907 0.275849670 -0.059313510 0.011054445 0.031002752 0.057546638 0.028262937 0.997461021
1341846366.176044 0.283369988 -0.061054863 0.018987995 0.026878959 0.059231896 0.033433426 0.997322083
1341846366.212022 0.286024839 -0.061314978 0.018967299 0.025140708 0.060080938 0.038623828 0.997129083
1341846366.243981 0.302395701 -0.054843776 0.010103200 0.024496639 0.060812946 0.040907539 0.997009635
1341846366.280032 0.300128192 -0.048981450 0.016297055 0.021845788 0.063450351 0.040744141 0.996913612
1341846366.344115 0.315650105 -0.051019304 0.016437972 0.013443034 0.062639974 0.039903741 0.997147560
1341846366.406057 0.329205334 -0.050248895 0.001446457 0.011250167 0.064424835 0.044354443 0.996872902
1341846366.442042 0.335838974 -0.045092966 -0.002491956 0.012448230 0.064544037 0.044774443 0.996832132
1341846366.506117 0.347953111 -0.040817831 0.000888740 0.013223041 0.066418789 0.047489524 0.996573329
1341846366.542004 0.355656087 -0.036229376 -0.002986125 0.013647923 0.065477133 0.047180351 0.996644616
1341846366.573848 0.363488197 -0.026408773 -0.005469958 0.013420700 0.067373991 0.045978814 0.996577442
1341846366.610058 0.359001160 -0.030407177 -0.002213798 0.010512320 0.069519304 0.047111873 0.996412098
1341846366.642206 0.377024680 -0.029256776 -0.003462589 0.008947360 0.068437070 0.048275698 0.996446550
1341846366.674164 0.380664945 -0.031969193 -0.001814828 0.008002867 0.071008727 0.047817297 0.996296763
1341846366.710207 0.382866502 -0.021919511 -0.004672138 0.006520928 0.071079873 0.049050756 0.996242523
1341846366.741976 0.389481872 -0.024238115 -0.006422944 0.003012138 0.071627498 0.048030876 0.996269763
1341846366.773916 0.398523539 -0.027893815 -0.007015028 0.001876787 0.074847952 0.046707034 0.996098757
1341846366.810122 0.394628018 -0.029028529 -0.003020351 0.001310160 0.077254705 0.050202779 0.995745778
1341846366.841893 0.400534332 -0.031439234 -0.006386721 0.001407178 0.076052792 0.052051727 0.995743215
1341846366.878062 0.406913638 -0.025043663 -0.010456327 0.003838085 0.076383278 0.051641151 0.995732903
1341846366.909933 0.418971330 -0.013026083 -0.015427848 0.005701669 0.076210000 0.054148555 0.995604038
1341846366.941941 0.421301931 -0.010363089 -0.015747188 0.004450675 0.076659508 0.054917529 0.995533824
1341846366.977906 0.430792958 -0.012175658 -0.024399722 0.003315940 0.077906221 0.053383164 0.995524883
1341846367.009852 0.435195953 -0.009692809 -0.031655222 0.002638501 0.082057320 0.054258723 0.995146036
1341846367.045944 0.448110014 -0.011902678 -0.029139459 0.002969397 0.085043453 0.056227740 0.994785011
1341846367.077914 0.457181960 -0.006450993 -0.023523428 0.004908036 0.091009237 0.053825155 0.994382262
1341846367.110077 0.461402774 0.002772553 -0.031389583 0.007255247 0.096642792 0.055143017 0.993763983
1341846367.145997 0.461496890 -0.001936256 -0.025699280 0.006482110 0.100372605 0.057948392 0.993239820
1341846367.177894 0.470278978 -0.008524566 -0.031236565 0.007640237 0.102294616 0.060255148 0.992898166
1341846367.209903 0.488951594 -0.002319274 -0.049854577 0.010864034 0.105313487 0.062924460 0.992386818
1341846367.245970 0.490082473 0.011930555 -0.043563485 0.010734363 0.110183813 0.065233082 0.991710126
1341846367.277966 0.493591458 0.000019687 -0.039832368 0.007965107 0.112359278 0.069640398 0.991192281
1341846367.314058 0.502081752 0.003146339 -0.055273220 0.010081454 0.113876849 0.071078271 0.990897715
1341846367.346333 0.519910693 0.018178750 -0.051295955 0.011509418 0.116820671 0.072916612 0.990405798
1341846367.378615 0.506745696 0.018745175 -0.047786839 0.009277941 0.121174350 0.074928232 0.989755750
1341846367.413946 0.510022879 0.010972867 -0.054520469 0.007002939 0.121348284 0.075762823 0.989689648
1341846367.446060 0.526647985 0.023309490 -0.052908435 0.007225575 0.122334205 0.077942103 0.989397347
1341846367.478095 0.530724049 0.016029410 -0.069662698 0.004008221 0.125270113 0.080539450 0.988840103
1341846367.514115 0.529196739 0.008080300 -0.068976931 0.004031954 0.125437140 0.085034236 0.988442421
1341846367.546096 0.537383437 0.008731022 -0.074448615 0.007578385 0.124465801 0.086935267 0.988379002
1341846367.581982 0.540608346 0.024621066 -0.077725887 0.010483605 0.125069484 0.088609539 0.988127530
1341846367.613951 0.538404822 0.026934519 -0.075453989 0.008553945 0.124635398 0.091943063 0.987896442
1341846367.645894 0.545218885 0.026268184 -0.085932359 0.007881514 0.124267489 0.089229763 0.988197088
1341846367.682223 0.556579590 0.020947760 -0.082133636 0.007038701 0.126194447 0.089261405 0.987956405
1341846367.714019 0.557343245 0.023165658 -0.085210256 0.008571960 0.128083810 0.091729201 0.987474978
1341846367.745904 0.560336947 0.021515798 -0.087115064 0.009022023 0.129223168 0.093087636 0.987195373
1341846367.781973 0.568416655 0.018588454 -0.090525039 0.009263946 0.130314440 0.093028463 0.987055242
1341846367.813986 0.574010730 0.021212060 -0.096182771 0.008889492 0.131581962 0.093694568 0.986827493
1341846367.850189 0.574401259 0.017719245 -0.096884839 0.008070932 0.134397492 0.092124514 0.986602902
1341846367.881960 0.566341996 0.026644772 -0.094425380 0.008206016 0.136464700 0.091492698 0.986376762
1341846367.914064 0.567242265 0.031137673 -0.093907841 0.005475279 0.136062384 0.093394242 0.986273050
1341846367.950095 0.573143125 0.020252192 -0.091066360 0.002711314 0.136732951 0.093097389 0.986219883
1341846367.981916 0.577368021 0.019522509 -0.090980180 0.003927441 0.138903335 0.092017181 0.986013830
1341846368.017965 0.566530406 0.021182850 -0.090224989 0.003316788 0.141071469 0.094195768 0.985502422
1341846368.050897 0.561635792 0.019969236 -0.085597210 0.002793992 0.140046448 0.094488122 0.985622227
1341846368.082322 0.567075551 0.017865865 -0.091035210 0.002608232 0.139303416 0.092208311 0.985943913
1341846368.118029 0.564320147 0.020801730 -0.085757770 0.002546446 0.139385134 0.092978515 0.985860169
1341846368.150026 0.555447698 0.016236996 -0.079530932 0.000946626 0.138622537 0.094160192 0.985858381
1341846368.181952 0.548601568 0.009996241 -0.077370189 0.002457670 0.138506189 0.092147455 0.986062288
1341846368.217882 0.548206985 0.021220354 -0.080850579 0.004539599 0.138293087 0.092133775 0.986086071
1341846368.250223 0.545335829 0.021280738 -0.081741892 0.002197203 0.137941211 0.093687303 0.985997021
1341846368.286003 0.539853454 0.016949514 -0.073128894 0.000683618 0.138177782 0.092077158 0.986117721
1341846368.317994 0.536810100 0.020626694 -0.067651846 0.000309289 0.136503711 0.091617189 0.986393929
1341846368.350010 0.527868450 0.033661686 -0.056127038 -0.001394430 0.133870915 0.091614179 0.986754000
1341846368.385949 0.518390179 0.027266691 -0.053332478 -0.005191518 0.131295860 0.089876473 0.987246990
1341846368.417845 0.515399933 0.017853446 -0.055998079 -0.007196637 0.128763691 0.086314097 0.987885654
1341846368.450062 0.515422165 0.021125387 -0.046037409 -0.008751838 0.125578716 0.087749422 0.988156557
1341846368.485968 0.499620855 0.016257087 -0.043789309 -0.009974891 0.123244651 0.085446015 0.988640606
1341846368.517939 0.494812965 0.009350402 -0.039673083 -0.009910112 0.120347179 0.083096780 0.989198267
1341846368.554171 0.490966171 0.012473171 -0.038686007 -0.008053252 0.117883503 0.083637685 0.989466190
1341846368.618123 0.479786992 0.013151213 -0.040446196 -0.009514509 0.111932449 0.077759340 0.990623057
1341846368.654302 0.476148456 0.005183298 -0.029724495 -0.010474444 0.110990912 0.075342692 0.990906060
1341846368.685914 0.467960805 0.000015410 -0.022199851 -0.009604358 0.108669348 0.072952248 0.991350949
1341846368.717980 0.461895853 -0.001682811 -0.027780810 -0.008368017 0.105598994 0.070671901 0.991859019
1341846368.786190 0.449444622 -0.007767201 -0.027478609 -0.004875258 0.104251295 0.070232630 0.992056072
1341846368.821968 0.443789452 -0.005629405 -0.039402075 -0.003152104 0.101335049 0.068626374 0.992477536
1341846368.853991 0.442262769 -0.008745977 -0.040367864 -0.004710293 0.101356179 0.064487189 0.992746770
1341846368.885978 0.436060905 -0.013493041 -0.033515535 -0.005348123 0.101785049 0.062252253 0.992842317
1341846368.923221 0.426874459 -0.015985880 -0.031358361 -0.002908668 0.100300312 0.061279614 0.993064046
1341846368.953942 0.417178124 -0.011767538 -0.027354628 0.000500941 0.098742247 0.058860362 0.993370593
1341846368.986016 0.409207344 -0.007312500 -0.027903892 0.002091121 0.097393073 0.057998694 0.993552387
1341846369.021938 0.407189220 -0.014121130 -0.026434125 0.001068361 0.095729508 0.057408091 0.993749976
1341846369.053927 0.404658854 -0.017830592 -0.029214216 0.001048237 0.095566154 0.053162578 0.994001925
1341846369.090047 0.398046762 -0.022159772 -0.026222210 0.001411637 0.096980214 0.049031798 0.994076788
1341846369.121845 0.383642316 -0.024312923 -0.021200102 0.003949760 0.097535290 0.049555611 0.993989706
1341846369.154351 0.375975430 -0.031931590 -0.022669155 0.007255960 0.095626675 0.050106652 0.994128883
1341846369.189885 0.369241238 -0.026629571 -0.022130903 0.010810326 0.095735788 0.047467731 0.994215608
1341846369.222188 0.365265876 -0.022302091 -0.021262139 0.010335659 0.097034693 0.045277264 0.994196892
1341846369.257947 0.355701387 -0.032358658 -0.015366166 0.009513945 0.098501228 0.043672774 0.994132638
1341846369.289994 0.349815607 -0.039651379 -0.014280359 0.011223582 0.098048843 0.044243585 0.994134307
1341846369.322196 0.344764650 -0.036311343 -0.017623387 0.014299124 0.098120727 0.045044702 0.994051754
1341846369.357830 0.338145256 -0.033394918 -0.019860355 0.014984916 0.099518470 0.044263404 0.993937790
1341846369.390267 0.328004211 -0.038110409 -0.015134912 0.014411212 0.100700922 0.042483639 0.993904829
1341846369.422057 0.319812983 -0.038945723 -0.017637037 0.014784329 0.100983813 0.041971046 0.993892431
1341846369.457950 0.309006989 -0.044532031 -0.013042622 0.014762951 0.101352826 0.042281069 0.993842065
1341846369.490144 0.292739213 -0.047004629 -0.012266330 0.016829511 0.099966630 0.042931274 0.993921697
1341846369.526405 0.284473687 -0.040598419 -0.013415160 0.018769467 0.097403198 0.043315228 0.994124830
1341846369.557969 0.274148405 -0.042455334 -0.010344685 0.018907867 0.094990656 0.044044551 0.994323552
1341846369.590093 0.267824113 -0.047532670 -0.016465450 0.020005109 0.091073699 0.045179594 0.994617641
1341846369.625895 0.256303519 -0.044499181 -0.011198692 0.021521719 0.088928245 0.045880370 0.994747996
1341846369.657961 0.249785393 -0.042414393 -0.006337440 0.021323781 0.087202787 0.045839529 0.994906902
1341846369.690135 0.234928623 -0.048370015 -0.009139213 0.021153457 0.086015061 0.046622284 0.994977534
1341846369.726074 0.217114419 -0.045055464 -0.002151175 0.023892488 0.083347015 0.048699457 0.995043099
1341846369.757962 0.208438039 -0.040475421 0.000538046 0.025595032 0.080030613 0.049751990 0.995220959
1341846369.793964 0.200140059 -0.035447430 0.003135374 0.026095135 0.077775761 0.049770571 0.995385766
1341846369.826161 0.184106201 -0.038389552 0.000598067 0.025181331 0.075915851 0.050382994 0.995522082
1341846369.858015 0.177433208 -0.041924722 0.001780102 0.024904458 0.071645647 0.050796181 0.995824456
1341846369.893954 0.169663250 -0.038749442 0.007388494 0.025311323 0.069201000 0.051522128 0.995949805
1341846369.926051 0.153873980 -0.041647352 0.002788242 0.024293810 0.067559592 0.050705984 0.996129692
1341846369.958062 0.138237298 -0.042204790 0.001556270 0.024246018 0.063166574 0.048520114 0.996527910
1341846369.994037 0.132572502 -0.039606757 0.014215650 0.024446532 0.059071489 0.046966024 0.996848583
1341846370.026058 0.122028455 -0.045249864 0.010814065 0.024481835 0.057627320 0.046955802 0.996932745
1341846370.062000 0.098851062 -0.039177205 0.013376389 0.025239836 0.054247405 0.048455574 0.997031689
1341846370.094135 0.099143974 -0.035974737 0.024744038 0.023928460 0.049635164 0.049030162 0.997276187
1341846370.126153 0.098020397 -0.041707780 0.030570697 0.023065673 0.048633702 0.049067538 0.997344017
1341846370.162082 0.083345242 -0.037796348 0.027774155 0.024600577 0.049694389 0.050672464 0.997174799
1341846370.194044 0.078428812 -0.040832367 0.034313917 0.023850605 0.047554269 0.052851234 0.997184277
1341846370.230152 0.074703515 -0.042673167 0.035893738 0.025636287 0.046823051 0.053491864 0.997140408
1341846370.262175 0.070489794 -0.039644144 0.034762919 0.027023124 0.047541950 0.052306097 0.997132719
1341846370.294216 0.058500640 -0.041101895 0.036042981 0.027421447 0.049141128 0.048857562 0.997219205
1341846370.329892 0.043062124 -0.042370070 0.034073588 0.027058639 0.048028059 0.044533104 0.997485816
1341846370.361939 0.040737461 -0.044634257 0.036604781 0.027794441 0.045685913 0.040602315 0.997743309
1341846370.394073 0.024008913 -0.042302284 0.033093337 0.029340426 0.043577354 0.040085264 0.997814298
1341846370.429985 0.016363440 -0.036703587 0.029097624 0.029501194 0.037292123 0.038957696 0.998108864
1341846370.462095 0.009140915 -0.029465996 0.033595618 0.027667951 0.032307722 0.038164373 0.998365760
1341846370.498034 0.005233350 -0.028424701 0.034377228 0.024191968 0.027686864 0.037994768 0.998601317
1341846370.530176 -0.000055469 -0.026597060 0.034976669 0.021056013 0.024844423 0.038647305 0.998722076
1341846370.561949 -0.009222994 -0.022827541 0.029605566 0.017839741 0.021417763 0.039850205 0.998816788
1341846370.597989 -0.011458515 -0.018869666 0.032506078 0.012738623 0.017842475 0.041141331 0.998912811
1341846370.629913 -0.012260590 -0.025353508 0.037827589 0.007964951 0.017752536 0.041306943 0.998956978
1341846370.662062 -0.021789296 -0.030314118 0.033905804 0.006493021 0.017527102 0.040962223 0.998985827
1341846370.697981 -0.022677308 -0.024746982 0.032133762 0.004493992 0.016409490 0.040793922 0.999022722
1341846370.730015 -0.022981582 -0.036586598 0.034097996 0.000998485 0.016320042 0.038226169 0.999135315
1341846370.766182 -0.024617046 -0.046462826 0.018028857 0.001167748 0.018856285 0.034883361 0.999212801
1341846370.797966 -0.029929031 -0.036692251 0.019185355 -0.000104721 0.021844881 0.033449572 0.999201596
1341846370.830023 -0.031192813 -0.058699422 0.010773970 -0.004514670 0.022181368 0.030898457 0.999266148
1341846370.866186 -0.026870430 -0.065995008 0.023234461 -0.002011432 0.022449180 0.031244433 0.999257624
1341846370.897994 -0.027749309 -0.063893385 0.011819784 -0.002086018 0.024091018 0.033234801 0.999154985
1341846370.929983 -0.034102514 -0.082804039 0.009550261 -0.004477098 0.025502151 0.034362610 0.999073982
1341846370.971974 -0.030505681 -0.089826815 0.019298380 -0.000633349 0.026655357 0.033865444 0.999070644
1341846371.034127 -0.033508245 -0.106232516 0.013021982 0.004405554 0.032892656 0.036871221 0.998768806
1341846371.066883 -0.031857982 -0.102067754 0.009425567 0.006440332 0.035541520 0.035246510 0.998725712
1341846371.098209 -0.033971108 -0.110466830 0.012275624 0.003777287 0.039743770 0.031986952 0.998690665
1341846371.134068 -0.034029759 -0.117592432 0.014740064 0.002238048 0.042970922 0.030600436 0.998605072
1341846371.165993 -0.036537036 -0.122977771 0.012800929 -0.000645719 0.045797482 0.031571943 0.998451471
1341846371.197951 -0.038542818 -0.134605765 0.009923882 -0.003970768 0.046718556 0.032131433 0.998383284
1341846371.233950 -0.035201482 -0.140671819 -0.000009607 -0.004434809 0.047610346 0.032033596 0.998342335
1341846371.266433 -0.025746917 -0.129297674 -0.011321042 -0.006141929 0.049333453 0.034184806 0.998178303
1341846371.302051 -0.028242188 -0.137465790 -0.010284875 -0.013473446 0.052251760 0.034810387 0.997936070
1341846371.334010 -0.026850568 -0.145117685 0.000299132 -0.019934168 0.056166783 0.031665150 0.997720003
1341846371.366198 -0.027175637 -0.155992508 -0.003993036 -0.025110714 0.062063504 0.028507505 0.997348905
1341846371.402482 -0.038448412 -0.174015269 0.000804510 -0.028965402 0.065940499 0.030232649 0.996944726
1341846371.434055 -0.036329217 -0.186520889 -0.001595061 -0.027915962 0.064645611 0.032033000 0.997003257
1341846371.469998 -0.030081151 -0.193947956 -0.006754140 -0.025819547 0.064337395 0.031115739 0.997108757
1341846371.501933 -0.038794443 -0.201048806 -0.005277266 -0.024079621 0.067823589 0.027967548 0.997014523
1341846371.534269 -0.043756943 -0.203406274 -0.010726674 -0.023310466 0.068471961 0.028259018 0.996980250
1341846371.570100 -0.042769916 -0.222850263 -0.024707738 -0.024944441 0.065534972 0.025572073 0.997210622
1341846371.602162 -0.034197237 -0.234552950 -0.028917687 -0.023384564 0.063719459 0.023145624 0.997425318
1341846371.634012 -0.039376128 -0.236334756 -0.028991383 -0.021388792 0.065428533 0.021703366 0.997391880
1341846371.669927 -0.048776735 -0.247455627 -0.031857945 -0.021755574 0.063408956 0.020429013 0.997541308
1341846371.702051 -0.034344666 -0.249485642 -0.038071118 -0.021448845 0.060177125 0.018526826 0.997785270
1341846371.737891 -0.036427643 -0.261691123 -0.037625141 -0.022802172 0.063197613 0.014128631 0.997640491
1341846371.769979 -0.044502202 -0.268524736 -0.032068979 -0.022003226 0.063069433 0.013455730 0.997675836
1341846371.802101 -0.048917413 -0.270994633 -0.033906888 -0.021973973 0.060800709 0.016156795 0.997777224
1341846371.837951 -0.036283638 -0.263110548 -0.039724186 -0.019901566 0.057291619 0.019267175 0.997973144
1341846371.870043 -0.025099792 -0.258339405 -0.047403958 -0.020200672 0.056347523 0.021659713 0.997971773
1341846371.902330 -0.024919778 -0.258778125 -0.048282273 -0.024724873 0.058406755 0.021507144 0.997754872
1341846371.938165 -0.023510588 -0.260751069 -0.045342226 -0.029568719 0.059537239 0.018877717 0.997609437
1341846371.969938 -0.010688590 -0.268171787 -0.048181303 -0.033872008 0.062094331 0.016544808 0.997358143
1341846372.005861 -0.024365129 -0.287836611 -0.040712491 -0.037950024 0.068664230 0.014086921 0.996818244
1341846372.038440 -0.026664147 -0.292325765 -0.036085248 -0.034452133 0.068594560 0.015119779 0.996934891
1341846372.070518 -0.024637764 -0.292754650 -0.043535713 -0.031918447 0.067337811 0.014259088 0.997117579
1341846372.111944 -0.023319298 -0.302087873 -0.040962428 -0.031641051 0.068446420 0.011146675 0.997090578
1341846372.143876 -0.022656150 -0.311361313 -0.042533111 -0.029321337 0.068728268 0.007525339 0.997176051
1341846372.179919 -0.025497584 -0.311331660 -0.043697752 -0.025576919 0.068441123 0.005999641 0.997309208
1341846372.212119 -0.039782554 -0.318209738 -0.034449127 -0.024210274 0.067527272 0.001629571 0.997422338
1341846372.244067 -0.034400888 -0.323963761 -0.030920427 -0.019526144 0.063698158 -0.001237687 0.997777402
1341846372.279961 -0.035662401 -0.334991664 -0.030704856 -0.014076102 0.061707318 -0.003905381 0.997987390
1341846372.312076 -0.032287527 -0.335646242 -0.030148556 -0.007848559 0.058628336 -0.006771146 0.998226047
1341846372.347910 -0.031008791 -0.350532919 -0.035329130 -0.004446931 0.056809247 -0.007397552 0.998347759
1341846372.379906 -0.034928240 -0.358188331 -0.035086401 -0.001383150 0.053886980 -0.008839734 0.998506963
1341846372.412137 -0.023144893 -0.358491361 -0.035060540 0.002509126 0.050128751 -0.009216833 0.998697102
1341846372.447783 -0.023181386 -0.370674491 -0.037009936 0.003853804 0.049343918 -0.007697115 0.998744786
1341846372.479920 -0.031861249 -0.379973471 -0.041757062 0.006975827 0.047074489 -0.005468658 0.998852074
1341846372.516195 -0.019718457 -0.376992971 -0.036748257 0.010911033 0.042012505 -0.002492842 0.999054372
1341846372.547915 -0.008882985 -0.371708900 -0.039166436 0.010995684 0.041519988 -0.003284519 0.999071777
1341846372.579923 -0.010657712 -0.378481537 -0.034315109 0.008662105 0.042472228 -0.005754801 0.999043524
1341846372.616037 -0.008840979 -0.384997815 -0.034275547 0.007597443 0.041032225 -0.003807429 0.999121666
1341846372.647968 -0.002729497 -0.383581996 -0.033388127 0.007126045 0.040632866 -0.004008369 0.999140680
1341846372.679953 0.003145087 -0.388442665 -0.034234695 0.005356494 0.041317113 -0.006634002 0.999109685
1341846372.716073 0.005188146 -0.393301487 -0.031671558 0.004389140 0.042825084 -0.006521019 0.999051630
1341846372.747919 -0.002359574 -0.399408013 -0.027954353 0.003991814 0.043794826 -0.005131901 0.999019384
1341846372.783912 0.005111119 -0.401998580 -0.030319657 0.005376719 0.042195190 -0.003731632 0.999087930
1341846372.816131 0.011375531 -0.400164217 -0.029243559 0.006647999 0.043929800 -0.002752470 0.999008715
1341846372.848115 0.008581597 -0.401432246 -0.027504636 0.006385232 0.046261158 0.001173470 0.998908281
1341846372.884003 0.009947277 -0.404256582 -0.031491574 0.006212981 0.046687189 -0.000433763 0.998890162
1341846372.948016 0.015232165 -0.413064957 -0.022601778 0.006099144 0.052617971 -0.000104364 0.998596072
1341846373.010206 0.018049536 -0.427336335 -0.025018638 0.011542111 0.048367754 0.003063361 0.998758197
1341846373.041934 0.029001806 -0.426471472 -0.034070630 0.014371504 0.049549371 0.003446764 0.998662293
1341846373.078079 0.022499820 -0.433594197 -0.030794935 0.015346108 0.052921109 0.003118282 0.998475909
1341846373.110028 0.023014680 -0.438188374 -0.029781194 0.017787900 0.053332075 0.002166688 0.998416066
1341846373.142204 0.028084580 -0.441333652 -0.029764395 0.020401817 0.053307101 0.002945652 0.998365343
1341846373.178121 0.027199715 -0.447274834 -0.029689178 0.022334328 0.054439466 0.003573106 0.998260856
1341846373.210218 0.028956391 -0.455752820 -0.031649940 0.024711765 0.056098539 0.001811526 0.998117745
1341846373.246073 0.031581476 -0.461657375 -0.030965092 0.028995568 0.057378717 0.001124187 0.997930706
1341846373.277962 0.034558173 -0.465636104 -0.034246225 0.034077134 0.058526088 0.001849676 0.997702360
1341846373.310189 0.036979094 -0.460315853 -0.037944116 0.037883300 0.060839243 0.000966050 0.997427940
1341846373.346051 0.043666240 -0.464761436 -0.045279883 0.037871659 0.064105794 -0.001857430 0.997222543
1341846373.377993 0.036562193 -0.468852073 -0.040403325 0.037291922 0.067422055 -0.002259298 0.997024834
1341846373.410038 0.036382750 -0.472110003 -0.041292619 0.037379064 0.068064116 -0.001324942 0.996979594
1341846373.446109 0.035191927 -0.472802341 -0.042109471 0.037473667 0.068505846 -0.002888147 0.996942520
1341846373.478409 0.035697896 -0.481351435 -0.039866466 0.037447061 0.068332031 -0.001828998 0.996957958
1341846373.514006 0.030415377 -0.485260695 -0.043414079 0.039563660 0.067775354 0.000635995 0.996915638
1341846373.546097 0.036685631 -0.479049891 -0.043014657 0.041510828 0.064878702 0.001631621 0.997028053
1341846373.578079 0.048108540 -0.477490485 -0.046291400 0.041710611 0.065129630 0.000826008 0.997004390
1341846373.613978 0.035599712 -0.472266644 -0.042706043 0.041936662 0.068025850 -0.000510033 0.996801674
1341846373.646060 0.033030938 -0.465395033 -0.038855962 0.041554663 0.066176996 -0.000390412 0.996942163
1341846373.682101 0.045845613 -0.456111193 -0.046840675 0.040423088 0.065555334 -0.000353948 0.997029781
1341846373.713942 0.044864099 -0.448879063 -0.044516407 0.037383053 0.068609908 -0.000142213 0.996942937
1341846373.746309 0.032890484 -0.439328253 -0.040654376 0.033996712 0.070646830 -0.000569666 0.996921778
1341846373.782079 0.027887784 -0.439041406 -0.033995640 0.030546529 0.069906272 -0.001379654 0.997084796
1341846373.814899 0.037774380 -0.437979013 -0.037284609 0.029329756 0.069213867 -0.003218161 0.997165382
1341846373.846131 0.029175844 -0.424350441 -0.033385001 0.029741557 0.071464591 -0.005546199 0.996984184
1341846373.882197 0.017934622 -0.414594322 -0.033635817 0.028403152 0.069961175 -0.007584121 0.997116446
1341846373.914066 0.014734006 -0.402884930 -0.031117268 0.026562594 0.066790678 -0.003889005 0.997405827
1341846373.949976 0.021186970 -0.395630062 -0.028399073 0.023773216 0.064636521 -0.000435105 0.997625589
1341846373.982090 0.016348796 -0.385113001 -0.027985226 0.021222828 0.064523444 0.000248306 0.997690499
1341846374.014518 0.006731540 -0.378413856 -0.024810327 0.017383566 0.062571563 0.003796929 0.997881889
1341846374.050082 0.005816502 -0.366744280 -0.022421354 0.014344236 0.059339527 0.006844495 0.998111308
1341846374.082248 0.009119857 -0.368025541 -0.026758127 0.011130451 0.057427738 0.007151127 0.998261988
1341846374.114063 0.009698466 -0.356594175 -0.022646120 0.009175096 0.057722885 0.007614469 0.998261452
1341846374.150230 -0.001087333 -0.359390944 -0.017370291 0.006358687 0.057815380 0.007824395 0.998276412
1341846374.181949 -0.003983388 -0.354527473 -0.020050962 0.007486871 0.055624887 0.008666079 0.998386085
1341846374.217985 0.002060734 -0.349570185 -0.020430142 0.008799545 0.053690135 0.011779099 0.998449385
1341846374.250018 -0.000871587 -0.329687476 -0.026571291 0.009966664 0.054980427 0.012496145 0.998359501
1341846374.281921 -0.003085534 -0.311602980 -0.025870068 0.008015659 0.055730179 0.011935040 0.998342335
1341846374.318502 -0.002946117 -0.308352798 -0.023149712 0.004614448 0.055965692 0.011548526 0.998355269
1341846374.350047 -0.005154831 -0.292109013 -0.022153148 0.001830941 0.057693861 0.011550387 0.998265862
1341846374.382011 -0.016585955 -0.292841822 -0.018579071 -0.002059318 0.058372851 0.011220858 0.998229682
1341846374.418020 -0.017940655 -0.286297083 -0.017413322 -0.003623767 0.056436911 0.011266542 0.998336017
1341846374.450160 -0.017766574 -0.275539309 -0.015619768 -0.005191540 0.054564614 0.012002885 0.998424590
1341846374.486170 -0.015912844 -0.262463838 -0.018777786 -0.007040029 0.053921193 0.011493752 0.998454213
1341846374.524087 -0.023632139 -0.258313537 -0.009696950 -0.010782746 0.054391883 0.010615667 0.998405039
1341846374.586056 -0.027972328 -0.248122364 -0.004869197 -0.015414665 0.049311187 0.009592704 0.998618424
1341846374.617848 -0.032779042 -0.243630528 0.002869010 -0.017160466 0.047235552 0.011931684 0.998665094
1341846374.654133 -0.026266066 -0.225957692 0.007055042 -0.014485130 0.043250710 0.015580963 0.998837709
1341846374.685940 -0.026298186 -0.215101436 0.002323314 -0.013545503 0.040523276 0.018069295 0.998923361
1341846374.718159 -0.028394062 -0.207629025 0.003060594 -0.013439151 0.038348932 0.021842685 0.998935282
1341846374.754050 -0.030675717 -0.200537115 0.006098785 -0.012283837 0.035422027 0.023087416 0.999030232
1341846374.786226 -0.027595542 -0.187741086 0.004359436 -0.011282260 0.032942377 0.024113201 0.999102592
1341846374.818164 -0.029259762 -0.189010978 0.004288526 -0.011345415 0.031953476 0.023654964 0.999144971
1341846374.854017 -0.034976196 -0.181266949 0.010887995 -0.008400536 0.030915828 0.022205791 0.999239981
1341846374.886253 -0.047217507 -0.185477689 0.003056773 -0.007194933 0.028892348 0.022293357 0.999307990
1341846374.921999 -0.044835430 -0.179084733 -0.000233132 -0.004933616 0.026558058 0.022138515 0.999389887
1341846374.953860 -0.047946841 -0.169082940 -0.000114761 -0.002695120 0.025244696 0.022931179 0.999414623
1341846374.985929 -0.049726307 -0.163107663 0.001169079 -0.001990752 0.022767201 0.024156149 0.999446929
1341846375.022029 -0.044052713 -0.163335934 0.003042577 -0.000113102 0.019965373 0.026248779 0.999456048
1341846375.053968 -0.045270771 -0.160593972 0.000901180 0.004019457 0.018373869 0.029949255 0.999374449
1341846375.085937 -0.048481639 -0.152552277 -0.002932105 0.007432369 0.017789772 0.031457905 0.999319136
1341846375.122015 -0.048445661 -0.137591109 -0.001561647 0.008554636 0.017954156 0.029283421 0.999373317
1341846375.190345 -0.047811680 -0.131557122 -0.005189112 0.004272621 0.023655670 0.023697101 0.999430120
1341846375.222041 -0.052702859 -0.132652462 -0.000430072 0.004707860 0.024144121 0.021570290 0.999464631
1341846375.254127 -0.047239114 -0.127536789 -0.003124738 0.006681642 0.023442080 0.021845104 0.999464154
1341846375.289892 -0.046618082 -0.126423106 0.001470647 0.009560175 0.025459301 0.022759221 0.999371052
1341846375.322192 -0.053575043 -0.113082267 -0.003590295 0.013398305 0.026247563 0.023735607 0.999283850
1341846375.354172 -0.045738231 -0.097405151 -0.003270360 0.012772418 0.024773844 0.025176538 0.999294400
1341846375.390033 -0.038521715 -0.088796377 -0.002694186 0.007764396 0.025796151 0.022101136 0.999392688
1341846375.422976 -0.046426162 -0.082002796 0.000644101 0.002143567 0.028997818 0.018470839 0.999406517
1341846375.458036 -0.053377729 -0.075541511 0.000063915 -0.002834487 0.028410550 0.017606299 0.999437273
1341846375.489941 -0.043314107 -0.078985162 0.008907960 -0.007691801 0.026747249 0.018539855 0.999440670
1341846375.521981 -0.046035346 -0.082061842 0.012327418 -0.008790970 0.027883694 0.018733487 0.999396920
1341846375.557947 -0.048141722 -0.077259973 0.016144978 -0.006592660 0.026798187 0.022391187 0.999368310
1341846375.590116 -0.049883142 -0.074371621 0.019432191 -0.004373460 0.023610527 0.027031690 0.999346137
1341846375.622399 -0.041991677 -0.056376774 0.019911276 0.000207505 0.022542473 0.027745748 0.999360740
1341846375.658264 -0.044347323 -0.052084170 0.020315390 0.003844769 0.024406880 0.029494045 0.999259531
1341846375.690116 -0.046758618 -0.047228619 0.023080397 0.008498346 0.023688328 0.033956077 0.999106407
1341846375.726080 -0.040218756 -0.039603915 0.025616623 0.016770380 0.021410219 0.038875733 0.998873889
1341846375.757947 -0.044451073 -0.028845800 0.027044795 0.024571128 0.021626746 0.042173382 0.998573959
1341846375.789914 -0.045008752 -0.022697760 0.030315712 0.030325888 0.019593680 0.045491114 0.998312056
1341846375.826111 -0.045442354 0.001565932 0.032777634 0.034981031 0.017969724 0.044472326 0.998236239
1341846375.858282 -0.055907499 0.028934063 0.027420660 0.033651412 0.017183689 0.041128259 0.998439193
1341846375.893889 -0.049053878 0.036291752 0.036218289 0.022629611 0.013156889 0.041214708 0.998807371
1341846375.926121 -0.049060989 0.038791522 0.041670997 0.015723510 0.013075265 0.037155665 0.999100208
1341846375.958089 -0.049021397 0.048765991 0.044205923 0.010647951 0.013484621 0.037429191 0.999151528
1341846375.994060 -0.045600157 0.056868255 0.052498329 0.006480823 0.013440177 0.038906991 0.999131441
1341846376.026115 -0.042280156 0.057598986 0.058440883 0.004495418 0.015236172 0.040613495 0.999048650
1341846376.057999 -0.044352878 0.069199897 0.063821815 0.005879235 0.017278213 0.042011295 0.998950422
1341846376.094015 -0.044706035 0.078732297 0.060255043 0.005149149 0.019685525 0.044962116 0.998781443
1341846376.126126 -0.043945208 0.091357969 0.061201792 0.005318966 0.023246333 0.044051167 0.998744607
1341846376.162125 -0.050922498 0.101729229 0.061909068 0.002879567 0.027775478 0.043314882 0.998671174
1341846376.194033 -0.056204416 0.108900897 0.068451092 0.000074681 0.029602958 0.043785848 0.998602271
1341846376.226110 -0.055617344 0.114538983 0.072270669 -0.002560777 0.029003970 0.046295863 0.998503327
1341846376.262088 -0.055335607 0.116517060 0.078707278 -0.003498744 0.027745456 0.049983010 0.998358488
1341846376.293911 -0.053224295 0.125891447 0.083761811 -0.001022302 0.027759532 0.051788308 0.998271704
1341846376.326088 -0.056596920 0.130713329 0.085180245 0.001122971 0.028325092 0.054315370 0.998121381
1341846376.362076 -0.056565490 0.139737651 0.080014512 0.001853151 0.026631342 0.055765148 0.998086929
1341846376.393924 -0.051738851 0.142741919 0.084530860 0.001169047 0.025212849 0.054344244 0.998203158
1341846376.429909 -0.052381247 0.152508691 0.087388963 0.001728189 0.027797790 0.049504321 0.998385489
1341846376.462224 -0.058703396 0.158294901 0.088509373 -0.000293416 0.029645244 0.046172798 0.998493433
1341846376.494092 -0.059409086 0.160052523 0.096048228 -0.001608161 0.028791841 0.045346782 0.998555005
1341846376.529992 -0.058221422 0.173220307 0.101155311 0.000445065 0.028469978 0.043693751 0.998639107
1341846376.562034 -0.057005867 0.181160659 0.102774568 0.000184251 0.029760079 0.042071939 0.998671234
1341846376.594092 -0.059454106 0.187899783 0.104521587 -0.000656903 0.031163801 0.041712284 0.998643339
1341846376.630016 -0.057373021 0.194259271 0.106633201 -0.001941506 0.031265330 0.040965751 0.998669386
1341846376.662132 -0.053007174 0.198230118 0.110659607 -0.002903279 0.033260461 0.038543444 0.998699009
1341846376.697981 -0.058844946 0.204234511 0.111823335 -0.003609561 0.035925183 0.038853765 0.998592377
1341846376.730128 -0.057665989 0.211449236 0.114615664 -0.003413495 0.036605157 0.039071310 0.998559892
1341846376.762061 -0.057839692 0.221730739 0.113359950 -0.003463264 0.037416503 0.038830347 0.998539031
1341846376.797939 -0.056737181 0.233967185 0.113222621 -0.005322094 0.037164338 0.037373897 0.998595834
1341846376.829920 -0.057032693 0.239053428 0.119162232 -0.008901860 0.038042713 0.039091833 0.998471498
1341846376.866170 -0.059181485 0.249273136 0.118435390 -0.011146689 0.038019929 0.042378351 0.998315752
1341846376.898026 -0.056944404 0.257054150 0.118756481 -0.015226662 0.036650270 0.042909540 0.998290360
1341846376.930139 -0.049095079 0.275313020 0.119080707 -0.018412657 0.037106987 0.041582957 0.998275936
1341846376.966511 -0.052055173 0.282040864 0.121343441 -0.025073072 0.040482674 0.040401597 0.998048186
1341846376.997919 -0.054893967 0.285852551 0.127456516 -0.030961549 0.042352568 0.042184230 0.997731507
1341846377.030079 -0.049496058 0.294524848 0.130565673 -0.034045432 0.042479072 0.042379644 0.997617364
1341846377.066212 -0.055027619 0.302916944 0.134331793 -0.036927737 0.043912403 0.043839108 0.997389674
1341846377.097918 -0.055673312 0.309810221 0.136276796 -0.041074045 0.043082654 0.044323590 0.997242332
1341846377.134079 -0.062024079 0.312356859 0.135639474 -0.044705935 0.042585339 0.043863900 0.997127771
1341846377.166160 -0.058534175 0.312089920 0.138428599 -0.048665732 0.037073385 0.046320230 0.997051477
1341846377.197925 -0.058957063 0.324513942 0.142454803 -0.048176553 0.032802619 0.044719119 0.997297943
1341846377.233952 -0.056957223 0.339312017 0.137698248 -0.049198113 0.030796560 0.042438034 0.997411728
1341846377.266486 -0.056606963 0.341004163 0.147528604 -0.052935869 0.032278411 0.041638404 0.997207165
1341846377.298068 -0.056085344 0.342064530 0.143981561 -0.057203110 0.032740679 0.044623870 0.996827245
1341846377.334109 -0.056822881 0.349683106 0.142293647 -0.059962340 0.031713676 0.044783846 0.996691108
1341846377.366029 -0.054364037 0.351623982 0.150007650 -0.060806800 0.031412899 0.043636154 0.996700346
1341846377.401870 -0.055129252 0.355798602 0.149714723 -0.061508402 0.032312579 0.041091658 0.996736705
1341846377.434052 -0.055997320 0.349858463 0.151638642 -0.063213862 0.031851448 0.041270144 0.996637464
1341846377.466127 -0.055580750 0.343413174 0.151630208 -0.061753795 0.032029718 0.041208629 0.996725857
1341846377.502027 -0.053630020 0.341796398 0.147719026 -0.060537912 0.032457605 0.037574302 0.996930242
1341846377.534114 -0.049070340 0.336227447 0.149241135 -0.060397044 0.034443967 0.034383442 0.996987283
1341846377.566085 -0.052369829 0.324281663 0.149147034 -0.059243638 0.036294769 0.036054075 0.996931791
1341846377.602113 -0.051524941 0.318707049 0.144342944 -0.057177339 0.035828780 0.036683224 0.997046351
1341846377.633912 -0.051625323 0.310375988 0.154545277 -0.052068971 0.036584679 0.035505567 0.997341335
1341846377.676329 -0.049810030 0.307511657 0.140848607 -0.046943840 0.037951607 0.033293255 0.997620940
1341846377.743964 -0.045065884 0.275767535 0.141132638 -0.042443503 0.034721807 0.030300388 0.998035491
1341846377.802535 -0.046477851 0.262046695 0.133841455 -0.040500581 0.034606677 0.030963097 0.998099864
1341846377.835932 -0.047821581 0.241615653 0.130660087 -0.036119591 0.036574371 0.031460650 0.998182297
1341846377.872063 -0.056070372 0.236946523 0.116457000 -0.033128783 0.034830216 0.038568851 0.998099089
1341846377.902201 -0.045830879 0.228535324 0.120706603 -0.033878323 0.027600499 0.039203845 0.998275280
1341846377.939383 -0.037673097 0.226210773 0.118380666 -0.028812928 0.030813668 0.030894162 0.998632014
1341846377.970635 -0.049213354 0.211962909 0.101497523 -0.032428239 0.033783138 0.033099309 0.998354435
1341846378.002401 -0.044401437 0.195493117 0.113016956 -0.036806755 0.026557975 0.034949385 0.998357892
1341846378.038883 -0.038578134 0.189805120 0.112215891 -0.032763015 0.026936866 0.031225797 0.998611987
1341846378.106524 -0.042642318 0.170527413 0.102234133 -0.035743020 0.027432680 0.027352629 0.998609900
1341846378.138114 -0.039760120 0.161631584 0.101600103 -0.033971764 0.028178016 0.022296650 0.998776615
1341846378.170157 -0.039626233 0.155238718 0.091297403 -0.033096731 0.030143134 0.014278819 0.998895466
1341846378.206045 -0.041164476 0.138934687 0.092918910 -0.036406636 0.031040713 0.010476168 0.998799920
1341846378.238081 -0.039151240 0.119253099 0.101726137 -0.037221465 0.030704703 0.009798894 0.998787165
1341846378.275916 -0.035913434 0.112464771 0.093060777 -0.033544283 0.030683564 0.008058635 0.998933613
1341846378.312389 -0.033671241 0.105571099 0.089660369 -0.032633606 0.032854129 0.005094005 0.998914242
1341846378.344267 -0.033213332 0.087549709 0.093300983 -0.032536134 0.035594311 0.003723353 0.998829603
1341846378.376036 -0.032628950 0.071252458 0.083132945 -0.029092064 0.036847763 0.003327071 0.998891830
1341846378.411936 -0.031045370 0.069608636 0.076689810 -0.026654931 0.038064912 0.001182379 0.998919010
1341846378.444079 -0.029871130 0.056392387 0.074627303 -0.026161121 0.040636536 -0.002382062 0.998828590
1341846378.480041 -0.032034956 0.044054929 0.065905429 -0.025732061 0.040979162 -0.003782453 0.998821437
1341846378.512023 -0.032256678 0.037716411 0.071485959 -0.025473163 0.039167613 -0.005510035 0.998892725
1341846378.543975 -0.028374990 0.031763751 0.074311741 -0.021876456 0.040951073 -0.012046977 0.998848975
1341846378.579973 -0.032617804 0.013985533 0.068104789 -0.021379497 0.043728963 -0.013542961 0.998722851
1341846378.612676 -0.031028755 0.007908937 0.071323887 -0.018692210 0.043514848 -0.014406506 0.998773992
1341846378.643945 -0.027636949 -0.003712032 0.070022225 -0.015145065 0.045961261 -0.014811325 0.998718560
1341846378.679954 -0.033275377 -0.012137022 0.054309066 -0.012464129 0.047987368 -0.013481835 0.998679161
1341846378.742199 -0.014823933 -0.031619098 0.053086203 -0.007621311 0.049895976 -0.017886374 0.998565137
1341846378.774089 -0.028327582 -0.036975376 0.056631699 -0.002253754 0.055559676 -0.020606298 0.998240173
1341846378.805994 -0.031303525 -0.045242030 0.053844206 0.001213688 0.056265455 -0.019925015 0.998216271
1341846378.842121 -0.021966660 -0.046329629 0.047580790 0.003640989 0.056195889 -0.021849781 0.998174012
1341846378.874022 -0.021867206 -0.063584082 0.043333292 0.005120062 0.058902591 -0.026065378 0.997910261
1341846378.911788 -0.021711683 -0.065646343 0.047447015 0.008216411 0.060348406 -0.024058426 0.997853577
1341846378.974034 -0.019304179 -0.081510819 0.034080710 0.011909561 0.061821446 -0.026803609 0.997656167
1341846379.009977 -0.021740457 -0.086282015 0.035569832 0.014174178 0.064238317 -0.025549510 0.997506738
1341846379.041991 -0.021629008 -0.089906886 0.034451675 0.015582122 0.065397181 -0.026099030 0.997396231
1341846379.078155 -0.015983960 -0.096327178 0.042236250 0.016924752 0.066942170 -0.030835953 0.997136593
1341846379.109871 -0.021455493 -0.103552721 0.032206640 0.017454050 0.068231642 -0.031638876 0.997014940
1341846379.142034 -0.016551606 -0.123185389 0.027200839 0.016277770 0.067611106 -0.031290352 0.997088134
1341846379.178080 -0.017525924 -0.138667911 0.026887955 0.018579938 0.069677800 -0.036402747 0.996731997
1341846379.209979 -0.017716020 -0.149706468 0.022794545 0.024599323 0.070626810 -0.037700292 0.996486545
1341846379.242047 -0.022186654 -0.159854025 0.030056832 0.030926069 0.068491258 -0.034600258 0.996571839
1341846379.278304 -0.019116493 -0.176250294 0.012080418 0.036342978 0.066386707 -0.038540900 0.996386766
1341846379.310076 -0.017644146 -0.187348738 -0.003640805 0.045047492 0.070511110 -0.042777818 0.995574653
1341846379.346166 -0.012873711 -0.197648302 0.013594622 0.050715588 0.072140299 -0.040002011 0.995300710
1341846379.377944 -0.009230496 -0.201500565 0.014921892 0.058814842 0.071985409 -0.037821021 0.994951487
1341846379.409974 -0.006963310 -0.207501635 0.013385987 0.067434050 0.073535979 -0.039027549 0.994244397
1341846379.446065 -0.004631327 -0.200923398 0.021381771 0.073376819 0.074819028 -0.036847290 0.993810952
1341846379.478631 -0.003502929 -0.204494163 0.001310945 0.073021911 0.073801354 -0.035100900 0.993976414
1341846379.511214 0.002715228 -0.213576004 0.000205546 0.071286254 0.075021639 -0.037371185 0.993928254
1341846379.546204 -0.007888258 -0.222031355 0.005310256 0.072544232 0.077461958 -0.036765676 0.993672609
1341846379.578217 -0.013402288 -0.210312143 0.007522383 0.074586459 0.073463373 -0.033095911 0.993954062
1341846379.614096 0.000267939 -0.215501711 0.004886010 0.072211497 0.069871828 -0.031690244 0.994434118
1341846379.646030 0.004098514 -0.212516069 0.005770639 0.070601046 0.071727976 -0.031484887 0.994424105
1341846379.678830 -0.008887216 -0.212438732 0.004232778 0.068110466 0.072141826 -0.030002877 0.994613647
1341846379.714071 -0.007925348 -0.209924445 0.009369065 0.066454105 0.068498120 -0.027038118 0.995068252
1341846379.746082 0.004750913 -0.207434997 0.006519339 0.064826027 0.067582965 -0.025813343 0.995270729
1341846379.778087 -0.004309460 -0.196421370 0.008657768 0.062876768 0.069645934 -0.023088684 0.995320499
1341846379.813931 -0.009625378 -0.190058202 0.009478493 0.058480080 0.067213833 -0.020209065 0.995818257
1341846379.845927 -0.002173023 -0.188524708 0.011076367 0.054004513 0.065261215 -0.018967560 0.996225238
1341846379.881893 -0.009171383 -0.171156079 0.017327409 0.050358456 0.066565678 -0.016688999 0.996370673
1341846379.913954 -0.016296728 -0.153048068 0.017293485 0.044438921 0.065614849 -0.013814970 0.996759295
1341846379.946050 -0.013761739 -0.157618314 0.023087127 0.035508975 0.063241653 -0.011133556 0.997304201
1341846379.981969 -0.021452105 -0.157239720 0.028258130 0.030537238 0.062433764 -0.008627612 0.997544527
1341846380.013935 -0.027148185 -0.145055830 0.025035927 0.026542507 0.059676137 -0.004221226 0.997855961
1341846380.046124 -0.022439566 -0.132808894 0.036560766 0.020610092 0.056554496 -0.000299565 0.998186707
1341846380.082142 -0.015218243 -0.129943952 0.035880953 0.014730835 0.055928104 -0.000131121 0.998326123
1341846380.114330 -0.021074930 -0.128622726 0.041688230 0.009905500 0.057362422 0.001525219 0.998303115
1341846380.150278 -0.026927320 -0.129565641 0.046109833 0.007535491 0.055978365 0.004811115 0.998391986
1341846380.182030 -0.023921423 -0.122021154 0.050976504 0.008592545 0.054519437 0.006493386 0.998454630
1341846380.213908 -0.022442296 -0.096389122 0.044180468 0.008727747 0.054246277 0.007232038 0.998463273
1341846380.250090 -0.022486014 -0.080036864 0.034354784 0.001095192 0.055552017 0.003894807 0.998447597
1341846380.281996 -0.016814830 -0.083646484 0.040628299 -0.008770191 0.059539765 0.002120892 0.998185158
1341846380.318009 -0.021664260 -0.071348898 0.045163102 -0.012953698 0.063886940 0.001918376 0.997871220
1341846380.350031 -0.023179911 -0.059530981 0.047194567 -0.018934641 0.065117255 0.006679770 0.997675598
1341846380.382297 -0.018891552 -0.055579424 0.049540538 -0.023423800 0.065550044 0.009104466 0.997532785
1341846380.418020 -0.020620456 -0.033156306 0.058688078 -0.024651825 0.066709168 0.011578809 0.997400701
1341846380.450059 -0.029572746 -0.017797124 0.064431213 -0.032051288 0.064140163 0.021726230 0.997189403
1341846380.481987 -0.026044317 -0.013553518 0.066470563 -0.040975071 0.057493426 0.024481259 0.997204185
1341846380.518026 -0.015445380 -0.013183027 0.063537821 -0.047142249 0.053500358 0.023875317 0.997168660
1341846380.549973 -0.018727629 -0.007575741 0.073592588 -0.049573079 0.052728500 0.025143521 0.997060716
1341846380.585876 -0.015000608 -0.003304724 0.076927938 -0.049951699 0.047807936 0.026107447 0.997265100
1341846380.617833 -0.013006008 -0.004752482 0.070196055 -0.049287070 0.045011990 0.025194110 0.997451723
1341846380.650010 -0.010026080 -0.002190280 0.070009060 -0.045893840 0.043924026 0.023195900 0.997710586
1341846380.686058 -0.018531624 0.006496519 0.070235923 -0.041719142 0.043237064 0.020657195 0.997979641
1341846380.718154 -0.020017663 0.002904684 0.067442700 -0.040366843 0.042006940 0.019536490 0.998110354
1341846380.750063 -0.006549321 -0.002861968 0.060361855 -0.036405012 0.040342409 0.020587517 0.998310208
1341846380.785897 -0.011281159 0.013881668 0.057157829 -0.029066250 0.041600615 0.022136487 0.998466074
1341846380.818263 -0.017122321 0.023401724 0.053261850 -0.027239751 0.038459186 0.023061026 0.998622596
1341846380.854055 -0.007258703 0.021613728 0.058140926 -0.026617724 0.034516975 0.021035239 0.998828113
1341846380.886150 -0.008197224 0.028547635 0.062444504 -0.021476880 0.034433130 0.021031659 0.998954833
1341846380.918124 -0.018578300 0.036000326 0.068604380 -0.020520126 0.031193154 0.023074549 0.999036252
1341846380.954125 -0.004822474 0.030940035 0.078954175 -0.021753708 0.024403088 0.021087887 0.999243021
1341846380.985985 0.000750087 0.028300235 0.077705495 -0.020948673 0.024968717 0.019473067 0.999279022
1341846381.018098 -0.004615783 0.029869514 0.085870653 -0.019935237 0.026745405 0.019845864 0.999246418
1341846381.054072 -0.003941345 0.021872418 0.098340705 -0.019928878 0.023728341 0.020080058 0.999318063
1341846381.086074 0.007435171 0.011747403 0.098113582 -0.015901750 0.022602772 0.020775694 0.999402106
1341846381.122035 0.005313045 0.022892360 0.108988121 -0.012518587 0.023971461 0.023132542 0.999366581
1341846381.159808 0.010852314 0.024190096 0.124262229 -0.012630135 0.022930009 0.022808915 0.999397039
1341846381.222118 0.022732178 0.031124307 0.137280151 -0.011758256 0.025937941 0.024376046 0.999297142
1341846381.254198 0.030216949 0.023309272 0.146740437 -0.015388862 0.028772248 0.022810534 0.999207199
1341846381.289977 0.035092156 0.026430350 0.158906579 -0.013690549 0.036136873 0.022498244 0.998999774
1341846381.322365 0.037727583 0.039869893 0.180544451 -0.011892659 0.038609076 0.029481590 0.998748600
1341846381.353963 0.039794516 0.035418592 0.188529953 -0.014918565 0.039571878 0.033898260 0.998530090
1341846381.389983 0.058242954 0.039621472 0.212175131 -0.015758388 0.041363508 0.035881467 0.998375297
1341846381.421973 0.052531514 0.051645074 0.236168683 -0.017958976 0.048137262 0.039883878 0.997882545
1341846381.454108 0.056706440 0.048155010 0.257771075 -0.021384176 0.048900578 0.040995657 0.997732818
1341846381.489891 0.061225004 0.033317041 0.265881479 -0.020729041 0.052928012 0.042064693 0.997496605
1341846381.521988 0.061943553 0.032603037 0.274564385 -0.015819618 0.057467379 0.048058409 0.997064531
1341846381.558072 0.071568444 0.039435297 0.285070807 -0.011662550 0.058902964 0.052098010 0.996835113
1341846381.589879 0.072129995 0.037003778 0.288485289 -0.011040478 0.063267305 0.049985982 0.996682882
1341846381.622018 0.079845831 0.038624812 0.303831786 -0.012068839 0.066606514 0.047892179 0.996556222
1341846381.657894 0.083448172 0.034862071 0.319936901 -0.012414730 0.069845222 0.046100337 0.996414721
1341846381.689870 0.088204101 0.024136942 0.331553906 -0.009399442 0.072713003 0.044230387 0.996327341
1341846381.722338 0.087464303 0.023265222 0.316008359 -0.007781657 0.076845981 0.041190755 0.996161342
1341846381.758166 0.092956439 0.030383781 0.354628712 -0.006075639 0.077255718 0.043809380 0.996029854
1341846381.790889 0.096398480 0.017905332 0.354999542 -0.006094769 0.080214359 0.040743906 0.995925963
1341846381.826591 0.103169680 0.021349339 0.365751833 -0.003162177 0.082361087 0.040055733 0.995792270
1341846381.859589 0.096369222 0.022297829 0.383589059 -0.001542984 0.082977861 0.041587610 0.995682061
1341846381.890538 0.100292243 0.020350134 0.389938891 -0.000326801 0.078116938 0.043645415 0.995988309
1341846381.926191 0.104688294 0.029812502 0.396273106 0.001758268 0.075579949 0.038731635 0.996385694
1341846381.958121 0.096965022 0.042257708 0.403969735 0.000423227 0.073530897 0.038031429 0.996567428
1341846381.990050 0.088402875 0.039597735 0.420340061 -0.004529431 0.067278922 0.037652198 0.997013211
1341846382.026007 0.109539405 0.035647534 0.428720295 -0.009014152 0.060313981 0.034669101 0.997536480
1341846382.059217 0.110397838 0.038235541 0.441754520 -0.014451151 0.060571697 0.028650681 0.997647941
1341846382.094090 0.112321131 0.032653045 0.456171215 -0.020176841 0.057924628 0.030274639 0.997657776
1341846382.126195 0.124124877 0.022810653 0.470727503 -0.022281740 0.053881340 0.032017712 0.997785151
1341846382.158170 0.130583748 0.024873761 0.481664717 -0.021922298 0.054362904 0.033704728 0.997711420
1341846382.194097 0.129977882 0.025808362 0.493256658 -0.022483077 0.055590313 0.035727125 0.997560918
1341846382.226010 0.132953420 0.020401118 0.503819883 -0.023195647 0.055243134 0.036618140 0.997531593
1341846382.258172 0.137422472 0.020416653 0.511718571 -0.022923905 0.055483032 0.037235014 0.997501731
1341846382.294020 0.136115953 0.021627307 0.522332609 -0.022627221 0.058576230 0.034831684 0.997418463
1341846382.325957 0.129891083 0.016444102 0.537760198 -0.024355629 0.059412546 0.033101730 0.997387230
1341846382.361974 0.134604171 0.016285039 0.552170277 -0.025091199 0.056813553 0.031336397 0.997577429
1341846382.393888 0.131707460 0.013965003 0.564693213 -0.023803573 0.056066565 0.029904878 0.997695148
1341846382.425972 0.134398177 0.009465471 0.571916342 -0.024708845 0.054876130 0.026341273 0.997839749
1341846382.462037 0.124373831 0.005940772 0.583373785 -0.026512608 0.055272445 0.021796824 0.997881234
1341846382.494003 0.128430024 0.008069460 0.598775446 -0.027632810 0.051370420 0.017573306 0.998142600
1341846382.530148 0.128614247 0.002723008 0.611613810 -0.028227028 0.049446944 0.014772327 0.998268485
1341846382.562400 0.133984476 0.004092016 0.622321129 -0.026995212 0.048005354 0.013463593 0.998391449
1341846382.593981 0.129530281 0.001036084 0.631166399 -0.026637437 0.049034297 0.013978088 0.998344004
1341846382.629905 0.129738539 -0.006287447 0.640348315 -0.023664860 0.049967900 0.016987111 0.998325944
1341846382.661966 0.125975102 0.005228370 0.649319947 -0.018704915 0.050868891 0.019804073 0.998333752
1341846382.693976 0.123514347 0.002585167 0.653431833 -0.020296501 0.051189858 0.019946378 0.998283446
1341846382.730021 0.125982761 0.008258632 0.663607538 -0.018361045 0.051296365 0.018395089 0.998345196
1341846382.762004 0.119768560 0.009535845 0.670323789 -0.017554088 0.053493120 0.020662010 0.998200059
1341846382.798112 0.123882778 0.016111396 0.676043630 -0.019104056 0.050016090 0.016892007 0.998422801
1341846382.829949 0.127872229 0.002816609 0.678163886 -0.023606129 0.051040396 0.012121304 0.998344004
1341846382.861875 0.126288071 0.004603800 0.685514092 -0.023867086 0.052907661 0.010085504 0.998263240
1341846382.897967 0.124499872 0.002719674 0.686728895 -0.024497101 0.053240769 0.010799482 0.998222768
1341846382.930017 0.130019143 -0.000154792 0.690823495 -0.023436755 0.053577553 0.011857757 0.998218179
1341846382.962121 0.127637371 0.014194157 0.694446921 -0.019253328 0.056747586 0.010068734 0.998152137
1341846382.997950 0.126514256 0.013889855 0.697904170 -0.019081360 0.057797633 0.011554598 0.998079062
1341846383.029927 0.129477128 0.004291968 0.702271342 -0.019761791 0.057610091 0.012710257 0.998062611
1341846383.104184 0.133575097 0.002922798 0.703032076 -0.023512369 0.061978273 0.004711280 0.997789383
1341846383.172122 0.136918336 0.008329672 0.710416257 -0.024787694 0.060069315 0.004762747 0.997875035
1341846383.236935 0.130437747 0.001906058 0.713727951 -0.027294483 0.070114389 0.004059087 0.997157216
1341846383.272112 0.137162045 0.001497623 0.716507912 -0.026092939 0.067070849 0.008353037 0.997371972
1341846383.303955 0.144078225 0.007016896 0.711966038 -0.024156149 0.066978417 0.010841804 0.997403026
1341846383.336133 0.145168975 0.014015240 0.708878398 -0.025993405 0.067978583 0.009998953 0.997298002
1341846383.398119 0.145606399 0.004457819 0.707207322 -0.029236021 0.067071557 0.012612263 0.997240007
1341846383.433991 0.149395734 0.002220904 0.700952232 -0.030250268 0.068156026 0.013482944 0.997124791
1341846383.466087 0.147465020 0.001643396 0.697819412 -0.030116562 0.068529747 0.014373895 0.997090816
1341846383.501974 0.146000341 0.001318888 0.696433842 -0.029317359 0.066885181 0.017147943 0.997182429
1341846383.533975 0.147339538 0.004196675 0.694384336 -0.028068841 0.063963518 0.016979676 0.997412920
1341846383.565981 0.140299872 0.000668744 0.684200168 -0.029842261 0.064365037 0.014395048 0.997376263
1341846383.602253 0.136125877 0.001023225 0.676099300 -0.029733650 0.061618581 0.014416890 0.997552633
1341846383.634175 0.121894039 0.009583426 0.667231679 -0.027430380 0.058483347 0.014625678 0.997804284
1341846383.665988 0.125065371 0.016197894 0.662321389 -0.026613582 0.053304687 0.011976091 0.998151779
1341846383.702104 0.119546719 0.010681838 0.654476941 -0.028444627 0.051038440 0.009594901 0.998245418
1341846383.734131 0.108767442 0.011406546 0.647091746 -0.028243762 0.047605280 0.009787537 0.998418868
1341846383.770067 0.103658222 0.014255174 0.638333678 -0.027070949 0.042781707 0.012764074 0.998636067
1341846383.802027 0.103585958 0.019020360 0.627360642 -0.025628002 0.038615376 0.011955257 0.998853922
1341846383.870067 0.083202168 0.013805436 0.608005524 -0.027816085 0.035057459 0.014351395 0.998895049
1341846383.901854 0.094800010 0.023635646 0.598472118 -0.025787249 0.028908480 0.015104957 0.999135196
1341846383.934301 0.088999204 0.026613576 0.586747587 -0.028012242 0.028093785 0.014273699 0.999110758
1341846383.969997 0.086481415 0.022764642 0.579472840 -0.029685356 0.025971623 0.013979906 0.999124050
1341846384.001936 0.078499287 0.016518081 0.567460656 -0.028683610 0.023681883 0.017805386 0.999149323
1341846384.038092 0.074575372 0.025985066 0.556383133 -0.025785947 0.018939501 0.018305155 0.999320447
1341846384.070104 0.079084419 0.026285831 0.544300914 -0.027129324 0.016501402 0.015643222 0.999373317
1341846384.102008 0.066493496 0.021393716 0.532767713 -0.026150249 0.018395770 0.013652461 0.999395490
1341846384.138265 0.060371157 0.025405301 0.524535656 -0.024143744 0.014937013 0.016423104 0.999461949
1341846384.170093 0.066577874 0.028132953 0.510209441 -0.024776051 0.011189614 0.016478583 0.999494553
1341846384.202188 0.064412281 0.028507138 0.501337409 -0.023979655 0.012568667 0.013806653 0.999538064
1341846384.237844 0.059116714 0.030410377 0.490357161 -0.024080794 0.013300137 0.013829193 0.999525905
1341846384.269968 0.055781413 0.025542838 0.481345892 -0.024722870 0.011920435 0.015219524 0.999507427
1341846384.306015 0.057510756 0.029387653 0.469603837 -0.022738077 0.011473443 0.015231622 0.999559581
1341846384.337907 0.051523767 0.033093482 0.459917098 -0.022525776 0.012602100 0.014637547 0.999559700
1341846384.369865 0.051946923 0.034170009 0.449591786 -0.023821933 0.011126421 0.013939308 0.999557078
1341846384.406199 0.051542994 0.032263964 0.438873738 -0.023427067 0.011931623 0.011877137 0.999583781
1341846384.437788 0.044271346 0.037998401 0.427146167 -0.022901669 0.012576003 0.010659999 0.999601781
1341846384.469882 0.043989249 0.040757485 0.419104040 -0.025406141 0.011355408 0.008896015 0.999573112
1341846384.506115 0.045946330 0.039095595 0.410132617 -0.026758926 0.012308248 0.005468550 0.999551177
1341846384.537970 0.044010602 0.043568045 0.400275797 -0.027941737 0.014868875 0.005010794 0.999486446
1341846384.573994 0.036171507 0.037577543 0.392772555 -0.029983457 0.015693782 0.007217356 0.999401093
1341846384.606493 0.035583004 0.037743606 0.388249695 -0.027631503 0.013899766 0.011454607 0.999455929
1341846384.637999 0.033380534 0.042283680 0.379075140 -0.025451971 0.012969788 0.013915770 0.999495029
1341846384.674068 0.030691443 0.047068574 0.373010993 -0.025344724 0.011780207 0.012413397 0.999532282
1341846384.705921 0.024731377 0.042877402 0.359805286 -0.025385354 0.011583262 0.010657122 0.999553859
1341846384.742045 0.018362988 0.052760269 0.352904916 -0.024278557 0.009443325 0.009515250 0.999615371
1341846384.774082 0.019175079 0.057677962 0.344081670 -0.026604919 0.006876128 0.006314971 0.999602437
1341846384.805987 0.015756333 0.053068765 0.333574861 -0.028773988 0.006867474 0.001542992 0.999561191
1341846384.842025 0.009965006 0.056431256 0.325774252 -0.029089427 0.005708375 0.000261275 0.999560475
1341846384.874081 0.004261962 0.056385018 0.316421539 -0.030268461 0.004394504 0.001931260 0.999530315
1341846384.905998 0.006008652 0.055121936 0.307802409 -0.028499991 0.003724118 0.005193396 0.999573350
1341846384.942014 -0.000946962 0.059791807 0.296095639 -0.028007356 0.004476237 0.008103999 0.999564826
1341846384.974049 -0.008262499 0.044250086 0.291638404 -0.031766862 0.005335619 0.011107202 0.999419332
1341846385.009917 -0.008695018 0.039848179 0.282327116 -0.030064967 0.005866545 0.015878003 0.999404609
1341846385.042211 -0.014256725 0.045299578 0.275472850 -0.028532665 0.006905439 0.018421112 0.999399245
1341846385.073967 -0.007511572 0.060442012 0.268961370 -0.027517114 0.006104372 0.016637320 0.999464214
1341846385.110157 -0.015765192 0.041809227 0.263933986 -0.029533830 0.008776018 0.017579982 0.999370635
1341846385.141931 -0.021328144 0.038862959 0.257175356 -0.028281767 0.009733095 0.019396950 0.999364376
1341846385.173929 -0.019394569 0.054910675 0.250597060 -0.024273003 0.006856685 0.018338198 0.999513686
1341846385.210052 -0.019890601 0.053105883 0.240981221 -0.023296120 0.006369202 0.013044975 0.999623179
1341846385.242941 -0.029024404 0.052735593 0.231131151 -0.022282729 0.008053836 0.006615635 0.999697387
1341846385.278001 -0.032186031 0.050346132 0.225907445 -0.022366505 0.007097951 0.003236491 0.999719441
1341846385.311234 -0.037453838 0.046583042 0.220269322 -0.020236002 0.006787302 0.002532259 0.999768972
1341846385.342936 -0.043264609 0.051829584 0.211974666 -0.016298600 0.005712454 0.001119112 0.999850214
1341846385.378101 -0.052654643 0.039712396 0.203246996 -0.018341329 0.007031547 0.000031194 0.999807060
1341846385.410048 -0.062682003 0.037687648 0.199553579 -0.018874308 0.006608077 -0.000293853 0.999799967
1341846385.442088 -0.069305219 0.034482807 0.197042376 -0.018422591 0.004289764 0.000426961 0.999821007
1341846385.477970 -0.069507048 0.054742798 0.186022088 -0.016078889 -0.000192115 -0.001633516 0.999869406
1341846385.510109 -0.075493403 0.054375924 0.173880026 -0.016831007 -0.001818583 -0.000751067 0.999856412
1341846385.545989 -0.084765993 0.054010551 0.178699806 -0.017196767 -0.004520192 -0.000801734 0.999841630
1341846385.577939 -0.093440853 0.054881591 0.159664482 -0.018912878 -0.008948270 -0.001070322 0.999780536
1341846385.609948 -0.100963727 0.055483624 0.159196585 -0.019317355 -0.011085871 -0.000570103 0.999751806
1341846385.646024 -0.106694132 0.047213059 0.147370055 -0.021640727 -0.015101092 0.000264339 0.999651730
1341846385.678122 -0.113276348 0.049170740 0.139654130 -0.023171825 -0.021302413 0.002125643 0.999502242
1341846385.713966 -0.112053722 0.046581533 0.132609203 -0.023772517 -0.024287160 0.002352735 0.999419570
1341846385.745986 -0.121608742 0.050937761 0.123888925 -0.022359867 -0.023531048 0.003146442 0.999468088
1341846385.778024 -0.129858151 0.054627035 0.116826922 -0.022030426 -0.025658589 0.006072513 0.999409556
1341846385.814480 -0.128473103 0.058813542 0.108495407 -0.022154000 -0.027461594 0.005526886 0.999362051
1341846385.846594 -0.130219713 0.061039917 0.100944750 -0.022355221 -0.024790797 0.002520881 0.999439478
1341846385.884072 -0.141593233 0.060941100 0.094832234 -0.023500817 -0.022017639 0.004546199 0.999471009
1341846385.920282 -0.146571845 0.064266324 0.090480447 -0.023840677 -0.024031799 0.005910893 0.999409437
1341846385.951967 -0.138754681 0.068410560 0.078605570 -0.022987923 -0.022637259 0.002577330 0.999476075
1341846385.983828 -0.148329556 0.067097299 0.071291789 -0.022880923 -0.018170666 0.002510016 0.999569893
1341846386.019954 -0.153178290 0.065678731 0.069280490 -0.022780558 -0.018229047 0.004506598 0.999564171
1341846386.053153 -0.156709626 0.062651582 0.063026369 -0.021818906 -0.019677738 0.004627513 0.999557555
1341846386.087964 -0.152751625 0.062464073 0.048381660 -0.018944075 -0.018410256 0.001564896 0.999649823
1341846386.120298 -0.159439534 0.061644267 0.041736279 -0.017943209 -0.015001205 -0.002457124 0.999723434
1341846386.152323 -0.167928845 0.057687055 0.035622120 -0.015886929 -0.014831463 -0.001750959 0.999762237
1341846386.187922 -0.168077216 0.057352792 0.030359341 -0.013260897 -0.016371163 -0.005228552 0.999764383
1341846386.220214 -0.178461701 0.055654168 0.012826269 -0.011799166 -0.014215607 -0.009164915 0.999787331
1341846386.251878 -0.183126479 0.054053422 0.000968604 -0.008791526 -0.012290365 -0.012245467 0.999810815
1341846386.287926 -0.190893576 0.048847564 -0.011036802 -0.006765132 -0.013410628 -0.012066443 0.999814391
1341846386.320048 -0.188711092 0.054035533 -0.021702200 -0.003695794 -0.015309505 -0.015357985 0.999758065
1341846386.351806 -0.183213994 0.054696899 -0.032841012 -0.001780537 -0.013658141 -0.019805390 0.999709010
1341846386.387904 -0.190439567 0.050692786 -0.051843558 -0.000389118 -0.012212899 -0.020000806 0.999725282
1341846386.420158 -0.192134932 0.052670039 -0.069085360 0.001589688 -0.014675976 -0.017643124 0.999735355
1341846386.488011 -0.183143154 0.061070252 -0.104209967 0.003142707 -0.019042257 -0.021318667 0.999586463
1341846386.550203 -0.196734384 0.054708321 -0.132536486 0.004518497 -0.017895354 -0.021718908 0.999593735
1341846386.582265 -0.191737309 0.064027235 -0.153578848 0.005812819 -0.021861805 -0.019314589 0.999557495
1341846386.618055 -0.183716297 0.069726013 -0.169379994 0.005733357 -0.022444507 -0.021960068 0.999490440
1341846386.651032 -0.187293813 0.074555628 -0.193389431 0.004567637 -0.020757649 -0.023417447 0.999499798
1341846386.682220 -0.189707205 0.076881282 -0.206616104 0.002206728 -0.022211663 -0.021660199 0.999516189
1341846386.718071 -0.180159971 0.068567574 -0.216524452 0.000662471 -0.023970000 -0.019071946 0.999530494
1341846386.750071 -0.174026832 0.074317321 -0.235445395 0.003257907 -0.021581450 -0.018360624 0.999593139
1341846386.786100 -0.182382464 0.080245711 -0.251473755 0.004030322 -0.018172219 -0.014923301 0.999715388
1341846386.817967 -0.182364330 0.081934519 -0.260310262 0.005234656 -0.018673968 -0.013198356 0.999724805
1341846386.850155 -0.174228892 0.089981325 -0.280786216 0.006965062 -0.017739056 -0.012770566 0.999736845
1341846386.886034 -0.173814714 0.092223927 -0.294193149 0.006748064 -0.014759767 -0.011220225 0.999805391
1341846386.918050 -0.176213712 0.092285343 -0.308080733 0.007077997 -0.012975836 -0.007966196 0.999859035
1341846386.954005 -0.177831188 0.095292203 -0.322331250 0.007715353 -0.011921064 -0.005734101 0.999882758
1341846386.986155 -0.172607571 0.093800902 -0.338108659 0.007032407 -0.010346809 -0.006032935 0.999903560
1341846387.018027 -0.166569203 0.091503277 -0.342696875 0.006433101 -0.006525661 -0.003359525 0.999952376
1341846387.054058 -0.176197603 0.094380632 -0.355539799 0.008559531 -0.003935065 -0.001810847 0.999953985
1341846387.086157 -0.171469882 0.097912960 -0.363182306 0.009244905 -0.004349715 -0.001257046 0.999947071
1341846387.118350 -0.165523961 0.093661308 -0.380662501 0.009347464 -0.001854919 -0.002550503 0.999951363
1341846387.153927 -0.173628613 0.094613396 -0.393999875 0.010858370 0.001060384 -0.002902987 0.999936283
1341846387.185953 -0.181168810 0.107104294 -0.402090788 0.011543899 0.000713565 -0.003123022 0.999928236
1341846387.222042 -0.174531177 0.106387340 -0.410028070 0.009028897 -0.000804476 -0.004399514 0.999949217
1341846387.253968 -0.169901982 0.103246853 -0.420904398 0.007910167 0.000702026 -0.006525991 0.999947190
1341846387.286046 -0.178475916 0.104982294 -0.435103357 0.006868348 0.001803029 -0.004479177 0.999964774
1341846387.322002 -0.171406224 0.105407529 -0.445250303 0.004879502 -0.000050923 -0.003670513 0.999981344
1341846387.353879 -0.174079821 0.105063029 -0.461245954 0.003741106 0.002116224 -0.005043772 0.999978006
1341846387.386177 -0.183461383 0.106509380 -0.472016901 0.003825137 0.003175881 -0.002264638 0.999985099
1341846387.422132 -0.178082854 0.107268855 -0.482511759 0.004126431 0.001231087 0.000681347 0.999990523
1341846387.454043 -0.171729520 0.114433825 -0.491311908 0.004864763 0.002395318 -0.001622525 0.999983966
1341846387.490166 -0.177156776 0.112210214 -0.501633167 0.003889848 0.003577313 -0.000608834 0.999985874
1341846387.522009 -0.179196671 0.111830056 -0.509091496 0.004148270 0.001604269 0.003817640 0.999982834
1341846387.554619 -0.171527877 0.117364332 -0.521915734 0.004776959 0.000435388 0.005165444 0.999975145
1341846387.590257 -0.168339580 0.129670516 -0.533803582 0.003901597 0.001194772 0.004612676 0.999981046
1341846387.622301 -0.170488745 0.123797588 -0.542041302 0.000256170 0.002544657 0.005546265 0.999981344
1341846387.654151 -0.178017557 0.122466527 -0.546827734 -0.001542904 0.002790241 0.005617767 0.999979138
1341846387.690110 -0.176583380 0.129353151 -0.554588020 -0.002081566 0.000568164 0.004462607 0.999987721
1341846387.722109 -0.174493164 0.130791247 -0.560577095 -0.004440252 -0.000554827 0.004267059 0.999980867
1341846387.758177 -0.175731093 0.126140103 -0.566676915 -0.006233207 -0.001173315 0.005214521 0.999966264
1341846387.790191 -0.183011144 0.124803394 -0.571421385 -0.005839664 -0.002271330 0.008253981 0.999946296
1341846387.822157 -0.177736923 0.134258732 -0.577525318 -0.004264962 -0.004973960 0.008872723 0.999939203
1341846387.858179 -0.181228399 0.136833608 -0.586277664 -0.004989327 -0.005460341 0.011311877 0.999908686
1341846387.890013 -0.183629826 0.136214852 -0.588513613 -0.005173417 -0.007939196 0.012291081 0.999879599
1341846387.926103 -0.175565660 0.139923289 -0.595852852 -0.004828507 -0.009766001 0.012261140 0.999865472
1341846387.958426 -0.183259860 0.138687760 -0.604674637 -0.005917011 -0.009759301 0.015426994 0.999815822
1341846387.990086 -0.188918263 0.137366340 -0.608886957 -0.006646455 -0.011899186 0.017290784 0.999757588
1341846388.026158 -0.182037324 0.126554176 -0.598452628 -0.006125018 -0.016096760 0.016001282 0.999723613
1341846388.058060 -0.178468287 0.124495156 -0.594671905 -0.001286514 -0.018217154 0.022431828 0.999581575
1341846388.089974 -0.182756886 0.129090667 -0.595444322 0.004077396 -0.020617960 0.027078552 0.999412298
1341846388.126088 -0.175328895 0.140616938 -0.601487219 0.007073095 -0.022936899 0.025925424 0.999375641
1341846388.158090 -0.164558023 0.160187155 -0.604659081 0.005154321 -0.021904847 0.021972835 0.999505281
1341846388.194068 -0.172884524 0.146938056 -0.588196576 -0.000410075 -0.018808048 0.018507037 0.999651730
1341846388.225961 -0.173387975 0.141789004 -0.581370473 -0.001430050 -0.019544806 0.017102214 0.999661684
1341846388.257928 -0.166067883 0.152549297 -0.576841295 -0.001512419 -0.020357862 0.018483127 0.999620736
1341846388.294066 -0.169217497 0.140983403 -0.560526133 -0.003300902 -0.020144211 0.018421721 0.999621928
1341846388.325954 -0.164508358 0.145953879 -0.562837481 -0.001733993 -0.020775177 0.016540984 0.999645829
1341846388.357936 -0.162764490 0.147049591 -0.553801656 -0.003353185 -0.019418640 0.015079058 0.999692082
1341846388.394202 -0.170116842 0.142533004 -0.538141072 -0.004632871 -0.019171022 0.012975473 0.999721289
1341846388.425957 -0.159056067 0.141715109 -0.539726615 -0.005089586 -0.020937288 0.010485214 0.999712825
1341846388.462012 -0.160595447 0.137844712 -0.523577273 -0.006292237 -0.018639427 0.007692809 0.999776900
1341846388.493961 -0.164920822 0.129511192 -0.507518053 -0.005865391 -0.019321216 0.007571249 0.999767423
1341846388.526293 -0.159042329 0.128945962 -0.500247478 -0.004172914 -0.021487026 0.007489445 0.999732375
1341846388.562293 -0.153077245 0.126461998 -0.491344720 -0.002589061 -0.020144673 0.006013677 0.999775648
1341846388.594090 -0.156782418 0.127633229 -0.480983406 -0.001729349 -0.018219525 0.005103879 0.999819458
1341846388.626030 -0.157853350 0.125164315 -0.463701755 -0.002084760 -0.018885056 0.004625746 0.999808788
1341846388.662009 -0.149470732 0.115304247 -0.452262491 -0.001249629 -0.018515348 0.002454486 0.999824822
1341846388.694110 -0.152670756 0.122989565 -0.442994744 0.000965246 -0.017045163 0.002006342 0.999852240
1341846388.730239 -0.151521102 0.122678235 -0.422580749 -0.000646441 -0.017917786 0.000906396 0.999838829
1341846388.762131 -0.146519437 0.110195063 -0.411748648 -0.001330370 -0.017032551 -0.001681734 0.999852657
1341846388.794087 -0.151281640 0.119728833 -0.401075184 0.000605558 -0.014596801 -0.001175760 0.999892592
1341846388.830117 -0.153391570 0.118185751 -0.377324641 -0.001933858 -0.015847022 0.000799589 0.999872267
1341846388.868548 -0.146067724 0.103058375 -0.375599355 -0.003290433 -0.016625056 0.000681826 0.999856174
1341846388.900942 -0.151117742 0.115465574 -0.358877510 -0.001649788 -0.014693862 0.000778772 0.999890387
1341846388.937157 -0.153456911 0.114120476 -0.341976881 -0.005124699 -0.016037172 0.001524973 0.999857128
1341846388.970712 -0.147275150 0.102002814 -0.315911263 -0.007613995 -0.016888490 0.001166251 0.999827683
1341846389.001153 -0.149113774 0.107185073 -0.306273282 -0.006790046 -0.016550131 -0.000036984 0.999839962
1341846389.036956 -0.155047104 0.115437761 -0.284349412 -0.008484119 -0.016273746 -0.001838712 0.999829888
1341846389.069208 -0.149899825 0.097434148 -0.272605032 -0.012629624 -0.017367605 -0.001531187 0.999768257
1341846389.168276 -0.150043190 0.083252169 -0.235848054 -0.013508351 -0.016584408 -0.000471862 0.999771118
1341846389.230639 -0.159638971 0.083498828 -0.198067427 -0.009983771 -0.015259550 0.000629282 0.999833524
1341846389.266034 -0.153255120 0.083377846 -0.182110250 -0.008532345 -0.017330874 -0.001269262 0.999812603
1341846389.298760 -0.146017209 0.078288011 -0.173347443 -0.007557234 -0.015482014 -0.002306769 0.999848902
1341846389.329980 -0.152508989 0.077663764 -0.154288426 -0.006102365 -0.013224997 -0.001603011 0.999892652
1341846389.366022 -0.148113996 0.080911994 -0.136870578 -0.005343813 -0.013766349 -0.001459484 0.999889910
1341846389.397969 -0.140967697 0.071480855 -0.134410709 -0.005632284 -0.011390336 -0.001632174 0.999917924
1341846389.433982 -0.142061397 0.073777378 -0.126269430 -0.002207035 -0.007381391 -0.001060925 0.999969721
1341846389.466033 -0.144916415 0.077990733 -0.112812452 -0.002231272 -0.006557904 0.001277364 0.999975204
1341846389.498030 -0.139460281 0.074122429 -0.096885234 -0.003144986 -0.007125340 0.000815508 0.999969304
1341846389.534085 -0.132342651 0.078245282 -0.086586654 -0.002081895 -0.004777942 -0.000309064 0.999986351
1341846389.565875 -0.137924939 0.081879541 -0.077844247 -0.003989999 -0.002536889 -0.000068449 0.999988794
1341846389.597960 -0.137670621 0.082225144 -0.052169379 -0.007877176 -0.003547697 -0.000351105 0.999962628
1341846389.634116 -0.132168636 0.078859866 -0.047503542 -0.009319196 -0.004492864 -0.000990085 0.999945998
1341846389.665950 -0.131766617 0.090314031 -0.038193017 -0.010939836 -0.003028824 -0.003746588 0.999928534
1341846389.702127 -0.131183967 0.081053525 -0.011901409 -0.016041940 -0.002343919 -0.005492920 0.999853492
1341846389.734086 -0.128973931 0.076405518 -0.001988145 -0.015981590 -0.004203493 -0.003940453 0.999855697
1341846389.765898 -0.125468493 0.084605940 0.003602181 -0.015262199 -0.005142978 -0.003476612 0.999864280
1341846389.802126 -0.121074766 0.080078118 0.017140483 -0.016934501 -0.005373942 -0.004918071 0.999830067
1341846389.834063 -0.118068948 0.074488819 0.026191555 -0.015877714 -0.005161101 -0.003913683 0.999852955
1341846389.866260 -0.115784205 0.074458405 0.041367378 -0.013176185 -0.005702422 -0.000032951 0.999896944
1341846389.902002 -0.112146005 0.075958394 0.043944366 -0.011813482 -0.007021603 0.000260800 0.999905527
1341846389.934117 -0.105580159 0.077757075 0.054379925 -0.010511548 -0.005424070 -0.002359439 0.999927223
1341846389.970116 -0.103211373 0.075059041 0.066171244 -0.010847973 -0.003334433 -0.002120178 0.999933362
1341846390.002129 -0.110659070 0.072705768 0.077582426 -0.011296227 -0.004315234 0.000228933 0.999926865
1341846390.034099 -0.102478728 0.074979790 0.088657886 -0.009797034 -0.007799492 -0.000620183 0.999921381
1341846390.070024 -0.095977522 0.076613717 0.091503397 -0.009446898 -0.007259683 -0.003526866 0.999922812
1341846390.101910 -0.095830642 0.075291447 0.107519552 -0.010612810 -0.007159800 -0.005198891 0.999904513
1341846390.137924 -0.092225358 0.068899952 0.109145351 -0.010217858 -0.009517419 -0.004347590 0.999893010
1341846390.170038 -0.084356204 0.076156609 0.106998384 -0.007929047 -0.009675753 -0.005045205 0.999909043
1341846390.202115 -0.085455850 0.079217792 0.115929775 -0.010474452 -0.007963721 -0.007437923 0.999885798
1341846390.238117 -0.082393758 0.070333533 0.129872814 -0.012101317 -0.009480905 -0.005334083 0.999867558
1341846390.270052 -0.076846324 0.074712507 0.134061381 -0.010948754 -0.012743597 0.000178535 0.999858856
1341846390.302085 -0.066151790 0.076133311 0.139591187 -0.012222256 -0.014046780 0.002735599 0.999822915
1341846390.338496 -0.059899490 0.070389584 0.145239085 -0.013004542 -0.012779824 0.004948088 0.999821544
1341846390.370105 -0.065143257 0.075403459 0.159371093 -0.012363277 -0.013729465 0.009934349 0.999779940
1341846390.438106 -0.050180346 0.076539777 0.177466318 -0.017120283 -0.020728348 0.007344618 0.999611557
1341846390.505984 -0.042233977 0.081209280 0.193707094 -0.021504670 -0.029667206 0.010795698 0.999270141
1341846390.538495 -0.030612292 0.076906145 0.194500580 -0.023233937 -0.031965725 0.006637799 0.999196827
1341846390.606055 -0.027824560 0.083414495 0.218095556 -0.025333026 -0.034429204 0.013635648 0.998992980
1341846390.638031 -0.017345684 0.083900087 0.215344846 -0.024989763 -0.037220214 0.014826489 0.998884559
1341846390.673954 -0.007029465 0.090354748 0.221059546 -0.024154006 -0.034935668 0.012666420 0.999017358
1341846390.705937 -0.010132053 0.098847106 0.231563821 -0.026287436 -0.032918490 0.011422302 0.999046981
1341846390.737965 -0.004821931 0.088538982 0.239648193 -0.030171284 -0.034716178 0.011317026 0.998877585
1341846390.774135 0.009202619 0.091347896 0.240529329 -0.027764609 -0.033972885 0.011259478 0.998973608
1341846390.806067 0.011615882 0.101047672 0.252890587 -0.026903093 -0.029228289 0.010875281 0.999151468
1341846390.838026 0.009333368 0.101110354 0.260378838 -0.028912816 -0.028141443 0.013288453 0.999097347
1341846390.874116 0.015961885 0.104855545 0.261986554 -0.029724464 -0.028404735 0.015138222 0.999039769
1341846390.906067 0.014889386 0.102729440 0.262248069 -0.032111142 -0.026230527 0.018910481 0.998961091
1341846390.942137 0.018278558 0.102785230 0.271660000 -0.034442246 -0.026369115 0.022131665 0.998813570
1341846390.974052 0.026838796 0.096940607 0.277774245 -0.033987090 -0.028969008 0.027490085 0.998624027
1341846391.006164 0.028394718 0.104511261 0.271014839 -0.032009088 -0.030654944 0.029535461 0.998580635
1341846391.042303 0.035784435 0.105025500 0.276311487 -0.034185160 -0.032344401 0.026784031 0.998532832
1341846391.074134 0.033996645 0.103495814 0.280853450 -0.034001518 -0.032861575 0.023474000 0.998605549
1341846391.106097 0.030995037 0.103886858 0.275052398 -0.033662610 -0.034615390 0.024538776 0.998532176
1341846391.142154 0.034726113 0.103624083 0.276926279 -0.034305297 -0.037137419 0.026660353 0.998365283
1341846391.174124 0.036695782 0.102425002 0.272452563 -0.034114853 -0.037729852 0.026804172 0.998345733
1341846391.209961 0.034225620 0.103176504 0.272971213 -0.033717729 -0.036694169 0.027491234 0.998379111
1341846391.241977 0.033217106 0.094891816 0.275511473 -0.034486555 -0.038305551 0.030724104 0.998198092
1341846391.273984 0.038719531 0.098270640 0.268921912 -0.031981353 -0.040788721 0.030013409 0.998204708
1341846391.309946 0.036414240 0.098299414 0.269457638 -0.031017229 -0.039322723 0.027752744 0.998359382
1341846391.342018 0.028266963 0.095478095 0.268899828 -0.031470243 -0.039708331 0.027202025 0.998345077
1341846391.378060 0.028978394 0.094936855 0.266976297 -0.030965913 -0.043072812 0.024605732 0.998288751
1341846391.410037 0.032905594 0.097863853 0.264375091 -0.030511001 -0.043729901 0.021423545 0.998347521
1341846391.442052 0.032838978 0.092166513 0.267733335 -0.030367006 -0.042883154 0.023236342 0.998348117
1341846391.478040 0.028224051 0.094741791 0.265258759 -0.028336348 -0.043990891 0.028654294 0.998218834
1341846391.510072 0.030250017 0.096470505 0.257378936 -0.028502401 -0.046247844 0.030827759 0.998047292
1341846391.542159 0.032820597 0.094799004 0.258517265 -0.029526008 -0.045838110 0.030307259 0.998052359
1341846391.578010 0.030887621 0.095663399 0.263318717 -0.029128347 -0.044777792 0.029776946 0.998128176
1341846391.610169 0.027485704 0.090090051 0.259060174 -0.028845409 -0.045942593 0.032824051 0.997987866
1341846391.645942 0.028391920 0.089643583 0.255563021 -0.027666273 -0.048109334 0.033537280 0.997895479
1341846391.677959 0.026379948 0.090491772 0.254842460 -0.026172744 -0.047690187 0.032322001 0.997995973
1341846391.710022 0.022850217 0.085243650 0.257864267 -0.025288749 -0.047836751 0.033504799 0.997972727
1341846391.745846 0.025561986 0.085162818 0.258940935 -0.022574009 -0.050934479 0.033064183 0.997899234
1341846391.778020 0.028450305 0.081568956 0.252309412 -0.021392627 -0.051318124 0.031442337 0.997958004
1341846391.810026 0.024653899 0.074945100 0.249789163 -0.020296080 -0.050815690 0.032810751 0.997962594
1341846391.846013 0.024854232 0.073063515 0.253017753 -0.018319821 -0.051290713 0.034029368 0.997935712
1341846391.877984 0.025238501 0.072825059 0.248109281 -0.015299097 -0.051314544 0.035106562 0.997948050
1341846391.914033 0.025645506 0.071272835 0.254033625 -0.013861977 -0.050709691 0.036442328 0.997952044
1341846391.945996 0.026811944 0.072766393 0.250617474 -0.012130882 -0.051495574 0.035769358 0.997958720
1341846391.978037 0.027356749 0.073591217 0.251551002 -0.011779696 -0.051473211 0.033762395 0.998034000
1341846392.014187 0.027674392 0.068686001 0.250842720 -0.011890117 -0.050956875 0.032924891 0.998087168
1341846392.046054 0.026780259 0.067191988 0.248810232 -0.010658873 -0.051219933 0.034134645 0.998046935
1341846392.078061 0.024840418 0.073857993 0.248651400 -0.009357381 -0.051582690 0.033998091 0.998045981
1341846392.114010 0.025559686 0.074363798 0.250983953 -0.009662385 -0.051719643 0.032997925 0.998069584
1341846392.145989 0.029277708 0.072621152 0.248839796 -0.009621750 -0.052209072 0.032132916 0.998072684
1341846392.181959 0.019443983 0.078709416 0.242886022 -0.010277346 -0.052756421 0.032062642 0.998039663
1341846392.213917 0.027979100 0.074700542 0.249817073 -0.011797907 -0.056165934 0.029725000 0.997909129
1341846392.246105 0.030857602 0.076691464 0.246325865 -0.010174804 -0.054245152 0.024486350 0.998175502
1341846392.282032 0.028089711 0.073391236 0.247122496 -0.010786717 -0.053294472 0.025445255 0.998196304
1341846392.314025 0.031838980 0.072502576 0.254013687 -0.009634285 -0.056193057 0.027654158 0.997990370
1341846392.349981 0.036638279 0.077906989 0.253346831 -0.006545074 -0.055937849 0.026603164 0.998058319
1341846392.382103 0.033289488 0.079215556 0.242594853 -0.006005330 -0.053774070 0.028147910 0.998138249
1341846392.414056 0.035977967 0.074148893 0.240212724 -0.006441366 -0.055135932 0.031077199 0.997974336
1341846392.450136 0.039796039 0.071531385 0.241222382 -0.005213080 -0.055838212 0.034791008 0.997819901
1341846392.482091 0.039420221 0.070055276 0.241684079 -0.002974233 -0.056038551 0.036154259 0.997769356
1341846392.514096 0.041841809 0.069913819 0.236349240 -0.001965658 -0.056008413 0.035526752 0.997796118
1341846392.550030 0.042747121 0.065886132 0.239735261 -0.002661353 -0.056866806 0.036677290 0.997704268
1341846392.582053 0.043438815 0.060232412 0.235867366 -0.001719361 -0.058265481 0.040382326 0.997482598
1341846392.617983 0.042271823 0.060649619 0.237818658 0.000210679 -0.058099907 0.040389668 0.997493386
1341846392.649909 0.046271138 0.059241787 0.233258605 0.001312489 -0.058235522 0.038927864 0.997542739
1341846392.682128 0.043907475 0.058190353 0.237060130 0.001971559 -0.058308136 0.037282273 0.997600257
1341846392.718019 0.041049302 0.053885855 0.235632941 0.003188090 -0.059943948 0.039007977 0.997434199
1341846392.749829 0.043245614 0.054374538 0.231206194 0.005300326 -0.061775133 0.039237842 0.997304440
1341846392.782107 0.045224123 0.054283857 0.230591416 0.005824178 -0.061783753 0.038951617 0.997312188
1341846392.818251 0.044790205 0.050720170 0.231737256 0.005741267 -0.061365273 0.039986786 0.997297525
1341846392.852165 0.044227615 0.049469721 0.232648879 0.007562944 -0.061703008 0.040123861 0.997259021
1341846392.885913 0.048111785 0.050062727 0.225656658 0.008751787 -0.061420403 0.038053393 0.997347951
1341846392.917882 0.049301073 0.046029467 0.228141516 0.009848757 -0.060275108 0.038979284 0.997371793
1341846392.950023 0.048732214 0.045079608 0.230630800 0.011700871 -0.059695512 0.039110743 0.997381508
