1341846361.788774 0.000000000 0.000000000 0.000000000 0.000000000 0.000000000 0.000000000 1.000000000
1341846361.824112 -0.012843837 0.000807788 0.009152682 -0.002272988 0.003689318 -0.004864303 0.999978781
1341846361.856016 -0.032581203 0.017755013 0.005737463 -0.005919456 0.005974920 -0.009297634 0.999921381
1341846361.887871 -0.036212821 -0.003495581 0.020590397 -0.016818797 0.008047570 -0.013999246 0.999728143
1341846361.923930 -0.053396493 -0.022126421 0.028557131 -0.018897437 0.012178989 -0.011098543 0.999685645
1341846361.955927 -0.066710532 -0.021697801 0.025256375 -0.013082971 0.011235742 -0.004788763 0.999839842
1341846361.991999 -0.083994091 -0.023986135 0.029530708 -0.009597885 0.007116347 0.002341935 0.999925852
1341846362.023994 -0.081077591 -0.022597406 0.034345821 -0.005438248 0.003703379 0.003529795 0.999972105
1341846362.056118 -0.085052282 -0.011114436 0.028881272 -0.002481828 0.003837606 0.005929161 0.999971986
1341846362.091992 -0.103344738 -0.010504388 0.035530306 -0.003558577 0.004797410 0.005259747 0.999968350
1341846362.123929 -0.110263646 -0.023713760 0.041900784 -0.004990374 0.003814113 0.006439143 0.999959528
1341846362.156058 -0.117032081 -0.028724845 0.041372072 -0.001815507 0.003698820 0.009066099 0.999950469
1341846362.191987 -0.135071471 -0.026515098 0.050148208 0.001307303 0.004346509 0.011547655 0.999923050
1341846362.224138 -0.141403690 -0.032157190 0.051490016 0.004811408 0.002700600 0.014874608 0.999874115
1341846362.260011 -0.139044121 -0.022363052 0.048934512 0.011164722 0.003544341 0.013525107 0.999839902
1341846362.291979 -0.149572670 -0.023521377 0.052499004 0.013583178 0.007639991 0.014130863 0.999778688
1341846362.323947 -0.161266014 -0.026280355 0.057005301 0.015613440 0.010893677 0.012084913 0.999745727
1341846362.359889 -0.171677321 -0.024845397 0.057893448 0.017705390 0.014765751 0.010073917 0.999683440
1341846362.392021 -0.184926078 -0.027761327 0.056326814 0.018414071 0.020440074 0.010160613 0.999569833
1341846362.423868 -0.196937069 -0.032446451 0.065489143 0.019130832 0.022933893 0.011246243 0.999490678
1341846362.459968 -0.211840793 -0.035308778 0.068216950 0.022166397 0.024820264 0.012394445 0.999369323
1341846362.491924 -0.226073459 -0.034831773 0.067463532 0.024236681 0.024762215 0.014146469 0.999299407
1341846362.523976 -0.231004581 -0.035700258 0.069621220 0.025721971 0.024266960 0.016301556 0.999241590
1341846362.559933 -0.241254330 -0.036690008 0.072887853 0.027906146 0.025652023 0.017054092 0.999135852
1341846362.592338 -0.253302455 -0.035547432 0.067885958 0.029128268 0.026180325 0.017735202 0.999075413
1341846362.628177 -0.262788773 -0.034334950 0.074570492 0.028965460 0.025522046 0.017946076 0.999093354
1341846362.660128 -0.275464118 -0.034652915 0.071123064 0.028302448 0.026420766 0.016521282 0.999113619
1341846362.691901 -0.287808955 -0.032825109 0.072187163 0.027096180 0.024957379 0.015937181 0.999194145
1341846362.727993 -0.297826350 -0.036048956 0.063607179 0.025477147 0.021783449 0.014008862 0.999339819
1341846362.759942 -0.302315086 -0.038818482 0.062613316 0.024766209 0.018975798 0.012326702 0.999437153
1341846362.792002 -0.311075598 -0.034063324 0.064021453 0.024841033 0.017735260 0.009870313 0.999485373
1341846362.827965 -0.319444716 -0.038046539 0.067882784 0.023081675 0.015515755 0.007320408 0.999586344
1341846362.859959 -0.328662843 -0.038276009 0.066024877 0.022796312 0.014683836 0.004188914 0.999623537
1341846362.891861 -0.337385207 -0.034333587 0.071276560 0.023451565 0.014828024 0.002921159 0.999610722
1341846362.928098 -0.348292679 -0.039556321 0.071505941 0.023078319 0.013135890 0.003182945 0.999642313
1341846362.959894 -0.351433098 -0.046904542 0.088935509 0.025408557 0.011921032 0.005925510 0.999588490
1341846362.995909 -0.361866444 -0.046174180 0.089347810 0.028984273 0.010648514 0.009577491 0.999477267
1341846363.028072 -0.368878573 -0.049890429 0.084626891 0.031076400 0.008388053 0.011498883 0.999415636
1341846363.059896 -0.371292055 -0.055044740 0.089048184 0.035259631 0.008543681 0.010269796 0.999288917
1341846363.096102 -0.379655898 -0.042649526 0.091761470 0.039812267 0.011581057 0.006436770 0.999119341
1341846363.127992 -0.386597663 -0.041827373 0.091879442 0.039303966 0.012912606 0.003384185 0.999138176
1341846363.159870 -0.389882892 -0.049568567 0.087083936 0.039752651 0.015690098 0.000459722 0.999086261
1341846363.195966 -0.403142512 -0.048517596 0.091687202 0.042408586 0.020212693 0.002919680 0.998891592
1341846363.227902 -0.419617057 -0.051791139 0.084451795 0.043984678 0.018606618 0.007712472 0.998829186
1341846363.259977 -0.421464831 -0.055532932 0.072752647 0.046309810 0.016262654 0.012094288 0.998721540
1341846363.296031 -0.422069013 -0.055492464 0.078865953 0.050132349 0.018562404 0.015154813 0.998455048
1341846363.328065 -0.436026245 -0.051785853 0.078580447 0.051067900 0.019224001 0.018267505 0.998343050
1341846363.364023 -0.447549909 -0.055304494 0.074350521 0.049156569 0.015622368 0.020268621 0.998463213
1341846363.395985 -0.456351817 -0.059168734 0.071678944 0.048024286 0.011480205 0.020702709 0.998565614
1341846363.427955 -0.463184059 -0.054102261 0.073920131 0.048128106 0.008399162 0.017047310 0.998660386
1341846363.463979 -0.473167777 -0.053402979 0.085069120 0.046636689 0.005786058 0.016649539 0.998756409
1341846363.495986 -0.482628763 -0.048993088 0.089500792 0.045326520 0.001889679 0.018702665 0.998795331
1341846363.527941 -0.486927599 -0.049840499 0.078080006 0.042684130 -0.001479601 0.021335673 0.998859704
1341846363.564057 -0.491887689 -0.048541941 0.088323317 0.038965683 -0.003750681 0.025670823 0.998903751
1341846363.596025 -0.512447894 -0.053395022 0.088345364 0.034900527 -0.006583673 0.028200161 0.998971164
1341846363.632058 -0.511027694 -0.064113431 0.096172132 0.035144314 -0.014301904 0.032113072 0.998763800
1341846363.663931 -0.508558273 -0.055748988 0.087063432 0.037111655 -0.016700560 0.030183274 0.998715580
1341846363.695998 -0.516679585 -0.054222185 0.084825955 0.035752110 -0.018253503 0.024818085 0.998885691
1341846363.732007 -0.528608978 -0.054901145 0.086554907 0.033250518 -0.023205526 0.017910909 0.999017060
1341846363.794060 -0.524490178 -0.055241190 0.087421216 0.036808733 -0.036239102 0.021661907 0.998430073
1341846363.826406 -0.509244561 -0.055627592 0.079905786 0.037126224 -0.040145192 0.020907311 0.998284936
1341846363.861897 -0.506546617 -0.047844581 0.085749798 0.039149731 -0.039421342 0.018067831 0.998291910
1341846363.893984 -0.503377795 -0.042422548 0.086017951 0.039695352 -0.038846169 0.017243555 0.998307526
1341846363.926076 -0.489964813 -0.044495367 0.086311452 0.037569683 -0.039733339 0.017372316 0.998352647
1341846363.962090 -0.480993837 -0.044951349 0.086909652 0.036116380 -0.038450364 0.019332191 0.998420477
1341846363.994287 -0.475994408 -0.048433445 0.085495234 0.034935817 -0.037623487 0.022312712 0.998431802
1341846364.025993 -0.464060366 -0.049429931 0.082167044 0.033983078 -0.037531380 0.022410711 0.998465955
1341846364.061809 -0.452735990 -0.050358161 0.079155654 0.032518838 -0.035218559 0.021783864 0.998612821
1341846364.094209 -0.442910612 -0.060970798 0.079330228 0.031841222 -0.033126201 0.022081980 0.998699725
1341846364.130022 -0.434416801 -0.061824478 0.081615329 0.033495437 -0.032927487 0.022030625 0.998653352
1341846364.162231 -0.417514265 -0.074188612 0.078324869 0.035735086 -0.035560809 0.022011995 0.998485804
1341846364.194049 -0.407717407 -0.063600779 0.074056618 0.041286979 -0.037047416 0.018720029 0.998284757
1341846364.230023 -0.402247936 -0.063410789 0.074615173 0.044145882 -0.037895709 0.016762227 0.998165369
1341846364.262044 -0.379586667 -0.064600393 0.085109845 0.048277669 -0.039009027 0.014233121 0.997970402
1341846364.294059 -0.367747933 -0.058233444 0.065376766 0.052409250 -0.034613874 0.010220801 0.997973263
1341846364.330003 -0.356769800 -0.052094784 0.071193896 0.052229580 -0.031471040 0.008176754 0.998105586
1341846364.362052 -0.340640992 -0.058348887 0.070413135 0.051097557 -0.028992122 0.007670049 0.998243272
1341846364.397902 -0.321612269 -0.060482394 0.064575076 0.052203711 -0.022651158 0.005388946 0.998364985
1341846364.430108 -0.306393653 -0.060317889 0.072237432 0.052594118 -0.018654454 0.004386228 0.998432100
1341846364.462063 -0.292299062 -0.058562256 0.069395989 0.052238900 -0.015432036 0.002676513 0.998511791
1341846364.498091 -0.281065136 -0.063116252 0.069065459 0.051495161 -0.010754263 0.000523351 0.998615205
1341846364.530058 -0.267256618 -0.059629183 0.066575587 0.051087972 -0.007670560 -0.001212971 0.998663962
1341846364.561952 -0.253104776 -0.057702884 0.062509671 0.051314875 -0.004814534 -0.004569930 0.998660445
1341846364.597928 -0.243348420 -0.058367800 0.054062866 0.049539268 -0.001090872 -0.007304536 0.998744845
1341846364.629950 -0.234526962 -0.064782985 0.060410790 0.048415385 0.000847562 -0.006819022 0.998803675
1341846364.665991 -0.230420560 -0.075132608 0.041762449 0.049491663 0.001081043 -0.006645821 0.998751819
1341846364.698004 -0.219552562 -0.071672469 0.044079572 0.049854033 -0.001240095 -0.005329858 0.998741508
1341846364.730097 -0.206016794 -0.070396721 0.065909021 0.050432142 -0.002622359 -0.004040240 0.998715878
1341846364.766057 -0.198022455 -0.067823671 0.063706823 0.052100740 -0.001537817 -0.003585852 0.998634219
1341846364.798632 -0.183885783 -0.064356171 0.054356270 0.051356517 -0.002611870 -0.003320462 0.998671472
1341846364.833901 -0.169752777 -0.067878313 0.050225195 0.050700620 -0.000538645 -0.006659045 0.998691559
1341846364.865923 -0.159995824 -0.068048134 0.052243441 0.051096655 0.002678339 -0.007905408 0.998658836
1341846364.897970 -0.159307361 -0.067018270 0.052327663 0.050849430 0.001975293 -0.005490856 0.998689294
1341846364.934019 -0.138890922 -0.069028996 0.045035835 0.050685447 -0.001410137 -0.003253581 0.998708367
1341846364.966047 -0.119767994 -0.060755305 0.039188415 0.051691476 0.000244940 -0.004422620 0.998653233
1341846364.998055 -0.111582242 -0.055937942 0.038910791 0.048969917 0.001878545 -0.004983195 0.998786032
1341846365.034125 -0.095943548 -0.061509661 0.009120917 0.042212371 0.000256392 -0.003044303 0.999104023
1341846365.066106 -0.083644286 -0.063552327 0.013919947 0.038027588 -0.002220388 -0.005181929 0.999260783
1341846365.101953 -0.056007240 -0.065873511 0.003036379 0.036320135 -0.000875051 -0.011336681 0.999275506
1341846365.133922 -0.047210082 -0.060165010 -0.000920899 0.034182552 0.005432465 -0.019993847 0.999200821
1341846365.165953 -0.039242119 -0.065888286 -0.000895388 0.030661682 0.008437555 -0.021776741 0.999256909
1341846365.201856 -0.025131503 -0.074171811 0.004597891 0.030062793 0.010563850 -0.024682852 0.999187350
1341846365.234093 0.004030464 -0.075510800 0.032831207 0.031481344 0.014228457 -0.023326170 0.999130785
1341846365.266094 0.013505795 -0.088921353 0.029876977 0.034244608 0.019872118 -0.018709114 0.999040723
1341846365.302078 0.023465401 -0.086384296 0.021075519 0.040258516 0.023978876 -0.013032530 0.998816490
1341846365.334027 0.038292870 -0.085676961 0.020869056 0.045373745 0.027592348 -0.012388151 0.998512089
1341846365.369945 0.060724173 -0.086562693 0.008612261 0.047934555 0.032804880 -0.010355111 0.998257935
1341846365.401963 0.063815080 -0.081920311 0.006086671 0.049424097 0.038832102 -0.008647689 0.997985244
1341846365.434082 0.072366945 -0.077719547 0.016160145 0.050142661 0.042248931 -0.011273352 0.997784376
1341846365.469939 0.094580427 -0.055248145 0.016905963 0.047960997 0.048391882 -0.014918735 0.997564673
1341846365.502100 0.078157984 -0.075110756 0.052954707 0.038667731 0.055565424 -0.014066638 0.997606814
1341846365.533844 0.082218677 -0.084040411 0.056048471 0.036247846 0.055326588 -0.009557318 0.997764349
1341846365.569876 0.097219236 -0.083204262 0.039193064 0.037761588 0.052260615 -0.005150654 0.997905970
1341846365.601930 0.121966198 -0.078774974 0.009432176 0.036742475 0.050492287 -0.001452175 0.998047233
1341846365.637899 0.133242741 -0.083426669 0.010275294 0.034865100 0.050813247 0.002093404 0.998097181
1341846365.669890 0.143060386 -0.077084832 0.008059375 0.035265662 0.051177997 0.003607078 0.998060167
1341846365.701977 0.154978812 -0.073436923 0.012021960 0.032289818 0.050194979 0.003929810 0.998209536
1341846365.738098 0.166134849 -0.084578611 0.013430559 0.031159516 0.052414849 0.002428914 0.998136163
1341846365.770026 0.171866089 -0.086843796 0.015207403 0.033120193 0.054705918 0.003221006 0.997947812
1341846365.805834 0.177698418 -0.084558532 0.013071294 0.035923842 0.052821811 0.006620098 0.997935593
1341846365.837937 0.187541902 -0.082596771 0.012918607 0.037866548 0.050254438 0.007865336 0.997987330
1341846365.869952 0.200107306 -0.077428117 0.004630473 0.040216178 0.050290491 0.007061980 0.997899592
1341846365.906411 0.211380363 -0.067787908 0.000176304 0.039721105 0.048839547 0.006674150 0.997994184
1341846365.938000 0.219816640 -0.076991573 0.012439436 0.036325078 0.048002716 0.009380714 0.998142362
1341846365.970022 0.221656814 -0.080164365 0.011561144 0.038017288 0.048312698 0.013439716 0.998017967
1341846366.006126 0.236916736 -0.077342525 0.007046119 0.039944965 0.047149323 0.018652376 0.997914553
1341846366.043876 0.242113754 -0.065398067 0.012179534 0.039684501 0.047395870 0.024886873 0.997777224
1341846366.076490 0.250840753 -0.057270896 0.003712252 0.039406013 0.049298998 0.027422132 0.997629583
1341846366.111888 0.269630671 -0.044564839 0.010600782 0.036951032 0.051714994 0.028292740 0.997576892
1341846366.143907 0.277597904 -0.043503806 0.016438020 0.032433219 0.056965467 0.030051110 0.997396529
1341846366.176044 0.277569503 -0.045942876 0.018999221 0.028163590 0.060279850 0.033861224 0.997209370
1341846366.212022 0.290774524 -0.060438048 0.004503529 0.025890024 0.060473088 0.037104689 0.997143865
1341846366.243981 0.301753938 -0.047046665 0.003489331 0.024551207 0.060817868 0.042219531 0.996953309
1341846366.280032 0.301607400 -0.041238759 0.004024074 0.021714583 0.063184671 0.043082204 0.996834993
1341846366.344115 0.315907121 -0.039795082 0.007263741 0.013721268 0.062440250 0.042440418 0.997051537
1341846366.406057 0.329919934 -0.041818537 0.016845614 0.012328956 0.063449711 0.045073435 0.996890426
1341846366.442042 0.342167497 -0.037524298 0.010376858 0.013346550 0.062996298 0.045783654 0.996873677
1341846366.506117 0.348933190 -0.037127387 -0.000362846 0.013760227 0.065872125 0.048514321 0.996553004
1341846366.542004 0.357049167 -0.031792156 -0.003434564 0.014300773 0.064926460 0.047772087 0.996643305
1341846366.573848 0.368985862 -0.025027277 -0.006025883 0.013353327 0.066184729 0.047224578 0.996599793
1341846366.610058 0.363118261 -0.025116712 -0.002943055 0.011318342 0.068482287 0.047913827 0.996436834
1341846366.642206 0.377499431 -0.024477772 -0.006176945 0.009791010 0.068036929 0.048757806 0.996442556
1341846366.674164 0.382560998 -0.021729285 -0.005950327 0.008868152 0.070111029 0.049170449 0.996287107
1341846366.710207 0.380431205 -0.011214964 -0.010077087 0.007215525 0.070829220 0.050225962 0.996197045
1341846366.741976 0.392409027 -0.014977755 -0.012894598 0.003517583 0.070654348 0.049605582 0.996260464
1341846366.773916 0.402957022 -0.017319577 -0.012578386 0.002460668 0.073639616 0.048419517 0.996105790
1341846366.810122 0.395289332 -0.015206365 -0.007964871 0.002537588 0.076330736 0.052149963 0.995714605
1341846366.841893 0.401687473 -0.017351223 -0.013140419 0.002710754 0.075073101 0.053986259 0.995711923
1341846366.878062 0.420830637 -0.017644469 -0.010572189 0.003867218 0.073667280 0.054125592 0.995805502
1341846366.909933 0.425148964 -0.012033884 -0.011149940 0.005358400 0.075247146 0.055359647 0.995612621
1341846366.941941 0.424894303 -0.006481950 -0.013370510 0.004681825 0.076174088 0.055931557 0.995513558
1341846366.977906 0.437351882 -0.004872213 -0.019755829 0.004093053 0.077036813 0.054555226 0.995526135
1341846367.009852 0.450175941 -0.002147892 -0.021071153 0.003679027 0.080055155 0.057147451 0.995144129
1341846367.045944 0.456550121 -0.006028582 -0.025738681 0.003356874 0.083537869 0.058500092 0.994780302
1341846367.077914 0.472094834 -0.000585923 -0.022427589 0.005881402 0.088223383 0.058455817 0.994366646
1341846367.110077 0.476856828 0.005265438 -0.031159358 0.007185956 0.094064616 0.058016654 0.993848205
1341846367.145997 0.473041356 0.002002055 -0.020535078 0.006794041 0.098708540 0.061021473 0.993220448
1341846367.177894 0.485165566 -0.001313617 -0.025507545 0.008478771 0.100107171 0.062986061 0.992944837
1341846367.209903 0.499110609 -0.005691764 -0.047430377 0.010100645 0.103934430 0.065706022 0.992359996
1341846367.245970 0.495496899 0.004803818 -0.042211317 0.009208216 0.109923355 0.067930259 0.991573274
1341846367.277966 0.503682911 -0.008815306 -0.042569052 0.006236592 0.111180715 0.072664820 0.991120458
1341846367.314058 0.509039700 -0.002131853 -0.055562802 0.009038943 0.113170005 0.073036924 0.990846336
1341846367.346333 0.524094820 0.009965000 -0.056092449 0.009978388 0.116510324 0.074660599 0.990329027
1341846367.378615 0.514224112 0.012452195 -0.046177011 0.007885762 0.120335378 0.076745711 0.989730954
1341846367.413946 0.519392133 0.008253015 -0.053283952 0.006114688 0.120344520 0.077967077 0.989646912
1341846367.446060 0.529800415 0.014948403 -0.053579863 0.005641061 0.122303009 0.079457767 0.989290953
1341846367.478095 0.532303810 0.012405486 -0.052371480 0.003017277 0.125238284 0.082784623 0.988662243
1341846367.514115 0.535604060 0.004614273 -0.050099753 0.002880221 0.124769472 0.087257765 0.988337159
1341846367.546096 0.540441453 0.007688816 -0.057360098 0.006988915 0.124131344 0.089485161 0.988197863
1341846367.581982 0.544869959 0.018942151 -0.060749155 0.009387168 0.124682121 0.090521969 0.988014221
1341846367.613951 0.546077967 0.019109648 -0.059064284 0.006943188 0.123746552 0.094071157 0.987820446
1341846367.645894 0.554124653 0.026175102 -0.069802068 0.007070558 0.123130865 0.089150377 0.988352656
1341846367.682223 0.556991875 0.024485255 -0.071684197 0.007047112 0.126246378 0.088798575 0.987991393
1341846367.714019 0.561660767 0.021169972 -0.074373037 0.007562009 0.127545834 0.091489822 0.987575054
1341846367.745904 0.567437351 0.021433191 -0.076864429 0.008343483 0.128286704 0.093760818 0.987259746
1341846367.781973 0.569274008 0.025547035 -0.076992333 0.010115275 0.130327553 0.092807889 0.987065911
1341846367.813986 0.574463069 0.025503688 -0.082655258 0.009609927 0.131717011 0.093166783 0.986852705
1341846367.850189 0.572347641 0.026764190 -0.084169500 0.009614553 0.134776205 0.091176793 0.986625433
1341846367.881960 0.572436273 0.031274371 -0.083670452 0.008853786 0.135918796 0.091850184 0.986413300
1341846367.914064 0.577952623 0.034877181 -0.081318617 0.005728542 0.134794250 0.093805231 0.986406744
1341846367.950095 0.575911641 0.024282275 -0.077406138 0.003089868 0.136877745 0.093661487 0.986145258
1341846367.981916 0.576937854 0.026047817 -0.079904377 0.004971199 0.139521897 0.091671392 0.985953987
1341846368.017965 0.569820702 0.027772263 -0.076938391 0.004352081 0.140960455 0.093786173 0.985553324
1341846368.050897 0.568605661 0.024744842 -0.071243502 0.003281705 0.139378414 0.094352022 0.985728443
1341846368.082322 0.567400217 0.025252871 -0.071729071 0.003636868 0.139564663 0.092147186 0.985909402
1341846368.118029 0.563773513 0.029024303 -0.073793508 0.003769383 0.139659166 0.092404589 0.985871434
1341846368.150026 0.556290209 0.026381295 -0.066967860 0.002371683 0.138820902 0.093587764 0.985882580
1341846368.181952 0.553912938 0.019663643 -0.065596513 0.003547778 0.138078824 0.091646411 0.986165583
1341846368.217882 0.555593073 0.027418150 -0.068586364 0.005379129 0.137623295 0.091732129 0.986213028
1341846368.250223 0.547114730 0.030677501 -0.064003490 0.003621347 0.138092577 0.092736669 0.986061454
1341846368.286003 0.540253162 0.024380991 -0.061489165 0.001800201 0.138503119 0.091051117 0.986166000
1341846368.317994 0.529168367 0.026635140 -0.057324097 0.001505889 0.138122901 0.089174397 0.986391246
1341846368.350010 0.532005668 0.037420563 -0.057511341 -0.001054639 0.133588180 0.091872841 0.986768723
1341846368.385949 0.516305923 0.032653522 -0.053329296 -0.004425093 0.131758660 0.089452200 0.987227619
1341846368.417845 0.513897836 0.027732991 -0.053869464 -0.005809858 0.129264519 0.085597441 0.987891734
1341846368.450062 0.519499183 0.023129785 -0.043968335 -0.008851850 0.125296488 0.087701574 0.988195777
1341846368.485968 0.504932761 0.020168876 -0.039953042 -0.009879081 0.122686654 0.086395904 0.988628387
1341846368.517939 0.500340641 0.015425039 -0.039683055 -0.009326543 0.119810641 0.083284624 0.989253283
1341846368.554171 0.497777820 0.016777733 -0.034422293 -0.007926693 0.117161334 0.084207594 0.989504635
1341846368.618123 0.482729822 0.018259339 -0.040470477 -0.008951869 0.111675918 0.077629358 0.990667462
1341846368.654302 0.479761720 0.007197049 -0.035329618 -0.010526726 0.110623583 0.074846610 0.990984142
1341846368.685914 0.470380485 0.005940275 -0.026853526 -0.008970008 0.108420037 0.072882809 0.991389275
1341846368.717980 0.465305865 0.003183941 -0.028860660 -0.008034068 0.105460703 0.070918545 0.991858900
1341846368.786190 0.453457385 -0.005770277 -0.028516546 -0.004796220 0.103947960 0.070580848 0.992063582
1341846368.821968 0.443967193 -0.006176608 -0.028655915 -0.003679556 0.101764984 0.068554834 0.992436707
1341846368.853991 0.442374140 -0.002104016 -0.030710498 -0.004087263 0.101645470 0.064536564 0.992716730
1341846368.885978 0.433299541 -0.010586010 -0.022728348 -0.005228172 0.102564961 0.061588246 0.992804110
1341846368.923221 0.425444990 -0.017185185 -0.020159813 -0.003562357 0.100967780 0.060993023 0.993011892
1341846368.953942 0.416365951 -0.013103849 -0.025107471 -0.000291469 0.099172719 0.059237868 0.993305385
1341846368.986016 0.412475854 -0.005620819 -0.025652675 0.002044646 0.096846960 0.057922862 0.993610322
1341846369.021938 0.406881481 -0.009752929 -0.018290769 0.001427814 0.095898755 0.057221986 0.993743956
1341846369.053927 0.401384264 -0.014928808 -0.024862569 0.001414983 0.096444942 0.052371956 0.993958533
1341846369.090047 0.394662529 -0.017503342 -0.019629020 0.001901771 0.097757980 0.048443656 0.994028628
1341846369.121845 0.382194340 -0.026867533 -0.017829783 0.003219465 0.098059662 0.048965298 0.993969977
1341846369.154351 0.374803215 -0.031010229 -0.011809562 0.007199586 0.096334159 0.050044693 0.994064093
1341846369.189885 0.372011364 -0.021353807 -0.021952523 0.011482275 0.095677301 0.047184646 0.994227171
1341846369.222188 0.365699500 -0.019113531 -0.020187844 0.010558825 0.097346410 0.045153029 0.994169712
1341846369.257947 0.355566233 -0.030443432 -0.015319317 0.009596017 0.098913632 0.043296468 0.994107366
1341846369.289994 0.347762138 -0.035179120 -0.016064869 0.011803073 0.098742373 0.043545034 0.994089782
1341846369.322196 0.342930347 -0.031988338 -0.019778464 0.014775583 0.098833054 0.044490635 0.993999124
1341846369.357830 0.336895734 -0.029563731 -0.022411637 0.015289069 0.100097209 0.043981560 0.993887544
1341846369.390267 0.327939719 -0.031019451 -0.018258359 0.015427147 0.101041466 0.041729219 0.993886948
1341846369.422057 0.320502520 -0.032819107 -0.018369317 0.015525560 0.101317912 0.041208893 0.993878961
1341846369.457950 0.308186144 -0.038238481 -0.016352950 0.015520558 0.101859659 0.041582905 0.993808150
1341846369.490144 0.290010959 -0.041751530 -0.013460216 0.017491769 0.100712232 0.041688357 0.993887901
1341846369.526405 0.286536187 -0.035703935 -0.014765043 0.019102713 0.097620092 0.042864051 0.994116783
1341846369.557969 0.275234222 -0.036574736 -0.002603306 0.019503260 0.094726384 0.044786662 0.994304121
1341846369.590093 0.266285658 -0.038657684 0.001225116 0.021105681 0.091265500 0.045934502 0.994542718
1341846369.625895 0.255990058 -0.032549184 0.001591048 0.023003392 0.088778131 0.046518628 0.994698584
1341846369.657961 0.249351427 -0.033529144 0.003515823 0.022436054 0.087004095 0.046747234 0.994857609
1341846369.690135 0.238296747 -0.039173819 0.003585913 0.022275254 0.085312136 0.048049498 0.994945705
1341846369.726074 0.223497793 -0.041816298 -0.004459240 0.023966948 0.082187183 0.050517764 0.995047152
1341846369.757962 0.212662116 -0.036550265 0.000645182 0.025860922 0.078973345 0.051201142 0.995225012
1341846369.793964 0.201798603 -0.031699963 0.006541132 0.026454339 0.077318020 0.051780954 0.995309412
1341846369.826161 0.189481214 -0.036719024 0.000017652 0.025050879 0.074764259 0.052521665 0.995501995
1341846369.858015 0.179895192 -0.037475072 0.004366210 0.025157066 0.071086921 0.052344993 0.995777965
1341846369.893954 0.171871841 -0.035613522 0.013260848 0.025471848 0.068608359 0.053107843 0.995903432
1341846369.926051 0.158967540 -0.035903387 0.004566007 0.024619775 0.066495471 0.053029943 0.996072292
1341846369.958062 0.143536091 -0.037084132 0.006591767 0.024396807 0.062485661 0.050939880 0.996446431
1341846369.994037 0.136821285 -0.038295314 0.016237361 0.024195677 0.058363404 0.049299929 0.996783733
1341846370.026058 0.125486001 -0.042198922 0.009734255 0.024679068 0.056874536 0.048984926 0.996873438
1341846370.062000 0.109671094 -0.036175374 0.004458927 0.025457764 0.052764673 0.050870039 0.996985495
1341846370.094135 0.105292894 -0.032682765 0.017496808 0.024156604 0.048134089 0.051458228 0.997221947
1341846370.126153 0.106722623 -0.045193486 0.012871524 0.023519704 0.047749892 0.048732754 0.997392535
1341846370.162082 0.093589045 -0.042743623 0.012966163 0.024625465 0.048501641 0.050556287 0.997238755
1341846370.194044 0.086460039 -0.045126829 0.017271483 0.024145106 0.046842393 0.053112343 0.997196972
1341846370.230152 0.080334410 -0.047426190 0.013506400 0.025915617 0.046368107 0.053446960 0.997156799
1341846370.262175 0.075189762 -0.044131838 0.015481102 0.027373519 0.047345605 0.051826112 0.997157514
1341846370.294216 0.065789044 -0.044250939 0.021285243 0.027946824 0.048477624 0.048972711 0.997231424
1341846370.329892 0.050342746 -0.042865705 0.018813370 0.027958011 0.047470946 0.044375371 0.997494698
1341846370.361939 0.045724757 -0.047435001 0.028372906 0.028441731 0.045340318 0.040485680 0.997745514
1341846370.394073 0.034318466 -0.039810009 0.026561050 0.029604210 0.042275976 0.042396743 0.997766912
1341846370.429985 0.022078793 -0.032258019 0.027387906 0.030060329 0.036405157 0.041771743 0.998011112
1341846370.462095 0.016875703 -0.033807371 0.017181590 0.028011264 0.031514678 0.037819028 0.998394668
1341846370.498034 0.016644454 -0.031380638 0.021815371 0.024801182 0.026486699 0.038172025 0.998612106
1341846370.530176 0.008200906 -0.030472415 0.024665205 0.021526722 0.024252471 0.037848406 0.998757184
1341846370.561949 -0.003183511 -0.016899506 0.022199774 0.018422935 0.020216409 0.040985931 0.998785257
1341846370.597989 -0.006592207 -0.011048554 0.019504352 0.013852832 0.017318213 0.041120127 0.998908043
1341846370.629913 -0.007423885 -0.018567774 0.038960863 0.008808408 0.016811874 0.042612974 0.998911381
1341846370.662062 -0.016426563 -0.023314364 0.032557409 0.007391294 0.016559498 0.041741867 0.998963833
1341846370.697981 -0.019943805 -0.018553643 0.033395048 0.005313701 0.015573507 0.041750334 0.998992562
1341846370.730015 -0.018169692 -0.031632103 0.032023851 0.001425333 0.015284308 0.039775956 0.999090731
1341846370.766182 -0.018017881 -0.035973046 0.026318777 0.002157745 0.017927246 0.036569189 0.999167979
1341846370.797966 -0.022541991 -0.031329270 0.019953243 0.000348628 0.020423114 0.034888323 0.999182463
1341846370.830023 -0.026268981 -0.049182244 0.029151380 -0.003586564 0.021477170 0.032592062 0.999231517
1341846370.866186 -0.022587264 -0.061317116 0.022597151 -0.001676812 0.021462040 0.033349898 0.999211848
1341846370.897994 -0.029263420 -0.053539533 0.021393387 -0.000931241 0.024238501 0.034398180 0.999113798
1341846370.929983 -0.029067399 -0.074900679 0.021290351 -0.003833005 0.024829581 0.036240585 0.999027252
1341846370.971974 -0.021933431 -0.087181553 0.016222946 -0.000664105 0.025110366 0.036633581 0.999013007
1341846371.034127 -0.028321153 -0.101992570 0.014045811 0.004906356 0.032041661 0.038143516 0.998746395
1341846371.066883 -0.029777335 -0.098676592 0.009840582 0.006675637 0.034844872 0.037243847 0.998676181
1341846371.098209 -0.030124478 -0.105422579 0.006820502 0.004240347 0.038953248 0.033713944 0.998663127
1341846371.134068 -0.027783973 -0.113246374 0.009448936 0.002554245 0.041880764 0.032425154 0.998593092
1341846371.165993 -0.029681152 -0.120500870 -0.002356187 -0.000506599 0.044728465 0.032939270 0.998455882
1341846371.197951 -0.031807285 -0.131220400 0.000078412 -0.003640053 0.045536067 0.033454053 0.998395741
1341846371.233950 -0.025708143 -0.138382077 -0.005910458 -0.004464377 0.046055228 0.034056153 0.998348176
1341846371.266433 -0.022712985 -0.124629498 -0.013029436 -0.005769806 0.048886567 0.034483626 0.998192191
1341846371.302051 -0.024194943 -0.139417931 -0.012470373 -0.014105780 0.051849257 0.035987839 0.997906566
1341846371.334010 -0.021533417 -0.146669760 -0.017541680 -0.020180237 0.055140339 0.033427488 0.997714818
1341846371.366198 -0.018541217 -0.155464604 -0.016688706 -0.025104990 0.060854468 0.030192988 0.997373998
1341846371.402482 -0.029806847 -0.172904313 -0.009338844 -0.028888628 0.064351767 0.032049440 0.996994078
1341846371.434055 -0.031063806 -0.185576037 -0.013176857 -0.027992168 0.063589096 0.033579972 0.997018158
1341846371.469998 -0.023487676 -0.192910582 -0.017978515 -0.025914691 0.063268997 0.032501075 0.997130454
1341846371.501933 -0.027666686 -0.196901888 -0.018628795 -0.023607632 0.065987460 0.030521514 0.997074127
1341846371.534269 -0.033608604 -0.200939566 -0.022284523 -0.023148742 0.066763200 0.029505402 0.997063816
1341846371.570100 -0.034001339 -0.213889375 -0.019854616 -0.024068972 0.064495414 0.026513893 0.997275293
1341846371.602162 -0.026687849 -0.226161182 -0.022993507 -0.022534782 0.062858477 0.023722827 0.997485936
1341846371.634012 -0.033205163 -0.234534442 -0.034700617 -0.021126984 0.065046020 0.022644382 0.997401536
1341846371.669927 -0.039550819 -0.244373649 -0.035987303 -0.021350252 0.062865652 0.021583211 0.997560143
1341846371.702051 -0.026046026 -0.243288249 -0.043357596 -0.020524880 0.059619732 0.019069020 0.997827947
1341846371.737891 -0.027124014 -0.255721152 -0.038593635 -0.021987317 0.062521406 0.014889114 0.997690320
1341846371.769979 -0.039545186 -0.260930181 -0.037729669 -0.020979326 0.063117139 0.014924201 0.997673988
1341846371.802101 -0.040559687 -0.262518495 -0.037140965 -0.020656953 0.060313869 0.017087147 0.997819364
1341846371.837951 -0.034684502 -0.269617349 -0.038144894 -0.020945588 0.057595279 0.018649232 0.997946024
1341846371.870043 -0.023530209 -0.263822168 -0.048953243 -0.021341221 0.056503754 0.020661527 0.997960389
1341846371.902330 -0.029400831 -0.266536683 -0.052119605 -0.026151633 0.059540767 0.019635886 0.997690022
1341846371.938165 -0.030340649 -0.273225516 -0.050618760 -0.031525396 0.061094828 0.017110735 0.997487247
1341846371.969938 -0.019351315 -0.279513717 -0.055652164 -0.035897937 0.063856304 0.014725592 0.997204542
1341846372.005861 -0.026148323 -0.297067940 -0.040933628 -0.039694466 0.069368742 0.013130083 0.996714592
1341846372.038440 -0.028461786 -0.306514263 -0.037764426 -0.036915239 0.069300547 0.014350051 0.996809304
1341846372.070518 -0.020309994 -0.299589723 -0.039079171 -0.033300437 0.067292310 0.013776274 0.997082233
1341846372.111944 -0.019223042 -0.307730496 -0.034091491 -0.033163831 0.068463445 0.010155048 0.997050524
1341846372.143876 -0.017802946 -0.315784007 -0.036776535 -0.030459289 0.068567820 0.007305088 0.997154653
1341846372.179919 -0.025753615 -0.312288970 -0.028438324 -0.026346030 0.068807282 0.005353500 0.997267663
1341846372.212119 -0.031923633 -0.327282995 -0.025300337 -0.024507996 0.067079365 0.003294727 0.997441173
1341846372.244067 -0.031069240 -0.332101434 -0.027829336 -0.019627411 0.063659213 -0.000108057 0.997778654
1341846372.279961 -0.034470443 -0.346543372 -0.030357864 -0.014899341 0.061607257 -0.003017229 0.997984707
1341846372.312076 -0.034699704 -0.347498626 -0.028376900 -0.009121458 0.059250377 -0.006350707 0.998181283
1341846372.347910 -0.031648774 -0.348901033 -0.030186186 -0.004689719 0.056547415 -0.007533890 0.998360455
1341846372.379906 -0.030059051 -0.356974691 -0.028226821 -0.001410682 0.052990727 -0.008101464 0.998561144
1341846372.412137 -0.016133981 -0.354490787 -0.027939141 0.002829472 0.049022779 -0.008427451 0.998758078
1341846372.447783 -0.017590161 -0.363808215 -0.028753307 0.004525128 0.048433464 -0.007207920 0.998790145
1341846372.479920 -0.028433686 -0.370869726 -0.022771353 0.007972828 0.046378002 -0.005015945 0.998879552
1341846372.516195 -0.013389231 -0.367279977 -0.024407530 0.011651811 0.041164082 -0.001891202 0.999082685
1341846372.547915 0.000281638 -0.362844318 -0.027443592 0.011666131 0.040372562 -0.002759928 0.999112785
1341846372.579923 -0.012022252 -0.371135890 -0.028780963 0.009662281 0.042621393 -0.006146760 0.999025643
1341846372.616037 -0.010301310 -0.379130006 -0.027522834 0.008645078 0.041031405 -0.004353837 0.999110997
1341846372.647968 -0.004055867 -0.377564460 -0.027860308 0.008043965 0.040701997 -0.004548758 0.999128580
1341846372.679953 -0.000360356 -0.381882519 -0.024842082 0.006205512 0.041576169 -0.007085303 0.999090970
1341846372.716073 0.002027713 -0.387569577 -0.021427922 0.005148687 0.042938933 -0.006979708 0.999040067
1341846372.747919 -0.000960450 -0.394634485 -0.017659049 0.004838520 0.043404881 -0.005508327 0.999030650
1341846372.783912 0.004765070 -0.397957593 -0.022492653 0.006027835 0.042035837 -0.003684834 0.999091148
1341846372.816131 0.013555857 -0.395128697 -0.019342560 0.007317285 0.043405946 -0.002485406 0.999027610
1341846372.848115 0.009728589 -0.397545815 -0.021353135 0.006938245 0.045816228 0.001010990 0.998925269
1341846372.884003 0.011616416 -0.401810020 -0.026536025 0.006565057 0.046368383 -0.000211913 0.998902798
1341846372.948016 0.014653258 -0.409083962 -0.012476926 0.006867510 0.052452777 -0.000614419 0.998599589
1341846373.010206 0.018947411 -0.422904432 -0.017675502 0.012241120 0.047989052 0.003151843 0.998767853
1341846373.041934 0.029452706 -0.421148866 -0.021977246 0.015143020 0.049234621 0.003349351 0.998666823
1341846373.078079 0.030295352 -0.430786610 -0.015986660 0.015585045 0.051603589 0.004513352 0.998535812
1341846373.110028 0.027605373 -0.433981270 -0.017656429 0.018181594 0.052311338 0.003033475 0.998460650
1341846373.142204 0.033982754 -0.437236577 -0.019770240 0.020952648 0.052245416 0.003488885 0.998408318
1341846373.178121 0.036493648 -0.440490454 -0.022302421 0.022970058 0.053307183 0.004645429 0.998303115
1341846373.210218 0.038171966 -0.448406488 -0.023830257 0.025497200 0.055086762 0.003249848 0.998150647
1341846373.246073 0.036707547 -0.456422746 -0.020875521 0.029588643 0.056714553 0.002337709 0.997949123
1341846373.277962 0.042332351 -0.460312396 -0.025388923 0.034601230 0.057773691 0.003751577 0.997722805
1341846373.310189 0.044638701 -0.454452127 -0.031767521 0.038605537 0.060066994 0.001564844 0.997446299
1341846373.346051 0.050318003 -0.455667168 -0.037977125 0.038629919 0.063387163 -0.000881868 0.997240663
1341846373.377993 0.043404557 -0.459947050 -0.032562800 0.038026188 0.066607043 -0.001246918 0.997053623
1341846373.410038 0.044448648 -0.463364035 -0.034515325 0.038138390 0.067134306 -0.000187661 0.997014701
1341846373.446109 0.042843170 -0.465836167 -0.035901591 0.038074229 0.067518368 -0.001852574 0.996989548
1341846373.478409 0.043241307 -0.474474370 -0.033604309 0.037960745 0.067494944 -0.000645232 0.996996999
1341846373.514006 0.037302013 -0.477582544 -0.033797290 0.040062606 0.067064315 0.002435450 0.996941030
1341846373.546097 0.043330610 -0.471563876 -0.036413390 0.042100735 0.064147986 0.002773512 0.997048080
1341846373.578079 0.055193841 -0.468971342 -0.034646325 0.042506468 0.064306751 0.002377038 0.997021675
1341846373.613978 0.042805910 -0.463697493 -0.033239610 0.042749017 0.067105830 0.000905893 0.996829212
1341846373.646060 0.041582324 -0.457094789 -0.029292773 0.042386606 0.065183975 0.001030368 0.996972084
1341846373.682101 0.054719351 -0.447136998 -0.037222210 0.041285153 0.064404130 0.001128060 0.997068882
1341846373.713942 0.051580824 -0.438738525 -0.037950240 0.038371962 0.067735374 0.001275548 0.996964335
1341846373.746309 0.041469652 -0.429071486 -0.032440007 0.034762532 0.069587983 0.001338327 0.996969044
1341846373.782079 0.036877010 -0.428862840 -0.019902568 0.031427972 0.068648361 0.000562908 0.997145593
1341846373.814899 0.044513311 -0.427848727 -0.022140784 0.030322215 0.068289585 -0.001443760 0.997203588
1341846373.846131 0.036071237 -0.414763659 -0.019520417 0.030528773 0.070526652 -0.004217266 0.997033715
1341846373.882197 0.025708599 -0.405445069 -0.023846634 0.029372472 0.069048502 -0.006004818 0.997162700
1341846373.914066 0.023292623 -0.394320667 -0.020254539 0.027343607 0.065727405 -0.002680447 0.997459292
1341846373.949976 0.027308907 -0.385449857 -0.021764211 0.024744272 0.063841581 0.001022559 0.997652709
1341846373.982090 0.024689689 -0.374502271 -0.023701642 0.022159047 0.063498102 0.001611187 0.997734606
1341846374.014518 0.014212084 -0.368727803 -0.021387050 0.018330095 0.061797503 0.004976183 0.997907996
1341846374.050082 0.015384951 -0.358576894 -0.013166266 0.015107824 0.058095850 0.007924858 0.998165250
1341846374.082248 0.017717835 -0.360355943 -0.014386704 0.011872033 0.056392465 0.008142065 0.998304904
1341846374.114063 0.017852653 -0.346606344 -0.016086955 0.010189162 0.056741882 0.008822476 0.998297930
1341846374.150230 0.005845988 -0.350926399 -0.012805173 0.007136251 0.056972366 0.009429051 0.998305738
1341846374.181949 0.002681993 -0.346348286 -0.011711214 0.008229330 0.054797195 0.010048507 0.998413026
1341846374.217985 0.007876744 -0.339086890 -0.013493001 0.009820814 0.052996602 0.013573399 0.998454094
1341846374.250018 0.005718490 -0.322333783 -0.017989971 0.010743259 0.054001454 0.014170368 0.998382509
1341846374.281921 0.003359697 -0.304303288 -0.016048055 0.008906309 0.054795377 0.013597826 0.998365283
1341846374.318502 0.004263724 -0.300883383 -0.016242584 0.005523677 0.055003230 0.012771647 0.998389184
1341846374.350047 0.001203635 -0.287012517 -0.018458106 0.002564227 0.056692906 0.013697156 0.998294413
1341846374.382011 -0.008587775 -0.284038663 -0.009582488 -0.001011432 0.057304427 0.012331012 0.998280108
1341846374.418020 -0.012103142 -0.275408626 -0.008982258 -0.002334529 0.055552781 0.012596865 0.998373568
1341846374.450160 -0.012214996 -0.266990900 -0.004646895 -0.004317300 0.053663060 0.012902927 0.998466372
1341846374.486170 -0.007590767 -0.261990190 -0.016687738 -0.006542507 0.053305913 0.012304991 0.998480976
1341846374.524087 -0.017309317 -0.250225902 -0.005032593 -0.009759069 0.053495035 0.011596774 0.998453081
1341846374.586056 -0.020326037 -0.242417410 -0.006482865 -0.014564807 0.049028743 0.010495661 0.998636007
1341846374.617848 -0.025248474 -0.242335021 -0.002083095 -0.016588848 0.046910908 0.012416828 0.998684108
1341846374.654133 -0.029624671 -0.226407394 0.016284086 -0.015333124 0.043817688 0.014892302 0.998810828
1341846374.685940 -0.027502922 -0.222894445 0.001233709 -0.014938083 0.041190002 0.017465703 0.998887002
1341846374.718159 -0.031299405 -0.213946506 0.006760701 -0.014703751 0.039395202 0.020540101 0.998904347
1341846374.754050 -0.032362141 -0.207814887 0.009943319 -0.013740108 0.036284663 0.022215992 0.999000072
1341846374.786226 -0.029779542 -0.197993129 0.002588700 -0.013115481 0.033662684 0.023295460 0.999075651
1341846374.818164 -0.031392194 -0.195615634 0.006719788 -0.012707777 0.032837931 0.022750324 0.999120951
1341846374.854017 -0.036725439 -0.188622668 0.010022235 -0.009719430 0.031726431 0.021760350 0.999212444
1341846374.886253 -0.034897547 -0.178551510 0.009313846 -0.006386314 0.027673393 0.023356957 0.999323666
1341846374.921999 -0.034390166 -0.170127213 0.012156843 -0.004185888 0.025670875 0.022201261 0.999415100
1341846374.953860 -0.038039859 -0.164781958 0.008981090 -0.002686115 0.024501456 0.023319183 0.999424160
1341846374.985929 -0.042814236 -0.157660916 0.010401015 -0.001757380 0.022526646 0.024119746 0.999453664
1341846375.022029 -0.036484450 -0.156215101 0.013923028 0.000394891 0.019556789 0.026174467 0.999466002
1341846375.053968 -0.034568995 -0.154762864 0.010625256 0.004400147 0.017534025 0.030577203 0.999368906
1341846375.085937 -0.037719216 -0.146713287 0.010985954 0.007700663 0.017039185 0.031872749 0.999316990
1341846375.122015 -0.036451865 -0.130285665 0.007446436 0.009057007 0.017021023 0.029554602 0.999377191
1341846375.190345 -0.035815150 -0.127926365 0.007831194 0.004389580 0.022745991 0.024664761 0.999427319
1341846375.222041 -0.041639693 -0.127757698 0.006278747 0.004867960 0.023179678 0.022356389 0.999469459
1341846375.254127 -0.035297453 -0.122505017 0.007685507 0.006949847 0.022440674 0.023264812 0.999453306
1341846375.289892 -0.036561567 -0.121805951 0.008879740 0.009841302 0.024677688 0.023701439 0.999365985
1341846375.322192 -0.040468618 -0.106828339 0.007598072 0.013752423 0.025021326 0.024373816 0.999295115
1341846375.354172 -0.040275615 -0.089198187 -0.002086742 0.013053693 0.024172643 0.025168052 0.999305725
1341846375.390033 -0.032633372 -0.077119321 -0.002832926 0.008728479 0.025087100 0.022457166 0.999394894
1341846375.422976 -0.040871736 -0.075277120 0.001401509 0.002501033 0.028456967 0.018883903 0.999413490
1341846375.458036 -0.046822507 -0.066595018 -0.000506526 -0.002386675 0.027674882 0.017781014 0.999455988
1341846375.489941 -0.041297898 -0.069912001 0.005276739 -0.007289534 0.026639549 0.018224608 0.999452412
1341846375.521981 -0.041041061 -0.072799787 0.009754488 -0.008215052 0.027453041 0.018656332 0.999415219
1341846375.557947 -0.048461370 -0.068227567 0.008374098 -0.006072970 0.026822736 0.021852545 0.999382913
1341846375.590116 -0.045570761 -0.066110484 0.013639288 -0.003999481 0.023128461 0.027127722 0.999356389
1341846375.622399 -0.037636817 -0.057909697 0.012035458 -0.000109365 0.022054186 0.028761357 0.999342978
1341846375.658264 -0.040477078 -0.051986314 0.014299176 0.003651541 0.024011135 0.030192168 0.999249041
1341846375.690116 -0.042979170 -0.044245563 0.021865353 0.008676452 0.023438212 0.034091391 0.999106228
1341846375.726080 -0.037523292 -0.041746754 0.018362015 0.016125692 0.021186087 0.039219067 0.998875856
1341846375.757947 -0.043887056 -0.028599130 0.032770030 0.024585783 0.021401674 0.043489262 0.998521984
1341846375.789914 -0.044168938 -0.018217521 0.032798011 0.031227360 0.019287286 0.047288008 0.998206735
1341846375.826111 -0.045139462 0.001901570 0.039293736 0.035142113 0.018005572 0.045753859 0.998172045
1341846375.858282 -0.047703575 0.028131345 0.028368980 0.033297140 0.016151432 0.041781727 0.998441160
1341846375.893889 -0.043812901 0.042509980 0.033796091 0.023235101 0.012621480 0.040789485 0.998817801
1341846375.926121 -0.040656898 0.051643725 0.044286605 0.016928760 0.011752642 0.038657606 0.999040008
1341846375.958089 -0.044052526 0.059587885 0.046380255 0.011432293 0.012856111 0.038029734 0.999128520
1341846375.994060 -0.038780801 0.068560429 0.056185100 0.007224347 0.012368443 0.040213805 0.999088407
1341846376.026115 -0.040147383 0.065579250 0.058997147 0.005163501 0.014936927 0.041023277 0.999033213
1341846376.057999 -0.043159630 0.074602298 0.062105108 0.006286426 0.017066116 0.043071415 0.998906434
1341846376.094015 -0.041766182 0.089084357 0.065859124 0.006646240 0.019118577 0.044564456 0.998801470
1341846376.126126 -0.042156272 0.099747002 0.069009565 0.006488917 0.022716679 0.044233989 0.998741806
1341846376.162125 -0.044181693 0.112954602 0.069080345 0.004551414 0.026672276 0.043149341 0.998702109
1341846376.194033 -0.049244925 0.119910762 0.074606903 0.001552316 0.028408710 0.043861631 0.998632431
1341846376.226110 -0.050675422 0.125256389 0.077636912 -0.001174098 0.028054023 0.046439692 0.998526394
1341846376.262088 -0.049043451 0.127759561 0.081031129 -0.002138309 0.026601259 0.050415710 0.998371720
1341846376.293911 -0.048033696 0.133610189 0.086422272 -0.000001364 0.026838761 0.052415174 0.998264670
1341846376.326088 -0.051673837 0.140819028 0.088195086 0.002513933 0.027349574 0.054359175 0.998143673
1341846376.362076 -0.052229747 0.148292616 0.089491747 0.003158520 0.025375264 0.056741882 0.998061359
1341846376.393924 -0.045482803 0.152841985 0.092047118 0.002514456 0.023869557 0.054975722 0.998199165
1341846376.429909 -0.046216786 0.161872491 0.092922986 0.002905450 0.026485628 0.050175529 0.998384953
1341846376.462224 -0.051809564 0.168554768 0.094862066 0.001134048 0.028129386 0.046994343 0.998498380
1341846376.494092 -0.053995054 0.167648524 0.100825526 -0.000470458 0.027603947 0.045968466 0.998561323
1341846376.529992 -0.049799908 0.175988615 0.102181956 0.000292367 0.027118582 0.046240404 0.998562098
1341846376.562034 -0.049667336 0.181828871 0.103507921 -0.000281581 0.028443804 0.044594493 0.998600125
1341846376.594092 -0.053210706 0.189636856 0.109022766 -0.000900808 0.029872786 0.044114769 0.998579323
1341846376.630016 -0.050584141 0.195567131 0.110750929 -0.002091113 0.029955942 0.043372449 0.998607576
1341846376.662132 -0.048950557 0.200292647 0.115503229 -0.002990169 0.032202058 0.041444652 0.998617232
1341846376.697981 -0.051259350 0.207053512 0.116676092 -0.003379174 0.034435123 0.041091640 0.998556077
1341846376.730128 -0.051816359 0.214110568 0.120900266 -0.003389790 0.035317056 0.041580558 0.998504996
1341846376.762061 -0.049136847 0.227511540 0.115215853 -0.003346709 0.036045283 0.041254647 0.998492658
1341846376.797939 -0.050007835 0.239185318 0.114944085 -0.005349542 0.036117449 0.039404348 0.998556077
1341846376.829920 -0.049746554 0.245018587 0.119765311 -0.008670354 0.036789749 0.041238744 0.998434126
1341846376.866170 -0.051933300 0.255943984 0.119702682 -0.010966684 0.036760453 0.044960536 0.998251975
1341846376.898026 -0.048014503 0.265305638 0.119146034 -0.014806531 0.035092589 0.045291726 0.998247445
1341846376.930139 -0.039326243 0.274962991 0.120663449 -0.019121215 0.035281748 0.042928457 0.998271883
1341846376.966511 -0.046940610 0.282268792 0.127082244 -0.026040912 0.039761722 0.040507291 0.998048127
1341846376.997919 -0.047974192 0.293429822 0.129858181 -0.030214053 0.041495297 0.041320458 0.997826576
1341846377.030079 -0.045935698 0.297864348 0.135872692 -0.034090772 0.041861147 0.041861836 0.997663796
1341846377.066212 -0.049725812 0.307328194 0.135304719 -0.036717232 0.043133128 0.043606248 0.997441649
1341846377.097918 -0.045462620 0.316297323 0.139858842 -0.040255386 0.041332342 0.044851661 0.997326136
1341846377.134079 -0.050312199 0.320598662 0.141538873 -0.043399785 0.040444199 0.044821754 0.997232020
1341846377.166160 -0.052766260 0.324221730 0.143455878 -0.046183776 0.036168102 0.046339646 0.997201860
1341846377.197925 -0.053188946 0.334391922 0.145009309 -0.046504579 0.031691633 0.045859031 0.997361481
1341846377.233952 -0.047580868 0.343776286 0.143144920 -0.048959862 0.029100521 0.043952618 0.997408748
1341846377.266486 -0.045656029 0.342494994 0.148108631 -0.053145494 0.030793412 0.042643107 0.997200549
1341846377.298068 -0.051100351 0.350710422 0.148083732 -0.056019865 0.031766709 0.045652501 0.996879399
1341846377.334109 -0.049490888 0.351881027 0.150406957 -0.059841909 0.030227654 0.046797257 0.996652007
1341846377.366029 -0.046188619 0.352993220 0.149290562 -0.061371788 0.030139638 0.044586368 0.996663034
1341846377.401870 -0.048422232 0.353457123 0.149162456 -0.062505685 0.031421471 0.041998565 0.996665359
1341846377.434052 -0.048441060 0.345256299 0.154954448 -0.064530618 0.030603612 0.042035267 0.996560216
1341846377.466127 -0.049629688 0.343048602 0.152600572 -0.062552840 0.031154169 0.041791197 0.996679544
1341846377.502027 -0.048093919 0.344637841 0.147757962 -0.060713995 0.031558301 0.038145754 0.996926665
1341846377.534114 -0.043173786 0.332195908 0.147542298 -0.061622027 0.033723187 0.035108443 0.996911645
1341846377.566085 -0.046854317 0.316468209 0.148701876 -0.061423335 0.035616208 0.036234200 0.996817827
1341846377.602113 -0.047010120 0.309798211 0.149418145 -0.059363585 0.035157926 0.036889546 0.996934831
1341846377.633912 -0.046894878 0.303410709 0.153045267 -0.053292945 0.036231205 0.034463983 0.997326136
1341846377.676329 -0.046547882 0.303181827 0.141265959 -0.048260286 0.037616402 0.032942872 0.997582436
1341846377.743964 -0.038476132 0.276168495 0.139407098 -0.042904161 0.033795089 0.030756246 0.998033643
1341846377.802535 -0.040662564 0.262625486 0.129386172 -0.040808253 0.033938225 0.029852379 0.998144150
1341846377.835932 -0.042303223 0.245497331 0.129942611 -0.035686065 0.035703100 0.030943459 0.998245597
1341846377.872063 -0.054179583 0.241334364 0.130576983 -0.033599656 0.033089932 0.039686479 0.998098731
1341846377.902201 -0.047833126 0.235077739 0.140646324 -0.033585235 0.026378719 0.040515963 0.998265803
1341846377.939383 -0.040863447 0.230673939 0.141940981 -0.028973471 0.029543230 0.032346722 0.998619795
1341846377.970635 -0.051122747 0.223191902 0.121628158 -0.031465095 0.032749053 0.033715829 0.998399019
1341846378.002401 -0.040644117 0.202970207 0.126127318 -0.036472768 0.024705250 0.036451589 0.998364031
1341846378.038883 -0.039127607 0.198238894 0.124763891 -0.032169152 0.025801215 0.033178542 0.998598337
1341846378.106524 -0.041220933 0.179081887 0.116610482 -0.035011042 0.026109647 0.029522954 0.998609483
1341846378.138114 -0.039112382 0.167574644 0.120888874 -0.033759262 0.026772650 0.024859576 0.998762012
1341846378.170157 -0.037968133 0.165020153 0.111954503 -0.032447070 0.028447051 0.017291533 0.998918891
1341846378.206045 -0.039501037 0.149551779 0.110578388 -0.035726540 0.029484270 0.013034922 0.998841524
1341846378.238081 -0.035647806 0.127398700 0.112206168 -0.036709446 0.029100772 0.011945586 0.998830736
1341846378.275916 -0.035071034 0.121033981 0.109416820 -0.032832056 0.029427394 0.010381753 0.998973608
1341846378.312389 -0.031130506 0.114624634 0.103362747 -0.032106895 0.031372931 0.007333900 0.998965025
1341846378.344267 -0.032566309 0.094879292 0.113107838 -0.031896584 0.034218360 0.005542206 0.998889863
1341846378.376036 -0.031294432 0.083532564 0.098814107 -0.027800007 0.035568960 0.005326146 0.998966277
1341846378.411936 -0.028445015 0.075384364 0.090082712 -0.026648326 0.036669500 0.003903270 0.998964429
1341846378.444079 -0.027882198 0.063815854 0.094241314 -0.025620595 0.039217651 -0.000139374 0.998902142
1341846378.480041 -0.030127553 0.051590554 0.073067866 -0.024640897 0.040524200 -0.002781354 0.998870790
1341846378.512023 -0.029550374 0.043485940 0.079928994 -0.024626276 0.038432419 -0.004279363 0.998948514
1341846378.543975 -0.025587946 0.035709966 0.077836283 -0.021498431 0.040300913 -0.010003941 0.998906195
1341846378.579973 -0.032645430 0.025676072 0.086865589 -0.020391993 0.042581543 -0.011072556 0.998823524
1341846378.612676 -0.029707342 0.014754553 0.087163851 -0.018279271 0.042300388 -0.012242107 0.998862684
1341846378.643945 -0.024600998 -0.002431553 0.067840137 -0.014980347 0.045576386 -0.014023352 0.998750091
1341846378.679954 -0.029196998 -0.003878129 0.067698091 -0.011001520 0.046974313 -0.013467160 0.998744726
1341846378.742199 -0.015104710 -0.022478785 0.063956186 -0.006473519 0.049497809 -0.016797265 0.998611987
1341846378.774089 -0.022211161 -0.031531654 0.065112494 -0.001923097 0.054209400 -0.018492697 0.998356462
1341846378.805994 -0.025500748 -0.036392886 0.061949730 0.001814845 0.054843977 -0.016871048 0.998350739
1341846378.842121 -0.022032030 -0.042221837 0.047362521 0.004199178 0.055997267 -0.021782145 0.998184443
1341846378.874022 -0.022512536 -0.052847918 0.044189967 0.006289716 0.058700323 -0.025293071 0.997935355
1341846378.911788 -0.023641745 -0.061981022 0.049105480 0.008723098 0.060461346 -0.023734277 0.997850239
1341846378.974034 -0.019130230 -0.082794659 0.037649009 0.011852275 0.061560627 -0.025979785 0.997694790
1341846379.009977 -0.018545544 -0.086515985 0.036367361 0.014369494 0.063749917 -0.024900218 0.997551739
1341846379.041991 -0.022466838 -0.090918943 0.038046889 0.015667232 0.065258518 -0.025459772 0.997420549
1341846379.078155 -0.019319944 -0.097896494 0.043467838 0.016979713 0.067057371 -0.030413814 0.997140884
1341846379.109871 -0.021118518 -0.103690416 0.030435780 0.017776221 0.067800879 -0.030442392 0.997075856
1341846379.142034 -0.016958658 -0.115135945 0.031663075 0.016963648 0.067580223 -0.030767949 0.997094989
1341846379.178080 -0.023336789 -0.136254698 0.040194064 0.019131562 0.070270307 -0.036906797 0.996661425
1341846379.209979 -0.024500871 -0.145551279 0.039595064 0.025293190 0.071364313 -0.038029984 0.996404111
1341846379.242047 -0.028573135 -0.160012141 0.042129226 0.031043664 0.069080234 -0.034983512 0.996514082
1341846379.278304 -0.019629199 -0.168940052 0.038097512 0.037247356 0.066818640 -0.038281690 0.996334493
1341846379.310076 -0.016049583 -0.184229180 0.024875013 0.044519786 0.070496313 -0.042776443 0.995599568
1341846379.346166 -0.009071002 -0.192169234 0.029403957 0.051332995 0.071661428 -0.039388396 0.995328128
1341846379.377944 -0.008424446 -0.197795510 0.031318076 0.058509424 0.071796753 -0.038983241 0.994938254
1341846379.409974 -0.003068124 -0.203898728 0.027141344 0.067804329 0.073192485 -0.037939113 0.994286716
1341846379.446065 -0.008561549 -0.206250340 0.019377766 0.072654530 0.075312659 -0.035662275 0.993869960
1341846379.478631 -0.005332761 -0.206247464 0.013692372 0.072950050 0.074107900 -0.033928018 0.993999600
1341846379.511214 0.003634544 -0.212582067 0.008295825 0.071512006 0.075316608 -0.036832400 0.993909836
1341846379.546204 -0.007966174 -0.225094780 0.011496798 0.072367273 0.077832662 -0.036251392 0.993675411
1341846379.578217 -0.018502843 -0.215175599 0.006934729 0.074244455 0.074453957 -0.033268813 0.993900180
1341846379.614096 -0.002770169 -0.215780646 0.012308402 0.072103791 0.070627287 -0.031124383 0.994406402
1341846379.646030 -0.000387429 -0.213162899 0.011416625 0.070646785 0.072666854 -0.031691190 0.994346142
1341846379.678830 -0.012109411 -0.213709950 0.011475931 0.068130799 0.072889045 -0.029757686 0.994565129
1341846379.714071 -0.010844032 -0.209125191 0.017462946 0.066673070 0.069250919 -0.026737643 0.995009601
1341846379.746082 0.000895643 -0.209546477 0.009068575 0.064559333 0.068335012 -0.025621494 0.995241642
1341846379.778087 -0.008646735 -0.196610987 0.015992850 0.062940054 0.070445947 -0.022582412 0.995271802
1341846379.813931 -0.016451502 -0.190148771 0.016052837 0.058434069 0.068421781 -0.019821735 0.995746434
1341846379.845927 -0.008208468 -0.188847050 0.019935166 0.054127596 0.066186525 -0.018367128 0.996168733
1341846379.881893 -0.014345109 -0.171212465 0.021870898 0.050288115 0.067355596 -0.016430557 0.996325433
1341846379.913954 -0.019665983 -0.161747083 0.017117372 0.043329637 0.066220209 -0.012956783 0.996779621
1341846379.946050 -0.019270653 -0.160255939 0.025318844 0.035495244 0.064144880 -0.011234385 0.997245848
1341846379.981969 -0.022111623 -0.160664126 0.026823981 0.030217612 0.062807135 -0.008542821 0.997531533
1341846380.013935 -0.027528897 -0.148581475 0.029401008 0.026374519 0.059945792 -0.004416856 0.997843325
1341846380.046124 -0.028303482 -0.136367232 0.033550926 0.020522919 0.057506990 -0.000963418 0.998133659
1341846380.082142 -0.017197076 -0.134378746 0.035979033 0.014231780 0.056289822 -0.000190720 0.998313010
1341846380.114330 -0.023244943 -0.134415746 0.045075744 0.009105993 0.057812292 0.001831516 0.998284280
1341846380.150278 -0.028555699 -0.132887736 0.051925771 0.007174015 0.056322243 0.005401088 0.998372257
1341846380.182030 -0.023278696 -0.125510529 0.051176332 0.008179041 0.054590438 0.007161667 0.998449624
1341846380.213908 -0.025387684 -0.101491831 0.047595635 0.007893583 0.054782070 0.007216237 0.998441041
1341846380.250090 -0.023870742 -0.078160845 0.051031400 0.000561839 0.055787101 0.004851765 0.998430729
1341846380.281996 -0.022646798 -0.081177667 0.056563061 -0.008562235 0.060634330 0.002314325 0.998120606
1341846380.318009 -0.022016140 -0.065280385 0.062379647 -0.012541350 0.063847117 0.004164620 0.997872174
1341846380.350031 -0.020580240 -0.055683658 0.069504410 -0.018330891 0.064507641 0.009956387 0.997699142
1341846380.382297 -0.017662130 -0.047052186 0.072038144 -0.022434471 0.065020569 0.012504299 0.997553349
1341846380.418020 -0.023348551 -0.036289167 0.063815378 -0.025179088 0.067061111 0.011994296 0.997358978
1341846380.450059 -0.033640672 -0.013761811 0.072598994 -0.030797103 0.064596906 0.018308127 0.997268081
1341846380.481987 -0.029663773 -0.002451372 0.081442930 -0.039384037 0.057776991 0.024015218 0.997263253
1341846380.518026 -0.015540510 -0.015968310 0.083091103 -0.047607992 0.053178664 0.023089355 0.997182250
1341846380.549973 -0.018901940 -0.014912680 0.087360419 -0.050610039 0.052673060 0.024727186 0.997021973
1341846380.585876 -0.022838894 -0.008890666 0.077592649 -0.050367445 0.049113911 0.024308093 0.997226179
1341846380.617833 -0.013226748 -0.002607568 0.077344298 -0.048491810 0.044970334 0.023590967 0.997531831
1341846380.650010 -0.008043243 -0.004601517 0.075230926 -0.045776535 0.043494046 0.022017350 0.997761548
1341846380.686058 -0.012731328 0.000317625 0.068418205 -0.042737432 0.042479973 0.020348597 0.997975409
1341846380.718154 -0.013653425 -0.006307365 0.067083731 -0.041799068 0.041124880 0.019810639 0.998082757
1341846380.750063 -0.009914638 -0.002264614 0.068157755 -0.035807785 0.040633593 0.018800786 0.998355269
1341846380.785897 -0.010008365 0.011512768 0.065720275 -0.028962420 0.040980749 0.022747735 0.998481035
1341846380.818263 -0.014956421 0.019774312 0.064527199 -0.027431447 0.037985537 0.024043724 0.998612285
1341846380.854055 -0.012101005 0.008379117 0.063587815 -0.028123168 0.035136625 0.020400576 0.998778462
1341846380.886150 -0.009174191 0.015276597 0.072234549 -0.023158571 0.034415334 0.020731907 0.998924136
1341846380.918124 -0.018918682 0.031696454 0.066082478 -0.021532379 0.030890374 0.024693020 0.998985648
1341846380.954125 -0.002134723 0.032176699 0.083203070 -0.021449415 0.023568008 0.023444530 0.999217093
1341846380.985985 -0.000550406 0.020361232 0.072349392 -0.022483500 0.024883430 0.021880230 0.999197960
1341846381.018098 -0.008627294 0.026726384 0.079951152 -0.020484403 0.026881749 0.021566022 0.999195993
1341846381.054072 -0.004901689 0.019974532 0.089395642 -0.020458700 0.023310333 0.022850392 0.999257684
1341846381.086074 0.006230723 0.011862998 0.092239663 -0.015995285 0.022342179 0.022863982 0.999360919
1341846381.122035 0.004458199 0.023864126 0.106105462 -0.012315063 0.023777405 0.024960864 0.999329746
1341846381.159808 0.006108621 0.024176501 0.111373782 -0.012842351 0.023321154 0.024333984 0.999349296
1341846381.222118 0.018832806 0.028686237 0.132380649 -0.012167651 0.025934869 0.027162535 0.999220490
1341846381.254198 0.033011071 0.022565696 0.141950488 -0.015747545 0.028325956 0.026059138 0.999134898
1341846381.289977 0.040000070 0.020515855 0.157865986 -0.014892392 0.035067685 0.025283473 0.998954058
1341846381.322365 0.032733828 0.034143340 0.171575606 -0.012957699 0.038963761 0.031138128 0.998671293
1341846381.353963 0.035922185 0.032673404 0.179619804 -0.015396425 0.039843224 0.035482135 0.998457074
1341846381.389983 0.059824437 0.037001278 0.191140667 -0.016647911 0.040995616 0.037965931 0.998298943
1341846381.421973 0.047624405 0.036328718 0.203697532 -0.021292726 0.049647491 0.038862154 0.997783303
1341846381.454108 0.049446732 0.029797381 0.219132960 -0.025207298 0.051096067 0.040341377 0.997560203
1341846381.489891 0.066295542 0.021402650 0.227196947 -0.023657659 0.052633926 0.041757315 0.997459948
1341846381.521988 0.058546536 0.016994439 0.238472238 -0.018980945 0.058282025 0.047191415 0.997003496
1341846381.558072 0.066598944 0.023909958 0.247174963 -0.015052373 0.060328137 0.051910739 0.996714234
1341846381.589879 0.075759403 0.027328756 0.260253519 -0.013365448 0.063199550 0.050611366 0.996627152
1341846381.622018 0.076817222 0.032587811 0.276511163 -0.013631476 0.067569219 0.048178315 0.996457458
1341846381.657894 0.080026679 0.022223834 0.285701156 -0.015341765 0.071030937 0.045149975 0.996333659
1341846381.689870 0.084425837 0.015523156 0.298710912 -0.011613783 0.074005879 0.043254089 0.996251643
1341846381.722338 0.088645250 0.023860298 0.324795336 -0.008066588 0.076361865 0.045029107 0.996030211
1341846381.758166 0.093329206 0.022713648 0.335693479 -0.007975470 0.077849932 0.044657879 0.995932460
1341846381.790889 0.098545365 0.017056258 0.337673903 -0.007068527 0.079154633 0.042462565 0.995932460
1341846381.826591 0.106700711 0.024594061 0.365257114 -0.002921514 0.081716098 0.040964581 0.995809138
1341846381.859589 0.104819663 0.026015902 0.381313890 -0.001674828 0.081107430 0.043941770 0.995734870
1341846381.890538 0.104739062 0.023987589 0.387462735 -0.000168741 0.077180989 0.045872785 0.995961249
1341846381.926191 0.110830322 0.026017010 0.398577064 0.000605050 0.074616052 0.041896455 0.996331692
1341846381.958121 0.099110581 0.042671759 0.402896792 -0.000543047 0.074172415 0.037685495 0.996532977
1341846381.990050 0.094519973 0.035093568 0.415647388 -0.006502628 0.067150667 0.036706198 0.997046232
1341846382.026007 0.115472846 0.030553322 0.422286153 -0.010251113 0.059268687 0.037550710 0.997482896
1341846382.059217 0.120245188 0.030693280 0.435007066 -0.016063275 0.058744218 0.033416949 0.997584283
1341846382.094090 0.114311129 0.030112036 0.449829161 -0.020896962 0.057783667 0.032136973 0.997592926
1341846382.126195 0.128189802 0.023492659 0.465652317 -0.022385744 0.053387530 0.033846647 0.997748971
1341846382.158170 0.131217018 0.024902521 0.473457128 -0.021994913 0.054431077 0.034870863 0.997666001
1341846382.194097 0.133874491 0.025135579 0.485167831 -0.022776540 0.054893915 0.037033178 0.997545242
1341846382.226010 0.138529524 0.015265059 0.493809164 -0.024583591 0.054291841 0.038826857 0.997467101
1341846382.258172 0.141166419 0.013228637 0.501691401 -0.024623979 0.054906957 0.038379654 0.997449696
1341846382.294020 0.139317319 0.020495065 0.514079094 -0.022988265 0.058044340 0.036388446 0.997385740
1341846382.325957 0.131505832 0.021373114 0.530753851 -0.023649225 0.058997694 0.033516407 0.997415006
1341846382.361974 0.135447994 0.015787564 0.550542414 -0.025305780 0.056953810 0.032666344 0.997521341
1341846382.393888 0.137874320 0.011700187 0.556093097 -0.024594557 0.054960731 0.031601742 0.997685194
1341846382.425972 0.137996480 0.013445395 0.568336010 -0.024318065 0.053787168 0.027882015 0.997866809
1341846382.462037 0.130099371 0.017031508 0.578439415 -0.024709407 0.053723827 0.022575427 0.997994781
1341846382.494003 0.127455473 0.014700815 0.594966173 -0.026541511 0.051293131 0.018612504 0.998157382
1341846382.530148 0.132986352 0.009930275 0.607195616 -0.027068099 0.048047341 0.015535096 0.998357356
1341846382.562400 0.132056609 0.010216290 0.616380930 -0.026219284 0.048261035 0.014463736 0.998385847
1341846382.593981 0.131069407 0.008898079 0.621386886 -0.025288653 0.048369896 0.015071527 0.998395562
1341846382.629905 0.132582858 -0.003887139 0.633508086 -0.023637652 0.049049772 0.017166315 0.998369038
1341846382.661966 0.131156266 0.009864325 0.642863810 -0.017856242 0.049438156 0.019735951 0.998422563
1341846382.693976 0.129649892 0.006271648 0.651309311 -0.019809708 0.049421150 0.021941893 0.998340487
1341846382.730021 0.132595539 0.005444614 0.657356739 -0.018942544 0.049925864 0.020652771 0.998359680
1341846382.762004 0.123435654 0.016476838 0.664882362 -0.016380405 0.052402757 0.022036223 0.998248518
1341846382.798112 0.125390306 0.013570493 0.668350399 -0.019765241 0.049928766 0.019697897 0.998362899
1341846382.829949 0.129082248 0.010255749 0.671823084 -0.022455610 0.050527778 0.013272991 0.998381972
1341846382.861875 0.126326635 0.009888005 0.679418802 -0.023243483 0.052600283 0.010788906 0.998286843
1341846382.897967 0.126827836 0.010152564 0.686925888 -0.023342427 0.052651271 0.011908367 0.998269081
1341846382.930017 0.128872827 0.004083398 0.682476401 -0.022737801 0.053575095 0.012378541 0.998228192
1341846382.962121 0.128997922 0.007402412 0.689715862 -0.021144630 0.056618877 0.011949941 0.998100400
1341846382.997950 0.127070099 0.007435022 0.693806171 -0.020675838 0.057892993 0.013049587 0.998023391
1341846383.029927 0.131858259 0.004072107 0.695766687 -0.020597951 0.056743599 0.014037406 0.998077571
1341846383.104184 0.132888198 0.011524155 0.695374668 -0.022146935 0.062204938 0.005608619 0.997801900
1341846383.172122 0.137238383 0.005265293 0.705500543 -0.025922861 0.059965372 0.005621040 0.997847974
1341846383.236935 0.137782574 0.015417047 0.711104274 -0.024733340 0.068211243 0.005502895 0.997349083
1341846383.272112 0.133846894 0.002968760 0.710481822 -0.026058955 0.067561202 0.010075190 0.997323871
1341846383.303955 0.145960897 0.005952674 0.702966392 -0.024981963 0.066305272 0.010909386 0.997426927
1341846383.336133 0.146938279 0.018531710 0.704719007 -0.025659397 0.067173429 0.010707491 0.997353852
1341846383.398119 0.148483112 0.008235582 0.699374974 -0.028840646 0.066213727 0.013564356 0.997296333
1341846383.433991 0.152452871 0.003594644 0.692802727 -0.030525636 0.067393966 0.013880562 0.997162759
1341846383.466087 0.149564847 0.004441284 0.691154182 -0.029963028 0.067687683 0.015554386 0.997135222
1341846383.501974 0.145421088 0.005018940 0.691734076 -0.029105255 0.066727415 0.018125134 0.997181952
1341846383.533975 0.144869089 0.004950273 0.684909701 -0.028417613 0.064355068 0.017594965 0.997367203
1341846383.565981 0.143703565 0.006498776 0.680339575 -0.028817259 0.063424595 0.014948265 0.997458518
1341846383.602253 0.132581353 0.004359058 0.678191662 -0.029372463 0.062724553 0.015043190 0.997485161
1341846383.634175 0.118227877 0.010514743 0.672974825 -0.027493075 0.059657402 0.015904823 0.997713506
1341846383.665988 0.119589329 0.012414907 0.658407867 -0.027740108 0.054272018 0.014348043 0.998037696
1341846383.702104 0.117191829 0.007393829 0.654129505 -0.029436130 0.051528413 0.011194011 0.998174846
1341846383.734131 0.108197242 -0.004455450 0.651624143 -0.033356354 0.047927655 0.010593339 0.998237491
1341846383.770067 0.102337293 -0.004293584 0.642988443 -0.032783616 0.043396607 0.013268328 0.998431742
1341846383.802027 0.104662634 0.006896634 0.632423520 -0.029859822 0.038601916 0.012201752 0.998733938
1341846383.870067 0.087775439 0.002461141 0.615118027 -0.031550098 0.034456220 0.014895078 0.998796999
1341846383.901854 0.087908566 0.011332759 0.601284206 -0.029722089 0.030377869 0.015620466 0.998974383
1341846383.934301 0.086420216 0.016704550 0.592304647 -0.031455655 0.028864915 0.014729924 0.998979688
1341846383.969997 0.075599119 0.008659100 0.584142804 -0.033894259 0.028267821 0.014736001 0.998916924
1341846384.001936 0.069548666 0.000706884 0.572101116 -0.033230167 0.025669800 0.018663354 0.998943686
1341846384.038092 0.065765560 0.015026124 0.561831653 -0.029511804 0.020719359 0.019490531 0.999159575
1341846384.070104 0.072928555 0.014185663 0.549200714 -0.031003246 0.017616931 0.016407788 0.999229312
1341846384.102008 0.064781554 0.004698011 0.536742449 -0.030951843 0.018486038 0.015264810 0.999233365
1341846384.138265 0.053604733 0.011759939 0.528213501 -0.028339211 0.016343659 0.017202441 0.999316692
1341846384.170093 0.064017095 0.014421628 0.514950454 -0.028813053 0.011604628 0.016952150 0.999373674
1341846384.202188 0.059427187 0.015436226 0.504729390 -0.027906286 0.013505490 0.014213010 0.999418259
1341846384.237844 0.051332396 0.015553098 0.491673321 -0.028368881 0.014741485 0.014395162 0.999385118
1341846384.269968 0.051595856 0.009370789 0.483575583 -0.029298309 0.012714841 0.016332403 0.999356389
1341846384.306015 0.052227899 0.016883362 0.473107278 -0.026516063 0.012439570 0.015649870 0.999448478
1341846384.337907 0.047038302 0.018563312 0.461122274 -0.026666949 0.013291795 0.015469739 0.999436259
1341846384.369865 0.046089385 0.017411325 0.449296206 -0.028388357 0.012206464 0.014693160 0.999414444
1341846384.406199 0.045024797 0.018136887 0.441054225 -0.027511915 0.012974368 0.012518064 0.999458909
1341846384.437788 0.037531033 0.020444822 0.427554637 -0.027677104 0.013556357 0.011874096 0.999454439
1341846384.469882 0.039067246 0.023833778 0.419458985 -0.030092146 0.012113228 0.009912530 0.999424577
1341846384.506115 0.039082672 0.021216867 0.409308374 -0.031584311 0.013375927 0.006882289 0.999387920
1341846384.537970 0.037645742 0.027639925 0.402372688 -0.032265227 0.015919764 0.005931685 0.999334931
1341846384.573994 0.031176981 0.022085404 0.394637644 -0.034243450 0.016493194 0.008368501 0.999242365
1341846384.606493 0.026750669 0.021773659 0.390378654 -0.032070555 0.015370811 0.012409720 0.999290347
1341846384.637999 0.027548192 0.028555136 0.380678713 -0.029318096 0.013877815 0.014899435 0.999362707
1341846384.674068 0.022695085 0.028904060 0.370421022 -0.030089818 0.012998054 0.013490853 0.999371648
1341846384.705921 0.020244632 0.029454974 0.359781384 -0.029318299 0.012361330 0.011674649 0.999425530
1341846384.742045 0.011559018 0.038300157 0.354230046 -0.028152378 0.010629191 0.010675771 0.999490142
1341846384.774082 0.009739419 0.037987620 0.343316734 -0.031487841 0.008363513 0.007929813 0.999437690
1341846384.805987 0.005998380 0.038311195 0.335079283 -0.032776196 0.008541101 0.002024161 0.999424160
1341846384.842025 -0.002106176 0.043982558 0.328466475 -0.032726649 0.007808095 0.000422459 0.999433756
1341846384.874081 -0.002730706 0.039511468 0.317326039 -0.034651123 0.005633651 0.002713650 0.999379933
1341846384.905998 0.000092613 0.039585955 0.306273580 -0.032765422 0.004672539 0.005634311 0.999436259
1341846384.942014 -0.004404486 0.044858743 0.296539307 -0.032023981 0.005201484 0.008516938 0.999437273
1341846384.974049 -0.007493746 0.043262213 0.287916899 -0.033299282 0.004920212 0.010930874 0.999373555
1341846385.009917 -0.005223091 0.039600182 0.281890303 -0.031575188 0.004908508 0.016199911 0.999358058
1341846385.042211 -0.013737233 0.045411445 0.277314544 -0.029951271 0.006474169 0.018475691 0.999359608
1341846385.073967 -0.015575163 0.043642826 0.267745674 -0.031989127 0.007384884 0.017977865 0.999299228
1341846385.110157 -0.015927432 0.039034493 0.263387769 -0.031421226 0.008473132 0.018252637 0.999303639
1341846385.141931 -0.021752944 0.038297750 0.258620352 -0.029754164 0.009532764 0.019507406 0.999321401
1341846385.173929 -0.030518262 0.036796018 0.251479506 -0.028663088 0.008658289 0.019271094 0.999365866
1341846385.210052 -0.028917143 0.037097763 0.236435488 -0.027435483 0.007862514 0.013455479 0.999502063
1341846385.242941 -0.034267515 0.032878499 0.230044037 -0.027100420 0.008861255 0.007614899 0.999564409
1341846385.278001 -0.038368601 0.035928603 0.224316522 -0.026145931 0.008031266 0.004436159 0.999616027
1341846385.311234 -0.044086631 0.028366413 0.216448501 -0.024806073 0.007839426 0.003918265 0.999653876
1341846385.342936 -0.049722027 0.034639180 0.206924200 -0.020819223 0.006667904 0.002155536 0.999758720
1341846385.378101 -0.055186119 0.038946599 0.200959906 -0.019858111 0.006869958 0.000519166 0.999779105
1341846385.410048 -0.064215280 0.037070047 0.200711787 -0.020250503 0.006352620 -0.000016649 0.999774754
1341846385.442088 -0.073068991 0.035075523 0.190428302 -0.019807482 0.004590604 -0.000141866 0.999793291
1341846385.477970 -0.078540839 0.037604388 0.181289792 -0.020330509 0.001124279 -0.000606849 0.999792516
1341846385.510109 -0.082570463 0.037353370 0.178139344 -0.021031704 -0.000640294 -0.000334507 0.999778569
1341846385.545989 -0.098382145 0.038329005 0.169758141 -0.021345511 -0.002028460 -0.000774743 0.999769807
1341846385.577939 -0.103728272 0.043308295 0.170215935 -0.022006435 -0.007164178 -0.000407500 0.999732077
1341846385.609948 -0.109864689 0.040383499 0.158755839 -0.023070963 -0.009429188 -0.000470733 0.999689281
1341846385.646024 -0.128143296 0.043363176 0.151997924 -0.023244495 -0.011030864 0.000348483 0.999668896
1341846385.678122 -0.129463002 0.043751169 0.147341982 -0.025064409 -0.018254988 0.002495918 0.999516010
1341846385.713966 -0.127339229 0.042355195 0.135026157 -0.025576923 -0.021836264 0.003300165 0.999428928
1341846385.745986 -0.135402590 0.045003399 0.126605898 -0.024386350 -0.021177966 0.003405152 0.999472499
1341846385.778024 -0.144879401 0.050193381 0.120982513 -0.023822516 -0.023164058 0.006668768 0.999425530
1341846385.814480 -0.143153861 0.049884524 0.110396974 -0.024511801 -0.025174951 0.006376760 0.999362171
1341846385.846594 -0.145237803 0.051943898 0.095250390 -0.024893893 -0.022395216 0.003520567 0.999433041
1341846385.884072 -0.155317098 0.056872457 0.096033029 -0.025244741 -0.019616077 0.004688549 0.999477863
1341846385.920282 -0.152504265 0.074824229 0.085514143 -0.022768367 -0.022968497 0.006664246 0.999454677
1341846385.951967 -0.146778569 0.077606343 0.076615915 -0.022172311 -0.021406692 0.003403409 0.999519110
1341846385.983828 -0.154529363 0.074184433 0.067478590 -0.022361478 -0.017348977 0.004236215 0.999590397
1341846386.019954 -0.162965447 0.072296590 0.059392400 -0.022425698 -0.017138984 0.007333770 0.999574661
1341846386.053153 -0.161770806 0.071581788 0.058912333 -0.020869944 -0.019019650 0.006074992 0.999582767
1341846386.087964 -0.156008363 0.075096533 0.045853153 -0.017397795 -0.017571624 0.001051308 0.999693632
1341846386.120298 -0.164681077 0.072071411 0.039013378 -0.016783677 -0.014275295 -0.001136675 0.999756575
1341846386.152323 -0.170626014 0.064115264 0.030158527 -0.015529590 -0.014534493 -0.000996189 0.999773264
1341846386.187922 -0.173031047 0.066781916 0.022117237 -0.012400276 -0.015694337 -0.004511841 0.999789715
1341846386.220214 -0.171664283 0.065611407 0.012008606 -0.010427460 -0.015166246 -0.009518675 0.999785244
1341846386.251878 -0.174056649 0.059192564 -0.001210609 -0.008071480 -0.013671942 -0.012083369 0.999800920
1341846386.287926 -0.183011830 0.058971111 -0.013798066 -0.005191728 -0.014492186 -0.012231354 0.999806643
1341846386.320048 -0.177469298 0.065694802 -0.023631787 -0.001918985 -0.016750144 -0.016125957 0.999727786
1341846386.351806 -0.174768880 0.064451434 -0.039467543 -0.000332011 -0.014721220 -0.020669919 0.999677896
1341846386.387904 -0.181616455 0.059722070 -0.055147603 0.000838202 -0.013501151 -0.020044638 0.999707580
1341846386.420158 -0.185690254 0.063167237 -0.068297938 0.003057678 -0.015488865 -0.018770749 0.999699116
1341846386.488011 -0.175243184 0.075822324 -0.099977322 0.005215718 -0.020044779 -0.022902882 0.999523103
1341846386.550203 -0.186729327 0.065273933 -0.137548596 0.005886916 -0.019358348 -0.021915149 0.999555051
1341846386.582265 -0.186839804 0.076720297 -0.154807404 0.007478119 -0.022403480 -0.020426229 0.999512315
1341846386.618055 -0.177890673 0.082772449 -0.171336815 0.007451854 -0.023184936 -0.022481743 0.999450564
1341846386.651032 -0.182027653 0.089924984 -0.190873817 0.006545249 -0.021488559 -0.023845544 0.999463260
1341846386.682220 -0.184388652 0.092165433 -0.204832315 0.004119372 -0.022895554 -0.021907182 0.999489307
1341846386.718071 -0.176963687 0.084517531 -0.216082290 0.002546909 -0.024326934 -0.019443236 0.999511719
1341846386.750071 -0.166899562 0.088401385 -0.235361531 0.004930375 -0.022353761 -0.018557703 0.999565721
1341846386.786100 -0.171892986 0.092480175 -0.250397623 0.005681285 -0.019582119 -0.014333840 0.999689341
1341846386.817967 -0.172791183 0.091102280 -0.265679866 0.006488021 -0.020050380 -0.012291994 0.999702334
1341846386.850155 -0.169443890 0.097778656 -0.284563154 0.007915034 -0.018353717 -0.012245303 0.999725223
1341846386.886034 -0.165089533 0.099961981 -0.295972675 0.007650720 -0.015874034 -0.010830418 0.999786019
1341846386.918050 -0.164952546 0.099984288 -0.311598241 0.007916953 -0.014335467 -0.006962045 0.999841630
1341846386.954005 -0.164424628 0.102027811 -0.321905792 0.008495832 -0.013638445 -0.004596369 0.999860287
1341846386.986155 -0.159538746 0.107145779 -0.339625090 0.008595234 -0.012135785 -0.005139044 0.999876201
1341846387.018027 -0.159892038 0.102265105 -0.347846448 0.007793712 -0.007279574 -0.003709282 0.999936223
1341846387.054058 -0.169472069 0.104075082 -0.360170335 0.009453380 -0.004780275 -0.001573260 0.999942660
1341846387.086157 -0.166414350 0.110145688 -0.363118708 0.010761240 -0.005137377 -0.001252403 0.999928057
1341846387.118350 -0.158748731 0.107460082 -0.375661135 0.010957651 -0.002683551 -0.002076873 0.999934196
1341846387.153927 -0.167790189 0.106871836 -0.387253016 0.012372483 0.000261952 -0.002598649 0.999920011
1341846387.185953 -0.171894118 0.116830669 -0.400796741 0.012590169 -0.000564532 -0.001810967 0.999918878
1341846387.222042 -0.167691946 0.119712979 -0.408058316 0.010616233 -0.001459538 -0.004415225 0.999932826
1341846387.253968 -0.165591031 0.115715593 -0.420638412 0.009300738 0.000316344 -0.006235581 0.999937236
1341846387.286046 -0.172974050 0.119320475 -0.434159011 0.008328085 0.000946712 -0.004506262 0.999954700
1341846387.322002 -0.166536987 0.122571543 -0.443328857 0.006725804 -0.000641008 -0.003443130 0.999971271
1341846387.353879 -0.160833716 0.118570276 -0.451643616 0.005186222 0.000647733 -0.003807438 0.999979079
1341846387.386177 -0.180894271 0.111917876 -0.466509283 0.004308175 0.003114135 -0.001500549 0.999984741
1341846387.422132 -0.174041852 0.110728450 -0.477685541 0.004558155 0.000925414 0.001570369 0.999987960
1341846387.454043 -0.167877257 0.116735503 -0.491287291 0.005115802 0.002114845 -0.000413355 0.999984562
1341846387.490166 -0.176359728 0.116419569 -0.500992537 0.004486167 0.003518420 0.000217529 0.999983728
1341846387.522009 -0.175827399 0.115077347 -0.507693648 0.004558116 0.001241648 0.004828290 0.999977171
1341846387.554619 -0.169063166 0.122137517 -0.520971894 0.005351530 0.000182079 0.006127151 0.999966860
1341846387.590257 -0.167650491 0.132047072 -0.533615470 0.004403844 0.001117446 0.005284176 0.999975681
1341846387.622301 -0.169207424 0.130520225 -0.537659705 0.001106992 0.002694321 0.005816692 0.999978840
1341846387.654151 -0.176464632 0.128656775 -0.544374824 -0.000720714 0.002884961 0.005886580 0.999978244
1341846387.690110 -0.176463798 0.132658064 -0.556479156 -0.001575376 0.000778886 0.004767613 0.999987066
1341846387.722109 -0.172706813 0.135985926 -0.564615786 -0.003879727 -0.000617831 0.004993428 0.999979794
1341846387.758177 -0.174916729 0.130613208 -0.570866048 -0.005708219 -0.001184174 0.005742398 0.999966502
1341846387.790191 -0.181029871 0.127484143 -0.574588597 -0.005529244 -0.002441134 0.008994603 0.999941230
1341846387.822157 -0.177883938 0.135743186 -0.582227707 -0.004035627 -0.004869354 0.009419215 0.999935627
1341846387.858179 -0.178589970 0.138069808 -0.590995908 -0.004682533 -0.005816971 0.012850099 0.999889553
1341846387.890013 -0.183174133 0.139602706 -0.596136808 -0.004665141 -0.008065552 0.013684175 0.999862909
1341846387.926103 -0.176923349 0.144364312 -0.602945089 -0.004255808 -0.009656389 0.013265041 0.999856353
1341846387.958426 -0.181455821 0.145800918 -0.602069318 -0.005005891 -0.009976788 0.016292416 0.999804974
1341846387.990086 -0.184933186 0.145018339 -0.600261807 -0.005592803 -0.012004259 0.017475620 0.999759555
1341846388.026158 -0.179413468 0.136347517 -0.597992420 -0.005036811 -0.016271750 0.016263844 0.999722600
1341846388.058060 -0.176039800 0.138255417 -0.586591423 0.000221569 -0.018373676 0.022317642 0.999582052
1341846388.089974 -0.177258924 0.134758428 -0.593212962 0.004795088 -0.021234896 0.027812919 0.999376059
1341846388.126088 -0.172726855 0.149839878 -0.598743796 0.008043091 -0.023131611 0.026113860 0.999358952
1341846388.158090 -0.160874635 0.168640897 -0.604842544 0.006238482 -0.022043336 0.022878375 0.999475718
1341846388.194068 -0.166872382 0.152674153 -0.588907063 0.000298920 -0.019537358 0.020181188 0.999605358
1341846388.225961 -0.170333162 0.151035577 -0.578953326 -0.000347658 -0.020008555 0.018768223 0.999623597
1341846388.257928 -0.163522169 0.159729183 -0.579844415 -0.000845793 -0.020720467 0.020181051 0.999581218
1341846388.294066 -0.167371660 0.143255144 -0.562806547 -0.003114970 -0.020358263 0.019563364 0.999596477
1341846388.325954 -0.162115991 0.150636643 -0.560265183 -0.001341949 -0.021053316 0.017592270 0.999622643
1341846388.357936 -0.160013556 0.154703721 -0.550070763 -0.002437554 -0.019677870 0.015786925 0.999678731
1341846388.394202 -0.167819664 0.148017138 -0.534789383 -0.003931246 -0.019507427 0.013678273 0.999708414
1341846388.425957 -0.159743711 0.149997249 -0.532206714 -0.004014001 -0.020721301 0.010333751 0.999723792
1341846388.462012 -0.158716753 0.144022614 -0.520118892 -0.005537283 -0.018784214 0.008249787 0.999774218
1341846388.493961 -0.163974762 0.138476640 -0.500422716 -0.004825715 -0.019493317 0.008212832 0.999764621
1341846388.526293 -0.158447057 0.137284935 -0.495580137 -0.003103770 -0.021526432 0.007869248 0.999732494
1341846388.562293 -0.151906982 0.135236621 -0.487468749 -0.001578967 -0.020224705 0.006173704 0.999775112
1341846388.594090 -0.159141868 0.136386409 -0.473134428 -0.000600779 -0.017801233 0.005038703 0.999828637
1341846388.626030 -0.156167120 0.133008108 -0.459134430 -0.001087831 -0.019068325 0.005108294 0.999804556
1341846388.662009 -0.149846211 0.122606240 -0.447755605 -0.000397758 -0.018435810 0.003130834 0.999825060
1341846388.694110 -0.153516740 0.128542215 -0.441006899 0.001612188 -0.016964445 0.002781789 0.999850929
1341846388.730239 -0.153307348 0.129232764 -0.418848217 0.000151064 -0.017815409 0.001509699 0.999840140
1341846388.762131 -0.143635929 0.116171375 -0.409298033 -0.000630379 -0.017295802 -0.000868818 0.999849856
1341846388.794087 -0.150073081 0.124765515 -0.397242188 0.001321463 -0.014685823 -0.000603588 0.999891102
1341846388.830117 -0.152786747 0.127351746 -0.370580763 -0.000718322 -0.015885629 0.001143808 0.999872923
1341846388.868548 -0.143816367 0.112851925 -0.370538503 -0.002039514 -0.016780194 0.000977287 0.999856651
1341846388.900942 -0.149596900 0.124333203 -0.349708855 -0.000579587 -0.014693792 0.001001937 0.999891400
1341846388.937157 -0.153606579 0.123788998 -0.336093664 -0.003926156 -0.015962413 0.001876759 0.999863088
1341846388.970712 -0.147502139 0.112858616 -0.313839078 -0.006341479 -0.016806629 0.001468180 0.999837577
1341846389.001153 -0.148931354 0.115246251 -0.301558465 -0.005817853 -0.016523335 0.000586213 0.999846399
1341846389.036956 -0.152166173 0.123833649 -0.280460089 -0.007352063 -0.016434580 -0.001124771 0.999837279
1341846389.069208 -0.148880109 0.104554065 -0.272431880 -0.011729559 -0.017416289 -0.000837166 0.999779165
1341846389.168276 -0.148466989 0.090682015 -0.230901375 -0.012532205 -0.016751135 0.000031760 0.999781132
1341846389.230639 -0.156610653 0.090654209 -0.196906030 -0.009043521 -0.015543556 0.001707138 0.999836802
1341846389.266034 -0.154282749 0.088690862 -0.179106295 -0.007819230 -0.017180571 -0.000639438 0.999821603
1341846389.298760 -0.146611258 0.087092832 -0.168316707 -0.006375025 -0.015139761 -0.002189078 0.999862671
1341846389.329980 -0.151382580 0.085401937 -0.148360252 -0.005038172 -0.013235842 -0.001338698 0.999898791
1341846389.366022 -0.146517098 0.087765314 -0.134991467 -0.004439621 -0.013881430 -0.001196662 0.999893069
1341846389.397969 -0.141678065 0.079383656 -0.130193397 -0.004583858 -0.011252661 -0.000975945 0.999925673
1341846389.433982 -0.141285464 0.081657343 -0.111790501 -0.001122864 -0.007574779 0.000162647 0.999970675
1341846389.466033 -0.143383369 0.087929770 -0.104450107 -0.000857274 -0.006823630 0.002174089 0.999973953
1341846389.498030 -0.139585823 0.082407452 -0.085868306 -0.001951292 -0.007209499 0.001772137 0.999970496
1341846389.534085 -0.133701056 0.086418591 -0.082430683 -0.001166201 -0.004684211 0.000538665 0.999988198
1341846389.565875 -0.136850938 0.091838159 -0.071713313 -0.002767581 -0.002689318 0.000706269 0.999992311
1341846389.597960 -0.138091862 0.091018707 -0.056185003 -0.006830746 -0.003451997 0.000913236 0.999970317
1341846389.634116 -0.131913498 0.085846208 -0.041672047 -0.008496732 -0.004524049 -0.000611039 0.999953508
1341846389.665950 -0.127226755 0.099635653 -0.029055642 -0.009653732 -0.003477188 -0.002928784 0.999943078
1341846389.702127 -0.128649622 0.088774040 -0.012933983 -0.015320098 -0.002423963 -0.005114964 0.999866605
1341846389.734086 -0.128926843 0.086302184 -0.002305235 -0.014837552 -0.004042752 -0.003305832 0.999876261
1341846389.765898 -0.124180876 0.089913227 0.008256816 -0.014680698 -0.005125229 -0.003186658 0.999873996
1341846389.802126 -0.121001929 0.086958602 0.023516158 -0.015956383 -0.005164341 -0.004984178 0.999846935
1341846389.834063 -0.117404759 0.082657583 0.032003351 -0.014770957 -0.005016602 -0.003865547 0.999870837
1341846389.866260 -0.115383253 0.082546383 0.044245634 -0.012215216 -0.005592284 0.000681134 0.999909520
1341846389.902002 -0.110834859 0.084208176 0.050172433 -0.010599890 -0.006949577 0.000156618 0.999919653
1341846389.934117 -0.103611954 0.084357105 0.056975968 -0.009637767 -0.005411733 -0.002653125 0.999935389
1341846389.970116 -0.102928758 0.083853513 0.070970550 -0.009544582 -0.003249966 -0.002031882 0.999947071
1341846390.002129 -0.106696606 0.080114096 0.080814071 -0.010229154 -0.004719344 0.000734343 0.999936283
1341846390.034099 -0.099973351 0.082786784 0.087727547 -0.008687775 -0.007891339 -0.000428913 0.999931037
1341846390.070024 -0.092646807 0.087011702 0.092327856 -0.007914776 -0.007261786 -0.004145933 0.999933720
1341846390.101910 -0.094024561 0.083838195 0.106968179 -0.009468338 -0.007203352 -0.005020813 0.999916613
1341846390.137924 -0.088829845 0.078047514 0.114943229 -0.008960385 -0.009836657 -0.004053281 0.999903262
1341846390.170038 -0.079878435 0.084394597 0.113648683 -0.006817500 -0.010236334 -0.004545295 0.999914050
1341846390.202115 -0.080124572 0.085253187 0.122791067 -0.009653498 -0.008689217 -0.006789279 0.999892592
1341846390.238117 -0.077837467 0.078808844 0.134441599 -0.010836169 -0.009806157 -0.005307976 0.999879122
1341846390.270052 -0.073439285 0.081874743 0.140184253 -0.009885294 -0.012997068 0.000970946 0.999866188
1341846390.302085 -0.063650005 0.085289113 0.145935953 -0.010957060 -0.014163788 0.003001434 0.999835134
1341846390.338496 -0.055317614 0.077684708 0.156624600 -0.011910820 -0.013266285 0.005901325 0.999823630
1341846390.370105 -0.064163685 0.083430588 0.165672809 -0.010964566 -0.013587618 0.009452499 0.999802887
1341846390.438106 -0.047875401 0.082457662 0.178106621 -0.016409963 -0.020848455 0.007599496 0.999619067
1341846390.505984 -0.042244114 0.095513418 0.202401116 -0.019187829 -0.029489530 0.010288266 0.999327958
1341846390.538495 -0.034868967 0.088710353 0.200608581 -0.021421377 -0.031152079 0.007066288 0.999260128
1341846390.606055 -0.030178351 0.094011888 0.224093243 -0.023643002 -0.033826601 0.013967018 0.999050379
1341846390.638031 -0.018832799 0.094597280 0.223247916 -0.023344951 -0.037011757 0.015241986 0.998925805
1341846390.673954 -0.004600985 0.098582201 0.225640982 -0.022917796 -0.035530280 0.014517371 0.999000311
1341846390.705937 -0.008380054 0.102603115 0.234838396 -0.025883541 -0.033547696 0.013713183 0.999007761
1341846390.737965 -0.001433974 0.095163710 0.248287961 -0.029127734 -0.035423998 0.013080915 0.998862147
1341846390.774135 0.007947824 0.097583957 0.243466407 -0.026952827 -0.033609390 0.011853500 0.999001205
1341846390.806067 0.011092420 0.107348897 0.257567763 -0.025968565 -0.029365422 0.013060617 0.999145985
1341846390.838026 0.011223421 0.104804590 0.262547612 -0.028544456 -0.028541438 0.015135250 0.999070346
1341846390.874116 0.016336909 0.109009281 0.265958875 -0.029214703 -0.028434472 0.016657544 0.999029756
1341846390.906067 0.020315805 0.110491507 0.267449737 -0.031030208 -0.027247999 0.020192660 0.998942912
1341846390.942137 0.021740543 0.112038694 0.279396325 -0.033004567 -0.026977597 0.023267996 0.998820066
1341846390.974052 0.029080214 0.099240005 0.281504214 -0.034014490 -0.029332876 0.028709874 0.998578191
1341846391.006164 0.027808839 0.112199247 0.276594460 -0.030828783 -0.030484892 0.030554699 0.998592317
1341846391.042303 0.030607019 0.113203071 0.278298497 -0.032960176 -0.031289272 0.027559718 0.998586535
1341846391.074134 0.031967316 0.110086463 0.283690512 -0.033163503 -0.032749005 0.025075220 0.998598456
1341846391.106097 0.032413825 0.110647216 0.276274770 -0.032837056 -0.035043553 0.025289319 0.998525977
1341846391.142154 0.036266591 0.108437717 0.277914643 -0.033701893 -0.037549678 0.027860904 0.998337626
1341846391.174124 0.036622196 0.111471385 0.275480211 -0.032755468 -0.037832126 0.027480885 0.998368979
1341846391.209961 0.039544962 0.110797614 0.279773206 -0.032603193 -0.037591074 0.028063972 0.998366833
1341846391.241977 0.038770091 0.096597709 0.276389658 -0.034661230 -0.039350267 0.032318115 0.998101056
1341846391.273984 0.039056510 0.100717656 0.276554912 -0.031813975 -0.040697489 0.030415779 0.998201609
1341846391.309946 0.040008489 0.103641309 0.274947166 -0.030407786 -0.039931770 0.028335597 0.998337626
1341846391.342018 0.031959791 0.103025869 0.273757547 -0.030250857 -0.040240094 0.028050264 0.998338044
1341846391.378060 0.034279957 0.100325175 0.273640990 -0.030256651 -0.043912768 0.025386602 0.998254359
1341846391.410037 0.038846765 0.100562364 0.268830508 -0.030355956 -0.044818848 0.022754811 0.998274505
1341846391.442052 0.037939131 0.099112205 0.274456620 -0.029369427 -0.043670204 0.024010673 0.998325527
1341846391.478040 0.032901280 0.098949783 0.272057980 -0.027795443 -0.044946767 0.029910130 0.998154581
1341846391.510072 0.035347298 0.102034025 0.266609728 -0.027650079 -0.047185436 0.031424884 0.998008788
1341846391.542159 0.036762305 0.103232980 0.264653474 -0.028115017 -0.046445027 0.030569535 0.998057067
1341846391.578010 0.036250591 0.100171059 0.267084271 -0.028391024 -0.045932874 0.031635746 0.998039722
1341846391.610169 0.034030061 0.096654467 0.269062012 -0.027869591 -0.047110427 0.034280255 0.997912228
1341846391.645942 0.033252083 0.095809557 0.263797492 -0.026759520 -0.049074441 0.035023581 0.997822106
1341846391.677959 0.031953476 0.099027783 0.262978166 -0.024925152 -0.048766743 0.033017073 0.997953117
1341846391.710022 0.028045908 0.093725748 0.259905875 -0.024103800 -0.048814379 0.034547027 0.997919202
1341846391.745846 0.025780205 0.090491235 0.260345787 -0.022087198 -0.050970506 0.034234427 0.997868836
1341846391.778020 0.029175300 0.086196199 0.259299397 -0.020787148 -0.051673636 0.032990281 0.997902513
1341846391.810026 0.025279582 0.082111456 0.262631208 -0.019233778 -0.050636295 0.032988563 0.997986853
1341846391.846013 0.025908474 0.079326831 0.259212226 -0.017483694 -0.051460244 0.034136947 0.997938275
1341846391.877984 0.027281722 0.078985684 0.255589336 -0.014429290 -0.051557790 0.035802998 0.997923732
1341846391.914033 0.026418336 0.078280315 0.256833881 -0.012863227 -0.050778180 0.037019622 0.997940719
1341846391.945996 0.025043730 0.075815871 0.253184944 -0.011699778 -0.051208545 0.037288651 0.997923017
1341846391.978037 0.024457490 0.077963531 0.250800967 -0.011040884 -0.051084049 0.034739640 0.998028874
1341846392.014187 0.027679659 0.075179718 0.251854002 -0.010952532 -0.051076230 0.033503108 0.998072565
1341846392.046054 0.026766106 0.074315064 0.250082999 -0.009797744 -0.051246371 0.034387179 0.998045743
1341846392.078061 0.026115319 0.079463631 0.252379924 -0.008645865 -0.051654171 0.034522887 0.998030722
1341846392.114010 0.028440462 0.079347804 0.250242114 -0.009045036 -0.052128419 0.033921458 0.998023093
1341846392.145989 0.028946925 0.079250984 0.249221727 -0.008714342 -0.052072130 0.032967690 0.998060942
1341846392.181959 0.021658171 0.082301654 0.248243034 -0.009762971 -0.053001866 0.032784391 0.998008370
1341846392.213917 0.029251464 0.080926478 0.251494199 -0.011050242 -0.056314647 0.030218214 0.997894466
1341846392.246105 0.032708932 0.081852511 0.246019676 -0.009518242 -0.054428536 0.024905181 0.998161614
1341846392.282032 0.029914981 0.081870861 0.248526543 -0.009700058 -0.053507641 0.025724795 0.998188853
1341846392.314025 0.030780734 0.077778526 0.256175876 -0.008947779 -0.055917934 0.027929455 0.998004556
1341846392.349981 0.037352264 0.081770651 0.250764400 -0.006295719 -0.055965099 0.027308494 0.998039305
1341846392.382103 0.036477316 0.082317859 0.251104742 -0.005629808 -0.054339126 0.029097414 0.998082578
1341846392.414056 0.036252864 0.079411127 0.247042850 -0.005810387 -0.054957520 0.031061491 0.997988522
1341846392.450136 0.042122591 0.077481233 0.248615414 -0.004489141 -0.056179639 0.035046786 0.997795284
1341846392.482091 0.040133506 0.074275620 0.246310458 -0.002498764 -0.056025103 0.036650386 0.997753322
1341846392.514096 0.041801430 0.077830076 0.238745749 -0.000994319 -0.055865530 0.035253447 0.997815251
1341846392.550030 0.042866696 0.073105916 0.244052812 -0.001744468 -0.056593493 0.036512718 0.997727871
1341846392.582053 0.045956299 0.068342112 0.240636915 -0.000656899 -0.058394790 0.039828103 0.997498512
1341846392.617983 0.044169042 0.068174079 0.237364992 0.001280510 -0.058233991 0.040778335 0.997468948
1341846392.649909 0.047451414 0.065855742 0.235644683 0.002142768 -0.058305610 0.039234549 0.997525156
1341846392.682128 0.045200013 0.065119542 0.237889424 0.002804171 -0.058295939 0.037465453 0.997592092
1341846392.718019 0.045182977 0.059447404 0.235888958 0.003858260 -0.060711827 0.040186848 0.997338533
1341846392.749829 0.047899790 0.058640942 0.234618038 0.005744791 -0.062405314 0.040070891 0.997229576
1341846392.782107 0.048281830 0.062037475 0.230434522 0.006885328 -0.062136225 0.039033461 0.997280300
1341846392.818251 0.047242031 0.058920622 0.235150829 0.006825189 -0.061577339 0.040112916 0.997272551
1341846392.852165 0.046436254 0.057952743 0.233698353 0.008775702 -0.061952010 0.040482827 0.997219145
1341846392.885913 0.051483646 0.055554580 0.232390106 0.009552613 -0.061953139 0.038863424 0.997276366
1341846392.917882 0.051083226 0.053087410 0.230819553 0.010819827 -0.060441427 0.039191939 0.997343302
1341846392.950023 0.051266789 0.053436637 0.233643308 0.012832116 -0.060077850 0.039504651 0.997329116
