1341846361.788774 0.000000000 0.000000000 0.000000000 0.000000000 0.000000000 0.000000000 1.000000000
1341846361.824112 -0.013308785 0.000765183 0.008841584 -0.002272590 0.003775286 -0.004855281 0.999978483
1341846361.856016 -0.030504948 0.018830923 0.004324473 -0.006259426 0.005714688 -0.009358674 0.999920309
1341846361.887871 -0.035098068 -0.003019856 0.018570801 -0.016708035 0.008182264 -0.013795938 0.999731779
1341846361.923930 -0.054864410 -0.020042324 0.026858689 -0.018498272 0.012699433 -0.011154477 0.999686003
1341846361.955927 -0.063723564 -0.021025553 0.022281412 -0.012790632 0.010814806 -0.003453977 0.999853730
1341846361.991999 -0.080443218 -0.031701967 0.030564083 -0.010786322 0.006570772 0.002555846 0.999916971
1341846362.023994 -0.076621585 -0.030438676 0.033492975 -0.006658137 0.002940295 0.004121264 0.999965012
1341846362.056118 -0.086440369 -0.021332562 0.031573873 -0.004010099 0.003985320 0.005877532 0.999966741
1341846362.091992 -0.102736607 -0.019703437 0.035492726 -0.005010678 0.004736781 0.005831391 0.999959230
1341846362.123929 -0.106452480 -0.031867955 0.043822937 -0.006268543 0.003064177 0.007677373 0.999946177
1341846362.156058 -0.113805652 -0.037035201 0.041692942 -0.003090469 0.003210759 0.009728654 0.999942720
1341846362.191987 -0.128731787 -0.032757852 0.035978727 0.000593940 0.003987791 0.011277290 0.999928236
1341846362.224138 -0.137345001 -0.039087169 0.042750198 0.004097336 0.002557911 0.013818846 0.999892890
1341846362.260011 -0.141068712 -0.033626519 0.035906162 0.009772885 0.004171023 0.013156838 0.999857008
1341846362.291979 -0.150826842 -0.034753755 0.036546584 0.012099440 0.008289319 0.011883304 0.999821842
1341846362.323947 -0.162570611 -0.032927237 0.045840908 0.014912806 0.011672980 0.010335844 0.999767244
1341846362.359889 -0.169307366 -0.034434054 0.043185998 0.016597981 0.014974087 0.008684898 0.999712408
1341846362.392021 -0.176946968 -0.036865450 0.036941629 0.017452791 0.019665057 0.010720779 0.999596775
1341846362.423868 -0.193708137 -0.039815065 0.043598209 0.018481964 0.022901138 0.011478567 0.999500990
1341846362.459968 -0.204681724 -0.040851388 0.046990857 0.021685624 0.024278639 0.012053913 0.999397337
1341846362.491924 -0.226360366 -0.042307630 0.049729060 0.023341628 0.025346240 0.013760240 0.999311507
1341846362.523976 -0.223810434 -0.041893210 0.048161864 0.025164437 0.023721823 0.016895592 0.999258995
1341846362.559933 -0.230757907 -0.046026267 0.050160203 0.026793363 0.024524031 0.018484946 0.999169111
1341846362.592338 -0.252308726 -0.042507846 0.050855104 0.028216995 0.026379587 0.017916888 0.999093056
1341846362.628177 -0.260406822 -0.041006155 0.045439251 0.027949687 0.025591111 0.018250495 0.999115050
1341846362.660128 -0.268693984 -0.042284377 0.051346932 0.027337195 0.025744930 0.017470302 0.999141932
1341846362.691901 -0.286052912 -0.038146682 0.052311838 0.026392521 0.024905991 0.016095312 0.999211669
1341846362.727993 -0.296627939 -0.044251516 0.047799271 0.024174066 0.021633616 0.014915085 0.999362350
1341846362.759942 -0.301012725 -0.046835933 0.049865931 0.023660446 0.018751046 0.013579975 0.999451935
1341846362.792002 -0.308947116 -0.041180149 0.048479326 0.023789061 0.017616531 0.010780079 0.999503613
1341846362.827965 -0.317943573 -0.043579929 0.049689826 0.022205252 0.015493996 0.008359428 0.999598384
1341846362.859959 -0.323855519 -0.046410516 0.050580524 0.021534171 0.014195276 0.005664441 0.999651253
1341846362.891861 -0.329395264 -0.038406964 0.082601927 0.023102766 0.013818278 0.004561694 0.999627173
1341846362.928098 -0.337828428 -0.043005273 0.081742071 0.022634901 0.011756024 0.005678977 0.999658525
1341846362.959894 -0.347293139 -0.055243347 0.070954196 0.024291215 0.011421817 0.006903714 0.999615848
1341846362.995909 -0.359151751 -0.055196073 0.071452670 0.027891124 0.010350194 0.010588996 0.999501288
1341846363.028072 -0.365444541 -0.057922713 0.067758895 0.030036470 0.008067405 0.012283058 0.999440789
1341846363.059896 -0.366252333 -0.062314838 0.073566131 0.034312516 0.007970997 0.011311444 0.999315321
1341846363.096102 -0.378525913 -0.049351357 0.066797696 0.038615711 0.011149248 0.007994011 0.999159932
1341846363.127992 -0.384372830 -0.046931259 0.075918794 0.038334072 0.012477691 0.005040494 0.999174356
1341846363.159870 -0.388381511 -0.056292176 0.065889888 0.038560450 0.015449684 0.001719176 0.999135315
1341846363.195966 -0.403469741 -0.056137100 0.069100723 0.041045912 0.019956259 0.004802675 0.998946428
1341846363.227902 -0.415725946 -0.061389249 0.094847977 0.042730950 0.018437600 0.009155110 0.998874545
1341846363.259977 -0.417160571 -0.060703173 0.078314364 0.045624744 0.016159328 0.012319872 0.998751938
1341846363.296031 -0.423474818 -0.056762736 0.078157142 0.049773093 0.018641744 0.014714109 0.998478174
1341846363.328065 -0.440052271 -0.052733116 0.079532593 0.050615579 0.019440474 0.017718712 0.998371780
1341846363.364023 -0.446444184 -0.058420625 0.076237410 0.048586488 0.015280348 0.020546995 0.998490691
1341846363.395985 -0.454399854 -0.064529531 0.075228453 0.047241006 0.010766793 0.020989830 0.998604953
1341846363.427955 -0.460921824 -0.061293330 0.070339143 0.047012992 0.007768962 0.018081859 0.998700380
1341846363.463979 -0.471492290 -0.063663192 0.068544149 0.045798969 0.005889835 0.017088110 0.998787105
1341846363.495986 -0.482180804 -0.064851917 0.066729806 0.042970587 0.001717277 0.021348946 0.998846710
1341846363.527941 -0.490699261 -0.060122173 0.064203031 0.041045077 -0.001064545 0.023197224 0.998887420
1341846363.564057 -0.498695195 -0.052253310 0.065357521 0.038132377 -0.003464335 0.026971713 0.998902619
1341846363.596025 -0.510760367 -0.061392128 0.071616650 0.033556625 -0.006760713 0.030415855 0.998951018
1341846363.632058 -0.511036038 -0.073181130 0.073060378 0.033869211 -0.014316847 0.034282230 0.998735487
1341846363.663931 -0.506394386 -0.063422374 0.073730305 0.036129605 -0.017201932 0.032200444 0.998680055
1341846363.695998 -0.513339043 -0.059999585 0.079510346 0.035000905 -0.018895634 0.026772596 0.998849928
1341846363.732007 -0.525813341 -0.061330754 0.084002949 0.032415472 -0.023515282 0.020630386 0.998984814
1341846363.794060 -0.511976779 -0.060893103 0.091552988 0.035415344 -0.037842527 0.023833547 0.998371482
1341846363.826406 -0.505225062 -0.055981178 0.092277683 0.037512552 -0.040544178 0.021194180 0.998248339
1341846363.861897 -0.499938637 -0.059717968 0.095105052 0.037816208 -0.040629305 0.020654818 0.998244703
1341846363.893984 -0.496591955 -0.055926867 0.091453835 0.038223706 -0.040102411 0.019838702 0.998267114
1341846363.926076 -0.495775491 -0.045917455 0.073081553 0.036991678 -0.039543334 0.018751297 0.998356819
1341846363.962090 -0.485645235 -0.044350971 0.074757531 0.035694927 -0.038258512 0.020296872 0.998423874
1341846363.994287 -0.480138123 -0.048221733 0.074730583 0.034415573 -0.037540674 0.023092112 0.998435318
1341846364.025993 -0.465708703 -0.052385159 0.062961817 0.033254564 -0.037339587 0.023887202 0.998463511
1341846364.061809 -0.454454273 -0.055434547 0.058261115 0.031393789 -0.035087544 0.023695346 0.998609960
1341846364.094209 -0.443736643 -0.061211359 0.060613792 0.031372648 -0.033059016 0.023922792 0.998674393
1341846364.130022 -0.434144765 -0.066026330 0.064323910 0.032641061 -0.032968245 0.024165804 0.998630881
1341846364.162231 -0.414447308 -0.082201160 0.072738819 0.034398861 -0.036162052 0.023837321 0.998469234
1341846364.194049 -0.402599186 -0.080180101 0.067557454 0.039678056 -0.037669379 0.020586073 0.998290002
1341846364.230023 -0.391315222 -0.076107822 0.060582470 0.042783484 -0.038760360 0.018709971 0.998156905
1341846364.262044 -0.368748277 -0.074427955 0.082926318 0.047211785 -0.040206518 0.016429679 0.997940183
1341846364.294059 -0.352783710 -0.069650307 0.078431584 0.051535197 -0.036098469 0.011487031 0.997952461
1341846364.330003 -0.340719491 -0.063140616 0.071663648 0.051166981 -0.033027012 0.009837963 0.998095393
1341846364.362052 -0.325213552 -0.067600571 0.071005851 0.050223220 -0.030271126 0.009080444 0.998237848
1341846364.397902 -0.307409048 -0.072985858 0.069498375 0.051054183 -0.024032315 0.006094526 0.998388112
1341846364.430108 -0.300002605 -0.069240332 0.073294871 0.051282093 -0.019367913 0.005938034 0.998478711
1341846364.462063 -0.283795893 -0.070399217 0.066140577 0.050602026 -0.016302016 0.003930558 0.998578072
1341846364.498091 -0.271348387 -0.072646447 0.073392183 0.050308127 -0.011744575 0.002028975 0.998662651
1341846364.530058 -0.263012975 -0.072374120 0.075832866 0.049807101 -0.008376120 -0.000185253 0.998723745
1341846364.561952 -0.239027828 -0.068115488 0.066126555 0.050340667 -0.005962015 -0.003752085 0.998707235
1341846364.597928 -0.225604311 -0.067587443 0.065581016 0.048753951 -0.002720058 -0.005787083 0.998790383
1341846364.629950 -0.229716256 -0.077579580 0.076276943 0.047423609 0.000093007 -0.006147161 0.998855948
1341846364.665991 -0.224375635 -0.079630598 0.066511676 0.048409853 -0.000094497 -0.004380221 0.998817921
1341846364.698004 -0.214014098 -0.077630907 0.064564794 0.048725855 -0.002280626 -0.003275019 0.998804212
1341846364.730097 -0.200206906 -0.076735161 0.050777934 0.049473882 -0.003137075 -0.002393555 0.998767674
1341846364.766057 -0.189500377 -0.074473843 0.055597477 0.051019907 -0.002324362 -0.001634934 0.998693585
1341846364.798632 -0.180181682 -0.068561465 0.055440005 0.050755646 -0.002810415 -0.001956648 0.998705208
1341846364.833901 -0.159430593 -0.072282910 0.051468067 0.049518526 -0.001698785 -0.003897488 0.998764157
1341846364.865923 -0.150753960 -0.076833434 0.045936260 0.050001226 0.001994438 -0.006057564 0.998728812
1341846364.897970 -0.147854626 -0.074253030 0.043873772 0.049843576 0.001069698 -0.003236271 0.998751223
1341846364.934019 -0.126786798 -0.075844549 0.034264307 0.049692601 -0.002293804 -0.001388245 0.998760939
1341846364.966047 -0.112084098 -0.068540744 0.032765381 0.050650548 -0.000353291 -0.002616007 0.998712957
1341846364.998055 -0.103497081 -0.061878815 0.038014520 0.047986951 0.001304082 -0.002805474 0.998843193
1341846365.034125 -0.096177801 -0.065600194 0.018331921 0.041892968 -0.000126716 -0.002105462 0.999119878
1341846365.066106 -0.082781196 -0.068795674 0.026526460 0.037565745 -0.002930523 -0.004207469 0.999280989
1341846365.101953 -0.053709999 -0.069478653 0.015002948 0.035691943 -0.001286240 -0.009770444 0.999314249
1341846365.133922 -0.052661408 -0.064465061 0.020109991 0.034150645 0.005646949 -0.020904366 0.999182105
1341846365.165953 -0.044982731 -0.070696041 0.017401991 0.030619008 0.008649834 -0.022780487 0.999234021
1341846365.201856 -0.029312853 -0.077865995 0.031881198 0.030108528 0.010383396 -0.025169933 0.999175727
1341846365.234093 -0.001879581 -0.084171847 0.026542125 0.030785130 0.014475157 -0.023529602 0.999144197
1341846365.266094 0.002379884 -0.088570252 0.042968880 0.034228634 0.020421222 -0.018884530 0.999026895
1341846365.302078 0.015443516 -0.092020862 0.016236167 0.039278984 0.023978092 -0.013094481 0.998854697
1341846365.334027 0.030113887 -0.088105939 0.030617449 0.044362906 0.027388988 -0.010872296 0.998580754
1341846365.369945 0.056237496 -0.092992306 0.001916055 0.046183009 0.032908071 -0.008609232 0.998353660
1341846365.401963 0.061922241 -0.087811314 -0.004468017 0.047685590 0.038361158 -0.006244943 0.998105943
1341846365.434082 0.070718460 -0.082337104 -0.004782783 0.048417319 0.042454235 -0.009873703 0.997875690
1341846365.469939 0.092968792 -0.058620602 -0.012443601 0.046298623 0.048272748 -0.013147525 0.997673929
1341846365.502100 0.079054102 -0.073667049 0.028837286 0.037268583 0.054805737 -0.011724280 0.997732401
1341846365.533844 0.087563492 -0.084655143 0.037187152 0.034562320 0.053850245 -0.006463271 0.997929752
1341846365.569876 0.101143360 -0.090215474 -0.003011575 0.035885751 0.052247234 -0.004306356 0.997979879
1341846365.601930 0.118402459 -0.076053172 0.012983619 0.036727525 0.050403874 -0.000928893 0.998052895
1341846365.637899 0.127735242 -0.088070542 -0.009161036 0.033230957 0.050783861 0.004259035 0.998147547
1341846365.669890 0.138848543 -0.082225420 -0.000988187 0.033611700 0.051073857 0.005359706 0.998114705
1341846365.701977 0.149220467 -0.076386124 0.004922718 0.031259704 0.050168730 0.005776929 0.998234689
1341846365.738098 0.168721646 -0.090405531 -0.005599633 0.029046148 0.051498335 0.006042790 0.998232305
1341846365.770026 0.169254333 -0.090650342 0.003761374 0.031884283 0.054512411 0.005044834 0.997991145
1341846365.805834 0.176159739 -0.092396863 -0.002738267 0.034041896 0.052487172 0.008443674 0.998005509
1341846365.837937 0.186049595 -0.089086585 -0.001940928 0.036140312 0.049820609 0.009725366 0.998056710
1341846365.869952 0.197803944 -0.084653594 -0.010955230 0.038471945 0.050072279 0.008218320 0.997970462
1341846365.906411 0.204731911 -0.070691176 -0.014458733 0.038508628 0.049274463 0.007916687 0.998011231
1341846365.938000 0.213961169 -0.077003866 -0.005854111 0.035749473 0.048565846 0.010409532 0.998125732
1341846365.970022 0.218994305 -0.084451765 -0.003773835 0.036543120 0.048204415 0.015642613 0.998046219
1341846366.006126 0.236766860 -0.079994164 -0.014203959 0.038661532 0.046564478 0.020804483 0.997949958
1341846366.043876 0.245465383 -0.077445336 -0.013816099 0.038614515 0.047231220 0.024421865 0.997838497
1341846366.076490 0.255185843 -0.068982810 -0.013577760 0.038432792 0.048892885 0.026159458 0.997721434
1341846366.111888 0.283928066 -0.053094711 -0.036232024 0.034998082 0.050250944 0.031531755 0.997625053
1341846366.143907 0.289938629 -0.050352450 -0.020959612 0.030835990 0.055897243 0.032553080 0.997429192
1341846366.176044 0.291280806 -0.053533100 -0.021320395 0.026501274 0.058713004 0.036375213 0.997259915
1341846366.212022 0.286989480 -0.060599729 -0.014975452 0.025018474 0.060679704 0.038617220 0.997096121
1341846366.243981 0.306157261 -0.058399424 -0.013479609 0.022581531 0.060443390 0.043939665 0.996948302
1341846366.280032 0.303558230 -0.050026659 -0.010866007 0.020153485 0.063199610 0.044057921 0.996824205
1341846366.344115 0.318146855 -0.051737946 -0.003113688 0.011738346 0.062180303 0.044026293 0.997024298
1341846366.406057 0.337626487 -0.054690026 -0.010893576 0.010042992 0.062519304 0.047718532 0.996851742
1341846366.442042 0.346777290 -0.048861481 -0.013129350 0.011295887 0.062330697 0.047967333 0.996838212
1341846366.506117 0.358840883 -0.046548568 -0.010154163 0.011598315 0.064399213 0.050888516 0.996558368
1341846366.542004 0.366009355 -0.042550664 -0.015097440 0.011906710 0.063413687 0.050326947 0.996646464
1341846366.573848 0.372800171 -0.034763258 -0.015492976 0.011329877 0.065413862 0.049689427 0.996555865
1341846366.610058 0.372941226 -0.033441648 -0.011811139 0.009349903 0.066810884 0.050917245 0.996421754
1341846366.642206 0.389109462 -0.035035249 -0.014139724 0.007584900 0.066068895 0.051406015 0.996461153
1341846366.674164 0.402146876 -0.030198537 -0.018499665 0.006613456 0.067472950 0.051613551 0.996363223
1341846366.710207 0.401945084 -0.024627749 -0.020065282 0.004201320 0.068114221 0.053106919 0.996254206
1341846366.741976 0.409676045 -0.025080685 -0.021341983 0.001045787 0.068324573 0.052126087 0.996299922
1341846366.773916 0.419199914 -0.025532290 -0.024147382 0.000601818 0.071392216 0.050856993 0.996150792
1341846366.810122 0.419354826 -0.026149016 -0.018300828 -0.000076675 0.073190175 0.054486748 0.995828509
1341846366.841893 0.424097866 -0.028085439 -0.021448979 0.000113389 0.072167203 0.056481641 0.995792031
1341846366.878062 0.433707744 -0.026114255 -0.024449117 0.002038870 0.071899988 0.056209728 0.995824635
1341846366.909933 0.441576451 -0.020301171 -0.026876487 0.003434527 0.072955109 0.058011562 0.995640695
1341846366.941941 0.435700268 -0.018522037 -0.029431889 0.002338720 0.074752927 0.058512162 0.995481193
1341846366.977906 0.454047740 -0.016552096 -0.032079913 0.001696535 0.074604042 0.057711564 0.995540440
1341846367.009852 0.455171466 -0.017071245 -0.035880525 0.000786020 0.079395153 0.058590796 0.995119512
1341846367.045944 0.465072095 -0.019520547 -0.038701694 0.000667750 0.082523681 0.059545849 0.994808376
1341846367.077914 0.464714885 -0.009189376 -0.036630448 0.003693963 0.089685045 0.057068072 0.994327009
1341846367.110077 0.474252582 -0.006486061 -0.044424191 0.004540974 0.094556652 0.057415377 0.993852019
1341846367.145997 0.473397672 -0.010545867 -0.035669081 0.004167211 0.098581664 0.061453722 0.993220866
1341846367.177894 0.480168432 -0.011258636 -0.044893619 0.006115350 0.100587763 0.063218266 0.992898881
1341846367.209903 0.501659155 -0.003473680 -0.059905458 0.009576783 0.103663899 0.065136299 0.992431045
1341846367.245970 0.501912475 0.001935745 -0.054521866 0.007828360 0.109261841 0.068958543 0.991587281
1341846367.277966 0.502435923 -0.008470035 -0.052341107 0.005540819 0.111440942 0.071951114 0.991147459
1341846367.314058 0.510889888 -0.000975249 -0.059904378 0.008351199 0.113180481 0.073126093 0.990844607
1341846367.346333 0.526818454 0.011528837 -0.066995762 0.009427496 0.116223074 0.073975846 0.990419567
1341846367.378615 0.517348826 0.008432749 -0.057135236 0.006694047 0.119996995 0.076407783 0.989806950
1341846367.413946 0.524046183 0.004576155 -0.063175559 0.004777462 0.119772539 0.079032011 0.989639163
1341846367.446060 0.537754834 0.015998987 -0.073524371 0.004924820 0.120678373 0.079711236 0.989473879
1341846367.478095 0.539467812 0.012443467 -0.073276646 0.002187506 0.123937309 0.083516948 0.988766730
1341846367.514115 0.544130087 0.007079001 -0.061222687 0.002425572 0.122987688 0.088214979 0.988476753
1341846367.546096 0.545741618 0.011562190 -0.066392370 0.006717607 0.122927070 0.089395367 0.988358378
1341846367.581982 0.553535759 0.021181783 -0.071443982 0.008708271 0.123154238 0.091173537 0.988152087
1341846367.613951 0.552106977 0.021302382 -0.069682196 0.006260673 0.122522607 0.094856031 0.987902522
1341846367.645894 0.562150478 0.022318674 -0.076663740 0.005669064 0.121487439 0.092120051 0.988292754
1341846367.682223 0.565496266 0.020315690 -0.074473113 0.005584152 0.124615185 0.091712788 0.987941623
1341846367.714019 0.569615126 0.019257940 -0.080365412 0.006447562 0.126111731 0.094452761 0.987488210
1341846367.745904 0.572364509 0.022704937 -0.080896430 0.007921949 0.127106130 0.095582597 0.987241209
1341846367.781973 0.584115028 0.016862281 -0.092314579 0.007426252 0.128219515 0.097007103 0.986962140
1341846367.813986 0.586220860 0.019839866 -0.097061694 0.007420297 0.130119443 0.097699538 0.986645162
1341846367.850189 0.590552747 0.017391553 -0.097406745 0.006731544 0.132205486 0.096102402 0.986529648
1341846367.881960 0.580405891 0.025353365 -0.097614259 0.006579318 0.134696722 0.095540978 0.986248136
1341846367.914064 0.584536970 0.024395715 -0.097336821 0.002729691 0.133722037 0.097844720 0.986173093
1341846367.950095 0.587690771 0.013716024 -0.094057955 0.000206719 0.135087296 0.097441785 0.986030698
1341846367.981916 0.589759231 0.015875855 -0.095957994 0.002004242 0.137454510 0.096040048 0.985839009
1341846368.017965 0.582590759 0.018378899 -0.093367845 0.001406750 0.138914734 0.098493792 0.985393167
1341846368.050897 0.575738728 0.017451555 -0.082830243 0.001010527 0.138297260 0.098048650 0.985524893
1341846368.082322 0.580963075 0.015828826 -0.090631701 0.000700828 0.137609676 0.096768357 0.985747933
1341846368.118029 0.576672673 0.019081397 -0.088128231 0.000830554 0.137858048 0.097305149 0.985660255
1341846368.150026 0.573700845 0.016116703 -0.078044623 -0.000810924 0.136296451 0.098896794 0.985719025
1341846368.181952 0.565121770 0.007890900 -0.081220053 0.000392546 0.136234552 0.096396208 0.985975564
1341846368.217882 0.566093862 0.017634887 -0.085494548 0.002377043 0.135837570 0.096771657 0.985990763
1341846368.250223 0.561888576 0.018391075 -0.084018804 0.000158803 0.135614887 0.097569428 0.985945642
1341846368.286003 0.553764105 0.011838662 -0.075325005 -0.001584682 0.136347160 0.096159361 0.985981882
1341846368.317994 0.544619322 0.018066015 -0.072379544 -0.001319536 0.135711551 0.094509326 0.986229479
1341846368.350010 0.534619749 0.028221263 -0.062017139 -0.003160079 0.132975876 0.095798224 0.986473560
1341846368.385949 0.527647376 0.025262445 -0.057313308 -0.006469317 0.129902363 0.093646914 0.987073362
1341846368.417845 0.526975691 0.015245227 -0.062458973 -0.008572114 0.126864895 0.090648860 0.987732053
1341846368.450062 0.523163795 0.013814543 -0.049750328 -0.010979297 0.124522164 0.091792293 0.987900734
1341846368.485968 0.516329169 0.009874090 -0.046977919 -0.012460913 0.120734237 0.090953439 0.988430798
1341846368.517939 0.508015394 0.003151810 -0.047514334 -0.011937847 0.118515700 0.087732770 0.988996685
1341846368.554171 0.505164087 0.004157906 -0.043933418 -0.010499229 0.115955338 0.088050760 0.989288211
1341846368.618123 0.492729276 0.006044472 -0.048658803 -0.011555956 0.109908395 0.082501225 0.990444422
1341846368.654302 0.491869003 -0.002611953 -0.037662204 -0.012977934 0.108486041 0.080284536 0.990765750
1341846368.685914 0.479037046 -0.008337835 -0.034795981 -0.011857827 0.106995493 0.077761471 0.991143048
1341846368.717980 0.476423234 -0.008172151 -0.034530133 -0.010401579 0.103762172 0.075350210 0.991689265
1341846368.786190 0.458825707 -0.008914135 -0.027489165 -0.006124174 0.102463752 0.073139735 0.992025316
1341846368.821968 0.456563592 -0.005944666 -0.037538402 -0.004353122 0.099170387 0.071193404 0.992510855
1341846368.853991 0.457596987 -0.012715324 -0.040780924 -0.006539845 0.099355258 0.068760358 0.992651880
1341846368.885978 0.447914779 -0.020500129 -0.031401306 -0.007574123 0.100348532 0.065861233 0.992741227
1341846368.923221 0.436530977 -0.027976407 -0.032305166 -0.005984023 0.099319227 0.064967074 0.992914498
1341846368.953942 0.427473664 -0.021150237 -0.032707840 -0.002002210 0.097345211 0.063061073 0.993248820
1341846368.986016 0.421927124 -0.012283481 -0.027358864 0.000162811 0.095240608 0.060610376 0.993607342
1341846369.021938 0.415880769 -0.014789699 -0.026240867 0.000085144 0.093933530 0.059811205 0.993780196
1341846369.053927 0.412278831 -0.016798850 -0.030319432 0.000540494 0.094107576 0.055298302 0.994024932
1341846369.090047 0.405657023 -0.020317290 -0.027128479 0.000845326 0.095485352 0.051126670 0.994116664
1341846369.121845 0.393358469 -0.029516445 -0.023919901 0.002116952 0.095783710 0.051762547 0.994053125
1341846369.154351 0.385238081 -0.033522248 -0.024351912 0.006090199 0.094281375 0.052641112 0.994134188
1341846369.189885 0.381096900 -0.025768321 -0.030407520 0.010138054 0.093562864 0.050518319 0.994279206
1341846369.222188 0.377339661 -0.021967044 -0.029503157 0.009578140 0.094854981 0.048255615 0.994274735
1341846369.257947 0.365843922 -0.033573136 -0.023778470 0.008510992 0.096817106 0.046018455 0.994201362
1341846369.289994 0.358489573 -0.038998254 -0.027208386 0.010541573 0.096578225 0.046006624 0.994205654
1341846369.322196 0.355295300 -0.034928944 -0.027856182 0.013739457 0.096339665 0.047220148 0.994132876
1341846369.357830 0.349916637 -0.032490749 -0.030423468 0.014240511 0.097559407 0.046747435 0.994029224
1341846369.390267 0.337740839 -0.036200356 -0.026679270 0.014063050 0.099011004 0.044753697 0.993979931
1341846369.422057 0.328466952 -0.036232691 -0.025544548 0.014372275 0.099335991 0.044258825 0.993965268
1341846369.457950 0.316955268 -0.041274935 -0.023665760 0.014344237 0.099927373 0.044672534 0.993887901
1341846369.490144 0.299993783 -0.048506819 -0.018994363 0.015667534 0.099253036 0.044387281 0.993948221
1341846369.526405 0.295475721 -0.041849565 -0.018312894 0.017606031 0.096218422 0.045413580 0.994167805
1341846369.557969 0.282149702 -0.045511112 -0.012704347 0.017620975 0.094171517 0.045771629 0.994347095
1341846369.590093 0.270349860 -0.050130039 -0.011936556 0.018906761 0.091088571 0.047017109 0.994552553
1341846369.625895 0.263447464 -0.044501428 -0.015174991 0.020851566 0.088163093 0.047809083 0.994739532
1341846369.657961 0.255226940 -0.045185845 -0.014509811 0.020116208 0.086746909 0.047846783 0.994877398
1341846369.690135 0.244315162 -0.049904376 -0.012298307 0.020084148 0.085029304 0.049265992 0.994957030
1341846369.726074 0.225105628 -0.051013302 -0.016346250 0.022220258 0.082283363 0.051136330 0.995048106
1341846369.757962 0.215454295 -0.046992753 -0.015765300 0.023882799 0.078923054 0.051745862 0.995250285
1341846369.793964 0.210326061 -0.044217717 -0.011678539 0.024114495 0.076430760 0.052778691 0.995384991
1341846369.826161 0.195003659 -0.046064757 -0.012578145 0.023143983 0.074464865 0.053790346 0.995502830
1341846369.858015 0.185610637 -0.048129760 -0.012716565 0.023088496 0.070809446 0.053294942 0.995797455
1341846369.893954 0.178262889 -0.045465484 -0.005101942 0.023533367 0.068193711 0.054261263 0.995917439
1341846369.926051 0.162209511 -0.047557894 -0.007451495 0.022607954 0.066528350 0.053558573 0.996089518
1341846369.958062 0.144971326 -0.048738696 -0.009986719 0.022512829 0.062671050 0.051449105 0.996452987
1341846369.994037 0.142838210 -0.048445527 -0.002766155 0.022318641 0.057939377 0.050498303 0.996792257
1341846370.026058 0.132423609 -0.053103037 -0.002887074 0.022641940 0.056402203 0.049919624 0.996902287
1341846370.062000 0.112831056 -0.046266243 -0.010010340 0.023664588 0.052596930 0.051750250 0.996993244
1341846370.094135 0.113743804 -0.042795129 0.003654207 0.022152588 0.047477394 0.053116884 0.997212946
1341846370.126153 0.115361616 -0.047739644 0.004672840 0.021492278 0.046337448 0.052816629 0.997297049
1341846370.162082 0.091911957 -0.046371453 0.003981061 0.023600204 0.048557822 0.051427197 0.997216344
1341846370.194044 0.093047269 -0.049024910 0.008185961 0.022021860 0.045639556 0.056534290 0.997113824
1341846370.230152 0.078225985 -0.048293740 0.005337666 0.024965394 0.046320073 0.055229731 0.997086167
1341846370.262175 0.072284378 -0.043488342 0.008426711 0.026596162 0.047131792 0.053755850 0.997086525
1341846370.294216 0.071493998 -0.048112065 0.009973128 0.025835717 0.047521766 0.052566174 0.997151434
1341846370.329892 0.046803001 -0.047140460 0.005056631 0.026653124 0.047262739 0.045693398 0.997480810
1341846370.361939 0.043170627 -0.052379750 0.009995311 0.027046215 0.045113329 0.042208109 0.997723281
1341846370.394073 0.039403461 -0.050740480 0.012058645 0.027634272 0.041873127 0.043854877 0.997777402
1341846370.429985 0.012962444 -0.042931944 0.005009283 0.028886277 0.037365384 0.039939873 0.998085260
1341846370.462095 0.010468327 -0.035018422 0.005563077 0.027174110 0.032024480 0.039162796 0.998349786
1341846370.498034 0.008988683 -0.033381943 0.006245822 0.023769056 0.027076129 0.039056953 0.998587251
1341846370.530176 0.002492995 -0.032901574 0.006390289 0.020321429 0.024480769 0.039637305 0.998707473
1341846370.561949 -0.001276180 -0.027124869 0.009225793 0.016794551 0.019964844 0.042299289 0.998764277
1341846370.597989 -0.001784289 -0.022435132 0.015232341 0.012075162 0.016516976 0.043027844 0.998864353
1341846370.629913 -0.004898881 -0.030146113 0.031667758 0.007060586 0.016275706 0.044197723 0.998865247
1341846370.662062 -0.014074817 -0.033381507 0.024177887 0.005706233 0.015948107 0.043688938 0.998901606
1341846370.697981 -0.010047542 -0.030569436 0.014113735 0.003296545 0.014265130 0.043646559 0.998939753
1341846370.730015 -0.012267386 -0.042173922 0.020396249 -0.000235691 0.014505802 0.041557726 0.999030769
1341846370.766182 -0.011124304 -0.047555193 0.016305495 0.000310838 0.016911039 0.038051631 0.999132633
1341846370.797966 -0.017300988 -0.042338833 0.010829893 -0.001321166 0.019618802 0.036689851 0.999133229
1341846370.830023 -0.022608027 -0.058798898 0.012238990 -0.005095533 0.020815257 0.034260765 0.999183178
1341846370.866186 -0.018543065 -0.071646340 0.010974780 -0.003278093 0.020867269 0.034714673 0.999173999
1341846370.897994 -0.021858513 -0.066060700 0.008013873 -0.002912616 0.023223203 0.036111075 0.999073684
1341846370.929983 -0.026058087 -0.085357405 0.009110653 -0.005388695 0.024283335 0.037816677 0.998975039
1341846370.971974 -0.017791921 -0.097221039 0.005215281 -0.002173830 0.024550037 0.037770409 0.998982489
1341846371.034127 -0.021544183 -0.112483166 0.003499152 0.003294638 0.030947043 0.040119898 0.998710096
1341846371.066883 -0.022355409 -0.110773608 -0.003100601 0.004778954 0.033872340 0.038925678 0.998656452
1341846371.098209 -0.024160909 -0.115762576 -0.005940646 0.002578331 0.038091742 0.035328377 0.998646200
1341846371.134068 -0.022531556 -0.122893006 -0.007360906 0.001024259 0.041187134 0.033695430 0.998582602
1341846371.165993 -0.024174128 -0.129048809 -0.002892802 -0.002064712 0.043918278 0.034566116 0.998434842
1341846371.197951 -0.027861251 -0.138403624 -0.004365809 -0.004876665 0.044961262 0.034653056 0.998375595
1341846371.233950 -0.020702872 -0.144914329 -0.008450844 -0.005448170 0.045096800 0.035344686 0.998342335
1341846371.266433 -0.022590978 -0.138004869 -0.013983546 -0.007772462 0.048829358 0.035638724 0.998140872
1341846371.302051 -0.022513663 -0.149909690 -0.025191834 -0.015693737 0.051744029 0.036612798 0.997865617
1341846371.334010 -0.016729929 -0.158544898 -0.029864585 -0.022111332 0.054912198 0.034678888 0.997643769
1341846371.366198 -0.012948493 -0.166910321 -0.027118606 -0.027012086 0.060225844 0.031731829 0.997314572
1341846371.402482 -0.027834233 -0.184297770 -0.022724725 -0.030529812 0.064502597 0.032910485 0.996907353
1341846371.434055 -0.026288619 -0.197588131 -0.021433707 -0.029975433 0.063211046 0.035266832 0.996926308
1341846371.469998 -0.017791418 -0.204262048 -0.028397765 -0.027708134 0.062719479 0.033881713 0.997070968
1341846371.501933 -0.025376832 -0.207744464 -0.029336048 -0.025393862 0.065906964 0.031038912 0.997019589
1341846371.534269 -0.033743389 -0.212900996 -0.035811730 -0.024935843 0.067096613 0.030199105 0.996977568
1341846371.570100 -0.032059554 -0.229092211 -0.034251656 -0.026477396 0.064428188 0.027872952 0.997181535
1341846371.602162 -0.024080249 -0.238518044 -0.038023703 -0.024557153 0.062834419 0.025381899 0.997398913
1341846371.634012 -0.030688128 -0.238967016 -0.037204869 -0.022498511 0.064630412 0.023840513 0.997370720
1341846371.669927 -0.035422675 -0.241096750 -0.035189085 -0.020940984 0.061967283 0.023641566 0.997578382
1341846371.702051 -0.022999171 -0.244980872 -0.043201867 -0.021122508 0.058984816 0.021441789 0.997804999
1341846371.737891 -0.023174901 -0.254546285 -0.040173482 -0.022076774 0.061742038 0.016950058 0.997703969
1341846371.769979 -0.030402206 -0.261232376 -0.037501737 -0.021153662 0.061402004 0.016985878 0.997744322
1341846371.802101 -0.030633830 -0.263885975 -0.037858181 -0.021231141 0.058550365 0.019048495 0.997876883
1341846371.837951 -0.027562324 -0.268023372 -0.041088816 -0.021204855 0.056269910 0.020791451 0.997973859
1341846371.870043 -0.016935913 -0.263338953 -0.046280872 -0.021642618 0.055413045 0.023008987 0.997963727
1341846371.902330 -0.018659275 -0.262288243 -0.049036171 -0.025857478 0.057762824 0.022352003 0.997745097
1341846371.938165 -0.021108920 -0.265569866 -0.045263499 -0.030900922 0.059495233 0.019493980 0.997559726
1341846371.969938 -0.008329387 -0.276314348 -0.056432143 -0.035664205 0.061701600 0.018059928 0.997293770
1341846372.005861 -0.020474182 -0.292755395 -0.043814320 -0.039148849 0.068002336 0.015419185 0.996797502
1341846372.038440 -0.024039522 -0.303639740 -0.040285572 -0.036655590 0.068228863 0.016349446 0.996862054
1341846372.070518 -0.017506544 -0.301018268 -0.046468392 -0.033548746 0.066430286 0.016143924 0.997096241
1341846372.111944 -0.020431308 -0.315068930 -0.043791182 -0.034481984 0.068228535 0.012557340 0.996994555
1341846372.143876 -0.019707194 -0.322024375 -0.036554281 -0.032070275 0.068895042 0.008513160 0.997071922
1341846372.179919 -0.021426491 -0.323611528 -0.040869724 -0.028521165 0.068302669 0.006643201 0.997234762
1341846372.212119 -0.028616153 -0.338789761 -0.046428058 -0.026173104 0.066347510 0.005395432 0.997438669
1341846372.244067 -0.024153927 -0.346033871 -0.040182769 -0.021815399 0.062628798 0.002115205 0.997796178
1341846372.279961 -0.026730582 -0.357541621 -0.042355277 -0.016386190 0.060634900 -0.000262814 0.998025477
1341846372.312076 -0.020737575 -0.348074675 -0.038112458 -0.009172997 0.057454292 -0.002903365 0.998301804
1341846372.347910 -0.018250367 -0.350231975 -0.040820595 -0.004971458 0.054992698 -0.004614651 0.998463690
1341846372.379906 -0.020162450 -0.358797312 -0.038915411 -0.001970914 0.051748134 -0.005834301 0.998641193
1341846372.412137 -0.013307136 -0.370532364 -0.039735317 0.000919398 0.048541743 -0.006351118 0.998800516
1341846372.447783 -0.012395928 -0.379507005 -0.040687963 0.002625482 0.047609676 -0.004568851 0.998852134
1341846372.479920 -0.020176895 -0.389799714 -0.039430328 0.005725055 0.045237474 -0.002135545 0.998957574
1341846372.516195 -0.007159994 -0.383856714 -0.039475627 0.009663747 0.040345170 0.001066678 0.999138474
1341846372.547915 0.004252861 -0.376419783 -0.039877795 0.010017539 0.039831031 -0.000453083 0.999156117
1341846372.579923 -0.001465297 -0.385713011 -0.034401510 0.007511794 0.041068207 -0.002816800 0.999124110
1341846372.616037 0.000068297 -0.395524919 -0.033387206 0.006353184 0.039652321 -0.001056070 0.999192774
1341846372.647968 0.005712586 -0.388616562 -0.029030226 0.005955590 0.039414417 -0.001140215 0.999204516
1341846372.679953 0.011326468 -0.394295186 -0.027705129 0.003976238 0.040107433 -0.003693587 0.999180615
1341846372.716073 0.012699164 -0.399708003 -0.022211108 0.003083785 0.041671496 -0.003868206 0.999119103
1341846372.747919 0.007807719 -0.406227678 -0.020266481 0.002782478 0.042285193 -0.002770313 0.999097884
1341846372.783912 0.014966102 -0.408891797 -0.022874312 0.004050539 0.040756635 -0.000747957 0.999160588
1341846372.816131 0.023024896 -0.411284000 -0.025331082 0.004720362 0.042311005 0.000466101 0.999093235
1341846372.848115 0.017474467 -0.409793884 -0.019831117 0.004763904 0.044938687 0.003766420 0.998971283
1341846372.884003 0.020670144 -0.413158208 -0.023211772 0.004464970 0.045210660 0.002490083 0.998964369
1341846372.948016 0.023041220 -0.422342360 -0.018098999 0.004566298 0.051569179 0.002294843 0.998656332
1341846373.010206 0.028197102 -0.434931457 -0.018859493 0.010000437 0.047002144 0.006313615 0.998824775
1341846373.041934 0.039146069 -0.434780955 -0.025479354 0.012785353 0.048120778 0.006036339 0.998741448
1341846373.078079 0.033482783 -0.440463126 -0.021927005 0.014036724 0.051510975 0.005978317 0.998555899
1341846373.110028 0.031784113 -0.445971489 -0.022807172 0.016367983 0.052178312 0.004973120 0.998491228
1341846373.142204 0.036927145 -0.449910730 -0.023873122 0.018906405 0.052282598 0.005420639 0.998438656
1341846373.178121 0.038647830 -0.453664303 -0.028328475 0.020954810 0.053456664 0.006814237 0.998327017
1341846373.210218 0.044462956 -0.463659137 -0.040415909 0.023550633 0.054500632 0.004081359 0.998227656
1341846373.246073 0.046983089 -0.470696092 -0.041224383 0.027704647 0.055814065 0.003701599 0.998049855
1341846373.277962 0.051690910 -0.473425418 -0.043696787 0.032898165 0.056824971 0.004398312 0.997832298
1341846373.310189 0.053374995 -0.471537888 -0.050941896 0.036467604 0.059240915 0.002508021 0.997574270
1341846373.346051 0.058450691 -0.471713722 -0.052664302 0.036770906 0.062540896 0.000117249 0.997364759
1341846373.377993 0.051857237 -0.476392418 -0.049173940 0.036110800 0.065767631 -0.000542364 0.997181237
1341846373.410038 0.051264603 -0.479771227 -0.050364122 0.036238343 0.066507086 0.000424207 0.997127593
1341846373.446109 0.050269518 -0.482035905 -0.054384589 0.036128644 0.066990875 -0.001166604 0.997098565
1341846373.478409 0.048090558 -0.489933521 -0.050162397 0.036254272 0.067072816 -0.000298000 0.997089148
1341846373.514006 0.044363867 -0.494314551 -0.051828027 0.038166497 0.066382974 0.002881687 0.997059822
1341846373.546097 0.050963383 -0.487144977 -0.051213343 0.040275760 0.063436113 0.004031537 0.997164726
1341846373.578079 0.060805678 -0.486761570 -0.054082748 0.040345989 0.063924380 0.002665660 0.997135282
1341846373.613978 0.049483411 -0.481749356 -0.053151838 0.040568750 0.066635430 0.001365264 0.996951342
1341846373.646060 0.048194945 -0.474072605 -0.050798438 0.040285263 0.064654708 0.002045375 0.997092128
1341846373.682101 0.061544776 -0.463942170 -0.052520778 0.039190356 0.063840844 0.001955678 0.997188389
1341846373.713942 0.057935841 -0.455148488 -0.050137054 0.036170337 0.067224197 0.001913541 0.997080207
1341846373.746309 0.046914689 -0.446699202 -0.048607040 0.032705698 0.069158278 0.001467027 0.997068346
1341846373.782079 0.044253614 -0.448021680 -0.045684516 0.029094974 0.068084925 0.000992901 0.997254729
1341846373.814899 0.052256215 -0.445005298 -0.046205543 0.028189266 0.067709528 -0.000439197 0.997306645
1341846373.846131 0.043305762 -0.432756096 -0.044946063 0.028378299 0.070007801 -0.003294037 0.997137249
1341846373.882197 0.032005493 -0.422410041 -0.043643452 0.027183326 0.068571910 -0.005082507 0.997262836
1341846373.914066 0.029137468 -0.412426472 -0.040512700 0.025215948 0.065253012 -0.002137167 0.997547805
1341846373.949976 0.035994202 -0.403446108 -0.038194675 0.022556188 0.063059591 0.001548131 0.997753620
1341846373.982090 0.031066140 -0.392801672 -0.039352030 0.019988643 0.063048556 0.002426412 0.997807324
1341846374.014518 0.021801589 -0.384703994 -0.037873581 0.016303021 0.061206698 0.005607426 0.997976243
1341846374.050082 0.023767455 -0.376212031 -0.036275756 0.012955906 0.057488065 0.009151329 0.998220205
1341846374.082248 0.026060112 -0.377546608 -0.034689806 0.009592714 0.055663757 0.009340358 0.998359799
1341846374.114063 0.022354605 -0.362482905 -0.034389220 0.008195736 0.056423899 0.009636921 0.998326778
1341846374.150230 0.014424447 -0.368161082 -0.030424679 0.004843203 0.056197926 0.010024237 0.998357594
1341846374.181949 0.011060326 -0.364482105 -0.027942292 0.005934307 0.054020248 0.010821258 0.998463571
1341846374.217985 0.014827608 -0.355439872 -0.031097298 0.007787242 0.052422430 0.014010353 0.998496354
1341846374.250018 0.016332503 -0.338128120 -0.036179047 0.008671307 0.052943375 0.014864308 0.998449206
1341846374.281921 0.010553843 -0.322190851 -0.034153700 0.006719769 0.054157235 0.013348168 0.998420596
1341846374.318502 0.012748432 -0.316237837 -0.034412991 0.003507650 0.054200385 0.013620690 0.998431027
1341846374.350047 0.009175735 -0.301100373 -0.030642277 0.000801111 0.056017175 0.013672035 0.998335838
1341846374.382011 -0.001365234 -0.301214188 -0.026933659 -0.003229684 0.056708824 0.013030896 0.998300493
1341846374.418020 -0.004356609 -0.292166859 -0.025089597 -0.004407399 0.054848008 0.013281954 0.998396635
1341846374.450160 -0.006329613 -0.283618659 -0.024056317 -0.006329398 0.053233795 0.013508363 0.998470664
1341846374.486170 0.000426595 -0.261497766 -0.017314801 -0.006669479 0.052020978 0.014639161 0.998516440
1341846374.524087 -0.006052741 -0.255043387 -0.012895758 -0.010216681 0.052264336 0.014075576 0.998481810
1341846374.586056 -0.015755724 -0.249591231 -0.011294307 -0.016180998 0.048170555 0.012126089 0.998634458
1341846374.617848 -0.019259503 -0.237746060 -0.001998334 -0.016216619 0.045794569 0.015197482 0.998703599
1341846374.654133 -0.020868843 -0.233495235 0.002296462 -0.016060766 0.042943414 0.016717851 0.998808503
1341846374.685940 -0.020875631 -0.220606685 0.000120104 -0.014768454 0.040112004 0.019489184 0.998895943
1341846374.718159 -0.024340598 -0.213107839 0.003971115 -0.014582922 0.038048349 0.023451868 0.998894215
1341846374.754050 -0.023237055 -0.206518129 0.005899190 -0.013632306 0.034703534 0.025057958 0.998990417
1341846374.786226 -0.021943288 -0.193554252 0.003131442 -0.012571889 0.032310765 0.025803316 0.999065638
1341846374.818164 -0.027464289 -0.193229571 0.005687620 -0.012513606 0.032201748 0.025066007 0.999088645
1341846374.854017 -0.032316484 -0.189522952 0.004749738 -0.009994031 0.030815853 0.024304144 0.999179542
1341846374.886253 -0.035672963 -0.181298375 0.011350569 -0.006945854 0.027766148 0.024655541 0.999286175
1341846374.921999 -0.027657749 -0.172180861 0.006850646 -0.004178055 0.024409162 0.025673985 0.999363601
1341846374.953860 -0.028977009 -0.168802813 0.001367541 -0.002937560 0.022781426 0.027047010 0.999370217
1341846374.985929 -0.032509256 -0.160502911 0.003530226 -0.001839879 0.020562654 0.027747976 0.999401689
1341846375.022029 -0.028526569 -0.162171528 0.010365221 -0.000270042 0.018098144 0.029637834 0.999396801
1341846375.053968 -0.027441785 -0.157945439 0.008166274 0.004143807 0.016271662 0.034038380 0.999279499
1341846375.085937 -0.029952612 -0.147662938 0.005222560 0.007817510 0.015504702 0.035390880 0.999222696
1341846375.122015 -0.030091166 -0.129944175 0.001822032 0.009344382 0.015619053 0.032425053 0.999308407
1341846375.190345 -0.028774843 -0.128470525 0.002777616 0.004577151 0.021311542 0.027493427 0.999384284
1341846375.222041 -0.033189479 -0.128167108 0.003409768 0.005047417 0.021624377 0.025162773 0.999436736
1341846375.254127 -0.026733788 -0.121402241 0.005578706 0.007278610 0.020972893 0.026196195 0.999410272
1341846375.289892 -0.027194899 -0.121975876 0.004868685 0.010077700 0.023047311 0.026932517 0.999320686
1341846375.322192 -0.038648169 -0.112204805 -0.002397371 0.012792683 0.024573483 0.025937060 0.999279618
1341846375.354172 -0.038432136 -0.090564601 0.000877997 0.012551794 0.023895277 0.025828118 0.999301970
1341846375.390033 -0.030311901 -0.080238543 0.002846638 0.007860215 0.024735874 0.023107531 0.999396026
1341846375.422976 -0.038314275 -0.078264482 0.005380963 0.001653103 0.027995035 0.019623958 0.999414086
1341846375.458036 -0.044897500 -0.068908378 0.000337241 -0.002833549 0.027329149 0.018262235 0.999455631
1341846375.489941 -0.037308462 -0.072223514 0.008773247 -0.008032271 0.026176818 0.019255377 0.999439597
1341846375.521981 -0.035632402 -0.077203527 0.012511622 -0.009326766 0.026831497 0.019807620 0.999400198
1341846375.557947 -0.043723777 -0.073604017 0.006557319 -0.007175341 0.026273074 0.023231516 0.999359071
1341846375.590116 -0.044336192 -0.070206530 0.015330460 -0.004772123 0.022774631 0.027685722 0.999345779
1341846375.622399 -0.035666879 -0.062967464 0.014253429 -0.000976756 0.021639226 0.029575210 0.999327838
1341846375.658264 -0.034802902 -0.058389254 0.016209509 0.002598003 0.023170782 0.031519093 0.999231160
1341846375.690116 -0.042136036 -0.053101979 0.018567448 0.007351457 0.022668483 0.036533907 0.999048233
1341846375.726080 -0.036898412 -0.045575827 0.022567639 0.015081137 0.020641910 0.040698554 0.998844385
1341846375.757947 -0.039692782 -0.034653671 0.023115274 0.023355085 0.020616284 0.044748452 0.998512447
1341846375.789914 -0.039077040 -0.026200576 0.023747968 0.029621806 0.018535417 0.048201084 0.998226225
1341846375.826111 -0.039730906 -0.005707887 0.026077513 0.033610817 0.017119713 0.047523431 0.998157680
1341846375.858282 -0.044241071 0.021739056 0.023033595 0.031626221 0.015690956 0.044120990 0.998402178
1341846375.893889 -0.040204871 0.036942735 0.027516799 0.021964893 0.012068236 0.043007080 0.998760343
1341846375.926121 -0.038180500 0.038927145 0.035147782 0.015141398 0.011474257 0.039837830 0.999025524
1341846375.958089 -0.039921369 0.050797813 0.037045639 0.010559704 0.012216818 0.040057473 0.999066889
1341846375.994060 -0.039455265 0.057739191 0.046128653 0.006190376 0.012495715 0.041100241 0.999057710
1341846376.026115 -0.033945855 0.059805978 0.050224189 0.004158579 0.013971110 0.042768799 0.998978674
1341846376.057999 -0.041377526 0.070624404 0.057653986 0.005718692 0.016612807 0.043981932 0.998877823
1341846376.094015 -0.038207702 0.085859738 0.062287081 0.006025400 0.018282315 0.046234652 0.998745143
1341846376.126126 -0.038479436 0.088614024 0.058563288 0.004589818 0.022258747 0.045688741 0.998697162
1341846376.162125 -0.042512313 0.101732582 0.060725357 0.002668753 0.026474975 0.044697277 0.998646140
1341846376.194033 -0.047916152 0.107439905 0.065017961 -0.000536979 0.028362254 0.045064528 0.998581231
1341846376.226110 -0.049358945 0.113857247 0.069526337 -0.003102350 0.027806060 0.047771987 0.998466372
1341846376.262088 -0.049032483 0.115399055 0.073646754 -0.004155347 0.026651679 0.051662728 0.998300254
1341846376.293911 -0.048281051 0.119821467 0.080156349 -0.002094866 0.026826521 0.053454559 0.998207688
1341846376.326088 -0.049242031 0.127105042 0.076271988 0.000241421 0.027224245 0.055179548 0.998105228
1341846376.362076 -0.051948227 0.139992625 0.074939132 0.001590684 0.025804063 0.057111278 0.998033047
1341846376.393924 -0.046816286 0.144209445 0.079482719 0.000902218 0.024413863 0.055942040 0.998135090
1341846376.429909 -0.047911704 0.153454065 0.083361961 0.001398078 0.027002567 0.050948218 0.998335242
1341846376.462224 -0.052217595 0.158490285 0.084133796 -0.000834077 0.028637640 0.047414992 0.998464346
1341846376.494092 -0.052486073 0.161154836 0.090712808 -0.001966230 0.027607726 0.046681728 0.998526275
1341846376.529992 -0.050447326 0.171834543 0.095918208 -0.000645730 0.027160963 0.048065484 0.998474598
1341846376.562034 -0.049649719 0.177096561 0.097061351 -0.001393685 0.028507128 0.046640377 0.998503923
1341846376.594092 -0.053012464 0.185977146 0.099682681 -0.001864164 0.030038664 0.046042144 0.998486042
1341846376.630016 -0.049729820 0.190295339 0.101631738 -0.003508688 0.029993098 0.045287944 0.998517454
1341846376.662132 -0.045813989 0.197115675 0.107442699 -0.004073027 0.031888388 0.042993505 0.998558044
1341846376.697981 -0.051378183 0.204378381 0.108943395 -0.004460669 0.034460440 0.043058228 0.998468101
1341846376.730128 -0.047528606 0.209411383 0.112454765 -0.004686777 0.034875039 0.043150272 0.998448730
1341846376.762061 -0.050287422 0.221372709 0.109474421 -0.004486874 0.036004908 0.043231297 0.998405993
1341846376.797939 -0.049904875 0.231512219 0.108042769 -0.006775487 0.035927285 0.041453637 0.998471320
1341846376.829920 -0.049791332 0.239541009 0.112944581 -0.009732185 0.036715198 0.042871837 0.998358309
1341846376.866170 -0.052565299 0.248971999 0.112376399 -0.012023227 0.036836978 0.046279237 0.998176694
1341846376.898026 -0.046942916 0.254953414 0.111776032 -0.016224893 0.034732345 0.047627535 0.998129249
1341846376.930139 -0.043413382 0.264472544 0.112977073 -0.020944681 0.036006276 0.043984476 0.998163402
1341846376.966511 -0.044687267 0.273950130 0.114695586 -0.027074728 0.039247029 0.043403752 0.997919202
1341846376.997919 -0.047749616 0.282533705 0.119999401 -0.032159917 0.041151471 0.044833645 0.997628272
1341846377.030079 -0.044847421 0.287196815 0.124382935 -0.035603508 0.041590616 0.044431929 0.997511148
1341846377.066212 -0.048638768 0.298238635 0.124078058 -0.038082775 0.042873915 0.045976724 0.997295201
1341846377.097918 -0.045840822 0.304162055 0.128910974 -0.042283695 0.041514270 0.046092678 0.997178078
1341846377.134079 -0.051037401 0.302298278 0.127538472 -0.046814855 0.040642932 0.047018059 0.996968329
1341846377.166160 -0.054209176 0.309177399 0.131482422 -0.048755806 0.036643852 0.046195526 0.997068763
1341846377.197925 -0.054174494 0.324556947 0.133401319 -0.048040323 0.032197446 0.046730466 0.997232020
1341846377.233952 -0.051288050 0.340744466 0.129944533 -0.049166612 0.029881259 0.044211134 0.997364104
1341846377.266486 -0.049998332 0.337989777 0.143115506 -0.053409670 0.031392820 0.042744186 0.997163415
1341846377.298068 -0.053955328 0.339906156 0.137120008 -0.057444941 0.032550730 0.045263428 0.996790707
1341846377.334109 -0.052245725 0.340734720 0.140136063 -0.061661530 0.030995384 0.046975099 0.996509135
1341846377.366029 -0.049922332 0.340396971 0.143046796 -0.063446485 0.030881900 0.044653114 0.996507406
1341846377.401870 -0.052588131 0.340953231 0.140212893 -0.064745434 0.032328669 0.042253483 0.996482551
1341846377.434052 -0.051936757 0.329611689 0.144817472 -0.067434236 0.031402774 0.042248756 0.996334076
1341846377.466127 -0.049514506 0.323326886 0.148422465 -0.065885238 0.031149462 0.041687891 0.996469259
1341846377.502027 -0.043590482 0.326706529 0.144761384 -0.063894130 0.030782657 0.038718313 0.996730089
1341846377.534114 -0.047503658 0.320879012 0.144499630 -0.063573904 0.034392249 0.034838978 0.996775687
1341846377.566085 -0.049593966 0.313491106 0.139730439 -0.061667450 0.035990678 0.037263498 0.996751368
1341846377.602113 -0.051005393 0.309116989 0.141949728 -0.059502851 0.035831191 0.037776113 0.996869385
1341846377.633912 -0.043907586 0.286306858 0.142568305 -0.056438483 0.035911091 0.035415087 0.997131288
1341846377.676329 -0.040733837 0.297114223 0.135161251 -0.049328923 0.036415674 0.034630746 0.997517586
1341846377.743964 -0.048570044 0.274349809 0.138172522 -0.042377654 0.035357613 0.030353740 0.998014331
1341846377.802535 -0.045636311 0.263101578 0.126671180 -0.040532965 0.034694634 0.030534063 0.998108745
1341846377.835932 -0.046273999 0.238544762 0.126893997 -0.036485884 0.036306296 0.032355949 0.998150170
1341846377.872063 -0.055933554 0.235466614 0.108588897 -0.033967391 0.034617748 0.039967630 0.998023272
1341846377.902201 -0.043379705 0.228816018 0.119010091 -0.034105040 0.027102003 0.040309202 0.998237193
1341846377.939383 -0.041219495 0.226914883 0.115733735 -0.028644424 0.031341363 0.030672807 0.998627245
1341846377.970635 -0.048179824 0.216664091 0.104197972 -0.031873289 0.033402745 0.033752132 0.998363256
1341846378.002401 -0.043410566 0.196888998 0.109511413 -0.036727913 0.026363315 0.035874162 0.998333156
1341846378.038883 -0.035896704 0.189563081 0.106934942 -0.032530043 0.026609020 0.032432858 0.998589933
1341846378.106524 -0.038093716 0.170940787 0.095276542 -0.035770696 0.026687039 0.029726356 0.998561263
1341846378.138114 -0.034782808 0.161458552 0.099857971 -0.034844838 0.026984455 0.026460927 0.998677850
1341846378.170157 -0.035193756 0.156411782 0.090909936 -0.033795744 0.028846210 0.018943863 0.998832762
1341846378.206045 -0.036515672 0.142087206 0.090389498 -0.036667526 0.029994141 0.014137226 0.998777270
1341846378.238081 -0.034639947 0.119626425 0.097233593 -0.037636213 0.029781297 0.013148738 0.998761058
1341846378.275916 -0.030775174 0.113852985 0.089624502 -0.033893857 0.029708685 0.011768097 0.998914480
1341846378.312389 -0.030831249 0.107742444 0.088417202 -0.032784455 0.032306459 0.008083880 0.998907447
1341846378.344267 -0.029431341 0.087015271 0.089702711 -0.033109698 0.034785520 0.007073893 0.998821139
1341846378.376036 -0.029163184 0.075760037 0.081438549 -0.029099816 0.036013469 0.007513499 0.998899281
1341846378.411936 -0.028662663 0.071325302 0.077502869 -0.027047513 0.037437238 0.005205856 0.998919308
1341846378.444079 -0.029031156 0.058441598 0.076590337 -0.026356628 0.040230893 0.001165447 0.998842061
1341846378.480041 -0.028914524 0.046148546 0.064907894 -0.025903109 0.040373918 -0.000638775 0.998848617
1341846378.512023 -0.028445857 0.035728268 0.066309623 -0.026466327 0.038357470 -0.001376807 0.998912573
1341846378.543975 -0.022483028 0.028844029 0.070902683 -0.023069095 0.039855681 -0.007499029 0.998910964
1341846378.579973 -0.029672788 0.016887069 0.067301556 -0.021816354 0.043103632 -0.009890656 0.998783410
1341846378.612676 -0.025337594 0.007922654 0.066851534 -0.019339059 0.042730346 -0.010484736 0.998844445
1341846378.643945 -0.021371361 -0.008652077 0.059743922 -0.016405594 0.045378167 -0.012314850 0.998759210
1341846378.679954 -0.024921151 -0.010985299 0.055862207 -0.012449009 0.046757448 -0.011901244 0.998757780
1341846378.742199 -0.012899441 -0.031332437 0.050692823 -0.007739692 0.049672194 -0.017044598 0.998590112
1341846378.774089 -0.023763219 -0.038321704 0.057902131 -0.002719087 0.054605383 -0.019228227 0.998319149
1341846378.805994 -0.025914825 -0.041795239 0.056456238 0.000708268 0.054982144 -0.017444879 0.998334646
1341846378.842121 -0.016466916 -0.047240648 0.045581672 0.002866413 0.055120159 -0.019986235 0.998275578
1341846378.874022 -0.016848052 -0.064289473 0.043014441 0.004625774 0.058128484 -0.023986362 0.998010218
1341846378.911788 -0.020274779 -0.064969152 0.047389332 0.007580502 0.059905168 -0.021807432 0.997937024
1341846378.974034 -0.014308231 -0.087297447 0.042638242 0.010647127 0.060827736 -0.024538413 0.997789800
1341846379.009977 -0.014302681 -0.086748905 0.038908247 0.013476706 0.063556388 -0.023055315 0.997620881
1341846379.041991 -0.014246112 -0.091001600 0.036484376 0.014970928 0.064315423 -0.023782019 0.997533858
1341846379.078155 -0.010547251 -0.106238492 0.031528819 0.015509097 0.065754823 -0.028105121 0.997319341
1341846379.109871 -0.011562539 -0.111672625 0.025354031 0.016456425 0.066497967 -0.027837656 0.997262359
1341846379.142034 -0.004951893 -0.124852881 0.027414089 0.015663302 0.065929443 -0.028559349 0.997292519
1341846379.178080 -0.004825222 -0.141931325 0.026965922 0.017777117 0.068151027 -0.033926748 0.996939480
1341846379.209979 -0.007410056 -0.154244855 0.020463696 0.023218336 0.069678485 -0.035417546 0.996670127
1341846379.242047 -0.011688832 -0.165524513 0.021241179 0.029578201 0.067139134 -0.032905627 0.996762097
1341846379.278304 -0.009775733 -0.169399202 0.019134486 0.036052089 0.065671019 -0.036670543 0.996515334
1341846379.310076 -0.003888958 -0.191831648 -0.003841638 0.043209217 0.068246074 -0.038557947 0.995986283
1341846379.346166 0.002164417 -0.190566674 0.019135676 0.050538622 0.070350841 -0.034987897 0.995626628
1341846379.377944 0.002975727 -0.204550013 0.021297578 0.057024326 0.070390716 -0.034497090 0.995290577
1341846379.409974 0.009955865 -0.206234336 0.012919801 0.066467986 0.071551964 -0.034104470 0.994635224
1341846379.446065 0.007405593 -0.202872768 0.014807719 0.072054349 0.073217578 -0.032368246 0.994182944
1341846379.478631 0.008575836 -0.205698311 0.017552737 0.072434224 0.072560564 -0.031153491 0.994242251
1341846379.511214 0.018326400 -0.218053803 0.011449381 0.070448987 0.073477931 -0.033441592 0.994243264
1341846379.546204 0.003463853 -0.225591496 0.021769399 0.071841076 0.076451533 -0.033258032 0.993925512
1341846379.578217 0.000200784 -0.212751538 0.019845001 0.073860578 0.072144240 -0.029475840 0.994218826
1341846379.614096 0.013414401 -0.217196047 0.012835846 0.071388140 0.068697833 -0.028396316 0.994674802
1341846379.646030 0.015551892 -0.215688840 0.015692689 0.069715753 0.070833348 -0.028288240 0.994646788
1341846379.678830 0.005868569 -0.215411231 0.016257245 0.067208044 0.070650302 -0.026170451 0.994890273
1341846379.714071 0.002903163 -0.213932306 0.014535930 0.065527558 0.067440994 -0.023597106 0.995289445
1341846379.746082 0.013567530 -0.214735642 0.009333995 0.063318990 0.066779532 -0.022749780 0.995496690
1341846379.778087 0.003896438 -0.202139705 0.014691236 0.061676521 0.068920158 -0.020165544 0.995509624
1341846379.813931 -0.001794501 -0.194311932 0.015981674 0.057432551 0.066383481 -0.017252823 0.995990515
1341846379.845927 -0.003242708 -0.192598179 0.021200879 0.053075895 0.065676793 -0.016918149 0.996284723
1341846379.881893 -0.007614089 -0.182611063 0.023983650 0.048674095 0.066578761 -0.014943358 0.996481240
1341846379.913954 -0.008517291 -0.162565991 0.024821600 0.042437334 0.064907685 -0.010459483 0.996933639
1341846379.946050 -0.010072541 -0.161245868 0.023042349 0.035041228 0.063106455 -0.009351265 0.997347593
1341846379.981969 -0.017600225 -0.157986343 0.029593483 0.030211462 0.062188022 -0.006918712 0.997583091
1341846380.013935 -0.020386908 -0.147073671 0.026542388 0.025903303 0.059052367 -0.002124604 0.997916460
1341846380.046124 -0.015125101 -0.143275961 0.035213865 0.019194065 0.055852715 0.002142341 0.998252213
1341846380.082142 -0.011334371 -0.139184877 0.035637874 0.013231706 0.055731017 0.001419235 0.998357117
1341846380.114330 -0.020289501 -0.138196543 0.048211955 0.008352837 0.057526663 0.003265348 0.998303652
1341846380.150278 -0.026512651 -0.139403045 0.052981246 0.006062298 0.056184001 0.006588263 0.998380303
1341846380.182030 -0.021701807 -0.128895402 0.058670618 0.007403007 0.054331575 0.008787704 0.998456836
1341846380.213908 -0.019123275 -0.104275309 0.047348201 0.007299943 0.054120716 0.008643758 0.998470306
1341846380.250090 -0.013522230 -0.088738352 0.039130799 0.000170530 0.054504607 0.005547308 0.998498082
1341846380.281996 -0.008817811 -0.090447947 0.044981416 -0.008605120 0.058582321 0.003745334 0.998238504
1341846380.318009 -0.017069478 -0.086909004 0.046588026 -0.013852661 0.063294426 0.003152174 0.997893810
1341846380.350031 -0.019442119 -0.072610632 0.049407654 -0.019417064 0.064512461 0.008795908 0.997689247
1341846380.382297 -0.014785171 -0.064972311 0.052371778 -0.023631293 0.064969279 0.010687836 0.997550189
1341846380.418020 -0.011115059 -0.040989928 0.059632611 -0.026450850 0.065748416 0.014069420 0.997386396
1341846380.450059 -0.021340983 -0.026102042 0.075783923 -0.033993244 0.062748730 0.022913300 0.997187018
1341846380.481987 -0.019585634 -0.016621158 0.076884329 -0.041881572 0.056525543 0.026173664 0.997178853
1341846380.518026 -0.009376630 -0.017142728 0.071826100 -0.047689587 0.052837141 0.025822585 0.997129440
1341846380.549973 -0.013735455 -0.010623964 0.078013271 -0.049629379 0.052281223 0.026181009 0.997054696
1341846380.585876 -0.009880011 -0.007559655 0.078613199 -0.050845064 0.047150731 0.028258020 0.997192621
1341846380.617833 -0.003605549 -0.010307239 0.075063117 -0.050296888 0.043867983 0.027294790 0.997397006
1341846380.650010 0.000445502 -0.006259788 0.074226096 -0.046698987 0.042506322 0.025470406 0.997679114
1341846380.686058 -0.000557117 0.001513214 0.071540445 -0.043154154 0.040819675 0.024386108 0.997936249
1341846380.718154 -0.002702690 -0.002497681 0.071086399 -0.041604895 0.039673798 0.023409130 0.998071671
1341846380.750063 0.006362927 -0.003863856 0.067247048 -0.036722232 0.038342506 0.023526620 0.998312473
1341846380.785897 0.003365993 0.009213413 0.064134069 -0.029959450 0.039312020 0.025685502 0.998447418
1341846380.818263 -0.012616388 0.023098487 0.067256406 -0.027025843 0.037531070 0.026238043 0.998585284
1341846380.854055 -0.007258493 0.012759513 0.073884219 -0.027415860 0.034502637 0.023113977 0.998761058
1341846380.886150 -0.006338642 0.023073312 0.074246213 -0.021999866 0.033940416 0.023787450 0.998898506
1341846380.918124 -0.013008998 0.033989780 0.082244463 -0.020641003 0.030437589 0.025283772 0.999003589
1341846380.954125 -0.003673290 0.024239479 0.083610184 -0.022566576 0.023812914 0.025102159 0.999146402
1341846380.985985 0.004073577 0.019572409 0.087700069 -0.022147482 0.024490362 0.022285296 0.999206245
1341846381.018098 -0.001294229 0.024708761 0.097632974 -0.020540740 0.026078982 0.022118598 0.999204040
1341846381.054072 0.003316706 0.020660426 0.105071373 -0.019860307 0.022421788 0.023485012 0.999275386
1341846381.086074 0.013897015 0.013106997 0.107389957 -0.015621810 0.021298468 0.024998005 0.999338508
1341846381.122035 0.008402850 0.022752671 0.120134845 -0.012270754 0.023379482 0.025901590 0.999315739
1341846381.159808 0.009929382 0.017790139 0.128964603 -0.013667989 0.023103738 0.024986643 0.999327302
1341846381.222118 0.026194019 0.026977617 0.144968987 -0.012130737 0.025514955 0.027713582 0.999216557
1341846381.254198 0.037715115 0.020898752 0.152862683 -0.015565947 0.027726196 0.026242260 0.999149799
1341846381.289977 0.047095284 0.022347422 0.172147691 -0.014061416 0.034145836 0.026207201 0.998974204
1341846381.322365 0.036954977 0.033889592 0.186614960 -0.012692844 0.038499750 0.032164104 0.998660147
1341846381.353963 0.041914832 0.031805020 0.195811406 -0.015223425 0.039167989 0.036762636 0.998440087
1341846381.389983 0.062772341 0.032633066 0.198292002 -0.017120494 0.041221369 0.037258599 0.998308301
1341846381.421973 0.054958064 0.039587036 0.214546323 -0.020232631 0.048462957 0.040364340 0.997803926
1341846381.454108 0.051747669 0.033752494 0.235032767 -0.024289068 0.050883934 0.041289553 0.997555017
1341846381.489891 0.065715507 0.019970845 0.241454989 -0.023477454 0.052738164 0.042685848 0.997419357
1341846381.521988 0.067269608 0.019459045 0.256291896 -0.018527715 0.057113901 0.048916761 0.996996403
1341846381.558072 0.074110352 0.023962753 0.265969753 -0.014778255 0.059441105 0.052495562 0.996740937
1341846381.589879 0.077682793 0.027971758 0.272846609 -0.013016744 0.063318148 0.050612945 0.996624112
1341846381.622018 0.084002256 0.030699369 0.283093244 -0.013791678 0.066867970 0.048660144 0.996479094
1341846381.657894 0.087530762 0.023112638 0.300581157 -0.014941594 0.070005327 0.045832809 0.996381104
1341846381.689870 0.092246182 0.017534772 0.313901573 -0.010988439 0.073095590 0.044747755 0.996259987
1341846381.722338 0.092108265 0.025366442 0.325942367 -0.007449028 0.076095521 0.044332691 0.996086597
1341846381.758166 0.093848988 0.024092248 0.337001950 -0.007519748 0.078163825 0.043878764 0.995946050
1341846381.790889 0.100799948 0.019042594 0.338534176 -0.006245913 0.079428107 0.042536814 0.995913029
1341846381.826591 0.107719213 0.023162644 0.363892764 -0.003137119 0.081665061 0.042060614 0.995766997
1341846381.859589 0.100435004 0.018942917 0.375833929 -0.002586435 0.082045458 0.043767806 0.995663702
1341846381.890538 0.100147471 0.021548027 0.384278893 -0.000277679 0.078093275 0.044556983 0.995949805
1341846381.926191 0.111215614 0.027390040 0.392224312 0.000362897 0.074303888 0.042292595 0.996338367
1341846381.958121 0.102391787 0.038817890 0.399562746 -0.001056744 0.072899155 0.041631948 0.996469438
1341846381.990050 0.102892466 0.031592932 0.407268673 -0.007281950 0.064780533 0.042951286 0.996948183
1341846382.026007 0.118333146 0.033377629 0.422992378 -0.010395252 0.058769770 0.038248848 0.997484386
1341846382.059217 0.121481329 0.038734123 0.435162246 -0.015221801 0.058569107 0.033580005 0.997602284
1341846382.094090 0.119814776 0.033858828 0.452266693 -0.020990007 0.056494776 0.033510324 0.997619569
1341846382.126195 0.128396437 0.025759678 0.465828359 -0.022634676 0.053139411 0.034445930 0.997736096
1341846382.158170 0.130216762 0.025441244 0.474349439 -0.022525761 0.054545641 0.035486739 0.997626185
1341846382.194097 0.135024935 0.027735077 0.487996399 -0.022889307 0.054690182 0.037851728 0.997523069
1341846382.226010 0.138268322 0.021172907 0.498579144 -0.023724044 0.054218791 0.039401118 0.997469306
1341846382.258172 0.140319794 0.018663634 0.503299832 -0.024110809 0.054950215 0.039042611 0.997434139
1341846382.294020 0.141171739 0.021490771 0.517680645 -0.023481842 0.057545040 0.037557926 0.997359812
1341846382.325957 0.135940000 0.026022829 0.534129918 -0.023512976 0.057807546 0.035021458 0.997436166
1341846382.361974 0.138247862 0.016499825 0.544656694 -0.025937941 0.056261532 0.034018159 0.997499168
1341846382.393888 0.138680756 0.010703818 0.554854572 -0.025668342 0.054590125 0.032047629 0.997664273
1341846382.425972 0.140301511 0.016182536 0.568266273 -0.024279445 0.053383011 0.028170483 0.997881353
1341846382.462037 0.131632119 0.016942292 0.575374067 -0.025154468 0.053565752 0.022482317 0.997994244
1341846382.494003 0.131205067 0.015406104 0.593080521 -0.027079877 0.050482433 0.018401880 0.998188138
1341846382.530148 0.138762802 0.017902482 0.607743204 -0.025799727 0.046751693 0.015611243 0.998451293
1341846382.562400 0.137925655 0.015920145 0.615758479 -0.025480080 0.046655193 0.014933323 0.998474360
1341846382.593981 0.138928622 0.010554806 0.627563953 -0.025454905 0.046537545 0.016049774 0.998463154
1341846382.629905 0.134400114 0.001795514 0.636761427 -0.022906458 0.048446693 0.018585918 0.998390079
1341846382.661966 0.137022987 0.011232314 0.643730640 -0.018408503 0.048031200 0.020937517 0.998456657
1341846382.693976 0.133824885 0.010370372 0.650592089 -0.019588165 0.048481185 0.021884672 0.998392165
1341846382.730021 0.134578168 0.003874240 0.657384992 -0.020304816 0.049463943 0.022034548 0.998326361
1341846382.762004 0.128910735 0.015035896 0.664694428 -0.017430704 0.050975151 0.022487829 0.998294532
1341846382.798112 0.129447386 0.017481448 0.669183016 -0.019653434 0.049060680 0.020277731 0.998396516
1341846382.829949 0.134319752 0.011651774 0.674411654 -0.023006614 0.049277179 0.014533513 0.998414397
1341846382.861875 0.130043373 0.012965837 0.680274069 -0.023170415 0.051482219 0.012024856 0.998332679
1341846382.897967 0.130821124 0.007764162 0.683574200 -0.024554683 0.051539391 0.012684458 0.998288453
1341846382.930017 0.139050975 0.006364549 0.686219633 -0.023127442 0.051045630 0.013608213 0.998335719
1341846382.962121 0.139526814 0.014403625 0.691792667 -0.020008812 0.054023262 0.012331137 0.998263061
1341846382.997950 0.129482090 0.002990791 0.690240443 -0.022437479 0.057335407 0.014017645 0.998004377
1341846383.029927 0.131539732 0.005409050 0.693993270 -0.020988733 0.056777611 0.014622125 0.998059094
1341846383.104184 0.140545756 0.013140079 0.700048566 -0.022498587 0.060036823 0.007525280 0.997914195
1341846383.172122 0.142570943 0.013275337 0.708211720 -0.024781115 0.058436714 0.006504664 0.997962296
1341846383.236935 0.135638610 0.009993816 0.709051192 -0.026583431 0.068276130 0.005539539 0.997296870
1341846383.272112 0.144770622 0.005559884 0.710744262 -0.026224520 0.064838223 0.010558954 0.997495234
1341846383.303955 0.151223660 0.010992153 0.701751292 -0.024598634 0.064973161 0.012892724 0.997500479
1341846383.336133 0.148914546 0.014875385 0.710205853 -0.026781386 0.066257134 0.012180808 0.997368693
1341846383.398119 0.152360857 0.004637728 0.708331108 -0.030019978 0.064819805 0.015182368 0.997329772
1341846383.433991 0.153947487 0.007118990 0.705028713 -0.029947622 0.066317610 0.016059414 0.997219741
1341846383.466087 0.150813222 0.003390073 0.698981524 -0.030728946 0.066896223 0.017033702 0.997141182
1341846383.501974 0.143919006 0.000778163 0.695900738 -0.030387620 0.066525735 0.019312872 0.997134864
1341846383.533975 0.143129453 0.002543550 0.691839039 -0.029439872 0.064278439 0.018930845 0.997318029
1341846383.565981 0.143166497 0.003873860 0.683879375 -0.030017830 0.063052446 0.017056936 0.997412860
1341846383.602253 0.136985213 0.002561991 0.679543138 -0.030382628 0.061146501 0.016882595 0.997523427
1341846383.634175 0.120888725 0.005003483 0.674413621 -0.029236589 0.058243956 0.016888471 0.997731209
1341846383.665988 0.122479692 0.005643103 0.663866401 -0.029839640 0.053198442 0.015589356 0.998016238
1341846383.702104 0.113532916 0.003057001 0.654608488 -0.030704096 0.051825657 0.012316328 0.998108029
1341846383.734131 0.104710653 0.003571422 0.650794387 -0.030798273 0.048165463 0.011878867 0.998293757
1341846383.770067 0.101169795 0.008718770 0.642375052 -0.029117038 0.042936821 0.014608813 0.998546541
1341846383.802027 0.099161044 0.003022416 0.631795585 -0.030093528 0.039059483 0.014961635 0.998671532
1341846383.870067 0.084741160 0.012423673 0.610443473 -0.028637629 0.034365699 0.016975276 0.998854697
1341846383.901854 0.083414868 0.011809322 0.601136208 -0.028851382 0.030823926 0.017273318 0.998959005
1341846383.934301 0.080511957 0.016480003 0.589464009 -0.030875079 0.029453492 0.016701272 0.998949587
1341846383.969997 0.073625527 0.002408723 0.581172168 -0.034752347 0.028124243 0.017165745 0.998852670
1341846384.001936 0.070098244 0.003274884 0.571481168 -0.032284986 0.025161387 0.020596793 0.998949647
1341846384.038092 0.065778449 0.017010795 0.556497574 -0.028461210 0.020020256 0.021384578 0.999165595
1341846384.070104 0.073671326 0.019769074 0.547934115 -0.029090079 0.016992094 0.017554669 0.999278128
1341846384.102008 0.061508410 0.011051561 0.536474526 -0.028854256 0.018864088 0.016476858 0.999269783
1341846384.138265 0.058504350 0.012363098 0.524528861 -0.027492801 0.014779203 0.018866332 0.999334693
1341846384.170093 0.057577249 0.016068645 0.514389575 -0.027820602 0.012368281 0.018565387 0.999363959
1341846384.202188 0.056429930 0.016658174 0.502774060 -0.027069885 0.013665371 0.015790269 0.999415398
1341846384.237844 0.049285609 0.019550780 0.493482888 -0.026975835 0.014875887 0.015732879 0.999401569
1341846384.269968 0.045883328 0.011613694 0.485400081 -0.028165754 0.013539987 0.017997183 0.999349535
1341846384.306015 0.049153596 0.017298188 0.472607225 -0.025795300 0.012735424 0.017244175 0.999437392
1341846384.337907 0.042990342 0.020292979 0.460444272 -0.025775554 0.013814439 0.017162737 0.999424934
1341846384.369865 0.044712733 0.021546848 0.450225741 -0.026968263 0.012371788 0.016479053 0.999423862
1341846384.406199 0.042255770 0.020511771 0.441692084 -0.026416404 0.013220062 0.014249708 0.999462008
1341846384.437788 0.036307946 0.025219858 0.428411454 -0.026126549 0.013769719 0.013228446 0.999476254
1341846384.469882 0.036720283 0.028075272 0.418640375 -0.028543323 0.012369551 0.011328463 0.999451816
1341846384.506115 0.035560876 0.024171870 0.409792572 -0.030205196 0.013830369 0.007667976 0.999418616
1341846384.537970 0.037799101 0.031922832 0.402592033 -0.030750154 0.015712066 0.007284572 0.999377012
1341846384.573994 0.030659229 0.022093523 0.394919604 -0.033466168 0.016402153 0.010048310 0.999254763
1341846384.606493 0.029481784 0.019692559 0.388437450 -0.031627927 0.014620300 0.014449382 0.999288321
1341846384.637999 0.025320008 0.026254348 0.379001051 -0.029056165 0.013936052 0.016605385 0.999342680
1341846384.674068 0.021518826 0.030120239 0.371254861 -0.029235240 0.012990613 0.015720982 0.999364495
1341846384.705921 0.018150322 0.031825211 0.358318985 -0.028140092 0.012424740 0.013751456 0.999432147
1341846384.742045 0.012830983 0.039094243 0.354117215 -0.027606566 0.010136324 0.013001666 0.999482930
1341846384.774082 0.009346099 0.041584022 0.345639974 -0.030079134 0.008268226 0.009124116 0.999471664
1341846384.805987 0.004572331 0.040459320 0.336648315 -0.031596143 0.008573154 0.003954940 0.999456108
1341846384.842025 -0.000241146 0.045774929 0.330967337 -0.031685427 0.007192442 0.002376727 0.999469161
1341846384.874081 -0.002960019 0.039072536 0.316450655 -0.033940941 0.005511040 0.004010671 0.999400616
1341846384.905998 -0.002332126 0.040408328 0.309361696 -0.031791624 0.004853084 0.007747226 0.999452710
1341846384.942014 -0.007938328 0.047607154 0.300399631 -0.030757869 0.005715533 0.009980198 0.999460697
1341846384.974049 -0.008420457 0.040931128 0.292777985 -0.032877423 0.004939556 0.013135450 0.999360859
1341846385.009917 -0.010478611 0.039068427 0.284363955 -0.030792296 0.005585946 0.017601373 0.999355197
1341846385.042211 -0.015326648 0.045294084 0.273178369 -0.029169554 0.006578411 0.020167561 0.999349356
1341846385.073967 -0.017653754 0.046444472 0.267557293 -0.030610565 0.007707262 0.018994709 0.999321163
1341846385.110157 -0.019041400 0.040669080 0.264371932 -0.030293502 0.008796581 0.019013112 0.999321461
1341846385.141931 -0.022386057 0.038623925 0.255328447 -0.028891679 0.009215524 0.021575900 0.999307156
1341846385.173929 -0.031564061 0.039587025 0.249855638 -0.027265217 0.008600490 0.020088142 0.999389350
1341846385.210052 -0.028989669 0.041316375 0.237609953 -0.025983265 0.007719118 0.014297411 0.999530315
1341846385.242941 -0.037469927 0.037914503 0.236143857 -0.025391791 0.009083409 0.008887626 0.999596775
1341846385.278001 -0.039838817 0.037978645 0.225308612 -0.024971453 0.008079508 0.005498599 0.999640405
1341846385.311234 -0.044688400 0.033120975 0.221786171 -0.023014862 0.007678338 0.004861357 0.999693811
1341846385.342936 -0.050671011 0.037026644 0.215931684 -0.019336456 0.006616547 0.003616382 0.999784589
1341846385.378101 -0.056240816 0.041570019 0.205451891 -0.018554106 0.006950628 0.001191569 0.999802947
1341846385.410048 -0.066264398 0.039442357 0.199133903 -0.019067263 0.006704502 0.000944861 0.999795258
1341846385.442088 -0.076588288 0.039323706 0.193016127 -0.018423775 0.004931975 0.000713678 0.999817848
1341846385.477970 -0.082253128 0.043259043 0.186084732 -0.018584736 0.001436655 0.000593741 0.999826074
1341846385.510109 -0.086142272 0.043455373 0.178450465 -0.019276733 -0.000307225 0.000672632 0.999813914
1341846385.545989 -0.099956632 0.043079488 0.172579780 -0.019684054 -0.002214724 0.000548779 0.999803662
1341846385.577939 -0.099189401 0.045398984 0.155334473 -0.020472595 -0.007937674 0.000366111 0.999758840
1341846385.609948 -0.105415784 0.038656071 0.153208703 -0.022056149 -0.010318948 0.001537765 0.999702275
1341846385.646024 -0.115542904 0.044543888 0.142423555 -0.022158932 -0.013133849 0.001044370 0.999667645
1341846385.678122 -0.123551786 0.049013585 0.138237044 -0.023352606 -0.019138107 0.003069856 0.999539375
1341846385.713966 -0.117414951 0.043001648 0.127028167 -0.024780884 -0.023173714 0.003528095 0.999418020
1341846385.745986 -0.123368382 0.042975552 0.121480644 -0.023984946 -0.022958122 0.004388370 0.999439001
1341846385.778024 -0.135143727 0.046355061 0.113921009 -0.023627438 -0.024390738 0.006409108 0.999402702
1341846385.814480 -0.131916344 0.047480941 0.106493995 -0.024115972 -0.026614700 0.006569635 0.999333262
1341846385.846594 -0.132285863 0.051299099 0.099017754 -0.024082275 -0.024240706 0.003278554 0.999410689
1341846385.884072 -0.149129599 0.053343348 0.091750294 -0.024967600 -0.020445341 0.004980210 0.999466777
1341846385.920282 -0.151444599 0.055011865 0.087990932 -0.025495453 -0.022951031 0.007020653 0.999386787
1341846385.951967 -0.144664660 0.055021390 0.067987271 -0.025555059 -0.021640940 0.004891371 0.999427199
1341846385.983828 -0.149350300 0.056646895 0.070091970 -0.024681872 -0.017727053 0.004097041 0.999529779
1341846386.019954 -0.160675034 0.056053627 0.062653929 -0.024536369 -0.016832747 0.005537538 0.999541879
1341846386.053153 -0.163297638 0.053216729 0.056729123 -0.023500776 -0.018443437 0.006021852 0.999535561
1341846386.087964 -0.159908801 0.052663296 0.037158184 -0.020938773 -0.016969820 0.002478688 0.999633670
1341846386.120298 -0.164926827 0.055727780 0.038719501 -0.019114966 -0.013919667 -0.001151357 0.999719739
1341846386.152323 -0.172150582 0.050594795 0.034031831 -0.017357118 -0.013788229 -0.002170702 0.999751925
1341846386.187922 -0.174432293 0.053477917 0.031872824 -0.013897304 -0.014794859 -0.004536932 0.999783695
1341846386.220214 -0.171887100 0.052700732 0.025424255 -0.011819468 -0.014494557 -0.009847944 0.999776602
1341846386.251878 -0.174161777 0.045391515 0.010837836 -0.009559602 -0.012992453 -0.012374732 0.999793351
1341846386.287926 -0.181799933 0.042725496 0.001377271 -0.006929268 -0.013958099 -0.012658645 0.999798417
1341846386.320048 -0.175610095 0.049900349 -0.011890908 -0.003694975 -0.016442675 -0.016060127 0.999728978
1341846386.351806 -0.173878431 0.048907753 -0.027044276 -0.002251529 -0.014259941 -0.020214166 0.999691427
1341846386.387904 -0.178038418 0.045668431 -0.042498752 -0.000664499 -0.013456941 -0.020164857 0.999705911
1341846386.420158 -0.182672784 0.047596462 -0.062479269 0.001380792 -0.015327715 -0.018903777 0.999702871
1341846386.488011 -0.172365069 0.057018250 -0.095570534 0.003186395 -0.019880395 -0.022446407 0.999545276
1341846386.550203 -0.187457308 0.052640270 -0.122754268 0.004642800 -0.018608201 -0.022752013 0.999557137
1341846386.582265 -0.179576948 0.059971649 -0.143090189 0.005635060 -0.022966281 -0.019882021 0.999522626
1341846386.618055 -0.178324863 0.067865960 -0.164511263 0.005720569 -0.022771968 -0.022083279 0.999480367
1341846386.651032 -0.180792972 0.073257513 -0.185865909 0.004724840 -0.021296168 -0.023337031 0.999489665
1341846386.682220 -0.182237551 0.074871480 -0.197849512 0.002180835 -0.022750841 -0.021183068 0.999514341
1341846386.718071 -0.175686017 0.068871237 -0.213383958 0.000900287 -0.024146760 -0.018884515 0.999529660
1341846386.750071 -0.166388586 0.072966687 -0.231635824 0.003100239 -0.022042299 -0.017817916 0.999593437
1341846386.786100 -0.177837402 0.081477128 -0.246664569 0.004253370 -0.018425405 -0.014373431 0.999717891
1341846386.817967 -0.174687967 0.073927052 -0.259276986 0.004569976 -0.019471219 -0.012184555 0.999725699
1341846386.850155 -0.170218542 0.082566291 -0.275644779 0.006129443 -0.017966948 -0.012785116 0.999738038
1341846386.886034 -0.167443544 0.081200667 -0.288870037 0.005474164 -0.015328362 -0.010539710 0.999812007
1341846386.918050 -0.173763081 0.082420439 -0.301168799 0.006014585 -0.012928222 -0.007634293 0.999869227
1341846386.954005 -0.171402052 0.085612580 -0.314417034 0.006571408 -0.012616888 -0.005074869 0.999885917
1341846386.986155 -0.169004053 0.095014527 -0.340849459 0.007206169 -0.011047353 -0.004421677 0.999903202
1341846387.018027 -0.171477675 0.092002392 -0.352232724 0.006653874 -0.005800436 -0.002881064 0.999956906
1341846387.054058 -0.180748567 0.093346693 -0.368463159 0.008322634 -0.003195432 -0.000779844 0.999959946
1341846387.086157 -0.178732455 0.095127754 -0.376630276 0.008900814 -0.003206569 -0.001046246 0.999954700
1341846387.118350 -0.172300607 0.094102219 -0.390148312 0.009496978 -0.000716661 -0.002747301 0.999950886
1341846387.153927 -0.169417441 0.088476658 -0.385104239 0.010162379 0.000499857 -0.002540927 0.999944985
1341846387.185953 -0.174227551 0.097309336 -0.404947221 0.010385823 0.000042649 -0.002160792 0.999943733
1341846387.222042 -0.168777704 0.099235170 -0.410548985 0.008263051 -0.001015491 -0.003870276 0.999957860
1341846387.253968 -0.167102814 0.095352180 -0.420181245 0.007010000 0.000821547 -0.005996120 0.999957144
1341846387.286046 -0.177039132 0.099886946 -0.435743123 0.006196168 0.001791663 -0.004264269 0.999970138
1341846387.322002 -0.171756759 0.101567015 -0.441155344 0.004323972 0.000227334 -0.003483560 0.999984562
1341846387.353879 -0.168607548 0.104392909 -0.464408875 0.003519947 0.001522069 -0.002872271 0.999988496
1341846387.386177 -0.177273616 0.105498448 -0.464146823 0.003299004 0.002384197 -0.000200473 0.999991655
1341846387.422132 -0.170462310 0.105723508 -0.483106166 0.003729148 0.000321647 0.002987178 0.999988496
1341846387.454043 -0.163665295 0.114301614 -0.490098596 0.004612366 0.001320902 0.000938105 0.999988019
1341846387.490166 -0.172530740 0.111620523 -0.505597293 0.003684833 0.002920631 0.001595372 0.999987662
1341846387.522009 -0.173670501 0.109957978 -0.511523128 0.003779850 0.000745868 0.005940572 0.999974906
1341846387.554619 -0.166936904 0.116895154 -0.526278138 0.004598684 -0.000249637 0.007381138 0.999962151
1341846387.590257 -0.164177567 0.127354592 -0.539244235 0.003460378 0.000505539 0.006744168 0.999971151
1341846387.622301 -0.166275620 0.125983372 -0.537888527 0.000352949 0.002167425 0.007017211 0.999972939
1341846387.654151 -0.172275275 0.123002551 -0.546201825 -0.001611889 0.002268252 0.007512917 0.999967873
1341846387.690110 -0.172891960 0.127756014 -0.555216968 -0.002468432 0.000091074 0.006390695 0.999976516
1341846387.722109 -0.171575397 0.129716381 -0.560113847 -0.004727406 -0.000968786 0.006038713 0.999970138
1341846387.758177 -0.172272027 0.124769934 -0.567062974 -0.006540796 -0.001565480 0.006848181 0.999953926
1341846387.790191 -0.179387227 0.123650044 -0.572519660 -0.006114679 -0.002727628 0.009911262 0.999928474
1341846387.822157 -0.176227123 0.130798474 -0.581785142 -0.004827071 -0.005139546 0.010225533 0.999922872
1341846387.858179 -0.176061809 0.134851411 -0.590493023 -0.005214343 -0.006269139 0.013774934 0.999871910
1341846387.890013 -0.180279881 0.132307470 -0.595485628 -0.005544067 -0.008513901 0.014939597 0.999836802
1341846387.926103 -0.176191479 0.137133583 -0.602996945 -0.005128767 -0.009743826 0.014373748 0.999836087
1341846387.958426 -0.178760186 0.138370737 -0.604835033 -0.006018521 -0.010548860 0.017584715 0.999771595
1341846387.990086 -0.183090746 0.140198797 -0.606848538 -0.006398392 -0.012690627 0.018673997 0.999724567
1341846388.026158 -0.174855530 0.128261298 -0.600008905 -0.006047853 -0.017218899 0.018128809 0.999669075
1341846388.058060 -0.169697642 0.122085027 -0.599759519 -0.001672311 -0.019303670 0.025283488 0.999492526
1341846388.089974 -0.173630565 0.128285259 -0.596610665 0.003921658 -0.021701118 0.029203909 0.999330163
1341846388.126088 -0.169798255 0.145552397 -0.603947222 0.007374280 -0.023528455 0.027241262 0.999324739
1341846388.158090 -0.155561507 0.160273507 -0.608962178 0.005171420 -0.022981120 0.024463672 0.999423146
1341846388.194068 -0.160024509 0.147615865 -0.594448447 -0.000372223 -0.020337733 0.021166086 0.999568999
1341846388.225961 -0.162958428 0.143589497 -0.585227907 -0.001247123 -0.020847810 0.019508583 0.999591529
1341846388.257928 -0.159161419 0.150142491 -0.581684291 -0.002024532 -0.021038530 0.020607594 0.999564230
1341846388.294066 -0.161735103 0.138682753 -0.568480372 -0.003677043 -0.020952057 0.020714004 0.999559104
1341846388.325954 -0.156909332 0.145975515 -0.563273191 -0.001956460 -0.021628940 0.019147061 0.999580801
1341846388.357936 -0.159182653 0.146516070 -0.560174048 -0.003675784 -0.019902945 0.017332692 0.999644935
1341846388.394202 -0.166285411 0.143259063 -0.541541815 -0.004625618 -0.019733589 0.015303140 0.999677420
1341846388.425957 -0.155474156 0.140936777 -0.543221891 -0.005135717 -0.021308158 0.012176313 0.999685645
1341846388.462012 -0.156757742 0.138556093 -0.525353014 -0.006195179 -0.019219974 0.009609165 0.999749899
1341846388.493961 -0.160429001 0.130206183 -0.507908821 -0.005875712 -0.019983547 0.009578466 0.999737144
1341846388.526293 -0.156149670 0.129699022 -0.500146329 -0.003969702 -0.021946041 0.009499619 0.999706149
1341846388.562293 -0.149164408 0.129185930 -0.494237602 -0.002338153 -0.020770893 0.007946996 0.999749959
1341846388.594090 -0.152954668 0.127967253 -0.481921226 -0.001789961 -0.018719461 0.007096292 0.999798000
1341846388.626030 -0.152643502 0.128120020 -0.464167923 -0.001806377 -0.019560443 0.006427014 0.999786377
1341846388.662009 -0.145722777 0.117777206 -0.452944517 -0.001037678 -0.018958490 0.004250347 0.999810696
1341846388.694110 -0.149411350 0.123190120 -0.442598820 0.000940467 -0.017532028 0.003885801 0.999838293
1341846388.730239 -0.149216920 0.120481350 -0.430018187 -0.000986738 -0.018561456 0.003854369 0.999819815
1341846388.762131 -0.139479905 0.107565336 -0.414611727 -0.001648310 -0.017907269 0.000692187 0.999838054
1341846388.794087 -0.146072596 0.116357371 -0.405731320 0.000167540 -0.015340368 0.001008990 0.999881804
1341846388.830117 -0.150999278 0.119710006 -0.381545514 -0.001760267 -0.016178504 0.002721915 0.999863863
1341846388.868548 -0.141545355 0.101718187 -0.379180282 -0.003338411 -0.017334705 0.002910432 0.999839962
1341846388.900942 -0.148240253 0.112405837 -0.362918347 -0.002020593 -0.015207902 0.002524774 0.999879122
1341846388.937157 -0.148354024 0.117054768 -0.338469267 -0.004778500 -0.016608963 0.003377659 0.999844909
1341846388.970712 -0.142410114 0.104478978 -0.314838290 -0.007281821 -0.017472737 0.002755798 0.999817014
1341846389.001153 -0.146361277 0.106084652 -0.309128135 -0.007007399 -0.017017834 0.001944816 0.999828756
1341846389.036956 -0.147882983 0.114674300 -0.287025064 -0.008638496 -0.017220711 0.000591422 0.999814212
1341846389.069208 -0.146410093 0.097317204 -0.276088059 -0.012642796 -0.017893337 0.000443700 0.999759853
1341846389.168276 -0.143296912 0.081966773 -0.237318739 -0.013521854 -0.017438928 0.001201574 0.999755740
1341846389.230639 -0.153022066 0.082254827 -0.203687847 -0.010062951 -0.016211871 0.003328469 0.999812424
1341846389.266034 -0.149259478 0.080225915 -0.187306359 -0.009049793 -0.018053940 0.001202141 0.999795318
1341846389.298760 -0.143027917 0.075638480 -0.183480740 -0.008145805 -0.016095655 -0.000066021 0.999837279
1341846389.329980 -0.147311077 0.079021029 -0.156123608 -0.005871818 -0.013922597 0.000674992 0.999885619
1341846389.366022 -0.143476471 0.080963396 -0.142488986 -0.005265412 -0.014447043 0.000710475 0.999881506
1341846389.397969 -0.136257917 0.071937792 -0.137061656 -0.005468221 -0.012110354 0.000667309 0.999911487
1341846389.433982 -0.136948705 0.073821403 -0.123576581 -0.002178697 -0.008159507 0.001565462 0.999963105
1341846389.466033 -0.139616862 0.077828363 -0.111505993 -0.002229486 -0.007294683 0.003711411 0.999963999
1341846389.498030 -0.135870397 0.071577325 -0.097511269 -0.003457212 -0.007810549 0.003600140 0.999957025
1341846389.534085 -0.128830999 0.079430610 -0.085369818 -0.001990174 -0.005286606 0.001393359 0.999983072
1341846389.565875 -0.133477718 0.084703878 -0.074356861 -0.003820122 -0.003180250 0.001564638 0.999986410
1341846389.597960 -0.132598981 0.082248174 -0.058807172 -0.008175974 -0.004304875 0.001791524 0.999955654
1341846389.634116 -0.128304183 0.080233157 -0.043794118 -0.009266307 -0.005043676 0.000489377 0.999944210
1341846389.665950 -0.126351058 0.090743020 -0.042705640 -0.011219591 -0.003726866 -0.001382817 0.999929130
1341846389.702127 -0.127575889 0.079012021 -0.019279005 -0.016491704 -0.002834336 -0.002676947 0.999856412
1341846389.734086 -0.126252964 0.075872526 -0.007905963 -0.016272936 -0.004674363 -0.001390211 0.999855697
1341846389.765898 -0.121527642 0.081480175 -0.003249237 -0.015878912 -0.005593567 -0.001466519 0.999857187
1341846389.802126 -0.118293501 0.077518396 0.013210629 -0.017362820 -0.005817569 -0.002836402 0.999828279
1341846389.834063 -0.115498826 0.073631346 0.023670314 -0.016101589 -0.005507742 -0.002206829 0.999852777
1341846389.866260 -0.113814071 0.072180524 0.038714383 -0.013527795 -0.005938085 0.002130061 0.999888599
1341846389.902002 -0.108432904 0.073051721 0.041930374 -0.012084113 -0.007440605 0.001966055 0.999897361
1341846389.934117 -0.100851536 0.075480647 0.049942277 -0.010893316 -0.006009997 -0.000377998 0.999922514
1341846389.970116 -0.102799684 0.076496214 0.059502725 -0.010640304 -0.003480941 -0.000488198 0.999937236
1341846390.002129 -0.101730183 0.073404558 0.069308266 -0.011151519 -0.005471789 0.002065215 0.999920726
1341846390.034099 -0.096716478 0.071688280 0.079971679 -0.010282208 -0.008486130 0.000995189 0.999910593
1341846390.070024 -0.090388335 0.076307714 0.084054857 -0.009537429 -0.007675601 -0.002442547 0.999922097
1341846390.101910 -0.090690047 0.073958576 0.096509166 -0.010846080 -0.007789334 -0.003517649 0.999904633
1341846390.137924 -0.084386013 0.068623908 0.105385438 -0.010270520 -0.010758155 -0.001928615 0.999887526
1341846390.170038 -0.077640757 0.077284113 0.105507597 -0.007903585 -0.010769234 -0.003020463 0.999906182
1341846390.202115 -0.077620663 0.077442273 0.114883311 -0.010867490 -0.009374018 -0.005290976 0.999882996
1341846390.238117 -0.075449042 0.071872696 0.128534138 -0.011804436 -0.010347232 -0.003911892 0.999869108
1341846390.270052 -0.069894083 0.074303858 0.129305422 -0.011055289 -0.013769943 0.002772756 0.999840200
1341846390.302085 -0.059431273 0.076674141 0.136572346 -0.012222645 -0.015077144 0.004904036 0.999799609
1341846390.338496 -0.053798638 0.071516983 0.147802129 -0.012920737 -0.013736800 0.006736290 0.999799490
1341846390.370105 -0.056535218 0.075833231 0.157447949 -0.012354849 -0.015176649 0.012444427 0.999731064
1341846390.438106 -0.043035693 0.074381590 0.171149492 -0.017691886 -0.021791805 0.009705431 0.999558866
1341846390.505984 -0.036733922 0.081468262 0.189579681 -0.021608846 -0.030706743 0.013030996 0.999209881
1341846390.538495 -0.024775753 0.077105850 0.189511806 -0.023377370 -0.033083543 0.009759513 0.999131501
1341846390.606055 -0.022460701 0.085172795 0.212174550 -0.025156451 -0.035439979 0.016056418 0.998926103
1341846390.638031 -0.010486531 0.086115718 0.211746678 -0.024778800 -0.038508598 0.017489498 0.998797894
1341846390.673954 -0.001437856 0.086840697 0.213879719 -0.025074635 -0.035782225 0.014643722 0.998937666
1341846390.705937 -0.002492488 0.097505942 0.225509793 -0.026947303 -0.034362551 0.013833524 0.998950303
1341846390.737965 0.003558408 0.088876531 0.236671418 -0.030291239 -0.036235224 0.013608868 0.998791397
1341846390.774135 0.014486474 0.092245556 0.236398652 -0.027796205 -0.034966402 0.013013464 0.998917103
1341846390.806067 0.017187662 0.101029679 0.247658253 -0.027182354 -0.030298198 0.013549390 0.999079347
1341846390.838026 0.018711329 0.101555571 0.254985780 -0.028915888 -0.029790891 0.015670769 0.999014914
1341846390.874116 0.025316354 0.109533228 0.260004818 -0.029077278 -0.030034199 0.016639231 0.998987257
1341846390.906067 0.026240095 0.107881963 0.257543802 -0.031383459 -0.028180350 0.020494264 0.998899817
1341846390.942137 0.023298122 0.102384239 0.265083671 -0.034776948 -0.027212474 0.024486663 0.998724401
1341846390.974052 0.035717096 0.093622342 0.276415020 -0.034844279 -0.030589147 0.029614540 0.998485446
1341846391.006164 0.039093848 0.102101736 0.270539761 -0.032705914 -0.032634992 0.031820003 0.998425126
1341846391.042303 0.040696487 0.102616169 0.274503917 -0.034770232 -0.033160072 0.029179573 0.998418748
1341846391.074134 0.038989924 0.098142840 0.276096940 -0.035364989 -0.033767447 0.025477108 0.998478830
1341846391.106097 0.035785887 0.099149846 0.272626072 -0.034802664 -0.035413694 0.026314480 0.998419821
1341846391.142154 0.039700262 0.099847503 0.275147825 -0.035146393 -0.037957881 0.028381865 0.998257697
1341846391.174124 0.042349800 0.101935066 0.270157874 -0.034420285 -0.038618285 0.028359698 0.998258293
1341846391.209961 0.042144965 0.104069814 0.271060258 -0.033739548 -0.037974022 0.029093595 0.998285115
1341846391.241977 0.039198913 0.089989416 0.272302449 -0.035571296 -0.039292324 0.032561235 0.998063385
1341846391.273984 0.041329224 0.094298273 0.266515046 -0.032852255 -0.041126125 0.031637315 0.998112440
1341846391.309946 0.043838784 0.093018115 0.263591468 -0.032197174 -0.040639948 0.030043332 0.998202920
1341846391.342018 0.032509703 0.092451900 0.265838355 -0.032064557 -0.040436819 0.029560760 0.998229861
1341846391.378060 0.035264410 0.089922816 0.264095247 -0.032147620 -0.044072371 0.026492586 0.998159468
1341846391.410037 0.040596351 0.093974285 0.262056470 -0.031505097 -0.045152571 0.023873469 0.998197734
1341846391.442052 0.037902363 0.090023980 0.263940215 -0.031057047 -0.043707289 0.025084626 0.998246431
1341846391.478040 0.036648139 0.092213213 0.263526499 -0.029019661 -0.045428168 0.030631529 0.998076081
1341846391.510072 0.039304100 0.094172314 0.256385803 -0.029058445 -0.047753301 0.032499161 0.997907341
1341846391.542159 0.036111996 0.094814934 0.255834818 -0.029737022 -0.046271358 0.031839520 0.997978389
1341846391.578010 0.036022287 0.095208012 0.260058522 -0.029368898 -0.045679249 0.031824678 0.998017073
1341846391.610169 0.033926394 0.087333195 0.258699387 -0.029619332 -0.047055967 0.035017285 0.997838736
1341846391.645942 0.034756076 0.086372480 0.257912457 -0.028389422 -0.049126558 0.035303574 0.997764647
1341846391.677959 0.035879128 0.086290978 0.252205849 -0.027049411 -0.049399521 0.034670532 0.997810602
1341846391.710022 0.031352442 0.082978144 0.254380435 -0.025800107 -0.049352430 0.035719153 0.997808993
1341846391.745846 0.028865131 0.077500470 0.250185043 -0.024068773 -0.051509261 0.035560317 0.997748911
1341846391.778020 0.031449575 0.079887331 0.247636706 -0.021741686 -0.051882956 0.033382904 0.997858226
1341846391.810026 0.028372312 0.072922327 0.244588271 -0.020834792 -0.051213715 0.034491438 0.997874439
1341846391.846013 0.031056277 0.070052102 0.249868602 -0.019069746 -0.052321039 0.036267456 0.997789323
1341846391.877984 0.029486042 0.070688032 0.244522482 -0.015810337 -0.051820435 0.036934711 0.997847974
1341846391.914033 0.027314011 0.069548398 0.246589586 -0.014437576 -0.050983623 0.038148165 0.997866154
1341846391.945996 0.027615365 0.068059191 0.245017380 -0.012942082 -0.051635910 0.038480796 0.997840405
1341846391.978037 0.026388742 0.069645002 0.241015077 -0.012524082 -0.051444419 0.035709821 0.997958601
1341846392.014187 0.029669965 0.065861508 0.240806550 -0.012495075 -0.051332962 0.035409477 0.997975409
1341846392.046054 0.027705137 0.066477746 0.240898833 -0.010991096 -0.051325873 0.035614084 0.997986197
1341846392.078061 0.027406156 0.069729976 0.245816842 -0.010171857 -0.051931161 0.035769612 0.997958004
1341846392.114010 0.032187942 0.073712893 0.246563867 -0.010001739 -0.052763313 0.035216406 0.997935772
1341846392.145989 0.033320133 0.073973238 0.244112536 -0.009682464 -0.052736863 0.034224242 0.997974813
1341846392.181959 0.025785616 0.075566679 0.242056251 -0.010838730 -0.053665373 0.034550563 0.997902215
1341846392.213917 0.034016937 0.074632563 0.247643575 -0.011954566 -0.057062432 0.031698514 0.997795641
1341846392.246105 0.037905023 0.076841727 0.244840026 -0.010158869 -0.055362187 0.026732042 0.998056710
1341846392.282032 0.034415759 0.075790897 0.245452195 -0.010671644 -0.054313570 0.027099309 0.998099089
1341846392.314025 0.038430564 0.073118024 0.248592794 -0.009793695 -0.057268068 0.029915778 0.997862458
1341846392.349981 0.041740201 0.078025743 0.239262074 -0.006979388 -0.056936067 0.029635746 0.997913480
1341846392.382103 0.041354839 0.078206390 0.236240670 -0.006350648 -0.055168852 0.031061517 0.997973561
1341846392.414056 0.041914012 0.074931204 0.236510068 -0.006562265 -0.055973630 0.032876793 0.997869253
1341846392.450136 0.046695884 0.071453825 0.236989290 -0.005494815 -0.057017319 0.036841121 0.997678101
1341846392.482091 0.046785578 0.068279155 0.234098926 -0.003504588 -0.057253134 0.038260937 0.997620106
1341846392.514096 0.046000820 0.074522465 0.232097730 -0.001542356 -0.056695566 0.036526088 0.997721910
1341846392.550030 0.044881444 0.067701533 0.231352672 -0.002678571 -0.056972574 0.037903994 0.997652352
1341846392.582053 0.047480982 0.063893855 0.229979947 -0.001409562 -0.058668818 0.040726099 0.997445405
1341846392.617983 0.048356865 0.062682375 0.229878366 0.000339188 -0.059064668 0.042056713 0.997367799
1341846392.649909 0.051846601 0.062074482 0.224375755 0.001423606 -0.059078746 0.040104296 0.997446418
1341846392.682128 0.047507178 0.060530383 0.232283249 0.002123115 -0.058644306 0.038190745 0.997545898
1341846392.718019 0.049378593 0.055909548 0.231587172 0.003442892 -0.061290380 0.040983353 0.997272253
1341846392.749829 0.047969837 0.057011388 0.231535777 0.005572618 -0.062332280 0.040545184 0.997215986
1341846392.782107 0.049981099 0.058574133 0.228483126 0.006277282 -0.062506482 0.040609624 0.997198284
1341846392.818251 0.050154019 0.055804349 0.227667198 0.006307561 -0.062066332 0.040971451 0.997210741
1341846392.852165 0.049734313 0.052333914 0.228762850 0.007875585 -0.062484603 0.041614231 0.997146904
1341846392.885913 0.057087790 0.049735658 0.222474858 0.008620737 -0.062880591 0.040336158 0.997168362
1341846392.917882 0.056253310 0.047512099 0.220740169 0.009811149 -0.061295450 0.040629651 0.997244120
1341846392.950023 0.053387821 0.048211873 0.227595419 0.012025835 -0.060285352 0.040374625 0.997291803
