1341846361.788774 0.000000000 0.000000000 0.000000000 0.000000000 0.000000000 0.000000000 1.000000000
1341846361.824112 -0.013078756 0.000662577 0.009084066 -0.002298607 0.003716814 -0.004865051 0.999978602
1341846361.856016 -0.032848001 0.022334604 0.006779435 -0.005312185 0.006049061 -0.008785199 0.999929011
1341846361.887871 -0.041235298 -0.005667167 0.018323170 -0.017099688 0.008875046 -0.015064484 0.999700904
1341846361.923930 -0.057276431 -0.023067104 0.025283962 -0.018893551 0.012833446 -0.012352256 0.999662817
1341846361.955927 -0.074581422 -0.019395147 0.025763826 -0.012500748 0.012526453 -0.005612264 0.999827683
1341846361.991999 -0.086244971 -0.019439703 0.024145808 -0.008610552 0.007772309 0.001330473 0.999931812
1341846362.023994 -0.083889142 -0.017431820 0.028452210 -0.004335210 0.004458432 0.002423242 0.999977708
1341846362.056118 -0.090133823 -0.004318089 0.024166591 -0.001153995 0.005004404 0.004238301 0.999977827
1341846362.091992 -0.107056610 -0.005887459 0.031530548 -0.002564630 0.005719180 0.004081729 0.999972045
1341846362.123929 -0.113339141 -0.018528070 0.033946380 -0.003895393 0.004609707 0.005290348 0.999967813
1341846362.156058 -0.120676458 -0.024037149 0.033312086 -0.000803534 0.004562958 0.007605375 0.999960303
1341846362.191987 -0.141219720 -0.021059979 0.042799789 0.002391165 0.005701846 0.009751225 0.999933362
1341846362.224138 -0.142772004 -0.029944414 0.043169405 0.005503860 0.003193840 0.012346752 0.999903500
1341846362.260011 -0.146837696 -0.025560381 0.046675712 0.011014020 0.004907120 0.013708495 0.999833345
1341846362.291979 -0.155629799 -0.028579414 0.045293216 0.013063764 0.008889430 0.013696413 0.999781311
1341846362.323947 -0.166975707 -0.029821912 0.050339624 0.015237357 0.012198672 0.012581031 0.999730349
1341846362.359889 -0.171055973 -0.028848669 0.050960761 0.017371653 0.015197831 0.010917586 0.999673963
1341846362.392021 -0.186483949 -0.029024022 0.049891070 0.018433614 0.020988634 0.011304532 0.999545813
1341846362.423868 -0.203822881 -0.035310920 0.067622028 0.019175421 0.024542404 0.009296400 0.999471605
1341846362.459968 -0.213588566 -0.038226988 0.071583420 0.022060646 0.025585603 0.010401888 0.999375045
1341846362.491924 -0.226488993 -0.037040576 0.068347394 0.024276908 0.025426066 0.012350876 0.999305546
1341846362.523976 -0.233084068 -0.035426158 0.073029555 0.026166551 0.025193719 0.014441190 0.999235749
1341846362.559933 -0.244240090 -0.038254656 0.072410792 0.027916007 0.026646277 0.015722023 0.999131382
1341846362.592338 -0.257928997 -0.037394203 0.071948968 0.029300053 0.027364569 0.016275387 0.999063432
1341846362.628177 -0.267258942 -0.036309510 0.070137426 0.029002598 0.026680266 0.016668484 0.999084175
1341846362.660128 -0.277095914 -0.035053264 0.072625563 0.028650200 0.027047191 0.015890434 0.999097168
1341846362.691901 -0.288662434 -0.034607787 0.074263260 0.027254919 0.025273137 0.014928222 0.999197483
1341846362.727993 -0.299397171 -0.038449295 0.077035673 0.025313277 0.022273410 0.013897107 0.999334812
1341846362.759942 -0.306405485 -0.039489917 0.076349035 0.024945086 0.019790515 0.012078889 0.999419928
1341846362.792002 -0.318888664 -0.036597833 0.071866304 0.024718661 0.019129096 0.009048951 0.999470472
1341846362.827965 -0.328002781 -0.038668573 0.077646114 0.023187678 0.017082918 0.006577983 0.999563515
1341846362.859959 -0.320694059 -0.042499274 0.085380599 0.022741036 0.014349486 0.004503841 0.999628246
1341846362.891861 -0.330872387 -0.041499417 0.085360855 0.023317188 0.014315285 0.004220520 0.999616742
1341846362.928098 -0.341834098 -0.044053838 0.084412836 0.023232596 0.012725179 0.004236890 0.999640107
1341846362.959894 -0.346785158 -0.052367132 0.089905702 0.025334248 0.011827267 0.006002344 0.999591053
1341846362.995909 -0.357217491 -0.051318806 0.092834868 0.029071422 0.010636483 0.009006203 0.999480188
1341846363.028072 -0.370665818 -0.051386133 0.083741635 0.031340834 0.008654117 0.010806474 0.999412894
1341846363.059896 -0.371084750 -0.055085149 0.085699804 0.035832733 0.008906787 0.009243659 0.999275386
1341846363.096102 -0.380430818 -0.047252905 0.083009608 0.039557166 0.011782801 0.006382114 0.999127448
1341846363.127992 -0.388854235 -0.048451185 0.085508980 0.038561992 0.013193862 0.003469449 0.999163091
1341846363.159870 -0.387280166 -0.051351327 0.086444013 0.039750703 0.015698144 0.000046999 0.999086320
1341846363.195966 -0.406290621 -0.053502560 0.090156272 0.042095348 0.020737901 0.002732971 0.998894632
1341846363.227902 -0.417847246 -0.057440225 0.100949310 0.043970559 0.019218873 0.006895448 0.998824179
1341846363.259977 -0.417062044 -0.061827622 0.083409622 0.046083026 0.016443616 0.011341417 0.998737872
1341846363.296031 -0.423204094 -0.057586506 0.086595200 0.050375763 0.018905282 0.014410214 0.998447418
1341846363.328065 -0.438480437 -0.053047426 0.082603626 0.051226664 0.019655976 0.016785018 0.998352528
1341846363.364023 -0.452795088 -0.057836756 0.079117559 0.049284890 0.016322514 0.019406287 0.998462796
1341846363.395985 -0.460759312 -0.059675243 0.080986291 0.048481479 0.011792162 0.019937338 0.998555422
1341846363.427955 -0.460660398 -0.057645526 0.079815522 0.047984108 0.008292815 0.016787563 0.998672605
1341846363.463979 -0.473903447 -0.054246098 0.080074221 0.046535712 0.006240616 0.016316986 0.998763859
1341846363.495986 -0.486187339 -0.052537214 0.080332704 0.044753972 0.002445325 0.018750574 0.998819053
1341846363.527941 -0.491034746 -0.050956637 0.078437679 0.042472593 -0.000911284 0.021121258 0.998873949
1341846363.564057 -0.497001022 -0.045922581 0.089883305 0.039276268 -0.003092966 0.024300737 0.998928070
1341846363.596025 -0.504652500 -0.056275610 0.096708223 0.034743946 -0.006918032 0.027075944 0.999005437
1341846363.632058 -0.507854223 -0.067036815 0.098420687 0.034790564 -0.014319145 0.031339038 0.998800516
1341846363.663931 -0.508612752 -0.053447217 0.090302750 0.037359122 -0.016343497 0.029923193 0.998720050
1341846363.695998 -0.516977251 -0.051149357 0.092226289 0.036087301 -0.017919779 0.024569215 0.998885870
1341846363.732007 -0.519707084 -0.053471599 0.090704314 0.033577032 -0.023315150 0.018230699 0.998997808
1341846363.794060 -0.519925833 -0.058036868 0.099796459 0.036260396 -0.036557052 0.021777947 0.998436034
1341846363.826406 -0.510176241 -0.051313132 0.101724491 0.037971221 -0.039771840 0.019739166 0.998291910
1341846363.861897 -0.504081130 -0.048686430 0.103933960 0.039106622 -0.039554976 0.017814601 0.998292923
1341846363.893984 -0.499920726 -0.043866131 0.104197986 0.039644402 -0.039069250 0.017058916 0.998304009
1341846363.926076 -0.488269120 -0.041211054 0.098598130 0.037717819 -0.039743621 0.017418426 0.998345852
1341846363.962090 -0.478080124 -0.040624183 0.101386935 0.036366772 -0.038511280 0.019169632 0.998412132
1341846363.994287 -0.473599285 -0.043474566 0.104240298 0.035213977 -0.037580982 0.021613881 0.998439014
1341846364.025993 -0.463327020 -0.044384629 0.097177930 0.034323420 -0.037439726 0.022074763 0.998465240
1341846364.061809 -0.452955484 -0.043902535 0.095078185 0.032983210 -0.035185397 0.021320701 0.998608768
1341846364.094209 -0.442758799 -0.054326154 0.091974966 0.032429982 -0.033016592 0.021840874 0.998689711
1341846364.130022 -0.430323601 -0.056415658 0.104387350 0.033546239 -0.033238072 0.022325559 0.998634815
1341846364.162231 -0.416408926 -0.066470452 0.100636497 0.036299486 -0.035557114 0.021113560 0.998484969
1341846364.194049 -0.400246412 -0.065458983 0.102745190 0.041552823 -0.037420273 0.017850755 0.998275757
1341846364.230023 -0.391885012 -0.065271758 0.095956258 0.044510759 -0.038341485 0.015608469 0.998150826
1341846364.262044 -0.368527234 -0.072950765 0.093626842 0.048508130 -0.039152391 0.012532833 0.997976422
1341846364.294059 -0.355147064 -0.059895556 0.095636390 0.052691307 -0.035600621 0.009757597 0.997928381
1341846364.330003 -0.342452794 -0.058720529 0.095431112 0.051967580 -0.032472093 0.008287927 0.998086274
1341846364.362052 -0.325357735 -0.063611440 0.096100055 0.051054195 -0.029856129 0.007318832 0.998222649
1341846364.397902 -0.313515246 -0.070558600 0.073926255 0.051832516 -0.022755546 0.004606343 0.998385847
1341846364.430108 -0.303297728 -0.066242158 0.084583066 0.052129686 -0.018632235 0.003832963 0.998459160
1341846364.462063 -0.286241174 -0.068186812 0.077084333 0.051299915 -0.015687002 0.002371695 0.998557270
1341846364.498091 -0.281834245 -0.069982484 0.068919927 0.051082127 -0.010146752 0.000067496 0.998642921
1341846364.530058 -0.264759511 -0.069161721 0.079680830 0.050895337 -0.007765394 -0.002552988 0.998670518
1341846364.561952 -0.251890332 -0.064563558 0.082527697 0.051667824 -0.004756762 -0.006600837 0.998631179
1341846364.597928 -0.240554273 -0.064310431 0.077598520 0.050149765 -0.001226321 -0.009397020 0.998696744
1341846364.629950 -0.229243129 -0.074263372 0.080076598 0.048429973 0.000623603 -0.008486677 0.998790324
1341846364.665991 -0.226821125 -0.071867228 0.076532446 0.050296161 0.000498100 -0.007473744 0.998706281
1341846364.698004 -0.214343324 -0.069821432 0.072798990 0.050360952 -0.001862611 -0.005845247 0.998712242
1341846364.730097 -0.202281669 -0.075655438 0.069358751 0.050258841 -0.002147252 -0.004800018 0.998722374
1341846364.766057 -0.195101112 -0.071544044 0.069701992 0.052012518 -0.001179755 -0.004180601 0.998636961
1341846364.798632 -0.187004462 -0.064912453 0.060733359 0.051994707 -0.001300142 -0.004883597 0.998634577
1341846364.833901 -0.168684453 -0.066778511 0.051812030 0.051147517 0.000127469 -0.007576889 0.998662353
1341846364.865923 -0.154123157 -0.071946599 0.050623856 0.051336426 0.003109047 -0.008879038 0.998637080
1341846364.897970 -0.152303010 -0.071089543 0.052778624 0.051064294 0.002238749 -0.006355830 0.998672664
1341846364.934019 -0.132855132 -0.075152904 0.044574879 0.050643992 -0.001022455 -0.004377126 0.998706639
1341846364.966047 -0.113866903 -0.064608298 0.039445732 0.051807247 0.000552095 -0.005468084 0.998641968
1341846364.998055 -0.103237018 -0.058170382 0.037312165 0.049177770 0.002062958 -0.005669423 0.998771787
1341846365.034125 -0.096830942 -0.059991743 0.030786453 0.042619783 0.000349205 -0.003518780 0.999085069
1341846365.066106 -0.084566787 -0.062316272 0.033005856 0.038549606 -0.002027228 -0.006394549 0.999234140
1341846365.101953 -0.055573419 -0.066533975 0.020782564 0.036737356 -0.000582577 -0.011822690 0.999254823
1341846365.133922 -0.049461640 -0.057649601 0.033381723 0.034555972 0.005691172 -0.020191599 0.999182582
1341846365.165953 -0.039179511 -0.062687695 0.028635191 0.031182114 0.008528469 -0.022773106 0.999217868
1341846365.201856 -0.026414845 -0.076359183 0.031300284 0.030203925 0.010789738 -0.025317445 0.999164820
1341846365.234093 0.007572721 -0.081501320 0.038220465 0.030852215 0.013407434 -0.023006616 0.999169171
1341846365.266094 0.000449291 -0.084441535 0.040616114 0.035008535 0.021249399 -0.019909831 0.998962700
1341846365.302078 0.012473843 -0.080377959 0.037525415 0.041464906 0.024778727 -0.015241124 0.998716354
1341846365.334027 0.028588643 -0.077910900 0.055913243 0.045884140 0.027870223 -0.011602949 0.998490512
1341846365.369945 0.051357068 -0.075798288 0.052287236 0.049005073 0.032657094 -0.009878651 0.998215616
1341846365.401963 0.056399580 -0.074214391 0.045395143 0.050239552 0.038721144 -0.007658368 0.997956932
1341846365.434082 0.072925255 -0.070522711 0.037239980 0.050327044 0.042174522 -0.010278363 0.997788966
1341846365.469939 0.095978491 -0.049601469 0.043553062 0.047716718 0.047394305 -0.012232694 0.997660875
1341846365.502100 0.095286623 -0.070056707 0.058106828 0.037951902 0.053026371 -0.009630976 0.997825205
1341846365.533844 0.097474121 -0.081002280 0.055491053 0.035654943 0.053299233 -0.006888766 0.997918069
1341846365.569876 0.097598456 -0.075716205 0.050628029 0.038228896 0.052531883 -0.005037299 0.997874498
1341846365.601930 0.111922748 -0.068519831 0.043680184 0.037473552 0.050679952 -0.000099855 0.998011649
1341846365.637899 0.126465529 -0.075420782 0.042604912 0.035193868 0.050359517 0.004392361 0.998101175
1341846365.669890 0.137612164 -0.069158979 0.032703497 0.035612043 0.051058870 0.004767249 0.998049080
1341846365.701977 0.151265442 -0.065946773 0.038609706 0.032810859 0.049850475 0.005373677 0.998203099
1341846365.738098 0.164212957 -0.078136265 0.038992878 0.031279299 0.052356400 0.004087411 0.998130083
1341846365.770026 0.164687037 -0.079577737 0.042699866 0.033824246 0.054993954 0.003684445 0.997906804
1341846365.805834 0.169417739 -0.077731363 0.045746788 0.036613170 0.053252943 0.006509445 0.997888386
1341846365.837937 0.179602191 -0.077752322 0.041061357 0.038178634 0.050544947 0.008004563 0.997959673
1341846365.869952 0.194105446 -0.073009923 0.024747057 0.040139657 0.050157450 0.008424141 0.997898817
1341846365.906411 0.201908797 -0.060763653 0.022712804 0.040294077 0.049219485 0.007462162 0.997946978
1341846365.938000 0.211410895 -0.069738373 0.029865889 0.037011012 0.048362654 0.010090908 0.998092890
1341846365.970022 0.218355894 -0.079794593 0.013943049 0.037486870 0.048205383 0.015014269 0.998020828
1341846366.006126 0.233404756 -0.076803073 0.005923256 0.039297052 0.046991013 0.020786425 0.997905552
1341846366.043876 0.241389930 -0.072733991 0.007193880 0.039450690 0.047806647 0.024144514 0.997785151
1341846366.076490 0.250455678 -0.063319862 0.001740018 0.039113346 0.049422074 0.026608374 0.997657061
1341846366.111888 0.273952127 -0.052257109 0.009200874 0.036553033 0.051792137 0.028090004 0.997593284
1341846366.143907 0.277548820 -0.050561123 0.022252351 0.031975109 0.057868369 0.029118625 0.997387052
1341846366.176044 0.278956741 -0.053929657 0.022661205 0.027540209 0.060766835 0.033963501 0.997193813
1341846366.212022 0.283402026 -0.056461956 0.007537374 0.025093544 0.060692392 0.039538480 0.997057378
1341846366.243981 0.299857616 -0.050088927 -0.001455105 0.024412602 0.061405990 0.041739263 0.996940911
1341846366.280032 0.297590107 -0.042555299 0.008286857 0.021986727 0.063795328 0.042289127 0.996824145
1341846366.344115 0.315377802 -0.044017021 0.009749395 0.013792766 0.062930360 0.041677300 0.997051895
1341846366.406057 0.327593565 -0.048073433 0.011173384 0.012093181 0.064298384 0.045000598 0.996842206
1341846366.442042 0.336586446 -0.041946437 0.008819544 0.013355871 0.063979991 0.045201343 0.996837497
1341846366.506117 0.348866910 -0.038798504 0.010889027 0.013935505 0.066030249 0.048152704 0.996557653
1341846366.542004 0.356553346 -0.032547448 0.008254640 0.014625001 0.065122075 0.047266230 0.996649981
1341846366.573848 0.366888911 -0.027699715 0.006511131 0.013561096 0.066517293 0.046541106 0.996607006
1341846366.610058 0.367256045 -0.027209157 0.006779552 0.011555505 0.068095885 0.047164753 0.996496320
1341846366.642206 0.380531132 -0.029459335 0.011183263 0.009614971 0.067878306 0.048341338 0.996475399
1341846366.674164 0.383670390 -0.026294319 0.012119398 0.008702606 0.070186310 0.048698146 0.996306479
1341846366.710207 0.382812202 -0.016093025 0.010537760 0.007213123 0.070714481 0.049878433 0.996222615
1341846366.741976 0.392341882 -0.021814056 0.005383880 0.003265039 0.070792608 0.048807144 0.996290922
1341846366.773916 0.404661238 -0.024332523 0.006793094 0.002225168 0.073535152 0.048001844 0.996134281
1341846366.810122 0.400567353 -0.023336357 0.009469205 0.001980026 0.075898588 0.051338721 0.995791078
1341846366.841893 0.405100316 -0.017706247 0.012076925 0.003090317 0.074585162 0.053597204 0.995768487
1341846366.878062 0.415040374 -0.015595420 0.008644623 0.004748014 0.074514240 0.052639179 0.995818377
1341846366.909933 0.420510978 -0.008462571 0.008985704 0.006333113 0.075901203 0.054317128 0.995614648
1341846366.941941 0.418558449 -0.007393684 0.000099365 0.005118870 0.076817267 0.055120144 0.995507240
1341846366.977906 0.434763402 -0.007475166 -0.000697479 0.004176361 0.077326700 0.053679582 0.995550931
1341846367.009852 0.443724871 -0.002065690 -0.005097391 0.004498853 0.080721557 0.056596585 0.995118380
1341846367.045944 0.448352695 -0.004689588 -0.008554023 0.004527389 0.084560558 0.058156095 0.994709432
1341846367.077914 0.453518718 -0.004941507 -0.015459724 0.005897292 0.090791114 0.055313639 0.994315147
1341846367.110077 0.468514949 0.002461788 -0.012562015 0.007562341 0.095110103 0.057019915 0.993803620
1341846367.145997 0.466145664 -0.001618116 -0.012925444 0.007069663 0.098851517 0.060530778 0.993234336
1341846367.177894 0.469752222 -0.003832475 -0.017036017 0.008955405 0.101425536 0.061734904 0.992885411
1341846367.209903 0.484533966 -0.001698806 -0.042792913 0.011243944 0.105423197 0.062136441 0.992420554
1341846367.245970 0.476934612 0.008050170 -0.045139972 0.010279450 0.111432776 0.065253302 0.991574049
1341846367.277966 0.486342818 -0.003173921 -0.041366797 0.007539869 0.112798840 0.069153666 0.991179764
1341846367.314058 0.491976231 0.002774351 -0.045710031 0.010128956 0.114913471 0.069501512 0.990889430
1341846367.346333 0.502013326 0.012417858 -0.050725069 0.010879504 0.118766554 0.070163168 0.990380406
1341846367.378615 0.495428652 0.012711557 -0.044533838 0.008285034 0.122534759 0.073646553 0.989693284
1341846367.413946 0.503362715 0.009815084 -0.044320051 0.006870859 0.122090422 0.074615188 0.989686430
1341846367.446060 0.512199581 0.017986765 -0.049101841 0.006836893 0.124270357 0.074557655 0.989419639
1341846367.478095 0.511061549 0.022947380 -0.043891799 0.005283005 0.127565667 0.079632916 0.988614023
1341846367.514115 0.522474468 0.011382049 -0.034147862 0.003985724 0.126115397 0.084410086 0.988409817
1341846367.546096 0.526681840 0.014920416 -0.039376300 0.008150064 0.125801474 0.086139798 0.988275051
1341846367.581982 0.534754992 0.029958772 -0.046689875 0.010847778 0.125763088 0.088328145 0.988060832
1341846367.613951 0.533081114 0.026400816 -0.044161908 0.007997889 0.125254214 0.091204785 0.987891257
1341846367.645894 0.544010818 0.024771264 -0.053992335 0.006959764 0.123947158 0.088902220 0.988273799
1341846367.682223 0.551001072 0.024710869 -0.050508615 0.006999415 0.126670733 0.089224406 0.987899065
1341846367.714019 0.552829862 0.024650777 -0.052222200 0.008147865 0.128260672 0.092041343 0.987426579
1341846367.745904 0.548682332 0.027413027 -0.053625081 0.009744422 0.130492330 0.091690600 0.987152278
1341846367.781973 0.554302216 0.027350087 -0.058131218 0.010688757 0.131822288 0.091375358 0.986995041
1341846367.813986 0.566007495 0.025538988 -0.074759111 0.009867400 0.131715685 0.094158225 0.986756206
1341846367.850189 0.565297961 0.021613734 -0.079419211 0.008804861 0.134729296 0.092653885 0.986501753
1341846367.881960 0.562016428 0.028493436 -0.083535820 0.008508929 0.136213750 0.093322955 0.986237407
1341846367.914064 0.562159359 0.032154188 -0.076114573 0.005695843 0.136001766 0.094293527 0.986194611
1341846367.950095 0.568554163 0.019602081 -0.072334975 0.002666543 0.136601761 0.094047859 0.986148000
1341846367.981916 0.572541833 0.021288140 -0.072762005 0.004277603 0.138802692 0.093182012 0.985917151
1341846368.017965 0.564399123 0.022766884 -0.070070669 0.003521609 0.140545547 0.095443107 0.985456824
1341846368.050897 0.560130239 0.021988245 -0.065486759 0.002945490 0.139455676 0.095895119 0.985569656
1341846368.082322 0.558576047 0.022210672 -0.066917211 0.003393512 0.139657557 0.092659220 0.985849142
1341846368.118029 0.553137720 0.025490886 -0.067140862 0.003542973 0.140111297 0.092854179 0.985765874
1341846368.150026 0.551394880 0.020773012 -0.057344709 0.001502717 0.138447270 0.095536754 0.985749900
1341846368.181952 0.546740532 0.013775997 -0.055197079 0.002793773 0.137851655 0.093262844 0.986048281
1341846368.217882 0.544852972 0.026176577 -0.058192421 0.005206658 0.137858540 0.093593776 0.986006141
1341846368.250223 0.540349424 0.026500627 -0.058126833 0.002923472 0.137720719 0.095043726 0.985896111
1341846368.286003 0.530719042 0.021515975 -0.054387514 0.001594349 0.138748422 0.092364110 0.986009717
1341846368.317994 0.528361499 0.024044974 -0.053945079 0.001012877 0.136941552 0.091882944 0.986308038
1341846368.350010 0.526296496 0.033177353 -0.049949154 -0.001632439 0.133443266 0.093010113 0.986680984
1341846368.385949 0.512822449 0.026223639 -0.042004712 -0.005422110 0.131366402 0.089895263 0.987234652
1341846368.417845 0.512276411 0.024159476 -0.036091920 -0.006507333 0.128868982 0.086182326 0.987888217
1341846368.450062 0.504587889 0.020036295 -0.037609208 -0.008723413 0.126559928 0.086473830 0.988144100
1341846368.485968 0.496817589 0.014128258 -0.027940499 -0.010638922 0.122803293 0.086127371 0.988629460
1341846368.517939 0.496598512 0.006682993 -0.032321811 -0.010707481 0.119452402 0.085103832 0.989127815
1341846368.554171 0.491403699 0.007459306 -0.029399252 -0.009134060 0.117252722 0.085339978 0.989386380
1341846368.618123 0.478143215 0.007831688 -0.032451410 -0.010356016 0.111425638 0.078788750 0.990590394
1341846368.654302 0.474506378 0.000913135 -0.022327537 -0.011425906 0.110500030 0.076234207 0.990882218
1341846368.685914 0.462460935 0.004965649 -0.010029983 -0.008773990 0.108729370 0.074326813 0.991249919
1341846368.717980 0.455692887 0.001702976 -0.012812742 -0.007851454 0.106003135 0.071167268 0.991784692
1341846368.786190 0.445409536 -0.002553218 -0.008449260 -0.003927167 0.104300149 0.071700826 0.991950095
1341846368.821968 0.437567025 -0.002187414 -0.014604033 -0.002532262 0.101718977 0.068892747 0.992421567
1341846368.853991 0.439208657 0.000021116 -0.016240666 -0.003189054 0.101269379 0.065235503 0.992712796
1341846368.885978 0.428234577 -0.010187717 -0.008109360 -0.004615917 0.102307044 0.062298454 0.992789447
1341846368.923221 0.418953061 -0.011571461 0.000217101 -0.002099584 0.100946002 0.061753139 0.992971301
1341846368.953942 0.407531381 -0.010981581 -0.004301872 0.000761035 0.099692263 0.059278544 0.993250668
1341846368.986016 0.407056153 -0.003410723 -0.003881497 0.002782242 0.097078301 0.058509700 0.993551552
1341846369.021938 0.398667455 -0.005678437 -0.002103464 0.002802532 0.096224420 0.057307724 0.993704617
1341846369.053927 0.394915581 -0.009799684 -0.007773932 0.002768838 0.096422322 0.052594092 0.993946135
1341846369.090047 0.388467401 -0.012386044 -0.003731691 0.003318736 0.097601011 0.048677787 0.994028926
1341846369.121845 0.377776295 -0.020153843 0.004107162 0.004818871 0.097581163 0.049971983 0.993960500
1341846369.154351 0.370462745 -0.027586518 0.003989635 0.008286160 0.096124336 0.050284088 0.994063854
1341846369.189885 0.365615219 -0.015090343 -0.003772446 0.012886334 0.095667183 0.048128892 0.994165659
1341846369.222188 0.362339407 -0.017494405 -0.005210147 0.011330353 0.096840963 0.046118952 0.994166255
1341846369.257947 0.353228003 -0.027515877 -0.000795897 0.010580716 0.098185882 0.044576392 0.994112909
1341846369.289994 0.346802384 -0.033479050 -0.003925690 0.012505434 0.097880810 0.044930894 0.994104743
1341846369.322196 0.338458151 -0.033362366 -0.004105668 0.015115138 0.098752983 0.044866085 0.993985116
1341846369.357830 0.331794947 -0.031862691 -0.003666797 0.015469538 0.100035287 0.044500411 0.993867874
1341846369.390267 0.322749734 -0.033639379 -0.001139446 0.015352298 0.101104282 0.042979687 0.993828416
1341846369.422057 0.316557884 -0.034090493 0.000052845 0.015702557 0.101120889 0.042266037 0.993851900
1341846369.457950 0.303461343 -0.037254121 0.003783600 0.016156714 0.102002606 0.042169329 0.993758619
1341846369.490144 0.290445745 -0.042173337 0.005313007 0.017819926 0.100288577 0.042470068 0.993891835
1341846369.526405 0.283304334 -0.035337981 0.003914923 0.019727737 0.097368397 0.043293662 0.994110584
1341846369.557969 0.271510482 -0.041584264 0.008862694 0.019437518 0.095177770 0.043970488 0.994298697
1341846369.590093 0.260449648 -0.043678470 0.008094940 0.020836806 0.092021450 0.045032199 0.994519949
1341846369.625895 0.250752330 -0.037781507 0.008371319 0.022920748 0.089320369 0.046028860 0.994674742
1341846369.657961 0.242360041 -0.036245067 0.009102963 0.022562416 0.087884478 0.045399942 0.994839728
1341846369.690135 0.229618177 -0.043638799 0.012964108 0.022271818 0.086542323 0.046339680 0.994920611
1341846369.726074 0.216525227 -0.044058919 0.000057043 0.024218587 0.083113603 0.048497580 0.995064616
1341846369.757962 0.204414874 -0.040438533 0.008528453 0.026032310 0.080236688 0.049074691 0.995226622
1341846369.793964 0.194208696 -0.038780510 0.009123728 0.025984194 0.078274071 0.050016422 0.995337307
1341846369.826161 0.178374052 -0.040194232 0.006814228 0.025113724 0.076155156 0.050847005 0.995481968
1341846369.858015 0.170664087 -0.044064455 0.007193318 0.024806596 0.072443999 0.050710078 0.995773554
1341846369.893954 0.164471641 -0.039862111 0.016326774 0.025394570 0.069499008 0.051356390 0.995935500
1341846369.926051 0.150775671 -0.040776484 0.018485716 0.024584353 0.067917496 0.050983671 0.996084094
1341846369.958062 0.132429719 -0.043851383 0.012292204 0.024046896 0.064011209 0.049605541 0.996425390
1341846369.994037 0.130442187 -0.039507106 0.026786182 0.024497800 0.059354234 0.047765981 0.996792555
1341846370.026058 0.121757083 -0.043875385 0.027812123 0.024901642 0.057623833 0.047178123 0.996912003
1341846370.062000 0.102500543 -0.038431469 0.021372508 0.025529236 0.053678066 0.048992105 0.997028947
1341846370.094135 0.104114763 -0.035548482 0.029540932 0.023956545 0.048418581 0.050739620 0.997249782
1341846370.126153 0.103882313 -0.039728720 0.034578636 0.023596110 0.047461826 0.049777441 0.997352898
1341846370.162082 0.089731663 -0.037680183 0.031986397 0.024709124 0.048503209 0.051253181 0.997201085
1341846370.194044 0.081427351 -0.039012056 0.042831820 0.024448605 0.046730679 0.053782411 0.997158945
1341846370.230152 0.076475970 -0.040535536 0.038243830 0.026292427 0.046183411 0.054440979 0.997101784
1341846370.262175 0.070888326 -0.037747104 0.037419070 0.027605820 0.047084261 0.052859165 0.997109234
1341846370.294216 0.060924381 -0.039432798 0.038694140 0.028037563 0.048509277 0.049576245 0.997197509
1341846370.329892 0.045237944 -0.038801484 0.039528538 0.027872765 0.047274914 0.045515869 0.997455001
1341846370.361939 0.047106534 -0.047291432 0.020120837 0.027761748 0.044791862 0.041675951 0.997740507
1341846370.394073 0.022067342 -0.042822104 0.026221417 0.029653762 0.043884579 0.040468425 0.997776091
1341846370.429985 0.013150731 -0.035669602 0.022725625 0.030012863 0.037699357 0.039421618 0.998060048
1341846370.462095 0.007219118 -0.028550884 0.025199059 0.028064523 0.032426048 0.038049705 0.998355210
1341846370.498034 0.004555938 -0.026312927 0.031316705 0.024975138 0.027481485 0.038656272 0.998562336
1341846370.530176 -0.000317996 -0.026156927 0.029748844 0.021480255 0.025018062 0.038647637 0.998708665
1341846370.561949 -0.013951676 -0.021621551 0.027516505 0.018618517 0.022124652 0.038465813 0.998841405
1341846370.597989 -0.015673708 -0.013709828 0.039346356 0.014381508 0.018391632 0.040213998 0.998918295
1341846370.629913 -0.015829785 -0.025482969 0.036685601 0.008430052 0.018128043 0.041517507 0.998937726
1341846370.662062 -0.023295334 -0.028581467 0.035815142 0.007190370 0.017676864 0.041186851 0.998969197
1341846370.697981 -0.028970780 -0.023895195 0.034698300 0.005168705 0.016851470 0.040971335 0.999004841
1341846370.730015 -0.027402492 -0.037372038 0.039363202 0.001332413 0.016606025 0.038599074 0.999115884
1341846370.766182 -0.027202487 -0.042263228 0.034210734 0.002064037 0.019376660 0.034995239 0.999197483
1341846370.797966 -0.031561915 -0.036699563 0.027928034 0.000385445 0.021673989 0.033356797 0.999208391
1341846370.830023 -0.036049418 -0.054691836 0.035258822 -0.003706178 0.022830741 0.031485055 0.999236524
1341846370.866186 -0.031027563 -0.065580972 0.024595333 -0.001515981 0.022855466 0.031700622 0.999234915
1341846370.897994 -0.033389188 -0.062797420 0.019041279 -0.001648093 0.024952948 0.033588517 0.999122798
1341846370.929983 -0.036576282 -0.079927631 0.018361839 -0.003932037 0.026090659 0.034778822 0.999046683
1341846370.971974 -0.032890163 -0.092035830 0.021919824 -0.000598904 0.026681013 0.035115577 0.999026835
1341846371.034127 -0.034654234 -0.106838226 0.013303462 0.005010404 0.032949165 0.036821529 0.998765945
1341846371.066883 -0.034387097 -0.104655221 0.011181793 0.006550929 0.035720460 0.036153670 0.998686135
1341846371.098209 -0.037410382 -0.111904919 0.010702390 0.004016801 0.040196195 0.032465931 0.998656154
1341846371.134068 -0.036613446 -0.118253194 0.009089083 0.002486340 0.043262668 0.031036502 0.998578429
1341846371.165993 -0.039432626 -0.123951398 0.010579938 -0.000351491 0.046018932 0.032054305 0.998426080
1341846371.197951 -0.041221887 -0.134871140 0.006770173 -0.003550007 0.046960000 0.032572269 0.998359263
1341846371.233950 -0.033882275 -0.142300189 0.002698891 -0.004471285 0.047166560 0.033645608 0.998310208
1341846371.266433 -0.029103488 -0.131619796 -0.001787022 -0.006008017 0.049757369 0.034020912 0.998163640
1341846371.302051 -0.035181414 -0.138696551 -0.009620659 -0.013382900 0.053184122 0.034890160 0.997885287
1341846371.334010 -0.029521404 -0.147901013 -0.012623671 -0.019965945 0.056303296 0.032471124 0.997685790
1341846371.366198 -0.030246986 -0.155114308 -0.008937634 -0.024571825 0.062255945 0.029671682 0.997316420
1341846371.402482 -0.040236980 -0.174660176 -0.005429116 -0.028494548 0.065748826 0.030672163 0.996957541
1341846371.434055 -0.038410980 -0.184110478 -0.008463949 -0.027214555 0.064615354 0.032782070 0.997000277
1341846371.469998 -0.031609319 -0.192411944 -0.010772021 -0.025249733 0.064320989 0.031755958 0.997104228
1341846371.501933 -0.037062328 -0.200045869 -0.013222246 -0.023353463 0.067217484 0.029151382 0.997038960
1341846371.534269 -0.041426752 -0.202203557 -0.019285304 -0.022708613 0.067816176 0.028831901 0.997022569
1341846371.570100 -0.043670028 -0.213803500 -0.011534490 -0.023513075 0.065713562 0.025778528 0.997228324
1341846371.602162 -0.037491985 -0.225276291 -0.015589293 -0.021711655 0.064268097 0.023475386 0.997420251
1341846371.634012 -0.038272921 -0.228955045 -0.019055609 -0.020226916 0.065724351 0.022033606 0.997389436
1341846371.669927 -0.049215235 -0.238929182 -0.020733399 -0.020420317 0.064119726 0.020473052 0.997523189
1341846371.702051 -0.034836859 -0.240988150 -0.025511755 -0.020245414 0.060664099 0.018717069 0.997777402
1341846371.737891 -0.038405083 -0.252683043 -0.021466635 -0.021477964 0.064026259 0.013723320 0.997622669
1341846371.769979 -0.044862960 -0.254665077 -0.020121295 -0.020063916 0.063750952 0.014013980 0.997665703
1341846371.802101 -0.044751901 -0.257281125 -0.023085646 -0.019950783 0.060776852 0.016107390 0.997821987
1341846371.837951 -0.041954719 -0.264460921 -0.021873437 -0.020311166 0.058561768 0.018006304 0.997914732
1341846371.870043 -0.033796582 -0.261565715 -0.030164216 -0.021074859 0.058041830 0.019697357 0.997897327
1341846371.902330 -0.035357077 -0.264816791 -0.038068373 -0.026532777 0.060160007 0.018858382 0.997657835
1341846371.938165 -0.036973108 -0.274139136 -0.035468362 -0.032525662 0.061687641 0.015311256 0.997447908
1341846371.969938 -0.025154024 -0.274532050 -0.039983615 -0.035665620 0.064195387 0.014044384 0.997200906
1341846372.005861 -0.032208554 -0.292476177 -0.027971955 -0.039562561 0.069975749 0.011876394 0.996693134
1341846372.038440 -0.038098086 -0.299556017 -0.025447128 -0.036392376 0.070287302 0.012441274 0.996785104
1341846372.070518 -0.031217599 -0.299491137 -0.030111263 -0.033788566 0.068553753 0.012615267 0.996995270
1341846372.111944 -0.027780954 -0.306923091 -0.030998690 -0.033046842 0.069146819 0.009426390 0.997014403
1341846372.143876 -0.027617080 -0.313548952 -0.030389609 -0.030343156 0.069576889 0.005764035 0.997098327
1341846372.179919 -0.027476516 -0.314301521 -0.034937389 -0.026577668 0.068858139 0.004356071 0.997262836
1341846372.212119 -0.033161737 -0.322115481 -0.024985736 -0.023748424 0.067137919 0.003078521 0.997456253
1341846372.244067 -0.031867340 -0.327421039 -0.020436067 -0.019202473 0.063767120 -0.000342009 0.997779965
1341846372.279961 -0.035972662 -0.344086736 -0.021437706 -0.014505688 0.061973006 -0.003491951 0.997966290
1341846372.312076 -0.031105235 -0.340116084 -0.018264929 -0.007948777 0.058980402 -0.006444918 0.998206675
1341846372.347910 -0.026691390 -0.347968489 -0.020687256 -0.004163035 0.056308344 -0.007379979 0.998377502
1341846372.379906 -0.028976779 -0.355478048 -0.023252761 -0.001092334 0.053200461 -0.008624986 0.998546004
1341846372.412137 -0.019232942 -0.356191844 -0.022371948 0.002775457 0.049661677 -0.009445150 0.998717606
1341846372.447783 -0.015693923 -0.363774925 -0.020683456 0.004746717 0.048373390 -0.007381445 0.998790801
1341846372.479920 -0.030208640 -0.377091587 -0.023801314 0.007825484 0.046711136 -0.005127971 0.998864591
1341846372.516195 -0.014814239 -0.373997778 -0.019101840 0.011344303 0.041296080 -0.001712523 0.999081075
1341846372.547915 -0.002588122 -0.370127797 -0.022494702 0.011178311 0.040768709 -0.002690966 0.999102414
1341846372.579923 -0.006468873 -0.377646148 -0.018918430 0.008978476 0.041725427 -0.005034520 0.999076128
1341846372.616037 -0.007825769 -0.382118315 -0.016425148 0.008311654 0.040609896 -0.003636109 0.999133885
1341846372.647968 -0.003612354 -0.381056547 -0.016301943 0.007642948 0.040445372 -0.003332578 0.999146938
1341846372.679953 0.000087457 -0.388660252 -0.015162776 0.004702341 0.041547209 -0.008017386 0.999093294
1341846372.716073 0.000376337 -0.393282205 -0.009935295 0.003837055 0.043331999 -0.008012784 0.999021232
1341846372.747919 -0.000362426 -0.398696870 -0.004983606 0.003654049 0.043448891 -0.006109861 0.999030292
1341846372.783912 0.003890489 -0.402377993 -0.008817812 0.004986987 0.042177506 -0.005360743 0.999083340
1341846372.816131 0.011108090 -0.401819795 -0.005336289 0.005797973 0.043711014 -0.003283335 0.999022007
1341846372.848115 0.007226781 -0.402928531 -0.004197929 0.005575922 0.046132028 0.000228475 0.998919785
1341846372.884003 0.010019464 -0.408349156 -0.009173811 0.005101061 0.046405751 -0.001073147 0.998909116
1341846372.948016 0.016594710 -0.417004913 -0.003432864 0.005168861 0.052295409 -0.000862429 0.998617887
1341846373.010206 0.018298494 -0.428728014 -0.005016715 0.010824983 0.048098922 0.002357504 0.998781145
1341846373.041934 0.029045140 -0.428540021 -0.007326478 0.013692346 0.049243543 0.002237782 0.998690426
1341846373.078079 0.024318988 -0.434743583 -0.014044956 0.014747645 0.052500136 0.002361441 0.998509228
1341846373.110028 0.022832405 -0.439727992 -0.016648257 0.017102316 0.053171519 0.001197740 0.998438239
1341846373.142204 0.029150181 -0.445392698 -0.018003043 0.019523658 0.053086624 0.001705292 0.998397589
1341846373.178121 0.030034306 -0.448379248 -0.021089204 0.021565914 0.054360691 0.002860525 0.998284340
1341846373.210218 0.032344855 -0.452631652 -0.022953670 0.024591789 0.056028459 0.000898761 0.998125851
1341846373.246073 0.032308143 -0.461775631 -0.022834588 0.028595747 0.057497595 0.000022844 0.997936010
1341846373.277962 0.035848964 -0.463649988 -0.027435968 0.033796508 0.058808431 0.001299201 0.997696161
1341846373.310189 0.039530743 -0.458544821 -0.030240193 0.037766960 0.060900703 0.000163062 0.997429073
1341846373.346051 0.045132652 -0.460109442 -0.032049108 0.037902184 0.064106643 -0.002611935 0.997219622
1341846373.377993 0.038928751 -0.465259165 -0.029511554 0.037182108 0.067223668 -0.003137808 0.997039974
1341846373.410038 0.037795287 -0.467408240 -0.031596486 0.037335649 0.068064831 -0.002169835 0.996979713
1341846373.446109 0.036927748 -0.468942165 -0.032546744 0.037301414 0.068453699 -0.003615544 0.996950209
1341846373.478409 0.035551980 -0.476523817 -0.028544182 0.037380125 0.068476349 -0.002553685 0.996948957
1341846373.514006 0.029969398 -0.479896575 -0.029953703 0.039541274 0.068044126 0.000261159 0.996898413
1341846373.546097 0.037301708 -0.473720133 -0.029380646 0.041664764 0.064808927 0.001166970 0.997026861
1341846373.578079 0.047192868 -0.473269224 -0.035908084 0.041692123 0.065366045 0.000354157 0.996989965
1341846373.613978 0.034818344 -0.467977643 -0.033539131 0.041939683 0.068190545 -0.001085140 0.996789813
1341846373.646060 0.033255160 -0.461487323 -0.028355684 0.041579749 0.066304155 -0.001188441 0.996932030
1341846373.682101 0.045458324 -0.452537984 -0.032830372 0.040363614 0.065521531 -0.001157368 0.997033834
1341846373.713942 0.044219285 -0.443509966 -0.032229632 0.037441462 0.068767108 -0.000735466 0.996929646
1341846373.746309 0.032606095 -0.434618533 -0.027830321 0.033829898 0.070841715 -0.000892885 0.996913373
1341846373.782079 0.030193353 -0.438411921 -0.026291508 0.030160494 0.069822095 -0.002290267 0.997100770
1341846373.814899 0.038083766 -0.433515906 -0.028355606 0.029342694 0.069319673 -0.003551543 0.997156560
1341846373.846131 0.029763827 -0.420948178 -0.022529252 0.029530823 0.071581833 -0.006768974 0.996974528
1341846373.882197 0.017857896 -0.410359323 -0.020374401 0.028450724 0.070192859 -0.008528718 0.997091174
1341846373.914066 0.016084289 -0.398478538 -0.015217328 0.026388690 0.066739202 -0.004864780 0.997409582
1341846373.949976 0.023339510 -0.390529066 -0.017308179 0.023899561 0.064620711 -0.001344732 0.997622788
1341846373.982090 0.014770484 -0.383010387 -0.019144366 0.021039091 0.064984933 -0.001049007 0.997663915
1341846374.014518 0.006462409 -0.373856962 -0.018390048 0.017456938 0.063038826 0.002238949 0.997855902
1341846374.050082 0.007711919 -0.366287053 -0.012997299 0.013965664 0.059319135 0.006158622 0.998122394
1341846374.082248 0.011890219 -0.365175277 -0.013533643 0.011006394 0.057406012 0.006122210 0.998271465
1341846374.114063 0.011062379 -0.354613096 -0.016326806 0.009038543 0.057991020 0.006728750 0.998253524
1341846374.150230 0.000196095 -0.356792986 -0.007989587 0.006185914 0.057975773 0.006818701 0.998275518
1341846374.181949 0.000276793 -0.350901395 -0.004949455 0.007447267 0.055315875 0.007596277 0.998412251
1341846374.217985 0.003015618 -0.345236450 -0.011069865 0.008816980 0.053927191 0.010825869 0.998447299
1341846374.250018 0.003142453 -0.327869087 -0.017184403 0.009790463 0.054689404 0.011845830 0.998385131
1341846374.281921 0.000782426 -0.308153391 -0.012819643 0.008999933 0.055449691 0.012567818 0.998341799
1341846374.318502 -0.003625028 -0.303286374 -0.010648979 0.005782734 0.055964306 0.011459555 0.998350263
1341846374.350047 -0.006383001 -0.288615406 -0.013086999 0.003085735 0.057561744 0.012051949 0.998264432
1341846374.382011 -0.012939222 -0.289168715 -0.005827729 -0.001937463 0.058264475 0.010279966 0.998246372
1341846374.418020 -0.016317729 -0.276889205 -0.004536216 -0.002003452 0.056420229 0.011785371 0.998335540
1341846374.450160 -0.015047522 -0.270334333 -0.001177903 -0.004173928 0.054460213 0.012067271 0.998434305
1341846374.486170 -0.015904820 -0.259856701 -0.004871936 -0.006132313 0.053938106 0.011790319 0.998455822
1341846374.524087 -0.023359681 -0.252511173 -0.003988348 -0.009469491 0.054342993 0.010673454 0.998420358
1341846374.586056 -0.025167277 -0.238938138 0.005739060 -0.014158215 0.049548086 0.010612197 0.998614967
1341846374.617848 -0.030317247 -0.237233311 0.012922483 -0.015937353 0.047446880 0.012458421 0.998668909
1341846374.654133 -0.034037493 -0.230722234 0.016593816 -0.015395404 0.044807296 0.014114654 0.998777270
1341846374.685940 -0.031904031 -0.218081012 0.016110554 -0.014174744 0.041691825 0.017051022 0.998884439
1341846374.718159 -0.037070867 -0.219493359 0.020284241 -0.015270341 0.039854340 0.019944649 0.998889744
1341846374.754050 -0.039343152 -0.212996423 0.015330452 -0.014394446 0.036930423 0.021279445 0.998987556
1341846374.786226 -0.036582183 -0.201999471 0.015231109 -0.013535423 0.034435950 0.022425907 0.999063551
1341846374.818164 -0.039126441 -0.200224906 0.020208733 -0.013127924 0.033846367 0.021978071 0.999099135
1341846374.854017 -0.041690037 -0.194331557 0.018772446 -0.010424881 0.032177445 0.020972881 0.999207735
1341846374.886253 -0.043933183 -0.186578318 0.024015099 -0.007313495 0.028882591 0.022320820 0.999306798
1341846374.921999 -0.040164206 -0.179206535 0.014502008 -0.005160316 0.025787674 0.023200698 0.999384880
1341846374.953860 -0.044096723 -0.172311962 0.010954167 -0.003305671 0.024666989 0.024458451 0.999391019
1341846374.985929 -0.048267677 -0.164537221 0.013441284 -0.002315662 0.022564197 0.025160259 0.999426067
1341846375.022029 -0.043074168 -0.165903226 0.016267808 -0.000659540 0.019916307 0.027286535 0.999428988
1341846375.053968 -0.041550089 -0.161738142 0.014280977 0.003843434 0.017838405 0.031540524 0.999335885
1341846375.085937 -0.042431336 -0.154510155 0.012615540 0.007033514 0.016959621 0.033085667 0.999283850
1341846375.122015 -0.043036856 -0.139138028 0.005163737 0.008261987 0.016962862 0.030753305 0.999348938
1341846375.190345 -0.040717199 -0.135753989 0.007120546 0.003663611 0.022721052 0.025439290 0.999411404
1341846375.222041 -0.045011193 -0.134440348 0.015001494 0.004333623 0.023082791 0.023167068 0.999455690
1341846375.254127 -0.039607938 -0.129490539 0.013575895 0.006322292 0.022443198 0.023898847 0.999442458
1341846375.289892 -0.039141119 -0.127644747 0.012413877 0.009482923 0.024342855 0.024434833 0.999360025
1341846375.322192 -0.048919305 -0.113817923 0.008187255 0.013188604 0.025415182 0.025183627 0.999272645
1341846375.354172 -0.047300030 -0.097841211 0.001535714 0.012488507 0.024582990 0.025034780 0.999306202
1341846375.390033 -0.041952182 -0.088776767 0.000030900 0.007843554 0.025659731 0.022669312 0.999382854
1341846375.422976 -0.048940551 -0.084022738 0.007080245 0.002033297 0.028860308 0.019104816 0.999398768
1341846375.458036 -0.050871707 -0.064390056 0.019862879 -0.001797788 0.028429819 0.016615137 0.999456048
1341846375.489941 -0.042682681 -0.067540750 0.025852187 -0.006934414 0.027068002 0.017638477 0.999453902
1341846375.521981 -0.043112103 -0.073028989 0.029374078 -0.008163426 0.027882364 0.018344905 0.999409497
1341846375.557947 -0.050078843 -0.067145124 0.027150519 -0.005883710 0.027156189 0.021606222 0.999380350
1341846375.590116 -0.046429694 -0.064968087 0.032927796 -0.003544546 0.023383478 0.026567336 0.999367237
1341846375.622399 -0.044721887 -0.064626761 0.022772385 -0.000687447 0.022335250 0.028864931 0.999333501
1341846375.658264 -0.039760154 -0.054438900 0.035342660 0.003676622 0.024179865 0.029640296 0.999261379
1341846375.690116 -0.044911657 -0.050055843 0.034781691 0.008225981 0.023632735 0.034546301 0.999089777
1341846375.726080 -0.038116112 -0.043224897 0.036960144 0.015788363 0.021581374 0.038587082 0.998897374
1341846375.757947 -0.041372169 -0.035173126 0.038775273 0.023864083 0.021535212 0.042803951 0.998566270
1341846375.789914 -0.043176252 -0.016298968 0.041397233 0.031652238 0.019581489 0.046673417 0.998216569
1341846375.826111 -0.043509170 0.003307258 0.043390345 0.035429418 0.018128565 0.045702685 0.998161972
1341846375.858282 -0.052808665 0.025801236 0.038629673 0.033679765 0.016823869 0.041396856 0.998433232
1341846375.893889 -0.045983657 0.029522333 0.040486902 0.022007884 0.013100605 0.040790003 0.998839438
1341846375.926121 -0.045864113 0.046471391 0.054509964 0.017234733 0.012965444 0.037688147 0.999056816
1341846375.958089 -0.049924064 0.056633923 0.057717618 0.012538103 0.014043891 0.037088122 0.999134660
1341846375.994060 -0.044670317 0.061049514 0.063725181 0.007696888 0.013609414 0.038988035 0.999117374
1341846376.026115 -0.040848304 0.067149282 0.067901902 0.006178144 0.015344155 0.040660575 0.999036074
1341846376.057999 -0.043209828 0.076532558 0.072463684 0.007420121 0.017399333 0.042691410 0.998909235
1341846376.094015 -0.041419461 0.088703029 0.076339170 0.007325725 0.019397179 0.044615228 0.998789072
1341846376.126126 -0.041322179 0.100812472 0.078698054 0.007365493 0.022818925 0.044039145 0.998742044
1341846376.162125 -0.045867354 0.115355752 0.081951290 0.005574157 0.027050726 0.042846352 0.998699844
1341846376.194033 -0.051803805 0.119353138 0.086560905 0.002214177 0.028966174 0.043562826 0.998628259
1341846376.226110 -0.052643020 0.118403159 0.084717892 -0.001553393 0.028509136 0.045539524 0.998554468
1341846376.262088 -0.052121565 0.117925972 0.090576403 -0.002705615 0.027375462 0.049272075 0.998406529
1341846376.293911 -0.049856111 0.124075890 0.094206117 -0.000583481 0.027413240 0.050978072 0.998323321
1341846376.326088 -0.050825555 0.131377026 0.095019288 0.001835369 0.027711976 0.053447109 0.998184383
1341846376.362076 -0.054893527 0.142210275 0.094241560 0.002822645 0.026456002 0.055196710 0.998120964
1341846376.393924 -0.050540954 0.145286173 0.096872754 0.002254835 0.025299264 0.052683104 0.998288214
1341846376.429909 -0.050171286 0.154837996 0.097925790 0.002592821 0.027792882 0.048318051 0.998441875
1341846376.462224 -0.053610709 0.163244218 0.101115458 0.000912985 0.029089954 0.045310982 0.998548865
1341846376.494092 -0.054999568 0.164083689 0.107027613 -0.000495475 0.028366873 0.044668499 0.998598933
1341846376.529992 -0.053954713 0.171927407 0.109120831 0.000244088 0.028259033 0.044354752 0.998616040
1341846376.562034 -0.054356895 0.181738064 0.111146152 0.000258354 0.029710257 0.042697694 0.998646140
1341846376.594092 -0.055355702 0.187162086 0.110560864 -0.000696259 0.030879628 0.042622477 0.998613656
1341846376.630016 -0.054092783 0.193886518 0.118359640 -0.001956874 0.030917270 0.042188570 0.998629272
1341846376.662132 -0.051310044 0.197794437 0.121750511 -0.003157508 0.033107620 0.039883878 0.998650670
1341846376.697981 -0.053675354 0.203131109 0.123850964 -0.003721036 0.035158344 0.040136721 0.998568535
1341846376.730128 -0.054218441 0.208582580 0.125457987 -0.003727101 0.036267076 0.040023852 0.998533368
1341846376.762061 -0.054539416 0.222362325 0.124672033 -0.002971533 0.037127297 0.040214743 0.998496652
1341846376.797939 -0.053662736 0.234997973 0.126244992 -0.004953254 0.036805093 0.038595103 0.998564601
1341846376.829920 -0.053853299 0.241941363 0.129345655 -0.008083212 0.037592363 0.040663857 0.998432755
1341846376.866170 -0.057230506 0.249885127 0.128803536 -0.010856297 0.037828874 0.044077110 0.998252630
1341846376.898026 -0.051003657 0.258366883 0.128570437 -0.014869386 0.035859320 0.044368636 0.998260677
1341846376.930139 -0.045514368 0.264590979 0.126980931 -0.019872915 0.036906015 0.040977679 0.998280466
1341846376.966511 -0.050875857 0.276037246 0.137524858 -0.026074853 0.040798713 0.038823355 0.998072267
1341846376.997919 -0.050814282 0.287947893 0.138220668 -0.030116487 0.042129632 0.041049287 0.997814119
1341846377.030079 -0.047902547 0.292669386 0.144512221 -0.033735566 0.042521477 0.041113202 0.997679055
1341846377.066212 -0.053318620 0.304193318 0.144652992 -0.035965309 0.043951381 0.042998653 0.997459710
1341846377.097918 -0.049856503 0.315673977 0.146636844 -0.039244514 0.042658120 0.042834658 0.997399271
1341846377.134079 -0.050948039 0.320623994 0.148480251 -0.042362809 0.041019380 0.043418776 0.997315228
1341846377.166160 -0.054332923 0.318775058 0.145334765 -0.046380877 0.037076738 0.044671778 0.997235477
1341846377.197925 -0.054509200 0.328180075 0.150034338 -0.046712425 0.032386508 0.044106446 0.997408509
1341846377.233952 -0.051188115 0.340848714 0.149580657 -0.048366748 0.030294344 0.041722555 0.997497916
1341846377.266486 -0.046690468 0.341411740 0.154663339 -0.052298490 0.031411853 0.040661599 0.997308791
1341846377.298068 -0.051981509 0.348708004 0.152800247 -0.055388108 0.032484096 0.043954782 0.996967852
1341846377.334109 -0.049970970 0.349651009 0.157036185 -0.059328571 0.030804098 0.044846550 0.996754766
1341846377.366029 -0.049405400 0.348603994 0.157038972 -0.061108828 0.031308919 0.042582307 0.996730745
1341846377.401870 -0.050881118 0.349890321 0.155299813 -0.062308162 0.032334026 0.040121425 0.996725857
1341846377.434052 -0.051725511 0.336994082 0.157287404 -0.065154061 0.031948872 0.039949026 0.996563256
1341846377.466127 -0.049365509 0.332968980 0.157255873 -0.063437819 0.031896058 0.040137809 0.996668041
1341846377.502027 -0.047819816 0.338143826 0.154371306 -0.060987297 0.032007452 0.036633953 0.996952355
1341846377.534114 -0.042618752 0.329488277 0.156634897 -0.061042838 0.033886839 0.033396021 0.997000575
1341846377.566085 -0.047205780 0.322729498 0.153402001 -0.059061982 0.036024969 0.035855588 0.996959507
1341846377.602113 -0.047110695 0.313390344 0.154283643 -0.057783868 0.035657089 0.035726767 0.997052252
1341846377.633912 -0.046111193 0.303336829 0.163391113 -0.052538384 0.036139790 0.033892743 0.997389078
1341846377.676329 -0.048262767 0.302257001 0.145890802 -0.047327854 0.038481671 0.031250119 0.997648537
1341846377.743964 -0.042734183 0.270589203 0.144248143 -0.042464145 0.035100091 0.028501809 0.998074353
1341846377.802535 -0.041040625 0.261095703 0.137174398 -0.040355455 0.034345828 0.029224366 0.998167217
1341846377.835932 -0.044661161 0.239160478 0.133558556 -0.036035869 0.036772180 0.028963784 0.998253644
1341846377.872063 -0.063078977 0.236850560 0.123338811 -0.033087157 0.035978802 0.037762377 0.998090565
1341846377.902201 -0.053092048 0.235410571 0.137764812 -0.032177079 0.028610019 0.038142037 0.998344302
1341846377.939383 -0.044744141 0.231376499 0.137966648 -0.027408917 0.031501364 0.029999701 0.998677373
1341846377.970635 -0.057491556 0.217804000 0.116219118 -0.031164479 0.034814559 0.033010159 0.998362184
1341846378.002401 -0.049949296 0.202067330 0.129007116 -0.035128865 0.027249331 0.034670737 0.998409450
1341846378.038883 -0.046094049 0.200926468 0.127043515 -0.030247718 0.028167356 0.030895812 0.998667657
1341846378.106524 -0.047148600 0.179717973 0.119088270 -0.033669535 0.028297685 0.027420003 0.998655975
1341846378.138114 -0.045641117 0.167380467 0.119946793 -0.032672666 0.029113982 0.023028228 0.998776555
1341846378.170157 -0.044493385 0.163187727 0.108270176 -0.031617995 0.030793702 0.015479042 0.998905599
1341846378.206045 -0.045759302 0.148702487 0.109786846 -0.034596942 0.031809699 0.011021524 0.998834193
1341846378.238081 -0.044789851 0.129089177 0.111510821 -0.035173647 0.031753577 0.009792701 0.998828590
1341846378.275916 -0.041359093 0.120517634 0.104941592 -0.031720746 0.031777598 0.008480378 0.998955488
1341846378.312389 -0.038670726 0.113267615 0.106368341 -0.031125758 0.033803742 0.005604685 0.998927951
1341846378.344267 -0.039525952 0.094807737 0.110113174 -0.030641129 0.036688954 0.003354420 0.998851240
1341846378.376036 -0.038107749 0.081670240 0.098181419 -0.026943328 0.037697025 0.003844567 0.998918533
1341846378.411936 -0.034926865 0.073903412 0.090861239 -0.025747374 0.038596570 0.002220891 0.998920619
1341846378.444079 -0.037817325 0.062208243 0.092921942 -0.024636228 0.041995831 -0.002453608 0.998811007
1341846378.480041 -0.038403176 0.052672379 0.086345688 -0.023813345 0.041967236 -0.003821933 0.998827875
1341846378.512023 -0.037456222 0.041885134 0.087793164 -0.024414020 0.039899927 -0.004990443 0.998892903
1341846378.543975 -0.033359427 0.033474509 0.092288509 -0.021174794 0.041713681 -0.011314371 0.998841107
1341846378.579973 -0.039020795 0.020279549 0.083374076 -0.020030022 0.044821035 -0.012796857 0.998712242
1341846378.612676 -0.038333818 0.014021928 0.088834003 -0.017324520 0.044530924 -0.013237110 0.998770058
1341846378.643945 -0.025781428 -0.002782107 0.074382760 -0.014882853 0.046039082 -0.014386271 0.998725116
1341846378.679954 -0.031683538 -0.005590000 0.076627173 -0.010858761 0.047662303 -0.014370395 0.998701096
1341846378.742199 -0.023421278 -0.024654005 0.075260162 -0.005543463 0.050993808 -0.020160623 0.998480082
1341846378.774089 -0.033204366 -0.033849608 0.077245183 -0.001144978 0.055966415 -0.020968355 0.998211801
1341846378.805994 -0.034204781 -0.042102214 0.074057154 0.001849699 0.056354132 -0.019475749 0.998219192
1341846378.842121 -0.024131987 -0.048540462 0.055384088 0.003940895 0.056579847 -0.022567986 0.998135209
1341846378.874022 -0.023776364 -0.060112905 0.052874751 0.006115712 0.059285779 -0.026151052 0.997879684
1341846378.911788 -0.025834832 -0.064742759 0.051356029 0.008789067 0.061088867 -0.024473123 0.997793555
1341846378.974034 -0.019875368 -0.082830042 0.050881911 0.012047781 0.061857633 -0.026077731 0.997671485
1341846379.009977 -0.021994820 -0.081622802 0.048567057 0.015075293 0.064542718 -0.025408652 0.997477472
1341846379.041991 -0.019614970 -0.086702555 0.047902998 0.016281048 0.065129541 -0.025356445 0.997421741
1341846379.078155 -0.015373772 -0.096010394 0.049644373 0.017346554 0.066774428 -0.030325899 0.997156262
1341846379.109871 -0.020071948 -0.104626909 0.040201362 0.017949926 0.068034425 -0.030935431 0.997041702
1341846379.142034 -0.015034475 -0.117934063 0.050115187 0.017134601 0.067750156 -0.030715391 0.997082174
1341846379.178080 -0.012330832 -0.133442521 0.049322587 0.019283358 0.069348149 -0.035787467 0.996763885
1341846379.209979 -0.011772256 -0.142854154 0.052894525 0.025736917 0.070341483 -0.036675498 0.996516228
1341846379.242047 -0.016969495 -0.156167790 0.046056006 0.031321853 0.068198830 -0.034328852 0.996588886
1341846379.278304 -0.006173349 -0.167656288 0.052334432 0.036850438 0.065449297 -0.035412543 0.996546268
1341846379.310076 -0.009916050 -0.187374026 0.024452779 0.043561183 0.069885813 -0.041920863 0.995721340
1341846379.346166 -0.008920977 -0.187798828 0.032676779 0.051407337 0.071888253 -0.038851347 0.995329082
1341846379.377944 -0.015658699 -0.210380986 0.034422595 0.056701057 0.072469838 -0.038158167 0.995026171
1341846379.409974 -0.014047758 -0.213255197 0.042720065 0.065732777 0.074811414 -0.039349880 0.994250476
1341846379.446065 -0.009102405 -0.199937090 0.029762255 0.073718853 0.075389646 -0.035481740 0.993792236
1341846379.478631 -0.003990202 -0.201624796 0.019721907 0.073891923 0.073905587 -0.033562377 0.993957520
1341846379.511214 0.005718518 -0.202308446 0.027058406 0.072860338 0.075283505 -0.038116943 0.993766010
1341846379.546204 -0.005463965 -0.212111652 0.033014320 0.074031986 0.077905893 -0.037198856 0.993512034
1341846379.578217 -0.018175099 -0.208343074 0.024826534 0.074990362 0.074238710 -0.033681761 0.993846357
1341846379.614096 -0.005485331 -0.213880673 0.015085540 0.072317913 0.070732012 -0.032270886 0.994346857
1341846379.646030 -0.005272533 -0.210316092 0.015599068 0.070977449 0.073048159 -0.032727685 0.994261086
1341846379.678830 -0.014178767 -0.212044910 0.013877044 0.068383478 0.072841130 -0.030738249 0.994521499
1341846379.714071 -0.012414047 -0.207346708 0.024419738 0.066784762 0.069210812 -0.027260611 0.994990706
1341846379.746082 -0.002115384 -0.206597343 0.023211073 0.064999864 0.068564914 -0.026197573 0.995182157
1341846379.778087 -0.011972699 -0.194494769 0.023979634 0.063233852 0.070787460 -0.023133218 0.995216310
1341846379.813931 -0.017018776 -0.194085836 0.036608178 0.058018111 0.068204813 -0.020158499 0.995778918
1341846379.845927 -0.009895734 -0.192787439 0.032913592 0.053435285 0.066204630 -0.019305244 0.996187210
1341846379.881893 -0.012597349 -0.180272743 0.038854033 0.049574953 0.067012981 -0.017184440 0.996371567
1341846379.913954 -0.016855963 -0.162233070 0.044181552 0.042812608 0.065758139 -0.012383574 0.996839821
1341846379.946050 -0.016331129 -0.165923178 0.050231420 0.034437597 0.063691705 -0.010109979 0.997324049
1341846379.981969 -0.023446122 -0.162352458 0.054441456 0.029539732 0.062762454 -0.008269209 0.997556984
1341846380.013935 -0.026255608 -0.152969226 0.054751873 0.025307827 0.059629597 -0.003806583 0.997892439
1341846380.046124 -0.023447398 -0.140800878 0.059002772 0.019369425 0.056781627 0.001078134 0.998198152
1341846380.082142 -0.017746381 -0.138825789 0.057019141 0.013729229 0.056379694 -0.000126841 0.998314977
1341846380.114330 -0.025169445 -0.136730820 0.065647371 0.008974589 0.057931177 0.001371581 0.998279333
1341846380.150278 -0.030068472 -0.138400793 0.069391683 0.006665878 0.056521665 0.004272921 0.998369992
1341846380.182030 -0.026090818 -0.128144205 0.071233653 0.007982408 0.054779999 0.006400009 0.998446047
1341846380.213908 -0.026648056 -0.102881894 0.069411941 0.007930650 0.054797012 0.006794711 0.998442948
1341846380.250090 -0.022650620 -0.083715439 0.055664789 0.000541519 0.055226617 0.007002624 0.998449147
1341846380.281996 -0.020437947 -0.078706726 0.068628050 -0.008115205 0.059738703 0.004361958 0.998171568
1341846380.318009 -0.020691646 -0.062347319 0.070443995 -0.011641196 0.063219748 0.006137213 0.997912884
1341846380.350031 -0.022180058 -0.055422559 0.071293354 -0.017817836 0.064352170 0.010898100 0.997708678
1341846380.382297 -0.017805843 -0.055008717 0.074521922 -0.023020426 0.065082371 0.012509478 0.997535944
1341846380.418020 -0.020720141 -0.037090495 0.076139629 -0.025699062 0.066618361 0.013313181 0.997358680
1341846380.450059 -0.024702976 -0.024971141 0.091099240 -0.033093207 0.063274413 0.019952746 0.997247756
1341846380.481987 -0.017681429 -0.016353469 0.092069164 -0.041811023 0.055962153 0.024944274 0.997245133
1341846380.518026 -0.011934357 -0.019523026 0.091040187 -0.047652356 0.053166956 0.023249781 0.997177064
1341846380.549973 -0.016579015 -0.013915035 0.095406935 -0.049890552 0.052853193 0.023777233 0.997071803
1341846380.585876 -0.016066035 -0.010172746 0.094134934 -0.050483555 0.048322577 0.024631197 0.997251034
1341846380.617833 -0.009910716 -0.010258913 0.093079925 -0.050027315 0.044705231 0.024024380 0.997457564
1341846380.650010 -0.011710227 -0.004580682 0.093762860 -0.045846771 0.044425540 0.021610089 0.997726202
1341846380.686058 -0.012685306 0.002547163 0.088602878 -0.042454224 0.042842694 0.020484366 0.997969210
1341846380.718154 -0.011436563 -0.000300289 0.088881128 -0.040892426 0.041145448 0.019632122 0.998122990
1341846380.750063 -0.002918624 -0.006765776 0.083003700 -0.036733229 0.039848771 0.020093815 0.998328149
1341846380.785897 -0.009577026 0.009254097 0.084508121 -0.029626463 0.041562416 0.021533296 0.998464406
1341846380.818263 -0.021996539 0.025565008 0.086724557 -0.026382176 0.039144263 0.023278255 0.998613954
1341846380.854055 -0.018720785 0.017923575 0.092427783 -0.026323415 0.036465216 0.019578652 0.998796284
1341846380.886150 -0.016530540 0.026003031 0.093325436 -0.021173457 0.035526324 0.020084871 0.998942554
1341846380.918124 -0.024549093 0.038292628 0.102527566 -0.019832399 0.032258477 0.021982374 0.999040961
1341846380.954125 -0.006598230 0.032440014 0.111009806 -0.021042928 0.024612382 0.021124924 0.999252319
1341846380.985985 -0.005956986 0.025412252 0.104570307 -0.020849047 0.026219787 0.018002251 0.999276638
1341846381.018098 -0.010280611 0.032470886 0.117510937 -0.018982645 0.027609659 0.019064005 0.999256730
1341846381.054072 -0.006591166 0.023482185 0.128565907 -0.019112455 0.024137858 0.019789549 0.999330044
1341846381.086074 0.007639987 0.014382171 0.129699290 -0.015222200 0.022226755 0.021476047 0.999406338
1341846381.122035 0.000391046 0.025576849 0.141007036 -0.011512271 0.024840651 0.021834116 0.999386668
1341846381.159808 0.001838860 0.022990532 0.146968171 -0.012509106 0.024495138 0.020985778 0.999401391
1341846381.222118 0.015311012 0.029584717 0.166866034 -0.011329553 0.027052239 0.023391368 0.999296069
1341846381.254198 0.025301604 0.024638915 0.174966156 -0.014576220 0.029930718 0.021878324 0.999206245
1341846381.289977 0.037058447 0.022006536 0.191121325 -0.013858473 0.035704836 0.022539146 0.999012053
1341846381.322365 0.028970819 0.035265740 0.209844485 -0.011964828 0.039996542 0.028404482 0.998724341
1341846381.353963 0.033738073 0.032444678 0.221666902 -0.014699177 0.040725619 0.032252260 0.998541534
1341846381.389983 0.051669542 0.034291793 0.223674700 -0.016274648 0.043150783 0.033079587 0.998388171
1341846381.421973 0.041857511 0.038167872 0.234969050 -0.020030184 0.050893299 0.036177386 0.997847617
1341846381.454108 0.045459550 0.032676417 0.253437877 -0.023730371 0.052301839 0.036997393 0.997663558
1341846381.489891 0.051994380 0.020381210 0.263782620 -0.022900321 0.055265006 0.038416389 0.997469544
1341846381.521988 0.053693227 0.020287955 0.276667625 -0.017620711 0.059474777 0.045120921 0.997053862
1341846381.558072 0.059186880 0.028584275 0.288803697 -0.013359935 0.061933342 0.047930058 0.996839285
1341846381.589879 0.066083267 0.026531450 0.290395588 -0.012573005 0.064985342 0.046754941 0.996711016
1341846381.622018 0.069682732 0.032449853 0.309098333 -0.012888248 0.069281593 0.044337116 0.996528089
1341846381.657894 0.073978834 0.023401992 0.322424382 -0.014238972 0.072326615 0.041595921 0.996411502
1341846381.689870 0.081628315 0.022677831 0.336682290 -0.009022941 0.074752130 0.040182184 0.996351421
1341846381.722338 0.085091375 0.025038894 0.348610193 -0.006609527 0.077042997 0.041229259 0.996152997
1341846381.758166 0.088666312 0.025177624 0.365149647 -0.006653891 0.078886576 0.040745173 0.996028364
1341846381.790889 0.091260709 0.024609549 0.369815052 -0.004436599 0.080796681 0.038695447 0.995969355
1341846381.826591 0.097752847 0.020850094 0.387680858 -0.002355410 0.083304472 0.037899572 0.995800436
1341846381.859589 0.099161759 0.018385125 0.413385153 -0.001998794 0.082586586 0.042211227 0.995687544
1341846381.890538 0.102770209 0.017063852 0.428902745 -0.000347868 0.078066625 0.042767968 0.996030331
1341846381.926191 0.104668744 0.019854361 0.434880912 0.000403182 0.076158650 0.040170856 0.996286094
1341846381.958121 0.098691709 0.026103692 0.425273418 -0.001891167 0.074192584 0.038575776 0.996495783
1341846381.990050 0.098048709 0.018299164 0.442120582 -0.008262642 0.066496573 0.039557237 0.996967971
1341846382.026007 0.110397398 0.026051588 0.460415184 -0.010038893 0.061013050 0.035297845 0.997462094
1341846382.059217 0.115705483 0.030285377 0.466955096 -0.015141690 0.060495671 0.030978817 0.997572720
1341846382.094090 0.108175620 0.019086657 0.488961160 -0.022007486 0.059550375 0.030404449 0.997519433
1341846382.126195 0.118496239 0.014910719 0.502267838 -0.023048233 0.055848107 0.031733587 0.997668684
1341846382.158170 0.129609555 0.013883898 0.511134982 -0.023345144 0.055402331 0.033247992 0.997637272
1341846382.194097 0.128966823 0.012690591 0.520600259 -0.024469731 0.056556724 0.034612264 0.997499168
1341846382.226010 0.132455498 0.008705487 0.533359468 -0.024725853 0.056031030 0.037262525 0.997427046
1341846382.258172 0.132412359 0.007665952 0.540162861 -0.024879811 0.057125423 0.036554746 0.997387290
1341846382.294020 0.135168374 0.008095844 0.552617490 -0.024605826 0.059362907 0.034158725 0.997348368
1341846382.325957 0.128175408 0.014913193 0.569851756 -0.023871459 0.060193043 0.032098457 0.997384906
1341846382.361974 0.133026659 0.009636635 0.581329465 -0.025514726 0.057904378 0.031241870 0.997506917
1341846382.393888 0.134313583 0.010174155 0.591598451 -0.023756601 0.056068342 0.030082535 0.997690856
1341846382.425972 0.134140223 0.009472528 0.607023060 -0.023839718 0.055180468 0.025987858 0.997853398
1341846382.462037 0.123744883 0.006482538 0.611197829 -0.025572717 0.055790711 0.020627627 0.997901797
1341846382.494003 0.126878932 0.004046950 0.625000417 -0.027846562 0.052019868 0.017249683 0.998108685
1341846382.530148 0.126967058 -0.001324194 0.642038107 -0.028391313 0.050156996 0.013805939 0.998242259
1341846382.562400 0.124670699 -0.000045154 0.648933649 -0.027254146 0.050466165 0.012179908 0.998279572
1341846382.593981 0.129236326 -0.003456028 0.660153866 -0.026767945 0.049460687 0.013368885 0.998327792
1341846382.629905 0.129547417 -0.009782992 0.667675912 -0.023763174 0.050395366 0.016173482 0.998315632
1341846382.661966 0.127284631 -0.001310387 0.677440584 -0.019464482 0.050971657 0.019567916 0.998318672
1341846382.693976 0.123567551 0.000899140 0.687083185 -0.019945273 0.051361367 0.019460449 0.998291254
1341846382.730021 0.127981111 -0.005307846 0.690777481 -0.020258069 0.051837217 0.018585060 0.998277068
1341846382.762004 0.119631760 0.004548455 0.694073915 -0.017984217 0.053817052 0.020472059 0.998178959
1341846382.798112 0.122951619 0.002689059 0.701390743 -0.020962331 0.051335689 0.017274834 0.998311996
1341846382.829949 0.122058876 0.002153563 0.706203222 -0.023014685 0.052779488 0.011133406 0.998278856
1341846382.861875 0.125970587 0.007769172 0.712067187 -0.022422662 0.053230584 0.009100270 0.998288989
1341846382.897967 0.123312585 0.000450586 0.716714740 -0.024215784 0.054089259 0.010431552 0.998187900
1341846382.930017 0.128342927 -0.003197695 0.715189993 -0.023243800 0.054162640 0.011429959 0.998196125
1341846382.962121 0.131014228 -0.000031833 0.722652316 -0.021442752 0.056425288 0.010573700 0.998120546
1341846382.997950 0.125747025 0.002383640 0.727303863 -0.020619527 0.058682080 0.012382424 0.997986972
1341846383.029927 0.127327263 0.003404099 0.729835629 -0.019374866 0.058428816 0.013145668 0.998017013
1341846383.104184 0.134585097 0.001142953 0.734308302 -0.023484942 0.062251810 0.004822423 0.997772455
1341846383.172122 0.134169325 -0.002520726 0.734552085 -0.026331306 0.061214078 0.004221761 0.997768342
1341846383.236935 0.132679090 0.008750828 0.741452932 -0.024797104 0.069842905 0.003388176 0.997244000
1341846383.272112 0.146293029 -0.005826604 0.745678663 -0.027008982 0.065349951 0.008647639 0.997459352
1341846383.303955 0.148209825 0.007423456 0.738919199 -0.023257218 0.066465542 0.010172342 0.997465789
1341846383.336133 0.139562637 0.019591115 0.735674739 -0.023709903 0.069559157 0.009017452 0.997255266
1341846383.398119 0.145097554 -0.001132853 0.730882943 -0.029572155 0.067374438 0.012065332 0.997216463
1341846383.433991 0.144102871 -0.007726555 0.720830917 -0.031686224 0.069605745 0.012300631 0.996995389
1341846383.466087 0.144106135 -0.002229905 0.720973432 -0.030297672 0.069575861 0.012718858 0.997035325
1341846383.501974 0.137772664 -0.005020776 0.718193948 -0.029943915 0.068899773 0.016647099 0.997035146
1341846383.533975 0.137706518 0.000123962 0.716408312 -0.028192602 0.066291265 0.017231224 0.997253120
1341846383.565981 0.137447163 0.002610648 0.711198330 -0.028346591 0.065413676 0.014479749 0.997350454
1341846383.602253 0.132135749 -0.003269699 0.705445528 -0.029854251 0.062968314 0.013950516 0.997471333
1341846383.634175 0.122330993 0.001516248 0.699297667 -0.028212758 0.058851577 0.013654313 0.997774601
1341846383.665988 0.122349925 0.001212152 0.692779422 -0.028943228 0.054159947 0.012515710 0.998034239
1341846383.702104 0.112438411 -0.004312842 0.683257461 -0.030849554 0.052973609 0.009445588 0.998074591
1341846383.734131 0.107593492 0.000243214 0.677849829 -0.029887149 0.048442770 0.008965016 0.998338461
1341846383.770067 0.101211146 0.002855595 0.668276668 -0.028714973 0.043848075 0.011943462 0.998554051
1341846383.802027 0.099364117 0.001059218 0.661165655 -0.028864788 0.040029559 0.011670269 0.998713315
1341846383.870067 0.085149795 -0.002943584 0.641410887 -0.030521592 0.035321064 0.013897345 0.998813152
1341846383.901854 0.083916761 0.011684101 0.626829624 -0.027364930 0.031757582 0.014711441 0.999012589
1341846383.934301 0.081531480 0.014317393 0.618356168 -0.029967161 0.030435832 0.013515878 0.998995960
1341846383.969997 0.073061891 0.006241581 0.609789550 -0.032320775 0.029122217 0.013876401 0.998956800
1341846384.001936 0.071066305 0.002736293 0.602348983 -0.030836878 0.026094569 0.016631700 0.999045312
1341846384.038092 0.065406717 0.012750704 0.589894533 -0.027828977 0.021239182 0.018684080 0.999212384
1341846384.070104 0.071931809 0.011384826 0.577110708 -0.029449005 0.018463574 0.014971416 0.999283612
1341846384.102008 0.066586316 0.006038898 0.565303206 -0.028674666 0.018649202 0.013555350 0.999322891
1341846384.138265 0.053143919 0.010786762 0.555819273 -0.026538288 0.017001826 0.015539415 0.999382436
1341846384.170093 0.056383088 0.011783892 0.544666529 -0.027269023 0.013791605 0.015604467 0.999411166
1341846384.202188 0.056628104 0.010450912 0.531485677 -0.027119292 0.014702660 0.013378469 0.999434531
1341846384.237844 0.050186891 0.014740665 0.525301278 -0.026636319 0.015682083 0.012508994 0.999443889
1341846384.269968 0.050097790 0.009086262 0.516419649 -0.027497217 0.013534532 0.014784208 0.999420881
1341846384.306015 0.050921820 0.010764100 0.498146832 -0.025789101 0.013392250 0.014360402 0.999474585
1341846384.337907 0.043050695 0.014565647 0.489313513 -0.025498362 0.014692393 0.014024375 0.999468505
1341846384.369865 0.044562843 0.014335464 0.475301355 -0.027018454 0.013340363 0.012976525 0.999461710
1341846384.406199 0.044886321 0.015647303 0.468275815 -0.026068088 0.013651066 0.011212122 0.999504089
1341846384.437788 0.036810666 0.018368030 0.455635518 -0.026166677 0.014461666 0.010339648 0.999499500
1341846384.469882 0.036614280 0.019118119 0.444857508 -0.028952939 0.013351522 0.008278713 0.999457300
1341846384.506115 0.037466027 0.018917317 0.436135441 -0.030008724 0.014387272 0.004975424 0.999433696
1341846384.537970 0.035421304 0.025570381 0.429300547 -0.030703750 0.016982270 0.004486938 0.999374211
1341846384.573994 0.026119189 0.019697471 0.422212720 -0.032779682 0.018097615 0.006424580 0.999278069
1341846384.606493 0.024332585 0.017706726 0.415665001 -0.030831760 0.016479107 0.010772758 0.999330640
1341846384.637999 0.022654656 0.022463527 0.406711131 -0.028588729 0.015336246 0.013900628 0.999376953
1341846384.674068 0.018533451 0.024803421 0.397496998 -0.028924499 0.014437804 0.012350668 0.999401033
1341846384.705921 0.016363984 0.024408821 0.389448762 -0.028363958 0.013664999 0.010227202 0.999451935
1341846384.742045 0.009610594 0.033849914 0.381491750 -0.027349927 0.011495726 0.010038865 0.999509394
1341846384.774082 0.009948711 0.035305459 0.374083251 -0.030201683 0.009088716 0.006408267 0.999481976
1341846384.805987 0.007491913 0.033298943 0.363683403 -0.031924859 0.008808821 0.000903840 0.999451041
1341846384.842025 -0.000453696 0.037004653 0.356646508 -0.032142505 0.008080809 -0.000413225 0.999450564
1341846384.874081 -0.003567860 0.035884608 0.343566209 -0.033499584 0.006380715 0.001837384 0.999416709
1341846384.905998 -0.004182133 0.034440905 0.333691567 -0.031800866 0.006175048 0.004540544 0.999464869
1341846384.942014 -0.006332807 0.043233354 0.325263113 -0.030483857 0.006198482 0.007306193 0.999489367
1341846384.974049 -0.009655391 0.032508679 0.316050321 -0.033350315 0.006065693 0.010362219 0.999371588
1341846385.009917 -0.011910898 0.033813741 0.306926697 -0.030731700 0.006873929 0.014542125 0.999398232
1341846385.042211 -0.017638093 0.041019358 0.299854904 -0.028933663 0.007910129 0.016742464 0.999409795
1341846385.073967 -0.020011416 0.040629689 0.291490436 -0.030598061 0.008920588 0.016088799 0.999362469
1341846385.110157 -0.023168385 0.037779555 0.278751493 -0.029996159 0.009937968 0.015476402 0.999380767
1341846385.141931 -0.025473475 0.034186780 0.289613724 -0.028733270 0.010618330 0.018269306 0.999363780
1341846385.173929 -0.032892641 0.039118368 0.270305872 -0.026816880 0.009258020 0.016125945 0.999467432
1341846385.210052 -0.033416469 0.037680753 0.258192241 -0.025620140 0.008921826 0.010518716 0.999576569
1341846385.242941 -0.039817590 0.038152780 0.254445165 -0.024755254 0.010037001 0.004944079 0.999630928
1341846385.278001 -0.042041481 0.033555932 0.260265797 -0.024830664 0.009174342 0.002825537 0.999645591
1341846385.311234 -0.050137773 0.025456663 0.249074489 -0.023401730 0.009398590 0.001862514 0.999680221
1341846385.342936 -0.053488538 0.029571207 0.238840699 -0.019656060 0.007816358 0.000976262 0.999775767
1341846385.378101 -0.059595801 0.032752182 0.232307896 -0.019241253 0.008360931 -0.000708830 0.999779701
1341846385.410048 -0.069229387 0.035210744 0.218231618 -0.018934868 0.007665408 -0.002825461 0.999787331
1341846385.442088 -0.075519018 0.032896966 0.219856635 -0.018599058 0.005692383 -0.001103610 0.999810219
1341846385.477970 -0.084466331 0.036840722 0.212811559 -0.018789671 0.002676370 -0.001402684 0.999818921
1341846385.510109 -0.090148896 0.039199300 0.196045801 -0.019240823 0.000613520 -0.002988779 0.999810219
1341846385.545989 -0.105607994 0.039679732 0.186243519 -0.019671915 -0.000937767 -0.002565825 0.999802768
1341846385.577939 -0.108985007 0.044993047 0.179771617 -0.020335922 -0.006279430 -0.002839562 0.999769449
1341846385.609948 -0.113382339 0.039755173 0.179788932 -0.021877391 -0.008942578 -0.002052505 0.999718606
1341846385.646024 -0.130857214 0.047180813 0.166907325 -0.021040192 -0.010487607 -0.001955369 0.999721706
1341846385.678122 -0.135480076 0.046758059 0.156145811 -0.023242382 -0.017181799 0.000431054 0.999582112
1341846385.713966 -0.131785288 0.037006333 0.164464027 -0.024798660 -0.020369768 0.002182697 0.999482572
1341846385.745986 -0.137556821 0.040911231 0.159593195 -0.023326946 -0.020110149 0.002282210 0.999522984
1341846385.778024 -0.149253324 0.044239901 0.149069011 -0.023128288 -0.021690439 0.005697018 0.999480963
1341846385.814480 -0.151552960 0.053288084 0.131264701 -0.022442902 -0.023425005 0.003685110 0.999466896
1341846385.846594 -0.147740871 0.050560601 0.129327178 -0.023454387 -0.021174999 0.001745548 0.999499083
1341846385.884072 -0.158096403 0.056815483 0.114747219 -0.023901662 -0.018643266 0.002564160 0.999537170
1341846385.920282 -0.164253786 0.059253473 0.104403235 -0.024184216 -0.020592595 0.004994986 0.999482930
1341846385.951967 -0.159192607 0.060201935 0.094876111 -0.023890765 -0.018891614 0.001785244 0.999534488
1341846385.983828 -0.167478681 0.058653794 0.087728202 -0.023872729 -0.014829948 0.002384088 0.999602199
1341846386.019954 -0.174258947 0.055492312 0.078406051 -0.024159444 -0.014893501 0.005633865 0.999581337
1341846386.053153 -0.172236457 0.055549648 0.077625148 -0.022375681 -0.016866330 0.004274685 0.999598265
1341846386.087964 -0.170255467 0.060074922 0.062937379 -0.018705081 -0.014940502 -0.000292345 0.999713361
1341846386.120298 -0.178273574 0.059275202 0.057354752 -0.017735777 -0.011670232 -0.002510646 0.999771476
1341846386.152323 -0.184195176 0.053176481 0.050593745 -0.016271457 -0.011897576 -0.002339029 0.999794126
1341846386.187922 -0.188001245 0.051687237 0.042169001 -0.013714486 -0.012958348 -0.006083800 0.999803483
1341846386.220214 -0.183602825 0.051299363 0.031987742 -0.011663152 -0.012857862 -0.011193099 0.999786675
1341846386.251878 -0.187292129 0.046655715 0.021931082 -0.008942572 -0.011096943 -0.013906843 0.999801755
1341846386.287926 -0.194851130 0.045503337 0.007230662 -0.006187335 -0.012194605 -0.013803657 0.999811232
1341846386.320048 -0.190312177 0.050157066 -0.002736337 -0.003299715 -0.014345096 -0.017536255 0.999737859
1341846386.351806 -0.188114479 0.050445035 -0.016894927 -0.001560061 -0.012294287 -0.022139858 0.999678135
1341846386.387904 -0.193319499 0.046204764 -0.032588612 -0.000360027 -0.011253963 -0.021752581 0.999700010
1341846386.420158 -0.198975727 0.048647016 -0.049561333 0.001756265 -0.013142063 -0.020617716 0.999699533
1341846386.488011 -0.186446980 0.059974752 -0.081457481 0.003836284 -0.017978072 -0.024034597 0.999542117
1341846386.550203 -0.199646458 0.051459655 -0.117898881 0.004828775 -0.017010022 -0.023601471 0.999565065
1341846386.582265 -0.195812538 0.062440448 -0.137537211 0.006426992 -0.020634864 -0.021984715 0.999524713
1341846386.618055 -0.192609280 0.064192154 -0.155822322 0.005439363 -0.020621447 -0.023944244 0.999485850
1341846386.651032 -0.197093338 0.069760464 -0.177855372 0.004449395 -0.018808980 -0.025300452 0.999493062
1341846386.682220 -0.199686497 0.072099075 -0.191861153 0.002058985 -0.020163272 -0.023521122 0.999517918
1341846386.718071 -0.191650301 0.065206610 -0.204746261 0.000646664 -0.021710014 -0.021182049 0.999539673
1341846386.750071 -0.180396631 0.076026358 -0.213030562 0.004070312 -0.020184962 -0.020189080 0.999584138
1341846386.786100 -0.186757579 0.080488935 -0.231014326 0.004650011 -0.017172569 -0.015893614 0.999715388
1341846386.817967 -0.189955831 0.079557829 -0.240922958 0.005661788 -0.017351592 -0.014386077 0.999729931
1341846386.850155 -0.183735713 0.086438194 -0.261097401 0.007003994 -0.016238557 -0.014715765 0.999735355
1341846386.886034 -0.181102738 0.088342935 -0.274041444 0.006844237 -0.013558866 -0.012704770 0.999803960
1341846386.918050 -0.183837637 0.089300655 -0.286412060 0.007201562 -0.011620790 -0.009458759 0.999861836
1341846386.954005 -0.185722530 0.091945030 -0.299021870 0.007723810 -0.010582475 -0.007402376 0.999886870
1341846386.986155 -0.175520703 0.094424054 -0.315361232 0.007646766 -0.009738165 -0.007228178 0.999897242
1341846387.018027 -0.172982007 0.088829160 -0.323837519 0.006798049 -0.005364053 -0.005474053 0.999947548
1341846387.054058 -0.186225757 0.091553047 -0.336377650 0.008512802 -0.002313969 -0.003874026 0.999953628
1341846387.086157 -0.180898651 0.096996777 -0.343762547 0.009406729 -0.002808152 -0.003653305 0.999945164
1341846387.118350 -0.177031487 0.091821678 -0.357173651 0.009712256 0.000004101 -0.005235213 0.999939144
1341846387.153927 -0.185122550 0.092631072 -0.368097544 0.011240362 0.002881327 -0.005611527 0.999916971
1341846387.185953 -0.179315463 0.109314792 -0.392139286 0.012451918 0.000857379 -0.003547499 0.999915779
1341846387.222042 -0.171809107 0.108056739 -0.398703933 0.009985315 -0.000734060 -0.005126844 0.999936759
1341846387.253968 -0.174822971 0.108433388 -0.418502480 0.008783425 0.001669902 -0.006950635 0.999935865
1341846387.286046 -0.182099298 0.112558447 -0.432671487 0.007866254 0.002442215 -0.005795871 0.999949276
1341846387.322002 -0.172662735 0.115119286 -0.438520402 0.006151529 0.000281659 -0.004504843 0.999970853
1341846387.353879 -0.169254571 0.110696062 -0.451915622 0.004634277 0.001989469 -0.005338391 0.999972999
1341846387.386177 -0.180874765 0.109981328 -0.463391989 0.004345786 0.003273197 -0.002366082 0.999982357
1341846387.422132 -0.170759425 0.110664934 -0.472258270 0.004750659 0.000896433 0.000472496 0.999988139
1341846387.454043 -0.164662212 0.119060740 -0.481593579 0.005656788 0.002071691 -0.001761959 0.999980271
1341846387.490166 -0.172709301 0.116800137 -0.492300063 0.004753149 0.003376011 -0.001086616 0.999982357
1341846387.522009 -0.174994692 0.116668984 -0.495037109 0.004881467 0.001274122 0.003651833 0.999980569
1341846387.554619 -0.167404577 0.123577587 -0.509150147 0.005818560 0.000113933 0.004868174 0.999971211
1341846387.590257 -0.165827155 0.132791400 -0.525770187 0.004590991 0.001313696 0.004201189 0.999979734
1341846387.622301 -0.168459624 0.132238507 -0.522670329 0.001502071 0.002716287 0.005345818 0.999980867
1341846387.654151 -0.175560057 0.129332125 -0.529406011 -0.000386103 0.002895899 0.005566758 0.999980211
1341846387.690110 -0.174829647 0.136546806 -0.536872268 -0.000960394 0.000747288 0.004271705 0.999990106
1341846387.722109 -0.172992021 0.133289576 -0.544148088 -0.003903470 -0.000365377 0.003794195 0.999985099
1341846387.758177 -0.174633369 0.127503172 -0.551609814 -0.005759614 -0.000874760 0.004774265 0.999971628
1341846387.790191 -0.181113765 0.123920374 -0.558427870 -0.005653332 -0.002049570 0.007901172 0.999950707
1341846387.822157 -0.178261206 0.132257849 -0.565848529 -0.004247803 -0.004393783 0.008082669 0.999948621
1341846387.858179 -0.175825730 0.141086295 -0.569302678 -0.004005241 -0.005660934 0.011251430 0.999912679
1341846387.890013 -0.178986713 0.139328435 -0.572551548 -0.004297328 -0.008157384 0.012772094 0.999875903
1341846387.926103 -0.175966799 0.142694414 -0.583269775 -0.004092013 -0.009495383 0.012549013 0.999867797
1341846387.958426 -0.178854078 0.144188449 -0.587424457 -0.004800491 -0.009905513 0.015256138 0.999823034
1341846387.990086 -0.182317212 0.144767359 -0.586372137 -0.005443500 -0.012182624 0.016755922 0.999770522
1341846388.026158 -0.176965877 0.133824453 -0.579383790 -0.004981357 -0.016296383 0.015436098 0.999735653
1341846388.058060 -0.172988951 0.134659648 -0.581089854 -0.000056969 -0.018391905 0.021942049 0.999590039
1341846388.089974 -0.175145909 0.131797180 -0.582329750 0.004959066 -0.021128714 0.027127622 0.999396324
1341846388.126088 -0.170275658 0.147715822 -0.587995052 0.008305199 -0.023305975 0.025325419 0.999373019
1341846388.158090 -0.163196325 0.168477282 -0.589927614 0.006810689 -0.021740181 0.021631012 0.999506414
1341846388.194068 -0.170018196 0.153342724 -0.574176610 0.000695199 -0.018799460 0.018594032 0.999650121
1341846388.225961 -0.169712529 0.148611262 -0.565323055 0.000075804 -0.019509710 0.017081564 0.999663711
1341846388.257928 -0.165232673 0.155520126 -0.561245024 -0.000760919 -0.019974858 0.018118657 0.999635994
1341846388.294066 -0.169186920 0.143455386 -0.547485709 -0.002476899 -0.019738214 0.017944992 0.999641061
1341846388.325954 -0.161862954 0.152016833 -0.544249594 -0.000641981 -0.020706218 0.016094305 0.999655843
1341846388.357936 -0.162009552 0.150971904 -0.538306773 -0.002561257 -0.019349953 0.015288017 0.999692559
1341846388.394202 -0.169540510 0.144716650 -0.525112927 -0.003972236 -0.019078463 0.013014689 0.999725342
1341846388.425957 -0.159602657 0.145042017 -0.526683748 -0.004258967 -0.020700995 0.010695993 0.999719441
1341846388.462012 -0.159581468 0.141475618 -0.510455728 -0.005467526 -0.018615332 0.007988893 0.999779820
1341846388.493961 -0.163242608 0.133932114 -0.491843134 -0.005041876 -0.019381199 0.007873780 0.999768436
1341846388.526293 -0.158497959 0.132120416 -0.488672435 -0.003425471 -0.021540189 0.008473488 0.999726176
1341846388.562293 -0.152234927 0.131080270 -0.480084091 -0.001716767 -0.020042090 0.006049136 0.999779344
1341846388.594090 -0.156567290 0.131576657 -0.464559734 -0.000918808 -0.018135333 0.005407894 0.999820471
1341846388.626030 -0.156905413 0.129357994 -0.451466620 -0.001170642 -0.018874248 0.004998704 0.999808729
1341846388.662009 -0.149537295 0.118851677 -0.438358963 -0.000460958 -0.018347910 0.002606527 0.999828160
1341846388.694110 -0.154016197 0.126640812 -0.429070234 0.001818762 -0.016761091 0.002197620 0.999855459
1341846388.730239 -0.153793097 0.126082435 -0.410388321 0.000142287 -0.017591357 0.001432360 0.999844193
1341846388.762131 -0.144286364 0.112758115 -0.399194390 -0.000584901 -0.017127093 -0.001183318 0.999852479
1341846388.794087 -0.149906471 0.120428130 -0.389626384 0.001066853 -0.014562297 -0.000739928 0.999893129
1341846388.830117 -0.151915044 0.120892152 -0.364163369 -0.001173786 -0.015813975 0.001061334 0.999873698
1341846388.868548 -0.143751815 0.105798043 -0.361447990 -0.002463269 -0.016688855 0.000745438 0.999857426
1341846388.900942 -0.149732932 0.117458709 -0.344136298 -0.000954230 -0.014469337 0.000519373 0.999894738
1341846388.937157 -0.150892302 0.120814681 -0.322274238 -0.003925825 -0.016154096 0.001548413 0.999860585
1341846388.970712 -0.148942560 0.106736623 -0.306350648 -0.006596040 -0.016534915 0.001409802 0.999840558
1341846389.001153 -0.148792297 0.110079199 -0.293411762 -0.005932657 -0.016443742 0.000329782 0.999847114
1341846389.036956 -0.149633586 0.116793737 -0.271323293 -0.007948407 -0.016771974 -0.000931161 0.999827325
1341846389.069208 -0.148294568 0.096538007 -0.260534257 -0.012364260 -0.017555477 -0.000204029 0.999769449
1341846389.168276 -0.147674710 0.086178213 -0.220041558 -0.012686166 -0.016773826 0.000018480 0.999778807
1341846389.230639 -0.158280835 0.087971643 -0.182643354 -0.008910857 -0.015151230 0.000820163 0.999845147
1341846389.266034 -0.154374719 0.084109232 -0.171165928 -0.008107141 -0.017119942 -0.000063667 0.999820530
1341846389.298760 -0.146494642 0.081131950 -0.160134062 -0.006834732 -0.015282582 -0.001727360 0.999858379
1341846389.329980 -0.150568649 0.078614742 -0.144273952 -0.005519913 -0.013467540 -0.000200180 0.999894023
1341846389.366022 -0.149246454 0.082469106 -0.131061807 -0.004718793 -0.013574912 -0.000798833 0.999896407
1341846389.397969 -0.142184153 0.077497438 -0.115249291 -0.004267499 -0.011172876 -0.001718489 0.999926984
1341846389.433982 -0.140493602 0.077400461 -0.101787381 -0.001204704 -0.007523743 -0.000621988 0.999970794
1341846389.466033 -0.143144488 0.083762825 -0.092434071 -0.001031266 -0.006439883 0.001457738 0.999977648
1341846389.498030 -0.137263939 0.075561672 -0.077876508 -0.002441662 -0.007282236 0.001682241 0.999969065
1341846389.534085 -0.132175699 0.081128813 -0.071009465 -0.001388187 -0.004549191 0.000040279 0.999988675
1341846389.565875 -0.138250828 0.086292036 -0.059164029 -0.003036373 -0.002324840 -0.000160036 0.999992669
1341846389.597960 -0.136735111 0.082284845 -0.044252500 -0.007606386 -0.003606703 0.000175264 0.999964535
1341846389.634116 -0.132102609 0.081793658 -0.034518421 -0.008615876 -0.004372434 -0.000624163 0.999953151
1341846389.665950 -0.131014690 0.091478668 -0.025238914 -0.010482299 -0.003122058 -0.002643044 0.999936700
1341846389.702127 -0.130519256 0.082370855 -0.008040599 -0.015642591 -0.002157304 -0.005040389 0.999862611
1341846389.734086 -0.128100395 0.078297123 0.003267176 -0.015544451 -0.004150314 -0.002908075 0.999866366
1341846389.765898 -0.125686958 0.084985681 0.009863413 -0.014911260 -0.004862397 -0.002854114 0.999872923
1341846389.802126 -0.119846523 0.080545545 0.026814910 -0.016707012 -0.005426431 -0.003968831 0.999837816
1341846389.834063 -0.119580455 0.076418996 0.034930021 -0.015276338 -0.004762559 -0.003342329 0.999866366
1341846389.866260 -0.116237581 0.076607861 0.049517781 -0.012502444 -0.005477382 0.000401567 0.999906778
1341846389.902002 -0.110208087 0.077942066 0.054960150 -0.011114324 -0.007081528 0.001042665 0.999912620
1341846389.934117 -0.105310813 0.078536697 0.070346653 -0.009994849 -0.005261876 -0.002048851 0.999934137
1341846389.970116 -0.106428109 0.077350356 0.077951998 -0.010119493 -0.002769700 -0.002146500 0.999942660
1341846390.002129 -0.106913202 0.075302586 0.087752774 -0.010573510 -0.004653531 0.000868091 0.999932885
1341846390.034099 -0.101237133 0.077506058 0.098558307 -0.009038445 -0.007607080 -0.000260980 0.999930203
1341846390.070024 -0.094648868 0.081661925 0.105565026 -0.008219968 -0.006940974 -0.003720579 0.999935210
1341846390.101910 -0.094350912 0.077797920 0.110615790 -0.009959797 -0.007001187 -0.004527916 0.999915659
1341846390.137924 -0.088948883 0.073130637 0.122409500 -0.009120424 -0.009619192 -0.003755664 0.999905109
1341846390.170038 -0.081242636 0.079828553 0.125884816 -0.006960961 -0.009896333 -0.004644802 0.999916017
1341846390.202115 -0.079539828 0.082290113 0.133497640 -0.009520302 -0.008565548 -0.006873229 0.999894381
1341846390.238117 -0.079803884 0.073473901 0.140834630 -0.011181993 -0.009345923 -0.005162820 0.999880493
1341846390.270052 -0.073932864 0.075676419 0.145054221 -0.010405391 -0.012897370 0.001170330 0.999862015
1341846390.302085 -0.062435675 0.078255542 0.154148728 -0.011530695 -0.014296032 0.003498768 0.999825180
1341846390.338496 -0.058131624 0.075260766 0.166111827 -0.011898441 -0.012851326 0.005788456 0.999829888
1341846390.370105 -0.060702939 0.078885011 0.176059872 -0.011141077 -0.014135890 0.009768832 0.999790311
1341846390.438106 -0.045221891 0.076708041 0.190595940 -0.016586075 -0.021308290 0.008166051 0.999602020
1341846390.505984 -0.039405964 0.084535889 0.207617760 -0.020563150 -0.030078610 0.011354342 0.999271512
1341846390.538495 -0.029977253 0.084435605 0.212081417 -0.021503123 -0.031988259 0.007188057 0.999231040
1341846390.606055 -0.026860474 0.086595036 0.232419923 -0.024486648 -0.034431465 0.013973038 0.999009371
1341846390.638031 -0.015536861 0.089030661 0.232247353 -0.023738267 -0.037491713 0.015916400 0.998888135
1341846390.673954 -0.007900341 0.094999284 0.236748680 -0.022980552 -0.034651145 0.013084046 0.999049544
1341846390.705937 -0.011955388 0.100945897 0.243778065 -0.025668938 -0.032621458 0.012355245 0.999061704
1341846390.737965 -0.005766375 0.093292080 0.256062448 -0.028986264 -0.034325510 0.011175496 0.998927712
1341846390.774135 0.005906424 0.095127285 0.258327723 -0.026777798 -0.032815967 0.010517895 0.999047279
1341846390.806067 0.009754308 0.103150725 0.267391205 -0.026197027 -0.028774915 0.011972789 0.999170840
1341846390.838026 0.010291330 0.100329489 0.274312794 -0.028614724 -0.028252715 0.014379304 0.999087691
1341846390.874116 0.018360700 0.105627015 0.277758211 -0.029162278 -0.028619088 0.015809974 0.999039829
1341846390.906067 0.018938791 0.106257841 0.279302508 -0.031123796 -0.026751284 0.019419115 0.998968720
1341846390.942137 0.020280899 0.110138431 0.288106918 -0.032804415 -0.026506977 0.022590809 0.998854756
1341846390.974052 0.029462650 0.098745383 0.293823272 -0.033264466 -0.029282028 0.027920745 0.998627305
1341846391.006164 0.029121187 0.107141383 0.286130726 -0.031155290 -0.030636789 0.029745640 0.998601973
1341846391.042303 0.035825923 0.108044676 0.291293919 -0.033243883 -0.032291826 0.027502187 0.998546779
1341846391.074134 0.035595752 0.104234226 0.294842482 -0.033632863 -0.033033542 0.023642192 0.998608351
1341846391.106097 0.030755211 0.105998755 0.289092660 -0.033020489 -0.034390345 0.024323814 0.998566628
1341846391.142154 0.036443807 0.106898353 0.291415751 -0.033292200 -0.037260201 0.026701860 0.998393834
1341846391.174124 0.035410140 0.108184434 0.287966877 -0.032702975 -0.037236217 0.026365377 0.998423159
1341846391.209961 0.034038272 0.108785763 0.287787110 -0.032233458 -0.036400601 0.027452124 0.998439968
1341846391.241977 0.033459213 0.100043721 0.290037513 -0.033024088 -0.038067307 0.030407673 0.998266339
1341846391.273984 0.036541108 0.101891905 0.284038067 -0.030739035 -0.040168703 0.030111751 0.998265922
1341846391.309946 0.036842015 0.105514549 0.284218848 -0.029281067 -0.039131165 0.027422000 0.998428464
1341846391.342018 0.027078673 0.101084374 0.282862157 -0.029860308 -0.039071914 0.026452800 0.998439789
1341846391.378060 0.031906776 0.099945419 0.286380798 -0.029724222 -0.043288834 0.025012566 0.998306990
1341846391.410037 0.034159977 0.099774450 0.282734901 -0.029774841 -0.043885797 0.022741230 0.998333752
1341846391.442052 0.033621781 0.093709335 0.280459285 -0.029694770 -0.042911891 0.023806578 0.998353660
1341846391.478040 0.034076922 0.096770868 0.284498900 -0.027582470 -0.044902273 0.029281061 0.998181164
1341846391.510072 0.034955345 0.100450873 0.275648326 -0.027413651 -0.046917658 0.030773206 0.998048186
1341846391.542159 0.033792187 0.099760421 0.272625595 -0.028172117 -0.045717932 0.030463846 0.998092234
1341846391.578010 0.034435604 0.098159999 0.277942479 -0.028101305 -0.045460701 0.031409353 0.998076677
1341846391.610169 0.031650681 0.091963656 0.276780456 -0.028179098 -0.046522602 0.033733871 0.997949719
1341846391.645942 0.032636072 0.091364130 0.274312615 -0.026898649 -0.048738569 0.034308609 0.997859657
1341846391.677959 0.033846576 0.091979705 0.270238489 -0.025549306 -0.048966210 0.033219110 0.997920871
1341846391.710022 0.029778721 0.089409709 0.273389667 -0.024068249 -0.048937324 0.033946637 0.997934639
1341846391.745846 0.029216073 0.085060768 0.273314565 -0.022261931 -0.051509421 0.034671877 0.997822165
1341846391.778020 0.029725714 0.083608016 0.266123414 -0.020583520 -0.051518712 0.032422356 0.997933328
1341846391.810026 0.026795130 0.081174962 0.269934118 -0.018725066 -0.050798725 0.032821424 0.997993767
1341846391.846013 0.029163610 0.076538354 0.269941986 -0.017242672 -0.051908378 0.034537565 0.997905493
1341846391.877984 0.028112104 0.074835479 0.265683621 -0.014414230 -0.051467858 0.035999734 0.997921467
1341846391.914033 0.027621243 0.075610206 0.270898998 -0.012607787 -0.050799232 0.036792070 0.997951329
1341846391.945996 0.024839001 0.075020991 0.266309679 -0.011214346 -0.050934594 0.036836002 0.997959435
1341846391.978037 0.027715800 0.074690707 0.261327863 -0.011131120 -0.051680736 0.034284059 0.998012900
1341846392.014187 0.028034719 0.072278343 0.262403846 -0.010780915 -0.050971515 0.033256873 0.998088002
1341846392.046054 0.030006094 0.072167970 0.265222788 -0.009410246 -0.051604755 0.034362108 0.998031855
1341846392.078061 0.025053808 0.077256314 0.268021554 -0.008403206 -0.051283784 0.034042209 0.998068333
1341846392.114010 0.026440784 0.074739665 0.263801843 -0.009257962 -0.051711209 0.033663221 0.998051584
1341846392.145989 0.028182074 0.074439898 0.261850208 -0.008986598 -0.051630992 0.032227013 0.998105645
1341846392.181959 0.020930598 0.078534663 0.258916169 -0.009878202 -0.052652873 0.032231513 0.998043716
1341846392.213917 0.029355519 0.075073630 0.264012963 -0.011365499 -0.056207810 0.030166006 0.997898519
1341846392.246105 0.029714722 0.077802084 0.259258121 -0.009515764 -0.053718533 0.024353644 0.998213708
1341846392.282032 0.029409556 0.076637544 0.260861635 -0.009870078 -0.053258575 0.025507389 0.998206139
1341846392.314025 0.032185905 0.074809618 0.263874829 -0.008975803 -0.056047533 0.027957261 0.997996211
1341846392.349981 0.036265243 0.076456323 0.250933260 -0.006680026 -0.055963449 0.028137216 0.998013914
1341846392.382103 0.035676923 0.078778736 0.255001664 -0.005640836 -0.054040622 0.028742434 0.998109043
1341846392.414056 0.036314566 0.076643541 0.254857391 -0.005799979 -0.054926891 0.030739926 0.998000205
1341846392.450136 0.041983787 0.073221639 0.255700797 -0.004613019 -0.055989686 0.034978382 0.997807801
1341846392.482091 0.041173175 0.070401393 0.251820326 -0.002617895 -0.056087386 0.036585510 0.997751892
1341846392.514096 0.040335074 0.073133670 0.241100252 -0.001236351 -0.055568479 0.035353176 0.997828007
1341846392.550030 0.042271376 0.069468878 0.250669956 -0.001827611 -0.056481443 0.036040116 0.997751296
1341846392.582053 0.041181590 0.065076731 0.249357060 -0.000597856 -0.057480324 0.038545832 0.997602046
1341846392.617983 0.041495427 0.064621098 0.244006634 0.001175303 -0.057823353 0.040094540 0.997520685
1341846392.649909 0.044799659 0.062481966 0.240430832 0.002088620 -0.057759609 0.038019609 0.997604072
1341846392.682128 0.042181678 0.060113903 0.242963627 0.002507924 -0.057729892 0.037082024 0.997640133
1341846392.718019 0.042872448 0.055526655 0.240593538 0.003779114 -0.060094222 0.039483435 0.997404337
1341846392.749829 0.044980023 0.055529501 0.242479563 0.005771585 -0.061954502 0.039841153 0.997266769
1341846392.782107 0.046235736 0.056579448 0.240768552 0.006509310 -0.061825860 0.039057553 0.997301221
1341846392.818251 0.044450745 0.054174230 0.244290531 0.006673008 -0.061033878 0.039519325 0.997330725
1341846392.852165 0.047413584 0.050590713 0.243508294 0.008113209 -0.062009308 0.040411983 0.997224092
1341846392.885913 0.052205753 0.049963638 0.240516633 0.009166868 -0.061932683 0.038619958 0.997290730
1341846392.917882 0.052448768 0.049959309 0.243453637 0.010927986 -0.060570575 0.038579762 0.997358203
1341846392.950023 0.049920876 0.048583288 0.244774461 0.012706804 -0.059636258 0.038691301 0.997389138
