1341846361.788774 0.000000000 0.000000000 0.000000000 0.000000000 0.000000000 0.000000000 1.000000000
1341846361.824112 -0.012898846 0.000750805 0.009085117 -0.002290022 0.003702715 -0.004860995 0.999978721
1341846361.856016 -0.024130832 0.016806414 0.008576345 -0.006120618 0.004765829 -0.008975044 0.999929607
1341846361.887871 -0.039626099 -0.003439557 0.014242236 -0.016473195 0.008861266 -0.015186011 0.999709725
1341846361.923930 -0.059277225 -0.020131124 0.022447072 -0.018210081 0.013361631 -0.012345973 0.999668658
1341846361.955927 -0.070931800 -0.021939857 0.015484061 -0.012668855 0.011967386 -0.004939127 0.999835968
1341846361.991999 -0.075446136 -0.031361785 0.023801994 -0.010366449 0.005879476 0.002631397 0.999925554
1341846362.023994 -0.073955931 -0.027775563 0.030384868 -0.005894576 0.002651435 0.003767812 0.999971986
1341846362.056118 -0.080751240 -0.017629225 0.026452033 -0.003030807 0.003318322 0.005297706 0.999975860
1341846362.091992 -0.096540898 -0.016752934 0.031283043 -0.004158460 0.003871426 0.005534462 0.999968529
1341846362.123929 -0.100831628 -0.028532570 0.035982266 -0.005447149 0.002452696 0.007173722 0.999956429
1341846362.156058 -0.108667582 -0.035194539 0.034999732 -0.002516929 0.002492579 0.009744245 0.999946237
1341846362.191987 -0.127017319 -0.035432357 0.040159862 0.000394273 0.003325429 0.011601712 0.999927104
1341846362.224138 -0.134614334 -0.043084189 0.048428867 0.003736058 0.001810217 0.014287080 0.999889314
1341846362.260011 -0.137317598 -0.037528247 0.042609893 0.009297320 0.003166390 0.013955188 0.999854386
1341846362.291979 -0.146374017 -0.037287407 0.044878881 0.011998133 0.007296434 0.012890365 0.999818325
1341846362.323947 -0.158487856 -0.040698171 0.049376991 0.013857728 0.010560513 0.011681876 0.999779999
1341846362.359889 -0.165717453 -0.038843453 0.046680592 0.016090441 0.014004347 0.009687941 0.999725521
1341846362.392021 -0.174304515 -0.037988469 0.042145174 0.017150231 0.019391889 0.011322668 0.999600708
1341846362.423868 -0.190234974 -0.039563302 0.049248308 0.018394137 0.022520257 0.012114687 0.999503732
1341846362.459968 -0.200508133 -0.040726297 0.052342422 0.021575078 0.023717554 0.012792555 0.999404013
1341846362.491924 -0.217857331 -0.041146737 0.049457163 0.023590993 0.024208682 0.015106075 0.999314368
1341846362.523976 -0.219424635 -0.042033613 0.052087974 0.025060728 0.023235451 0.017346431 0.999265313
1341846362.559933 -0.228340790 -0.045921914 0.053466916 0.026736649 0.024327345 0.019063208 0.999164641
1341846362.592338 -0.245569617 -0.044689115 0.048767000 0.028045012 0.025648914 0.019461365 0.999088049
1341846362.628177 -0.252697259 -0.039693087 0.064884529 0.028428512 0.024744738 0.017559726 0.999135196
1341846362.660128 -0.261913210 -0.040168233 0.067696907 0.027838005 0.025014531 0.016886730 0.999156713
1341846362.691901 -0.272885650 -0.040174846 0.066785470 0.026339557 0.023496907 0.016030399 0.999248326
1341846362.727993 -0.284399718 -0.044693239 0.062300079 0.024371643 0.020374972 0.015005314 0.999382675
1341846362.759942 -0.288525581 -0.047139313 0.065758996 0.023882492 0.017482765 0.013040852 0.999476850
1341846362.792002 -0.299929857 -0.043579489 0.069906913 0.023793593 0.016736928 0.010365727 0.999523044
1341846362.827965 -0.309507489 -0.046783425 0.073587492 0.022158375 0.014657100 0.007923205 0.999615669
1341846362.859959 -0.316049606 -0.046746518 0.073806792 0.021920152 0.013455423 0.004811841 0.999657631
1341846362.891861 -0.327235192 -0.046791673 0.072989717 0.022318946 0.013644502 0.004311710 0.999648511
1341846362.928098 -0.335563868 -0.051729113 0.074783243 0.021977628 0.011606772 0.005288524 0.999677122
1341846362.959894 -0.351070374 -0.062279873 0.059096877 0.023525253 0.011182553 0.007451493 0.999632955
1341846362.995909 -0.361951292 -0.059331171 0.062442280 0.027563335 0.010114938 0.010524861 0.999513507
1341846363.028072 -0.368794441 -0.063179605 0.055602569 0.029600041 0.007859616 0.012346311 0.999454677
1341846363.059896 -0.367214918 -0.068405494 0.063291639 0.033862788 0.007751337 0.011442904 0.999330938
1341846363.096102 -0.367699206 -0.057046253 0.068329722 0.038202055 0.010171631 0.008674660 0.999180615
1341846363.127992 -0.376472056 -0.057161719 0.070362397 0.037453134 0.011759078 0.005554134 0.999213755
1341846363.159870 -0.377868801 -0.062306765 0.069817066 0.038408205 0.014461841 0.002649415 0.999153972
1341846363.195966 -0.392921835 -0.062275250 0.076307766 0.040809326 0.019177945 0.004933937 0.998970687
1341846363.227902 -0.405275911 -0.068522602 0.083289750 0.042098574 0.017459776 0.009007690 0.998920262
1341846363.259977 -0.406874418 -0.070827641 0.080447398 0.044917379 0.014976926 0.013197661 0.998791218
1341846363.296031 -0.413510799 -0.064764872 0.081371590 0.049479458 0.017491426 0.015623479 0.998499751
1341846363.328065 -0.428357869 -0.063383102 0.080588609 0.049856849 0.018202676 0.018788835 0.998413742
1341846363.364023 -0.438075989 -0.064566351 0.079757556 0.048416190 0.014536414 0.020994337 0.998500764
1341846363.395985 -0.450310439 -0.068073340 0.081122600 0.047363184 0.010478940 0.021192202 0.998597920
1341846363.427955 -0.453561991 -0.063904829 0.076828435 0.047257107 0.007169291 0.017718829 0.998699903
1341846363.463979 -0.461778373 -0.065428399 0.073761649 0.045002464 0.004537031 0.017841358 0.998817265
1341846363.495986 -0.470922619 -0.061740167 0.077251039 0.043654673 0.000578058 0.020172874 0.998842835
1341846363.527941 -0.477392346 -0.059165876 0.078750148 0.041734260 -0.002660688 0.022443125 0.998873055
1341846363.564057 -0.482021481 -0.055786774 0.087271318 0.038282540 -0.004897925 0.026387971 0.998906434
1341846363.596025 -0.495012492 -0.066793606 0.079035893 0.033164885 -0.008286590 0.029572850 0.998977900
1341846363.632058 -0.491732776 -0.074377343 0.085399367 0.033758745 -0.016426880 0.033299487 0.998740017
1341846363.663931 -0.496893167 -0.067646235 0.088732079 0.035856288 -0.018171567 0.032020744 0.998678505
1341846363.695998 -0.504694045 -0.065883584 0.096242756 0.034507416 -0.019688964 0.026551733 0.998857677
1341846363.732007 -0.505024016 -0.068196513 0.095665962 0.031809490 -0.025294207 0.020487152 0.998963773
1341846363.794060 -0.502024531 -0.067522272 0.098933041 0.035517816 -0.038728081 0.023809057 0.998334467
1341846363.826406 -0.498204201 -0.066232003 0.070435122 0.035925943 -0.041279607 0.020969220 0.998281300
1341846363.861897 -0.495883524 -0.062541828 0.071495794 0.037632912 -0.040802475 0.018866632 0.998279989
1341846363.893984 -0.493236035 -0.058368374 0.066701978 0.038028926 -0.040254205 0.018225674 0.998299181
1341846363.926076 -0.481335402 -0.054911289 0.070573024 0.036143016 -0.040882397 0.018361786 0.998341203
1341846363.962090 -0.469412059 -0.051457915 0.072269872 0.035003580 -0.039716642 0.019514611 0.998406947
1341846363.994287 -0.464475811 -0.055870593 0.072691821 0.033644013 -0.038879711 0.022459289 0.998424768
1341846364.025993 -0.451823920 -0.053598549 0.071053572 0.033129673 -0.038788099 0.022119885 0.998453140
1341846364.061809 -0.440057367 -0.056268066 0.085372336 0.031408668 -0.036811654 0.021545062 0.998596132
1341846364.094209 -0.430995643 -0.064918213 0.083646029 0.031047400 -0.034476534 0.021842798 0.998684287
1341846364.130022 -0.422254562 -0.066456951 0.083323210 0.032603133 -0.034412540 0.022717515 0.998617411
1341846364.162231 -0.407560885 -0.079894833 0.083838150 0.034614116 -0.037141182 0.022185082 0.998463929
1341846364.194049 -0.397592515 -0.081403233 0.088064998 0.039743736 -0.038570452 0.019588059 0.998273015
1341846364.230023 -0.378915936 -0.070396997 0.089801535 0.043611329 -0.040018506 0.016237065 0.998114705
1341846364.262044 -0.366079718 -0.084691674 0.078272820 0.047446754 -0.040036276 0.013003822 0.997986376
1341846364.294059 -0.353723377 -0.067604035 0.070712924 0.051802985 -0.036156334 0.009702918 0.997955382
1341846364.330003 -0.341607153 -0.064764388 0.072411627 0.051419962 -0.033037882 0.007879310 0.998099387
1341846364.362052 -0.314804435 -0.069722183 0.096558213 0.050431594 -0.031509869 0.007903813 0.998199046
1341846364.397902 -0.299575478 -0.068985425 0.081189826 0.051611710 -0.024983665 0.005753094 0.998338103
1341846364.430108 -0.296645314 -0.069835819 0.074332625 0.051612373 -0.019740542 0.004404947 0.998462379
1341846364.462063 -0.281794399 -0.070549563 0.070038870 0.050937362 -0.016643278 0.002678218 0.998559594
1341846364.498091 -0.268020928 -0.074505553 0.076683909 0.050559994 -0.012237143 0.000386260 0.998645961
1341846364.530058 -0.258051783 -0.074265815 0.079494700 0.049734738 -0.009017072 -0.001177956 0.998721063
1341846364.561952 -0.243907839 -0.076526731 0.073613733 0.050023790 -0.006121633 -0.005255325 0.998715401
1341846364.597928 -0.235718861 -0.072907455 0.066206098 0.048837159 -0.002447631 -0.008084255 0.998771012
1341846364.629950 -0.227110058 -0.079348497 0.071395233 0.047806293 -0.000294709 -0.008012166 0.998824418
1341846364.665991 -0.218985900 -0.084840015 0.060923975 0.048227482 -0.000885717 -0.005185924 0.998822510
1341846364.698004 -0.205693007 -0.081695944 0.059250109 0.048471797 -0.003349329 -0.003903100 0.998811305
1341846364.730097 -0.198797002 -0.079404131 0.041497566 0.049021836 -0.003061875 -0.003536271 0.998786747
1341846364.766057 -0.192673817 -0.075299695 0.037123177 0.051027332 -0.001739719 -0.003368563 0.998690069
1341846364.798632 -0.175106108 -0.071939349 0.028791053 0.050260406 -0.002745165 -0.003189496 0.998727262
1341846364.833901 -0.154816046 -0.077333815 0.024689158 0.048900686 -0.001563922 -0.005295484 0.998788416
1341846364.865923 -0.152234390 -0.080027305 0.042100985 0.049916178 0.002197925 -0.007844408 0.998720169
1341846364.897970 -0.148454741 -0.078402646 0.045569945 0.049722265 0.000892856 -0.005166124 0.998749316
1341846364.934019 -0.126322269 -0.082278661 0.021096013 0.049310092 -0.001992066 -0.003144389 0.998776555
1341846364.966047 -0.109744273 -0.077300355 0.013002144 0.050143406 0.000142442 -0.005033914 0.998729348
1341846364.998055 -0.099606052 -0.075454965 0.010241972 0.046787798 0.001651161 -0.005213737 0.998889863
1341846365.034125 -0.092883185 -0.069636919 0.006440932 0.041488249 -0.000178984 -0.003403798 0.999133170
1341846365.066106 -0.077206172 -0.073200598 0.011918158 0.036973841 -0.002995516 -0.005182825 0.999298275
1341846365.101953 -0.056760877 -0.075096004 0.000637241 0.035388105 -0.001284702 -0.011526597 0.999306321
1341846365.133922 -0.054045014 -0.067430250 0.023352323 0.033213608 0.005528779 -0.020989340 0.999212563
1341846365.165953 -0.043220423 -0.072135754 0.020830214 0.029942773 0.008362478 -0.023222674 0.999246836
1341846365.201856 -0.028808491 -0.080391601 0.027824320 0.029327303 0.010229817 -0.025467284 0.999193013
1341846365.234093 0.000648675 -0.083527401 0.053158619 0.030521553 0.012948018 -0.023438847 0.999175370
1341846365.266094 0.002925725 -0.087659076 0.048621755 0.033878911 0.019693950 -0.017703895 0.999075055
1341846365.302078 0.020611823 -0.088775866 0.044327710 0.039617021 0.022821870 -0.013254487 0.998866320
1341846365.334027 0.027319599 -0.087345473 0.037792996 0.044558425 0.027583813 -0.012590017 0.998546541
1341846365.369945 0.053427655 -0.088291220 0.021164304 0.047410663 0.032677524 -0.011802755 0.998271048
1341846365.401963 0.053935360 -0.082898751 0.028588222 0.049022939 0.038654868 -0.008938020 0.998009324
1341846365.434082 0.065240331 -0.079552397 0.023575805 0.049216572 0.042199552 -0.011570249 0.997829199
1341846365.469939 0.100010566 -0.062954001 -0.016360929 0.045536168 0.047996946 -0.013926306 0.997711778
1341846365.502100 0.081116855 -0.074669853 0.025598066 0.037959810 0.055325218 -0.014221666 0.997645199
1341846365.533844 0.090444937 -0.083898731 0.028773889 0.035766236 0.054357804 -0.010400161 0.997826517
1341846365.569876 0.096942760 -0.088971093 0.028300231 0.036614683 0.051889677 -0.006190706 0.997962177
1341846365.601930 0.109976366 -0.080125853 0.017851451 0.036111541 0.050840724 -0.001886070 0.998051941
1341846365.637899 0.139420286 -0.084229834 0.014003635 0.033782028 0.049454920 0.003356570 0.998199224
1341846365.669890 0.141452715 -0.076470800 0.007332805 0.034277942 0.050793197 0.004199452 0.998111963
1341846365.701977 0.154192016 -0.071607545 0.013811858 0.031665355 0.049593598 0.004698785 0.998256326
1341846365.738098 0.169651866 -0.084986404 0.007961176 0.029961850 0.051833101 0.003544526 0.998199940
1341846365.770026 0.172694042 -0.087643355 0.013821371 0.032031726 0.054348059 0.004225255 0.997999251
1341846365.805834 0.173969552 -0.084234603 0.011944661 0.034856733 0.052930653 0.007581105 0.997960865
1341846365.837937 0.190657675 -0.085072033 0.006608794 0.036457997 0.049453557 0.009191399 0.998068452
1341846365.869952 0.198783338 -0.078837521 0.002783281 0.038959283 0.049841050 0.008462755 0.997961164
1341846365.906411 0.205462053 -0.069208346 -0.005135520 0.038665552 0.049314503 0.006675794 0.998012245
1341846365.938000 0.219494909 -0.079746217 0.009021299 0.034869991 0.047541216 0.010660536 0.998203516
1341846365.970022 0.226324871 -0.085224912 0.009388229 0.036107924 0.047076773 0.015372945 0.998120070
1341846366.006126 0.238019586 -0.076769620 0.002783711 0.038819060 0.046269562 0.020778418 0.997958183
1341846366.043876 0.245607376 -0.074376158 0.007407730 0.038781438 0.047081873 0.024341259 0.997841060
1341846366.076490 0.258539766 -0.066329896 -0.005635102 0.038248416 0.048406810 0.026841996 0.997734129
1341846366.111888 0.274271876 -0.060359336 -0.014867662 0.034875803 0.051765971 0.027654655 0.997666895
1341846366.143907 0.280959487 -0.056439113 -0.002595755 0.030557366 0.057357330 0.029582085 0.997447371
1341846366.176044 0.283999324 -0.061154477 -0.001530640 0.025848841 0.059955828 0.034599807 0.997266233
1341846366.212022 0.289481014 -0.061110828 0.005295208 0.024566386 0.060028926 0.038917001 0.997135162
1341846366.243981 0.304135770 -0.058026515 0.002264610 0.023629097 0.060702045 0.041967969 0.996993303
1341846366.280032 0.309684753 -0.052173749 0.004189582 0.020626305 0.062296722 0.042932175 0.996920526
1341846366.344115 0.321942925 -0.052935056 0.006249479 0.012371235 0.061850324 0.042403735 0.997107506
1341846366.406057 0.334375113 -0.054441959 0.011245839 0.010960747 0.063073270 0.045562521 0.996908069
1341846366.442042 0.345523238 -0.049479987 0.006462999 0.012101226 0.062544622 0.046028912 0.996906757
1341846366.506117 0.352161318 -0.044967599 -0.003790955 0.012560331 0.065619871 0.048839759 0.996569574
1341846366.542004 0.360517442 -0.041317143 -0.005347541 0.012752773 0.064741500 0.048203029 0.996655583
1341846366.573848 0.370962948 -0.033388510 -0.009085926 0.012070234 0.066147096 0.047494173 0.996605814
1341846366.610058 0.365078390 -0.033450495 -0.007966687 0.010034558 0.068472348 0.048307370 0.996432245
1341846366.642206 0.379295379 -0.032549422 -0.010720345 0.008574327 0.068006039 0.048833568 0.996452212
1341846366.674164 0.386094570 -0.029745100 -0.008620470 0.007616838 0.069814563 0.049449448 0.996304512
1341846366.710207 0.382382184 -0.023392724 -0.012252251 0.005316091 0.070889935 0.051196083 0.996155262
1341846366.741976 0.398623914 -0.025743656 0.001530459 0.002004285 0.070057258 0.050940253 0.996239424
1341846366.773916 0.410718620 -0.025305726 0.005681292 0.001399796 0.072773293 0.050140023 0.996086359
1341846366.810122 0.403866500 -0.024749596 0.011030208 0.001180259 0.075738251 0.053416781 0.995695233
1341846366.841893 0.407761604 -0.029181797 0.003657720 0.000964610 0.074664317 0.055008091 0.995689929
1341846366.878062 0.418125868 -0.025199255 0.002372095 0.002839615 0.074450620 0.054851282 0.995710969
1341846366.909933 0.426147163 -0.020512989 -0.001758203 0.004207199 0.075359851 0.056210291 0.995561957
1341846366.941941 0.422566861 -0.015271062 -0.002457891 0.003573478 0.076864488 0.056572776 0.995428860
1341846366.977906 0.443465501 -0.013628500 -0.013865433 0.002808979 0.076026373 0.055969037 0.995529771
1341846367.009852 0.453360826 -0.008425248 -0.013821186 0.002992836 0.079480253 0.057676598 0.995161951
1341846367.045944 0.459484220 -0.017360348 -0.020586876 0.001834388 0.083213478 0.058958139 0.994784415
1341846367.077914 0.462373018 -0.013441639 -0.027479554 0.004220416 0.089640073 0.057823632 0.994285345
1341846367.110077 0.477404088 -0.005899830 -0.026944423 0.005903025 0.093572453 0.058863807 0.993853331
1341846367.145997 0.474649012 -0.009061054 -0.022886952 0.005419161 0.097936511 0.060878195 0.993314147
1341846367.177894 0.484108776 -0.015156018 -0.027423831 0.006551404 0.099498771 0.063359849 0.992996812
1341846367.209903 0.493432581 -0.004243887 -0.044371109 0.010735202 0.104036927 0.063828439 0.992465138
1341846367.245970 0.491839081 0.000235213 -0.044389792 0.008769200 0.109385617 0.067323126 0.991678119
1341846367.277966 0.489321083 -0.005694996 -0.036730617 0.007075759 0.112538114 0.069129415 0.991214514
1341846367.314058 0.500179231 -0.005350679 -0.049418841 0.008896321 0.113751836 0.070703395 0.990950286
1341846367.346333 0.512321889 0.006544504 -0.059751131 0.009947116 0.117577001 0.071442686 0.990440607
1341846367.378615 0.504025161 0.009429402 -0.044806030 0.007765848 0.121253192 0.074941263 0.989758134
1341846367.413946 0.510755181 0.006983128 -0.045298081 0.006224783 0.121114589 0.075820297 0.989719033
1341846367.446060 0.528947711 0.015026450 -0.054177586 0.005819065 0.121587023 0.077550553 0.989529490
1341846367.478095 0.525131106 0.013866713 -0.048562527 0.003725009 0.125846669 0.080958486 0.988733768
1341846367.514115 0.534795403 0.008713789 -0.051434521 0.003590412 0.124323606 0.086939350 0.988419056
1341846367.546096 0.538575292 0.011968561 -0.054185640 0.007688604 0.124081515 0.088548049 0.988283336
1341846367.581982 0.544080377 0.023064818 -0.062448341 0.009825919 0.124418199 0.090345539 0.988059342
1341846367.613951 0.543714345 0.023231419 -0.063160911 0.007464275 0.123584285 0.093117684 0.987927258
1341846367.645894 0.554067492 0.025569225 -0.071242787 0.006946994 0.122430675 0.091359615 0.988238811
1341846367.682223 0.560109675 0.022194190 -0.071631722 0.006622452 0.125253439 0.091202915 0.987901688
1341846367.714019 0.560016334 0.022386426 -0.071640112 0.007956882 0.127099916 0.093340673 0.987456262
1341846367.745904 0.564862907 0.023820829 -0.072123818 0.008872885 0.128015056 0.093765520 0.987289965
1341846367.781973 0.567359507 0.028292278 -0.076945424 0.010654039 0.129942536 0.093690641 0.987027586
1341846367.813986 0.571672142 0.026981408 -0.080019429 0.009825715 0.131398246 0.094853044 0.986732423
1341846367.850189 0.572788358 0.030377787 -0.083768681 0.009862581 0.133860722 0.092582896 0.986616671
1341846367.881960 0.573155224 0.031194633 -0.078006655 0.008486947 0.134905398 0.094174229 0.986336529
1341846367.914064 0.575034976 0.034638382 -0.081736878 0.005605528 0.134384006 0.095893666 0.986262619
1341846367.950095 0.574406624 0.022558872 -0.079260178 0.002990104 0.136172041 0.094523132 0.986161053
1341846367.981916 0.572919846 0.025890470 -0.078902833 0.005067013 0.139292553 0.092692219 0.985890508
1341846368.017965 0.566803515 0.025773497 -0.078566663 0.003876521 0.140201673 0.095701702 0.985479414
1341846368.050897 0.567445695 0.022754204 -0.073303938 0.002898359 0.138416976 0.095665790 0.985738516
1341846368.082322 0.564161599 0.019829560 -0.073757783 0.002615001 0.139128745 0.093880154 0.985810757
1341846368.118029 0.559637785 0.022220030 -0.073463529 0.002557514 0.139308736 0.094615422 0.985715210
1341846368.150026 0.554403961 0.020474629 -0.064633980 0.001320488 0.138114199 0.095913127 0.985760331
1341846368.181952 0.550531149 0.011947277 -0.061843313 0.002369238 0.137405261 0.094008848 0.986040831
1341846368.217882 0.547193825 0.022520296 -0.066649690 0.004475816 0.137578249 0.093986250 0.986011565
1341846368.250223 0.544719875 0.022951933 -0.066379212 0.002223833 0.137284517 0.095404215 0.985923946
1341846368.286003 0.539487183 0.019766020 -0.058491886 0.000834562 0.137507692 0.093615405 0.986066461
1341846368.317994 0.534253716 0.020560723 -0.056435265 0.000064767 0.136236861 0.093137324 0.986288488
1341846368.350010 0.527823806 0.027391536 -0.051751290 -0.002847438 0.133135244 0.094828866 0.986546695
1341846368.385949 0.513015628 0.021476492 -0.045452025 -0.006236552 0.131543279 0.090993494 0.987105727
1341846368.417845 0.518944442 0.013634783 -0.047176480 -0.008399895 0.127629071 0.088964902 0.987788200
1341846368.450062 0.514948010 0.019619705 -0.043449823 -0.008992347 0.125436530 0.088706091 0.988087058
1341846368.485968 0.506850719 0.018242117 -0.034398288 -0.010218713 0.121702321 0.088473141 0.988562882
1341846368.517939 0.507014573 0.011687587 -0.032136168 -0.009978993 0.118225753 0.085970633 0.989207864
1341846368.554171 0.497463316 0.011092828 -0.036290292 -0.008574288 0.116751790 0.085783504 0.989412308
1341846368.618123 0.478845626 0.007551848 -0.033753294 -0.010664837 0.111497849 0.079580836 0.990515709
1341846368.654302 0.481266260 0.004240880 -0.029443773 -0.010937429 0.109872140 0.077214308 0.990881681
1341846368.685914 0.472436786 0.002296980 -0.020223837 -0.009480089 0.107591242 0.076100536 0.991233051
1341846368.717980 0.467830867 -0.001106327 -0.027548539 -0.008602819 0.104731575 0.072748281 0.991798878
1341846368.786190 0.455953658 -0.006542735 -0.026848774 -0.004977109 0.103109002 0.072302446 0.992026269
1341846368.821968 0.446379155 -0.004655532 -0.031807806 -0.003215488 0.100616030 0.070439853 0.992423475
1341846368.853991 0.441106707 -0.001570208 -0.032345247 -0.003528168 0.101293012 0.065495275 0.992692113
1341846368.885978 0.437781006 -0.009947693 -0.021324450 -0.004797687 0.101280235 0.063614361 0.992810428
1341846368.923221 0.429971606 -0.015191954 -0.020825922 -0.002937849 0.099713385 0.063108966 0.993008494
1341846368.953942 0.416960895 -0.015716136 -0.019872760 -0.000363523 0.098650828 0.060550138 0.993278205
1341846368.986016 0.411814719 -0.008307688 -0.018116701 0.001900198 0.096726455 0.059761953 0.993513405
1341846369.021938 0.402657151 -0.009956083 -0.018717811 0.001853274 0.096031681 0.058412045 0.993661165
1341846369.053927 0.400510281 -0.013265594 -0.019973328 0.002083537 0.095881104 0.054046348 0.993922293
1341846369.090047 0.394682229 -0.016350634 -0.016608274 0.002371620 0.097144581 0.049841765 0.994018674
1341846369.121845 0.383682579 -0.031010518 -0.019715294 0.002685784 0.098019302 0.049660027 0.993941069
1341846369.154351 0.378578633 -0.036268890 -0.023796130 0.006480276 0.096077748 0.050563034 0.994067609
1341846369.189885 0.372295082 -0.029703012 -0.031219192 0.010207668 0.095690176 0.047958255 0.994202793
1341846369.222188 0.367257446 -0.025132012 -0.030585844 0.009605013 0.097264551 0.045798451 0.994157851
1341846369.257947 0.355519623 -0.034848686 -0.020465054 0.008899552 0.098932974 0.044197697 0.994072258
1341846369.289994 0.349810839 -0.040622804 -0.019951245 0.010997199 0.098443091 0.044423625 0.994089842
1341846369.322196 0.344234467 -0.037628062 -0.023695000 0.013915165 0.098660551 0.045408893 0.993987203
1341846369.357830 0.336085737 -0.035369486 -0.027158003 0.014432345 0.100356303 0.044262670 0.993861735
1341846369.390267 0.327618092 -0.040098026 -0.024161391 0.013877391 0.101282239 0.042608853 0.993847966
1341846369.422057 0.318583995 -0.038716171 -0.022233795 0.014547247 0.101584263 0.042290621 0.993821144
1341846369.457950 0.307587504 -0.043604735 -0.018422581 0.014641844 0.102095991 0.042340942 0.993765175
1341846369.490144 0.291227967 -0.048639912 -0.017062122 0.016314130 0.100692548 0.042405188 0.993879616
1341846369.526405 0.284345269 -0.041373778 -0.017768349 0.018429140 0.097841986 0.043327600 0.994087517
1341846369.557969 0.274706542 -0.044244930 -0.014387929 0.018413620 0.095460877 0.044437747 0.994270325
1341846369.590093 0.263506889 -0.049503513 -0.015434822 0.019519519 0.092303656 0.045117807 0.994516671
1341846369.625895 0.251015574 -0.043376654 -0.010913529 0.021639844 0.090174645 0.045758966 0.994638801
1341846369.657961 0.247251809 -0.043890648 -0.011152886 0.020895379 0.087953590 0.045755677 0.994853735
1341846369.690135 0.235239163 -0.047205962 -0.014801872 0.021016654 0.086562194 0.047363389 0.994897962
1341846369.726074 0.221701816 -0.048188742 -0.017533837 0.023054391 0.083060600 0.049497012 0.995047450
1341846369.757962 0.208639205 -0.045739722 -0.014776780 0.024550028 0.080403373 0.049708515 0.995219409
1341846369.793964 0.200803205 -0.042529792 -0.009564027 0.024859205 0.078136027 0.050754596 0.995339513
1341846369.826161 0.188323781 -0.044576481 -0.011135341 0.023794804 0.075643659 0.051699031 0.995509446
1341846369.858015 0.179339975 -0.046201315 -0.011658894 0.023815863 0.072005115 0.051089056 0.995810211
1341846369.893954 0.169463813 -0.044551283 -0.005048633 0.024255700 0.069634244 0.051989153 0.995921612
1341846369.926051 0.160276920 -0.044594333 0.001360847 0.023589419 0.066748783 0.050705202 0.996201396
1341846369.958062 0.143623218 -0.046141673 -0.011911195 0.023133546 0.063163102 0.049362265 0.996513247
1341846369.994037 0.139780074 -0.045117375 0.003724873 0.023146382 0.058838114 0.048698660 0.996810257
1341846370.026058 0.129937306 -0.049847741 -0.000202625 0.023503907 0.057179682 0.048671920 0.996899724
1341846370.062000 0.111236647 -0.042363156 -0.000054177 0.024569029 0.053106800 0.049995124 0.997033834
1341846370.094135 0.114344291 -0.040914908 0.005152138 0.022742428 0.047717541 0.051360898 0.997280240
1341846370.126153 0.113024823 -0.046973485 0.007886553 0.022006784 0.047116809 0.050347067 0.997376978
1341846370.162082 0.100629076 -0.041650195 0.005794796 0.023652233 0.047848649 0.051693395 0.997235596
1341846370.194044 0.090781085 -0.044849642 0.009542878 0.023070058 0.046363499 0.054224018 0.997184992
1341846370.230152 0.087885790 -0.047280163 0.008705255 0.024718415 0.045501258 0.055082038 0.997138202
1341846370.262175 0.081166185 -0.043785583 0.013509328 0.026168335 0.046518408 0.053696554 0.997129858
1341846370.294216 0.071546108 -0.046291217 0.012114768 0.026394136 0.047793195 0.050158136 0.997247875
1341846370.329892 0.057410557 -0.045422956 0.011135408 0.026460625 0.046604905 0.045739349 0.997514784
1341846370.361939 0.050013315 -0.048801459 0.015489620 0.027039319 0.044866394 0.042004321 0.997743189
1341846370.394073 0.038972143 -0.048251588 0.008263951 0.028163105 0.042114470 0.041933544 0.997835040
1341846370.429985 0.031525511 -0.041322026 0.002232032 0.028585721 0.035729490 0.041011672 0.998110354
1341846370.462095 0.021801395 -0.032250036 0.009314734 0.027014764 0.031078542 0.039721839 0.998361886
1341846370.498034 0.020602928 -0.031303633 0.013993001 0.023602972 0.025832005 0.039726496 0.998597741
1341846370.530176 0.012665368 -0.031319853 0.017595803 0.020089500 0.023333700 0.040266056 0.998714447
1341846370.561949 0.001099287 -0.023689939 0.017175060 0.017418072 0.019811025 0.040636376 0.998825729
1341846370.597989 -0.000425523 -0.019615309 0.018251317 0.012505386 0.016433626 0.042482886 0.998883724
1341846370.629913 0.000588142 -0.028889131 0.021672213 0.007282007 0.016381070 0.042947687 0.998916447
1341846370.662062 -0.011299873 -0.033240192 0.024786405 0.005968273 0.015939198 0.042511050 0.998951018
1341846370.697981 -0.012910767 -0.027879372 0.017079143 0.003935879 0.015116951 0.042334221 0.998981357
1341846370.730015 -0.013036885 -0.040344246 0.011056153 0.000190173 0.015075334 0.039944805 0.999088168
1341846370.766182 -0.011145158 -0.045071207 0.009217404 0.000878542 0.017627211 0.036845766 0.999165118
1341846370.797966 -0.020232905 -0.038983610 0.005956597 -0.000617258 0.020285504 0.034614813 0.999194682
1341846370.830023 -0.024459893 -0.056921307 0.015328759 -0.004557108 0.021414069 0.031957682 0.999249399
1341846370.866186 -0.018299123 -0.069970086 0.009800244 -0.002690194 0.021181133 0.032706928 0.999236941
1341846370.897994 -0.026675122 -0.064659476 0.004510302 -0.002383430 0.023946501 0.033939585 0.999134123
1341846370.929983 -0.028326306 -0.083569489 0.008681027 -0.004992074 0.024730258 0.035939399 0.999035478
1341846370.971974 -0.021109499 -0.095915005 0.005337939 -0.001540031 0.025253395 0.035933197 0.999033928
1341846371.034127 -0.018396908 -0.110959075 -0.005365851 0.003850619 0.031273264 0.038163520 0.998774588
1341846371.066883 -0.018917028 -0.107782163 -0.008463622 0.005368169 0.034147982 0.037413966 0.998701811
1341846371.098209 -0.019307619 -0.115404114 -0.012396994 0.002827069 0.038206097 0.034349293 0.998675346
1341846371.134068 -0.024990024 -0.122137584 -0.010447628 0.001284971 0.041748546 0.032090161 0.998611867
1341846371.165993 -0.021563763 -0.127836555 -0.015141174 -0.001593659 0.044501875 0.033015054 0.998462319
1341846371.197951 -0.023853460 -0.139553234 -0.012912441 -0.004690653 0.045439065 0.033760969 0.998385429
1341846371.233950 -0.016564116 -0.146108776 -0.018688709 -0.005414487 0.045695171 0.034255177 0.998353243
1341846371.266433 -0.016798507 -0.138083443 -0.023617659 -0.007515302 0.048948023 0.034308437 0.998183608
1341846371.302051 -0.017974440 -0.138324842 -0.026931001 -0.013763405 0.051809549 0.035139684 0.997943640
1341846371.334010 -0.013259107 -0.151025802 -0.030483576 -0.020734057 0.055061445 0.032595538 0.997735381
1341846371.366198 -0.007774985 -0.161516920 -0.028997187 -0.026066313 0.059989020 0.030367333 0.997396469
1341846371.402482 -0.021668511 -0.179525182 -0.022561384 -0.029894022 0.064192675 0.032323670 0.996965826
1341846371.434055 -0.023259010 -0.190168351 -0.027348557 -0.028686365 0.063423961 0.033810291 0.997001171
1341846371.469998 -0.014442131 -0.198465362 -0.031517800 -0.026730767 0.062831126 0.032329760 0.997142136
1341846371.501933 -0.019389439 -0.204653665 -0.032150216 -0.024525462 0.065790027 0.029927596 0.997083008
1341846371.534269 -0.027056456 -0.209506199 -0.037171412 -0.024361461 0.066664815 0.029693874 0.997035921
1341846371.570100 -0.024638109 -0.220889106 -0.038471702 -0.025143784 0.064052880 0.027131705 0.997260690
1341846371.602162 -0.018663201 -0.233074367 -0.040511519 -0.023366913 0.062689215 0.024269095 0.997464299
1341846371.634012 -0.024764227 -0.235752612 -0.044409465 -0.021677390 0.064457454 0.023217114 0.997414827
1341846371.669927 -0.035549022 -0.242642283 -0.032194551 -0.021177705 0.062389102 0.022073936 0.997582972
1341846371.702051 -0.024565903 -0.245472163 -0.038746335 -0.021119185 0.059717614 0.020154526 0.997788310
1341846371.737891 -0.025994910 -0.257387310 -0.037406806 -0.022381075 0.062598623 0.015551416 0.997666597
1341846371.769979 -0.033439614 -0.259199709 -0.034046378 -0.020801289 0.062536784 0.015268090 0.997709036
1341846371.802101 -0.032127306 -0.261408627 -0.036835946 -0.020721793 0.059315413 0.017935954 0.997862995
1341846371.837951 -0.029521359 -0.269978374 -0.034946747 -0.021453483 0.057188954 0.019441158 0.997943461
1341846371.870043 -0.018835481 -0.265565395 -0.045032803 -0.021718096 0.056228135 0.021752736 0.997944653
1341846371.902330 -0.018565776 -0.265541375 -0.048448730 -0.026235934 0.058261912 0.021690669 0.997720778
1341846371.938165 -0.029920714 -0.274563283 -0.045728602 -0.032188334 0.061424498 0.016375307 0.997458160
1341846371.969938 -0.014201145 -0.281200111 -0.051118512 -0.036195055 0.063440785 0.015344092 0.997210979
1341846372.005861 -0.021296073 -0.296164393 -0.039188221 -0.039421573 0.069105282 0.013434327 0.996739626
1341846372.038440 -0.031935394 -0.303988993 -0.037922304 -0.036480848 0.070237003 0.013410250 0.996772826
1341846372.070518 -0.017840980 -0.294061244 -0.044641152 -0.032865997 0.066964336 0.012997624 0.997129202
1341846372.111944 -0.018228218 -0.301155180 -0.043545466 -0.032294311 0.068136021 0.009780431 0.997105241
1341846372.143876 -0.016104475 -0.310931891 -0.040017597 -0.030087123 0.068406813 0.006521691 0.997182429
1341846372.179919 -0.019456286 -0.312801301 -0.043703843 -0.026781840 0.067988880 0.003915729 0.997318864
1341846372.212119 -0.023458650 -0.322269082 -0.045167729 -0.024006892 0.065944448 0.003314480 0.997528970
1341846372.244067 -0.019111617 -0.329653591 -0.045685496 -0.019596057 0.062108394 -0.000123164 0.997877002
1341846372.279961 -0.021744601 -0.343159795 -0.051292952 -0.014448918 0.059989981 -0.002789110 0.998090506
1341846372.312076 -0.023187378 -0.344204009 -0.045555755 -0.008333491 0.057929140 -0.005939725 0.998268247
1341846372.347910 -0.020614689 -0.355429649 -0.035595335 -0.005227555 0.055541959 -0.006483808 0.998421609
1341846372.379906 -0.021226423 -0.361726403 -0.035079282 -0.001919376 0.052336335 -0.007796796 0.998597205
1341846372.412137 -0.011021346 -0.362719327 -0.037486542 0.002052753 0.048685785 -0.008378560 0.998776913
1341846372.447783 -0.014222150 -0.373752683 -0.034365650 0.003242747 0.048119579 -0.007056487 0.998811364
1341846372.479920 -0.024355387 -0.385341018 -0.036732480 0.006352236 0.045791812 -0.004922266 0.998918653
1341846372.516195 -0.011408511 -0.380536854 -0.031279780 0.009996063 0.040934741 -0.001787903 0.999110222
1341846372.547915 0.001683030 -0.372337043 -0.036420282 0.010370445 0.040228721 -0.001963074 0.999134719
1341846372.579923 -0.004257638 -0.383769900 -0.026890809 0.007752896 0.041557737 -0.005268084 0.999092102
1341846372.616037 -0.005225547 -0.396966428 -0.032237358 0.006151418 0.040463701 -0.004307087 0.999152780
1341846372.647968 -0.001829162 -0.394710183 -0.031888686 0.005916307 0.040388182 -0.004963668 0.999154210
1341846372.679953 0.004389153 -0.400928587 -0.037128624 0.003855826 0.041159369 -0.007375351 0.999117911
1341846372.716073 0.007364987 -0.405324101 -0.029460371 0.002916863 0.042502232 -0.007656705 0.999062777
1341846372.747919 0.003293401 -0.409196407 -0.026940726 0.002866153 0.043012202 -0.005785886 0.999053657
1341846372.783912 0.010505810 -0.413875759 -0.029223936 0.004015284 0.041504815 -0.004014787 0.999122143
1341846372.816131 0.019017501 -0.411151886 -0.024477683 0.005186469 0.042817455 -0.001822810 0.999067783
1341846372.848115 0.016287314 -0.412176788 -0.024204021 0.005009803 0.045178112 0.001333535 0.998965502
1341846372.884003 0.015955117 -0.416016608 -0.028397137 0.004764486 0.045870356 -0.000443028 0.998935938
1341846372.948016 0.021704696 -0.425416648 -0.023917036 0.004682987 0.051756702 0.000201984 0.998648703
1341846373.010206 0.031940047 -0.429917902 -0.022581594 0.011084634 0.046763927 0.004647495 0.998833656
1341846373.041934 0.043623216 -0.430551261 -0.025264105 0.013637826 0.047769386 0.004752121 0.998753965
1341846373.078079 0.036961466 -0.435121804 -0.023244776 0.014975243 0.051204391 0.004622813 0.998565197
1341846373.110028 0.035660934 -0.440772772 -0.024265371 0.017302508 0.051772788 0.003366555 0.998503327
1341846373.142204 0.040253304 -0.444560111 -0.022942899 0.020071741 0.051973015 0.003932354 0.998439014
1341846373.178121 0.042588815 -0.447017401 -0.031168744 0.022225413 0.053156011 0.005026729 0.998326182
1341846373.210218 0.042950645 -0.454043686 -0.029979095 0.024951098 0.054956019 0.003206380 0.998171866
1341846373.246073 0.045372542 -0.461389184 -0.029461036 0.029129850 0.056168851 0.002624164 0.997992814
1341846373.277962 0.048481420 -0.462695897 -0.030208772 0.034438726 0.057345584 0.003276131 0.997754812
1341846373.310189 0.054987982 -0.458908111 -0.045089792 0.038002469 0.059184279 0.002929693 0.997519135
1341846373.346051 0.060592197 -0.459699005 -0.045435324 0.038166221 0.062376186 0.000145912 0.997322679
1341846373.377993 0.052146524 -0.461917967 -0.040538941 0.037761316 0.065920129 -0.000183203 0.997110069
1341846373.410038 0.052332964 -0.467235267 -0.041347127 0.037655652 0.066480264 0.000711263 0.997076690
1341846373.446109 0.052530158 -0.468444228 -0.042855769 0.037767690 0.066795044 -0.000737971 0.997051358
1341846373.478409 0.050582319 -0.475539505 -0.040909246 0.037904859 0.066932999 0.000318649 0.997037172
1341846373.514006 0.046360124 -0.481586874 -0.043984428 0.039684173 0.066311352 0.003069131 0.997004747
1341846373.546097 0.051858369 -0.474505693 -0.041774850 0.041802920 0.063401617 0.003913314 0.997104526
1341846373.578079 0.062080190 -0.472186595 -0.045012023 0.042009406 0.063888505 0.002765285 0.997068584
1341846373.613978 0.051220432 -0.468114614 -0.043046705 0.042208083 0.066496983 0.001510973 0.996892333
1341846373.646060 0.048594166 -0.461203367 -0.040140126 0.041787345 0.064731024 0.001619122 0.997026086
1341846373.682101 0.060466211 -0.452059776 -0.047871627 0.040655803 0.064095877 0.001636122 0.997113883
1341846373.713942 0.058732793 -0.445151001 -0.045017187 0.037452821 0.067323975 0.001581176 0.997026682
1341846373.746309 0.048696801 -0.437271595 -0.043849703 0.033946283 0.069182806 0.001304297 0.997025430
1341846373.782079 0.043388456 -0.436359495 -0.034353901 0.030809503 0.068390094 0.000245144 0.997182786
1341846373.814899 0.051651120 -0.435633302 -0.039013930 0.029441539 0.067878231 -0.001401867 0.997258127
1341846373.846131 0.043882441 -0.421311855 -0.032162189 0.029890737 0.069985114 -0.003770337 0.997092962
1341846373.882197 0.034107085 -0.409786046 -0.037631888 0.028920002 0.068385720 -0.005499529 0.997224510
1341846373.914066 0.029615797 -0.398626268 -0.035249256 0.026928019 0.065420486 -0.002680569 0.997490764
1341846373.949976 0.035940286 -0.390679240 -0.030196331 0.024196409 0.063177928 0.001076774 0.997708321
1341846373.982090 0.033669334 -0.383320391 -0.035166331 0.021270312 0.062889986 0.002018804 0.997791708
1341846374.014518 0.018650169 -0.376043916 -0.033102866 0.017625446 0.061457779 0.004750208 0.997942746
1341846374.050082 0.022649927 -0.365575403 -0.027399041 0.014424399 0.057560682 0.008244062 0.998203754
1341846374.082248 0.025735810 -0.366643220 -0.024760319 0.011121631 0.055832710 0.008847918 0.998338997
1341846374.114063 0.023848418 -0.354061931 -0.028691433 0.009438041 0.056440480 0.009115591 0.998319745
1341846374.150230 0.014297419 -0.358243465 -0.024087874 0.006308005 0.056443181 0.009490507 0.998340726
1341846374.181949 0.012992803 -0.350129366 -0.021606209 0.007878967 0.053918604 0.010147091 0.998462677
1341846374.217985 0.014847333 -0.345006645 -0.024557920 0.009306676 0.052765086 0.013152705 0.998476982
1341846374.250018 0.018405411 -0.327407271 -0.028101634 0.010268587 0.052898463 0.014695816 0.998438954
1341846374.281921 0.009510840 -0.313390553 -0.026502976 0.008122844 0.054677632 0.013160309 0.998384297
1341846374.318502 0.010431020 -0.307586253 -0.025376813 0.004889088 0.054818295 0.012602846 0.998404860
1341846374.350047 0.009356783 -0.294261605 -0.023333037 0.001853747 0.056392055 0.013481121 0.998315930
1341846374.382011 -0.003487678 -0.291448593 -0.019211989 -0.001655777 0.057294827 0.012043172 0.998283267
1341846374.418020 -0.001925806 -0.281942338 -0.014576543 -0.002850782 0.054896370 0.012779674 0.998406172
1341846374.450160 -0.002976612 -0.272653401 -0.012869045 -0.004822820 0.053226762 0.013016697 0.998485982
1341846374.486170 -0.008811700 -0.263741076 -0.016447287 -0.006878938 0.053973403 0.012106937 0.998445272
1341846374.524087 -0.014964744 -0.256279498 -0.010687094 -0.010323527 0.054185718 0.011269532 0.998413920
1341846374.586056 -0.012355487 -0.241979733 -0.002459149 -0.014715664 0.048069250 0.011664877 0.998667479
1341846374.617848 -0.017422069 -0.242472038 -0.005662172 -0.017216198 0.046218619 0.012711408 0.998702049
1341846374.654133 -0.019945852 -0.235188991 0.004513489 -0.016401181 0.043097980 0.015688565 0.998813033
1341846374.685940 -0.019364985 -0.222344950 0.003790596 -0.015064753 0.040294297 0.018489294 0.998903215
1341846374.718159 -0.024026839 -0.217788100 0.004592923 -0.015495262 0.038647790 0.021493673 0.998901546
1341846374.754050 -0.025913801 -0.206334665 0.008816234 -0.013748031 0.035543349 0.022880968 0.999011576
1341846374.786226 -0.024835641 -0.195758745 0.005496528 -0.012971369 0.033173282 0.023686243 0.999084711
1341846374.818164 -0.023864914 -0.196144149 0.009194465 -0.012925196 0.032002594 0.023627758 0.999124885
1341846374.854017 -0.028557690 -0.190066949 0.008399238 -0.010226813 0.030763622 0.022788322 0.999214530
1341846374.886253 -0.026270250 -0.182119653 0.010663472 -0.006961359 0.026812593 0.025095128 0.999301195
1341846374.921999 -0.024447303 -0.173790023 0.007528180 -0.004576893 0.024573425 0.024582248 0.999385297
1341846374.953860 -0.025924556 -0.166273072 0.006321689 -0.002715428 0.022885783 0.025716193 0.999403596
1341846374.985929 -0.030617770 -0.160879910 0.008046404 -0.001971236 0.020971145 0.026865970 0.999417126
1341846375.022029 -0.025815787 -0.160206974 0.013226358 0.000100743 0.018431110 0.028681584 0.999418676
1341846375.053968 -0.023373207 -0.155750617 0.010323526 0.004416889 0.016227964 0.032617729 0.999326408
1341846375.085937 -0.027127760 -0.146805272 0.007647356 0.007986777 0.015706331 0.034268517 0.999257326
1341846375.122015 -0.027186431 -0.134667397 0.001807420 0.008737611 0.015827872 0.032214470 0.999317467
1341846375.190345 -0.026493600 -0.131404117 0.001093406 0.004169099 0.021561880 0.026860898 0.999397933
1341846375.222041 -0.032495935 -0.128592581 0.005570153 0.004898811 0.022168398 0.024070203 0.999452472
1341846375.254127 -0.027539663 -0.121359512 0.003149406 0.007152873 0.021518219 0.024729520 0.999436975
1341846375.289892 -0.029323556 -0.121799096 -0.003621112 0.009896971 0.024222272 0.024098501 0.999367118
1341846375.322192 -0.033089306 -0.108373970 0.001131319 0.013608977 0.024036758 0.026311079 0.999272108
1341846375.354172 -0.035590857 -0.094540834 -0.003044513 0.012258707 0.023821419 0.025120711 0.999325395
1341846375.390033 -0.026965283 -0.083919778 -0.002418810 0.007618772 0.024564227 0.022507984 0.999415815
1341846375.422976 -0.037167858 -0.079672337 -0.000800614 0.001654787 0.028143669 0.018843224 0.999424875
1341846375.458036 -0.044435199 -0.070118211 0.002023017 -0.002845990 0.027465764 0.017198414 0.999470711
1341846375.489941 -0.037602104 -0.073643826 0.010379530 -0.007940748 0.026360847 0.017979559 0.999459267
1341846375.521981 -0.037337512 -0.079749413 0.015524771 -0.009361219 0.027179994 0.018707260 0.999411643
1341846375.557947 -0.045878045 -0.074685030 0.009817055 -0.006927464 0.026573772 0.022176720 0.999376833
1341846375.590116 -0.041660149 -0.074018203 0.015404134 -0.004950886 0.022570508 0.027328877 0.999359429
1341846375.622399 -0.032411631 -0.064003088 0.019303396 -0.000882491 0.021557381 0.029254440 0.999339104
1341846375.658264 -0.033699136 -0.061858442 0.020183023 0.002417542 0.023260469 0.030946642 0.999247432
1341846375.690116 -0.038819209 -0.055064924 0.020847648 0.007448554 0.022793047 0.035204209 0.999092400
1341846375.726080 -0.031181065 -0.047944602 0.020890554 0.015108870 0.020547323 0.039990131 0.998874545
1341846375.757947 -0.040327102 -0.036966573 0.022436474 0.023522938 0.021465475 0.042255178 0.998599231
1341846375.789914 -0.040521063 -0.028206982 0.025225155 0.029743766 0.019466987 0.045564741 0.998328686
1341846375.826111 -0.041866630 -0.009048429 0.028541189 0.033511616 0.018028691 0.044348672 0.998291135
1341846375.858282 -0.044660728 0.013643626 0.019952638 0.031834323 0.016073801 0.042309452 0.998467863
1341846375.893889 -0.043948274 0.028727775 0.024023814 0.022528544 0.013130158 0.039933778 0.998862028
1341846375.926121 -0.041825850 0.032618284 0.035038698 0.014702904 0.012456609 0.038227532 0.999083221
1341846375.958089 -0.039607268 0.041286062 0.038926568 0.009344424 0.012578875 0.038365476 0.999140918
1341846375.994060 -0.038089868 0.047226261 0.048990019 0.004948084 0.012747933 0.039954953 0.999107897
1341846376.026115 -0.034692407 0.050102446 0.051948585 0.003045091 0.014480464 0.041513782 0.999028385
1341846376.057999 -0.040104352 0.063267067 0.054296762 0.005315697 0.017090559 0.042471323 0.998937368
1341846376.094015 -0.037305444 0.078180365 0.057147086 0.005788283 0.018869378 0.043832123 0.998843908
1341846376.126126 -0.037486315 0.089496724 0.059681069 0.005673802 0.022597348 0.042976111 0.998804390
1341846376.162125 -0.041860759 0.099316604 0.059931852 0.003110843 0.026845522 0.042549700 0.998728752
1341846376.194033 -0.045875322 0.106037617 0.066823453 0.000062421 0.028460747 0.043563113 0.998645186
1341846376.226110 -0.047695994 0.109068476 0.067819014 -0.002939131 0.028198492 0.045904189 0.998543441
1341846376.262088 -0.048690744 0.113519751 0.074731834 -0.003371156 0.027150974 0.049456723 0.998401463
1341846376.293911 -0.045443170 0.119563423 0.079651512 -0.001239674 0.027050857 0.051274803 0.998317420
1341846376.326088 -0.047315352 0.125139371 0.078863509 0.000971807 0.027379593 0.053541303 0.998189747
1341846376.362076 -0.048519891 0.135093167 0.078744732 0.001589326 0.025593441 0.056239128 0.998088002
1341846376.393924 -0.043663409 0.142349392 0.081823036 0.001640957 0.024363510 0.053996190 0.998242497
1341846376.429909 -0.042131625 0.149392083 0.084148958 0.001340431 0.026597854 0.049758010 0.998406172
1341846376.462224 -0.049541589 0.155222654 0.086511105 -0.000527873 0.028468838 0.046960723 0.998490870
1341846376.494092 -0.049148723 0.155897975 0.092811175 -0.001890803 0.027464900 0.046383217 0.998544276
1341846376.529992 -0.046087794 0.164273784 0.095498465 -0.001104834 0.027025180 0.046529885 0.998550653
1341846376.562034 -0.046320207 0.170378596 0.095042571 -0.001588577 0.028515514 0.044536505 0.998599470
1341846376.594092 -0.047341708 0.177483857 0.096281253 -0.002506474 0.029598612 0.044569168 0.998564601
1341846376.630016 -0.048076928 0.184543043 0.100495294 -0.003590262 0.030222489 0.043416347 0.998593390
1341846376.662132 -0.043158777 0.189414024 0.103974871 -0.004588707 0.031934056 0.041045107 0.998636305
1341846376.697981 -0.049330659 0.194869131 0.106122591 -0.005218090 0.034737390 0.041203152 0.998533130
1341846376.730128 -0.047069423 0.203303725 0.107352294 -0.004806254 0.035429820 0.041216169 0.998510361
1341846376.762061 -0.046986572 0.214313582 0.107232474 -0.004877895 0.036136255 0.041126810 0.998488367
1341846376.797939 -0.049231742 0.224411145 0.108127892 -0.007167653 0.036314677 0.039712895 0.998525321
1341846376.829920 -0.048460055 0.229267359 0.109621681 -0.010498099 0.036990359 0.041275136 0.998407662
1341846376.866170 -0.045120876 0.242214993 0.110692807 -0.012970881 0.036362268 0.045410842 0.998222113
1341846376.898026 -0.041225020 0.252255172 0.113893017 -0.016874826 0.034619026 0.045487601 0.998222232
1341846376.930139 -0.034250915 0.270723045 0.118579268 -0.019753691 0.035197806 0.041992679 0.998302341
1341846376.966511 -0.041526426 0.266015589 0.119647570 -0.028694509 0.039718546 0.040504668 0.997977197
1341846376.997919 -0.041747335 0.280316025 0.123196132 -0.032229137 0.041093588 0.042253818 0.997741044
1341846377.030079 -0.038590107 0.284076452 0.127226710 -0.035970487 0.041374020 0.042321172 0.997598767
1341846377.066212 -0.043620236 0.292045772 0.128200129 -0.038782939 0.043014783 0.043283559 0.997382700
1341846377.097918 -0.044605874 0.298386872 0.132318959 -0.042871509 0.042288173 0.043241899 0.997248173
1341846377.134079 -0.047183435 0.304801464 0.132324725 -0.045896959 0.040870149 0.044104669 0.997134864
1341846377.166160 -0.045665883 0.295393646 0.126642957 -0.051707644 0.036327239 0.044697337 0.996999919
1341846377.197925 -0.047068089 0.313677043 0.134558737 -0.050041411 0.031686667 0.045408361 0.997211039
1341846377.233952 -0.044541385 0.332363218 0.136968523 -0.050170768 0.029477065 0.042369872 0.997406065
1341846377.266486 -0.040670369 0.331854314 0.139688700 -0.054672889 0.030701442 0.041372012 0.997174382
1341846377.298068 -0.047902312 0.337462634 0.133259952 -0.057920378 0.032506611 0.044171613 0.996813655
1341846377.334109 -0.046558484 0.341989756 0.139673322 -0.061158858 0.030871285 0.045047622 0.996632993
1341846377.366029 -0.042970948 0.342649221 0.140198484 -0.062441509 0.030709140 0.042822231 0.996656597
1341846377.401870 -0.044050112 0.343714207 0.139801607 -0.064096794 0.031544786 0.041580100 0.996577978
1341846377.434052 -0.044397205 0.334401488 0.140729412 -0.066505291 0.031115862 0.041022800 0.996456742
1341846377.466127 -0.042564098 0.335526705 0.144496828 -0.063365176 0.030957906 0.041096579 0.996663213
1341846377.502027 -0.042817641 0.338735342 0.140011087 -0.061418753 0.031574171 0.038016777 0.996887922
1341846377.534114 -0.034507852 0.332401067 0.151975676 -0.061270937 0.032440897 0.035232302 0.996971488
1341846377.566085 -0.047499567 0.329580069 0.142503485 -0.057834122 0.036132608 0.034360465 0.997080266
1341846377.602113 -0.046851840 0.323214203 0.139266461 -0.056048885 0.035708979 0.035400800 0.997161031
1341846377.633912 -0.043514378 0.305710733 0.144038051 -0.051581137 0.036444452 0.032472689 0.997475147
1341846377.676329 -0.045432054 0.310702354 0.135692984 -0.045962542 0.037839971 0.031788055 0.997719944
1341846377.743964 -0.044236932 0.280243188 0.132297546 -0.040921267 0.035453834 0.027846297 0.998144805
1341846377.802535 -0.042992007 0.260898501 0.130175412 -0.040270690 0.034525119 0.029429683 0.998158395
1341846377.835932 -0.046383452 0.244716451 0.127936006 -0.034806609 0.036936630 0.029898856 0.998263597
1341846377.872063 -0.055586740 0.234423265 0.111208789 -0.033113286 0.035034176 0.036976218 0.998152733
1341846377.902201 -0.037359089 0.228597477 0.116908215 -0.034016456 0.027041156 0.038302578 0.998320878
1341846377.939383 -0.034853224 0.229205459 0.115502104 -0.027518202 0.030808890 0.028388649 0.998742998
1341846377.970635 -0.045902878 0.212485462 0.097313315 -0.031861674 0.033630259 0.032138076 0.998409212
1341846378.002401 -0.038769968 0.190695867 0.108634613 -0.036905471 0.026066581 0.033692718 0.998410404
1341846378.038883 -0.035149597 0.191110626 0.105682179 -0.031666886 0.026910866 0.030572684 0.998668253
1341846378.106524 -0.036310133 0.167544648 0.097511619 -0.035390522 0.026999753 0.027134774 0.998640180
1341846378.138114 -0.033320490 0.155310482 0.100032702 -0.034348551 0.027598362 0.022946805 0.998765230
1341846378.170157 -0.035022836 0.151791617 0.089039631 -0.032932322 0.029707409 0.014252153 0.998914301
1341846378.206045 -0.033585083 0.137536839 0.089145519 -0.036179204 0.030221108 0.010954906 0.998828173
1341846378.238081 -0.033057403 0.114212543 0.095094733 -0.037153173 0.030253982 0.009767032 0.998803735
1341846378.275916 -0.022334252 0.103645943 0.090978846 -0.034963869 0.029215824 0.009127714 0.998919785
1341846378.312389 -0.025586367 0.099467136 0.085683323 -0.033123102 0.031961739 0.005826481 0.998923123
1341846378.344267 -0.025236487 0.079499424 0.084376641 -0.033646222 0.034771863 0.005178065 0.998815358
1341846378.376036 -0.026756035 0.068066396 0.081024319 -0.029518664 0.036186531 0.004987750 0.998896539
1341846378.411936 -0.022193886 0.064259350 0.071532056 -0.027764793 0.036912125 0.003521050 0.998926520
1341846378.444079 -0.020449754 0.050054893 0.070835933 -0.027408291 0.039878093 -0.000827147 0.998828232
1341846378.480041 -0.028230425 0.041295882 0.065217003 -0.025498450 0.040775068 -0.003241302 0.998837709
1341846378.512023 -0.020987535 0.030869447 0.068541750 -0.026678098 0.038035188 -0.004134217 0.998911679
1341846378.543975 -0.019240960 0.022828190 0.064875804 -0.023235526 0.040080152 -0.010492473 0.998871148
1341846378.579973 -0.024282278 0.010385826 0.066348247 -0.022004649 0.042571016 -0.011170792 0.998788655
1341846378.612676 -0.027245993 0.003832160 0.068644457 -0.018587098 0.043198079 -0.013683502 0.998799860
1341846378.643945 -0.019070882 -0.013012524 0.055935167 -0.016637582 0.045122769 -0.013145426 0.998756349
1341846378.679954 -0.024298333 -0.016049955 0.046808932 -0.012415363 0.047118381 -0.014421536 0.998708010
1341846378.742199 -0.015764009 -0.038190827 0.031619307 -0.007517116 0.051063910 -0.020800432 0.998450458
1341846378.774089 -0.022888500 -0.046395991 0.035437632 -0.002801060 0.055609290 -0.021972507 0.998206854
1341846378.805994 -0.026311450 -0.052183326 0.039071485 0.000538370 0.056062739 -0.020545349 0.998215675
1341846378.842121 -0.015211233 -0.052184749 0.036385212 0.002620284 0.055384874 -0.020939803 0.998242021
1341846378.874022 -0.015726048 -0.067638479 0.032627568 0.004396069 0.058363669 -0.025274398 0.997965753
1341846378.911788 -0.018269377 -0.069021255 0.038073234 0.007544165 0.060024008 -0.023100542 0.997901082
1341846378.974034 -0.012790415 -0.086181127 0.029996568 0.010826595 0.060898069 -0.025114147 0.997769237
1341846379.009977 -0.011458154 -0.091313086 0.035782292 0.013544803 0.063348070 -0.024358349 0.997602224
1341846379.041991 -0.013231525 -0.100513272 0.032597125 0.014403107 0.064569071 -0.025388245 0.997486234
1341846379.078155 -0.007572695 -0.105425879 0.029090773 0.016105361 0.066228420 -0.029951338 0.997224808
1341846379.109871 -0.009559681 -0.110244803 0.029554423 0.017051611 0.066639505 -0.029399086 0.997198105
1341846379.142034 -0.005294817 -0.122633182 0.033072356 0.016352547 0.066466168 -0.029391414 0.997221589
1341846379.178080 -0.004594693 -0.133089676 0.039890982 0.019106362 0.068662018 -0.034913860 0.996845782
1341846379.209979 -0.006377908 -0.153645009 0.009821479 0.023810031 0.069338739 -0.037237838 0.996613503
1341846379.242047 -0.008671609 -0.159509495 0.022988874 0.030906387 0.067277797 -0.034515046 0.996658027
1341846379.278304 -0.004289700 -0.177966818 0.021782752 0.035294715 0.065402143 -0.038043872 0.996508598
1341846379.310076 0.001060900 -0.196362257 0.009752032 0.042053420 0.068606526 -0.041151695 0.995907187
1341846379.346166 -0.003975490 -0.199607641 0.013195671 0.049872980 0.071555451 -0.039832018 0.995392323
1341846379.377944 -0.004583430 -0.217949882 0.008017996 0.055840962 0.071563892 -0.039822094 0.995075166
1341846379.409974 -0.001829626 -0.222696364 0.004420027 0.064886130 0.073452167 -0.040060218 0.994379103
1341846379.446065 -0.000463242 -0.211589873 0.011905040 0.071988128 0.074529640 -0.035491500 0.993983567
1341846379.478631 0.001439110 -0.210335791 0.002318450 0.072550230 0.073511958 -0.034086112 0.994067669
1341846379.511214 0.011461006 -0.217330262 -0.000843020 0.070540532 0.074458040 -0.036133762 0.994069576
1341846379.546204 -0.000147196 -0.225880787 0.003087610 0.071749777 0.076987229 -0.035589669 0.993809998
1341846379.578217 -0.008134717 -0.216202408 0.000816865 0.073710099 0.073105782 -0.032156419 0.994076610
1341846379.614096 0.007689181 -0.219683528 -0.004493918 0.071386084 0.069170676 -0.030664956 0.994574785
1341846379.646030 0.008451270 -0.217240557 -0.001123035 0.069926254 0.071476392 -0.031144932 0.994500577
1341846379.678830 -0.002026889 -0.215198547 0.005531623 0.067455776 0.071732841 -0.028960986 0.994718730
1341846379.714071 -0.003402502 -0.214804783 0.001594528 0.065672919 0.068252757 -0.026018878 0.995164096
1341846379.746082 0.010086825 -0.213381991 0.003687043 0.063664287 0.067293473 -0.024777520 0.995391607
1341846379.778087 -0.000158698 -0.202900082 0.001821233 0.061856914 0.069456629 -0.022124955 0.995419502
1341846379.813931 -0.007830766 -0.195784315 0.003903655 0.057653606 0.067453280 -0.019747179 0.995859504
1341846379.845927 -0.002543845 -0.192219257 0.001489978 0.053366560 0.065718241 -0.018863413 0.996231496
1341846379.881893 -0.004112524 -0.181194723 0.003106495 0.048932500 0.066286944 -0.016337430 0.996466100
1341846379.913954 -0.010097611 -0.162565067 0.006928024 0.042689566 0.065154307 -0.011939130 0.996890128
1341846379.946050 -0.008837077 -0.167651117 0.011170593 0.034222249 0.062996969 -0.010794044 0.997368395
1341846379.981969 -0.013305283 -0.168288976 0.017380960 0.028862536 0.061712038 -0.007577869 0.997647822
1341846380.013935 -0.018095162 -0.153348908 0.017053623 0.025276367 0.058784779 -0.002601996 0.997947216
1341846380.046124 -0.016332055 -0.144373938 0.017993491 0.019115930 0.056189232 0.000219701 0.998237073
1341846380.082142 -0.010187088 -0.139680460 0.019624131 0.013410262 0.055730343 0.000041197 0.998355746
1341846380.114330 -0.015624083 -0.137297422 0.025756799 0.008551411 0.057079658 0.002058252 0.998330891
1341846380.150278 -0.020796865 -0.138467774 0.034200042 0.006275190 0.055503692 0.005423470 0.998423994
1341846380.182030 -0.015773159 -0.128738374 0.036991529 0.007534818 0.053715434 0.007600244 0.998498917
1341846380.213908 -0.016515205 -0.106418453 0.030711807 0.007297132 0.053799510 0.007605540 0.998496115
1341846380.250090 -0.020687271 -0.083589576 0.031402294 0.001115593 0.055738010 0.002185605 0.998442411
1341846380.281996 -0.015219993 -0.079153448 0.044691388 -0.007693892 0.059903964 0.001476940 0.998173416
1341846380.318009 -0.015043611 -0.069752775 0.049207255 -0.012004806 0.063161112 0.003514773 0.997924924
1341846380.350031 -0.015954878 -0.059875209 0.051513944 -0.018002469 0.064289890 0.008008084 0.997736692
1341846380.382297 -0.012296157 -0.055701751 0.053381339 -0.022895742 0.064752094 0.011098972 0.997576952
1341846380.418020 -0.013002918 -0.041345172 0.058126651 -0.025939908 0.065995552 0.012847106 0.997399926
1341846380.450059 -0.012594285 -0.027564188 0.060171522 -0.033912290 0.061935019 0.022727778 0.997244895
1341846380.481987 -0.005496653 -0.019851120 0.061771143 -0.042577710 0.054474689 0.027274961 0.997234046
1341846380.518026 -0.004455787 -0.014643350 0.060642790 -0.047678936 0.052189395 0.025570961 0.997170508
1341846380.549973 -0.008139792 -0.006323062 0.066643454 -0.049629319 0.051562466 0.026617872 0.997080624
1341846380.585876 -0.007242832 -0.001748442 0.073114097 -0.050086025 0.046655327 0.027923344 0.997263730
1341846380.617833 -0.001850953 -0.006525740 0.064205579 -0.050049186 0.043545403 0.027192160 0.997426391
1341846380.650010 -0.001253691 -0.005305795 0.061981712 -0.046665400 0.043030966 0.024557035 0.997681081
1341846380.686058 -0.002783450 0.002025818 0.059630308 -0.043350033 0.041324500 0.023780927 0.997921586
1341846380.718154 -0.002647896 0.001013637 0.059711795 -0.041254900 0.039808992 0.022932975 0.998091817
1341846380.750063 0.008896943 -0.006478759 0.053593062 -0.037286546 0.038135380 0.023142993 0.998308480
1341846380.785897 0.003453897 0.015538792 0.054709241 -0.029258098 0.039559357 0.025145832 0.998472154
1341846380.818263 -0.005900150 0.024311865 0.058742564 -0.027382495 0.036892608 0.026887542 0.998582065
1341846380.854055 -0.002854452 0.013108433 0.060177308 -0.027819736 0.034168709 0.023707630 0.998747468
1341846380.886150 0.000223400 0.022075625 0.068614088 -0.022623612 0.033378940 0.023744943 0.998904467
1341846380.918124 -0.004378915 0.032504644 0.074358448 -0.021609263 0.029166037 0.026413938 0.998991787
1341846380.954125 0.000701393 0.025042389 0.075642869 -0.022835037 0.023592059 0.024980603 0.999148607
1341846380.985985 0.006702689 0.011303672 0.072054937 -0.023969404 0.024544517 0.021187115 0.999186695
1341846381.018098 0.003885851 0.025922922 0.083079077 -0.020807875 0.025652664 0.022458853 0.999201953
1341846381.054072 0.009694278 0.019402474 0.090927720 -0.020486075 0.021885449 0.023476299 0.999274850
1341846381.086074 0.019096898 0.007973192 0.096102245 -0.016937200 0.021059120 0.024502058 0.999334395
1341846381.122035 0.014776076 0.018175786 0.101456054 -0.013462669 0.023019401 0.024641173 0.999340594
1341846381.159808 0.017695172 0.018803118 0.118517451 -0.013817956 0.022385230 0.024316410 0.999358118
1341846381.222118 0.029615715 0.026525591 0.137525842 -0.012315923 0.025141057 0.026839873 0.999247611
1341846381.254198 0.037870169 0.023443775 0.143470243 -0.014970416 0.027888292 0.025620304 0.999170542
1341846381.289977 0.053610489 0.019818863 0.159141690 -0.014619127 0.032932620 0.026028180 0.999011636
1341846381.322365 0.038733084 0.031916104 0.175797999 -0.013090990 0.038410399 0.031909198 0.998666644
1341846381.353963 0.043136016 0.031709474 0.186323002 -0.015241491 0.039236233 0.036400530 0.998450398
1341846381.389983 0.061273687 0.031823143 0.188251466 -0.017282611 0.041497663 0.036097575 0.998336732
1341846381.421973 0.052110977 0.037726380 0.204557389 -0.020594312 0.049445398 0.039343532 0.997789085
1341846381.454108 0.058796562 0.036309496 0.224389791 -0.023723574 0.050032113 0.040998518 0.997623742
1341846381.489891 0.069630548 0.017069660 0.233902931 -0.024051592 0.052587211 0.043087076 0.997396410
1341846381.521988 0.069027618 0.019394150 0.242314637 -0.018454283 0.057079189 0.048451118 0.997022510
1341846381.558072 0.073212229 0.021955665 0.257156432 -0.015006011 0.059775542 0.050880507 0.996801317
1341846381.589879 0.079278931 0.024694419 0.262010962 -0.013501423 0.063259192 0.049655072 0.996669650
1341846381.622018 0.084290802 0.030836035 0.272819042 -0.013667350 0.067032740 0.047490556 0.996526182
1341846381.657894 0.086014912 0.024615329 0.289288461 -0.014407395 0.070520408 0.044497233 0.996413231
1341846381.689870 0.095224045 0.017290063 0.300850421 -0.010634985 0.072785504 0.044007573 0.996319473
1341846381.722338 0.095358819 0.026099768 0.317969352 -0.007115364 0.075600177 0.044496689 0.996119499
1341846381.758166 0.093507387 0.022144705 0.324936688 -0.007683350 0.078532800 0.042521078 0.995974660
1341846381.790889 0.104063995 0.021246092 0.335461676 -0.005669763 0.078708388 0.041731216 0.996007740
1341846381.826591 0.111638732 0.023756279 0.352079123 -0.002665624 0.080987252 0.041404974 0.995851159
1341846381.859589 0.111127771 0.020351091 0.368607581 -0.002274472 0.080865584 0.041606549 0.995853603
1341846381.890538 0.110446192 0.016939495 0.379665762 -0.001112351 0.077025205 0.041917853 0.996146977
1341846381.926191 0.118978336 0.020118557 0.390925974 -0.000017725 0.074134529 0.039288614 0.996474028
1341846381.958121 0.109506562 0.032881934 0.393354625 -0.001561227 0.072355717 0.039347976 0.996601224
1341846381.990050 0.097142786 0.025259251 0.407922685 -0.007479179 0.067062028 0.039209902 0.996950030
1341846382.026007 0.120171458 0.030468127 0.423438042 -0.010212030 0.059602585 0.034667868 0.997567713
1341846382.059217 0.121360451 0.034495950 0.439752907 -0.015358440 0.060043164 0.030330714 0.997616649
1341846382.094090 0.114924081 0.024585309 0.450150698 -0.021892751 0.058863580 0.031239912 0.997536838
1341846382.126195 0.129969224 0.023321820 0.468483478 -0.022205330 0.054036789 0.032565124 0.997760713
1341846382.158170 0.139100999 0.020445997 0.474170953 -0.022894517 0.053761803 0.033877749 0.997716248
1341846382.194097 0.135942116 0.015758801 0.483015507 -0.024601929 0.055389650 0.035423335 0.997532904
1341846382.226010 0.141452655 0.013916314 0.495342195 -0.024599109 0.054600496 0.037433397 0.997503102
1341846382.258172 0.148531929 0.015421654 0.504586756 -0.023999967 0.054420177 0.037021544 0.997542858
1341846382.294020 0.143251956 0.013351609 0.514473021 -0.024399905 0.058292337 0.034426339 0.997407377
1341846382.325957 0.134618521 0.018715598 0.532628298 -0.023996815 0.059413280 0.032239821 0.997424066
1341846382.361974 0.142580748 0.006761181 0.546174765 -0.027079530 0.056668244 0.031175010 0.997538686
1341846382.393888 0.139375746 0.011739279 0.558058143 -0.024264844 0.055767499 0.029851744 0.997702360
1341846382.425972 0.139672890 0.007899499 0.565182745 -0.025055550 0.054675754 0.025602572 0.997861326
1341846382.462037 0.141360700 0.010050706 0.571198106 -0.025707552 0.052773483 0.019550037 0.998084068
1341846382.494003 0.138365969 0.007546215 0.583191335 -0.027886754 0.050526723 0.015475179 0.998213351
1341846382.530148 0.141715422 0.011645246 0.608931243 -0.026578018 0.047345664 0.014659817 0.998417258
1341846382.562400 0.143820286 0.004842842 0.608032107 -0.027048429 0.046987344 0.012501992 0.998450935
1341846382.593981 0.143154263 0.000659858 0.620415032 -0.026820108 0.047103040 0.013279989 0.998441577
1341846382.629905 0.144346416 -0.007726933 0.629198253 -0.024113631 0.047839694 0.015816331 0.998438656
1341846382.661966 0.139817581 0.004910678 0.638485610 -0.018966803 0.048776802 0.018023632 0.998466909
1341846382.693976 0.140840650 0.002375312 0.641865551 -0.020490667 0.048331216 0.018702218 0.998445988
1341846382.730021 0.141931251 0.001619987 0.650991976 -0.019655988 0.049306273 0.018352741 0.998421609
1341846382.762004 0.128478304 0.010568068 0.660631180 -0.017475085 0.052396040 0.020326629 0.998266518
1341846382.798112 0.130113259 0.009987919 0.659664214 -0.020363428 0.050538048 0.016806932 0.998373091
1341846382.829949 0.135809660 -0.000024108 0.663587093 -0.024637105 0.050376795 0.011328503 0.998362064
1341846382.861875 0.130584836 0.005184442 0.676441193 -0.024094524 0.052710701 0.009619401 0.998272777
1341846382.897967 0.132217929 0.001607522 0.682594597 -0.025100602 0.052569933 0.010734785 0.998243988
1341846382.930017 0.148787677 -0.006299884 0.679447055 -0.025006732 0.050281487 0.011012078 0.998361230
1341846382.962121 0.138745233 0.009077391 0.688224077 -0.020419255 0.055450767 0.011110847 0.998190761
1341846382.997950 0.140484452 -0.000337287 0.686426520 -0.021923529 0.056483630 0.011543903 0.998096049
1341846383.029927 0.142428026 0.006685909 0.691872835 -0.019296503 0.055959251 0.012412176 0.998169363
1341846383.104184 0.149495080 0.007268019 0.689830542 -0.022769080 0.059713271 0.004103845 0.997947395
1341846383.172122 0.148078680 0.000862931 0.699092448 -0.026558036 0.059056848 0.002875871 0.997897148
1341846383.236935 0.153112307 0.007833441 0.705132723 -0.025897060 0.066099338 0.003264400 0.997471571
1341846383.272112 0.155672178 -0.004016704 0.703113556 -0.027402399 0.063892439 0.007429179 0.997552812
1341846383.303955 0.152710021 0.010351731 0.694991589 -0.023232775 0.066364460 0.009487200 0.997479796
1341846383.336133 0.157157853 0.007571043 0.694011569 -0.027584175 0.066388138 0.008944982 0.997372389
1341846383.398119 0.165520161 -0.000956465 0.690125942 -0.030742770 0.063551009 0.012012151 0.997432590
1341846383.433991 0.166501060 0.000601895 0.690594971 -0.031124011 0.065157823 0.013162334 0.997302592
1341846383.466087 0.161223739 -0.002140825 0.690047085 -0.031300183 0.066603288 0.013546634 0.997196436
1341846383.501974 0.161006153 0.004427906 0.686988950 -0.028953524 0.064418100 0.016815605 0.997361124
1341846383.533975 0.158700570 -0.003078970 0.676610112 -0.029828411 0.062507935 0.016306620 0.997465312
1341846383.565981 0.152936488 0.000486155 0.670397997 -0.029814303 0.062763251 0.013837744 0.997487068
1341846383.602253 0.142373189 -0.000298232 0.665495515 -0.030156419 0.061391696 0.012945211 0.997574091
1341846383.634175 0.127082840 0.000383736 0.657960117 -0.029318722 0.058802560 0.012492055 0.997760773
1341846383.665988 0.125457197 0.007009548 0.653079927 -0.028662728 0.054297294 0.012396454 0.998036325
1341846383.702104 0.118600197 0.008773929 0.645152450 -0.028656963 0.052133143 0.009433681 0.998184264
1341846383.734131 0.115317374 0.008580903 0.644078732 -0.028753987 0.047123287 0.009610509 0.998428881
1341846383.770067 0.107247114 0.008491975 0.630718052 -0.028437560 0.043026708 0.012108930 0.998595655
1341846383.802027 0.114077285 0.003600464 0.619523168 -0.029077478 0.037637979 0.011448017 0.998802662
1341846383.870067 0.094949692 0.006497405 0.592553675 -0.029322021 0.033870194 0.013355546 0.998906732
1341846383.901854 0.105157606 0.011657257 0.585186481 -0.028469134 0.027969079 0.014601428 0.999096632
1341846383.934301 0.088835023 0.014658733 0.583094120 -0.030733075 0.029155448 0.014571203 0.998996019
1341846383.969997 0.087902769 0.005297459 0.574269891 -0.033579491 0.026589010 0.014957547 0.998970270
1341846384.001936 0.083052360 -0.000283561 0.555520356 -0.032431737 0.024009988 0.017523685 0.999031842
1341846384.038092 0.076548345 0.013776388 0.548486471 -0.028367931 0.019779736 0.017557092 0.999247611
1341846384.070104 0.085336000 0.015844813 0.536882162 -0.029296195 0.016372116 0.014315736 0.999334157
1341846384.102008 0.081742272 0.004380777 0.525141537 -0.029935652 0.016370419 0.013876738 0.999321401
1341846384.138265 0.069793582 0.007198482 0.509199440 -0.028236829 0.014099426 0.016090544 0.999372303
1341846384.170093 0.066347644 0.014944009 0.508315027 -0.027463408 0.012347161 0.015863374 0.999420643
1341846384.202188 0.064265601 0.013483400 0.496693254 -0.027132507 0.013744048 0.013460701 0.999446690
1341846384.237844 0.057797603 0.016583197 0.481973201 -0.026912695 0.014668782 0.013230098 0.999442577
1341846384.269968 0.058116075 0.008703258 0.476139069 -0.028136447 0.012670471 0.015247659 0.999407470
1341846384.306015 0.058468699 0.014437862 0.465533465 -0.025992166 0.012267882 0.015286149 0.999469936
1341846384.337907 0.051199887 0.019448925 0.455007106 -0.025536494 0.013446484 0.015043278 0.999470234
1341846384.369865 0.050371815 0.019433923 0.441131979 -0.026779294 0.012443431 0.013246322 0.999476135
1341846384.406199 0.052342337 0.015391955 0.431314975 -0.026842196 0.012798467 0.011939930 0.999486446
1341846384.437788 0.042097587 0.022281528 0.420136809 -0.026132559 0.013810083 0.010267721 0.999510348
1341846384.469882 0.043111265 0.027067054 0.410565794 -0.028160930 0.012414766 0.008518191 0.999489963
1341846384.506115 0.041997481 0.019166272 0.401278466 -0.030976033 0.013792944 0.005504000 0.999409795
1341846384.537970 0.045280442 0.022202468 0.387552083 -0.032262962 0.015720790 0.003907946 0.999348164
1341846384.573994 0.037403293 0.015652824 0.381249309 -0.034366056 0.016561784 0.006670486 0.999249816
1341846384.606493 0.038987011 0.019905057 0.375439227 -0.031138511 0.014236214 0.010761796 0.999355733
1341846384.637999 0.039281618 0.024366135 0.365033656 -0.028915262 0.012933695 0.012944331 0.999414325
1341846384.674068 0.036290452 0.025671180 0.358915657 -0.029543048 0.011814971 0.011943763 0.999422312
1341846384.705921 0.031632986 0.028389575 0.346623540 -0.028310586 0.011406404 0.010786951 0.999475896
1341846384.742045 0.017685158 0.039188456 0.344609588 -0.027107632 0.010514134 0.009697749 0.999530137
1341846384.774082 0.017592072 0.039822590 0.339900523 -0.030022442 0.007990452 0.006746531 0.999494493
1341846384.805987 0.019558610 0.034285460 0.321061045 -0.032339010 0.007254911 0.001020018 0.999450088
1341846384.842025 0.015078811 0.038618889 0.312064588 -0.032764681 0.005765729 -0.000973179 0.999445975
1341846384.874081 0.009799247 0.036099553 0.300173521 -0.034266554 0.004584871 0.000734062 0.999401927
1341846384.905998 0.011653524 0.039654892 0.295523405 -0.031649638 0.003874156 0.004182470 0.999482751
1341846384.942014 0.006489085 0.042118333 0.285387456 -0.031615540 0.004451481 0.006746665 0.999467432
1341846384.974049 -0.001485227 0.041902948 0.286119699 -0.032390952 0.004900636 0.010474231 0.999408364
1341846385.009917 -0.002263220 0.040111933 0.278798550 -0.030342801 0.005377420 0.014983692 0.999412775
1341846385.042211 -0.003431794 0.045578297 0.262372732 -0.028979367 0.005925031 0.016556336 0.999425292
1341846385.073967 -0.003257172 0.043523654 0.255274266 -0.030876907 0.006460898 0.015826851 0.999377012
1341846385.110157 -0.006407989 0.038320176 0.249810562 -0.030351145 0.008015381 0.016176805 0.999376237
1341846385.141931 -0.009648245 0.033560678 0.244748577 -0.029482678 0.008466016 0.017968636 0.999367893
1341846385.173929 -0.015517787 0.034303017 0.240852043 -0.028070843 0.007314204 0.017771799 0.999421179
1341846385.210052 -0.016363671 0.032592457 0.227974728 -0.027082257 0.006931492 0.012167069 0.999535143
1341846385.242941 -0.023625959 0.035221640 0.221261486 -0.025539720 0.008297490 0.005522089 0.999624133
1341846385.278001 -0.028891718 0.034980223 0.219119772 -0.025204381 0.007460839 0.002130067 0.999652207
1341846385.311234 -0.034630727 0.028452314 0.210847542 -0.023483695 0.007254867 0.002052693 0.999695778
1341846385.342936 -0.038027652 0.032546882 0.198249966 -0.019965198 0.005819595 0.000853423 0.999783337
1341846385.378101 -0.044349935 0.038342498 0.191676140 -0.018801233 0.006317797 -0.001234566 0.999802530
1341846385.410048 -0.052400097 0.034282684 0.190384746 -0.019506602 0.005479343 -0.000765542 0.999794424
1341846385.442088 -0.061356425 0.037582409 0.180567175 -0.018351279 0.003714521 -0.001880679 0.999822915
1341846385.477970 -0.067150213 0.034693979 0.167856544 -0.019845305 0.000318459 -0.002076517 0.999800861
1341846385.510109 -0.072160155 0.035093013 0.167040080 -0.020354874 -0.001466577 -0.001398004 0.999790788
1341846385.545989 -0.080542855 0.040539894 0.160611957 -0.019937580 -0.004156774 -0.001683678 0.999791205
1341846385.577939 -0.090195745 0.040515643 0.151712283 -0.021658326 -0.008497205 -0.001878078 0.999727547
1341846385.609948 -0.098752737 0.039242588 0.148552358 -0.022292562 -0.010435622 -0.001058790 0.999696434
1341846385.646024 -0.109476738 0.042123176 0.141532749 -0.022647930 -0.013899940 0.001416289 0.999645829
1341846385.678122 -0.118069395 0.045413971 0.136435136 -0.024021722 -0.019641977 0.002908830 0.999514222
1341846385.713966 -0.116013549 0.043527603 0.122558139 -0.024626844 -0.023171620 0.003641997 0.999421477
1341846385.745986 -0.123784006 0.043844771 0.119398020 -0.023723841 -0.022597773 0.004338576 0.999453664
1341846385.778024 -0.131263763 0.048878629 0.112357467 -0.023206832 -0.024854803 0.006845649 0.999398172
1341846385.814480 -0.126318604 0.052368615 0.103124425 -0.023296190 -0.027000817 0.006268657 0.999344230
1341846385.846594 -0.126897022 0.050279658 0.091210805 -0.024274163 -0.024603646 0.004020493 0.999394417
1341846385.884072 -0.140828520 0.054419108 0.088340439 -0.024736810 -0.021435153 0.005578578 0.999448597
1341846385.920282 -0.145474523 0.056520954 0.084113128 -0.025126157 -0.023546916 0.007510499 0.999378681
1341846385.951967 -0.143091366 0.059651513 0.064044423 -0.024753219 -0.021619696 0.004986409 0.999447346
1341846385.983828 -0.146899790 0.056153461 0.065643802 -0.024828712 -0.017754970 0.003944017 0.999526203
1341846386.019954 -0.154115111 0.057665769 0.062741987 -0.024198681 -0.017518127 0.006374276 0.999533355
1341846386.053153 -0.155230641 0.052393079 0.056214992 -0.023514969 -0.019267006 0.006462048 0.999516904
1341846386.087964 -0.155125782 0.054131500 0.031814188 -0.020618742 -0.017459413 0.003115363 0.999630094
1341846386.120298 -0.163652718 0.058402695 0.039644435 -0.018435735 -0.013869867 -0.001138661 0.999733150
1341846386.152323 -0.173005268 0.054665927 0.032944769 -0.016476395 -0.013313808 -0.001762287 0.999774039
1341846386.187922 -0.174339846 0.055739935 0.024228394 -0.013517177 -0.014878400 -0.004504104 0.999787807
1341846386.220214 -0.169812799 0.051565744 0.014195516 -0.011961889 -0.014643181 -0.009812848 0.999773085
1341846386.251878 -0.168927342 0.049873594 0.001253629 -0.008939482 -0.013960822 -0.012098156 0.999789357
1341846386.287926 -0.177917913 0.046672013 -0.011117551 -0.006391122 -0.014775090 -0.012061870 0.999797642
1341846386.320048 -0.173874512 0.050196357 -0.020639621 -0.003628777 -0.016812036 -0.015633218 0.999729872
1341846386.351806 -0.169201747 0.048975565 -0.035206676 -0.002184599 -0.015148425 -0.019654149 0.999689698
1341846386.387904 -0.176972464 0.046072830 -0.051483195 -0.000661852 -0.013636120 -0.019839102 0.999709964
1341846386.420158 -0.181424871 0.050380837 -0.075110883 0.001771933 -0.015614855 -0.018599929 0.999703467
1341846386.488011 -0.171569377 0.060008239 -0.100410730 0.003567980 -0.020208882 -0.021801284 0.999551654
1341846386.550203 -0.183610111 0.050831564 -0.137534603 0.004364247 -0.019393450 -0.021149877 0.999578655
1341846386.582265 -0.183057681 0.062860847 -0.150887147 0.006014776 -0.022436263 -0.020485321 0.999520242
1341846386.618055 -0.176933557 0.068949886 -0.169291511 0.005822381 -0.022783959 -0.022806719 0.999463260
1341846386.651032 -0.183062017 0.073064439 -0.191522583 0.004439186 -0.020741053 -0.024493653 0.999474943
1341846386.682220 -0.182839468 0.077191874 -0.202381298 0.002339464 -0.022457894 -0.022564549 0.999490380
1341846386.718071 -0.173687339 0.067657478 -0.218540698 0.000757538 -0.024338732 -0.019252002 0.999518096
1341846386.750071 -0.165656075 0.071713172 -0.237345651 0.003104118 -0.022239575 -0.018026467 0.999585271
1341846386.786100 -0.171832412 0.076631956 -0.254345298 0.003803881 -0.019138813 -0.014491235 0.999704540
1341846386.817967 -0.166917622 0.080128431 -0.263560683 0.005370905 -0.020224875 -0.012739068 0.999699831
1341846386.850155 -0.163003236 0.087059274 -0.276818037 0.006691508 -0.018763067 -0.013283192 0.999713302
1341846386.886034 -0.162332207 0.086315349 -0.292232603 0.006037377 -0.015985025 -0.010771737 0.999795973
1341846386.918050 -0.161668226 0.088427581 -0.310365051 0.006744491 -0.014449682 -0.007477555 0.999844849
1341846386.954005 -0.162411898 0.091946028 -0.321117491 0.007451610 -0.013400100 -0.005587040 0.999866843
1341846386.986155 -0.154791325 0.093612544 -0.340549350 0.007099609 -0.012386592 -0.005132271 0.999884844
1341846387.018027 -0.152655095 0.091258340 -0.345813602 0.006607513 -0.008029466 -0.003094106 0.999941111
1341846387.054058 -0.162289739 0.089165203 -0.361464381 0.007852104 -0.005422407 -0.001610299 0.999953091
1341846387.086157 -0.160149232 0.094097443 -0.374154776 0.008910864 -0.005414796 -0.001416336 0.999944627
1341846387.118350 -0.154736862 0.093425333 -0.378736168 0.009622005 -0.002610910 -0.003294612 0.999944806
1341846387.153927 -0.162835330 0.093135253 -0.392936766 0.010898158 0.000233789 -0.003458994 0.999934554
1341846387.185953 -0.167360246 0.104930550 -0.406804979 0.011476898 -0.000539064 -0.003445939 0.999927998
1341846387.222042 -0.164547175 0.102407269 -0.413064390 0.008913885 -0.001482580 -0.004748540 0.999947846
1341846387.253968 -0.160650596 0.099214569 -0.424354911 0.007714651 0.000136279 -0.006374864 0.999949872
1341846387.286046 -0.170402542 0.100500003 -0.443031788 0.006500203 0.001023417 -0.004495718 0.999968231
1341846387.322002 -0.164447501 0.104463167 -0.451031655 0.004957359 -0.000628311 -0.003960399 0.999979675
1341846387.353879 -0.158231109 0.102602884 -0.465881765 0.003503757 0.000775390 -0.004570325 0.999983132
1341846387.386177 -0.166863710 0.100634187 -0.475295961 0.003089468 0.001704053 -0.001430731 0.999992728
1341846387.422132 -0.163013384 0.100547142 -0.483972877 0.003382029 0.000126123 0.001095194 0.999993682
1341846387.454043 -0.156320915 0.108218893 -0.496674567 0.004148712 0.001017223 -0.000696279 0.999990642
1341846387.490166 -0.165038630 0.106130876 -0.509993076 0.003281511 0.002497905 -0.000420480 0.999991417
1341846387.522009 -0.166016355 0.105195642 -0.515517056 0.003390225 0.000334456 0.004127681 0.999985695
1341846387.554619 -0.157866001 0.111146569 -0.531924188 0.004141733 -0.000863627 0.005943501 0.999973357
1341846387.590257 -0.154244334 0.123457789 -0.537627697 0.003220980 -0.000072596 0.005426208 0.999980092
1341846387.622301 -0.154446900 0.120335944 -0.544163108 -0.000191484 0.001199245 0.006388667 0.999978840
1341846387.654151 -0.161511287 0.118059501 -0.547344387 -0.002082058 0.001333896 0.006486214 0.999975920
1341846387.690110 -0.160978973 0.125688568 -0.559301794 -0.002568229 -0.000674128 0.004848444 0.999984682
1341846387.722109 -0.162706792 0.126272678 -0.566625059 -0.005004748 -0.001487244 0.004299377 0.999977112
1341846387.758177 -0.162094161 0.120253503 -0.573486745 -0.006890537 -0.002270060 0.005598515 0.999958038
1341846387.790191 -0.168659598 0.119437821 -0.578308225 -0.006446331 -0.003492990 0.008556552 0.999936521
1341846387.822157 -0.164970040 0.128482953 -0.584724724 -0.004852282 -0.006000288 0.008926181 0.999930382
1341846387.858179 -0.166262090 0.132829443 -0.592266977 -0.005304918 -0.006822181 0.012011799 0.999890506
1341846387.890013 -0.170753628 0.129832581 -0.600405455 -0.005750835 -0.009151962 0.013342701 0.999852538
1341846387.926103 -0.164185911 0.129914910 -0.608685315 -0.005716247 -0.010760476 0.013384940 0.999836206
1341846387.958426 -0.165059686 0.135431990 -0.608584583 -0.006232148 -0.011265793 0.016359657 0.999783278
1341846387.990086 -0.168081447 0.135472119 -0.611829638 -0.006801817 -0.013659529 0.017996682 0.999721587
1341846388.026158 -0.162763640 0.126263231 -0.601724148 -0.006303229 -0.017720111 0.016834622 0.999681354
1341846388.058060 -0.158590615 0.122501411 -0.601845503 -0.001559877 -0.020085104 0.023522632 0.999520302
1341846388.089974 -0.165453166 0.125195682 -0.602323890 0.003721074 -0.022215735 0.028187497 0.999348819
1341846388.126088 -0.162677944 0.142395869 -0.605097353 0.007159955 -0.024056135 0.026607206 0.999330819
1341846388.158090 -0.148478270 0.157128751 -0.615434051 0.004986330 -0.023359179 0.023241377 0.999444485
1341846388.194068 -0.156938925 0.143536240 -0.596807182 -0.000636682 -0.020233802 0.019681504 0.999601305
1341846388.225961 -0.159870490 0.138759136 -0.590820789 -0.001677799 -0.020712649 0.018080208 0.999620557
1341846388.257928 -0.154788241 0.145308584 -0.588226855 -0.002379084 -0.021140741 0.019255185 0.999588251
1341846388.294066 -0.155471236 0.136811465 -0.570182860 -0.003744319 -0.021256648 0.018802160 0.999590218
1341846388.325954 -0.149988428 0.144934699 -0.565676391 -0.001890719 -0.021876279 0.016505752 0.999622583
1341846388.357936 -0.147158131 0.143415451 -0.558849037 -0.003745267 -0.020760499 0.016010141 0.999649227
1341846388.394202 -0.155187115 0.136768937 -0.546419859 -0.005298623 -0.020532785 0.013996820 0.999677181
1341846388.425957 -0.147078216 0.136869431 -0.546382546 -0.005512644 -0.021969346 0.011489611 0.999677420
1341846388.462012 -0.144278929 0.133725181 -0.527587473 -0.006646657 -0.020127377 0.009420072 0.999730945
1341846388.493961 -0.153097719 0.126088172 -0.514109433 -0.006265345 -0.020394245 0.008609785 0.999735296
1341846388.526293 -0.149109036 0.127216548 -0.505794704 -0.004353620 -0.022299038 0.008288628 0.999707520
1341846388.562293 -0.143238470 0.124398820 -0.498561412 -0.002941764 -0.020923363 0.006602705 0.999754906
1341846388.594090 -0.150163054 0.126390606 -0.482944667 -0.001963404 -0.018500540 0.005048624 0.999814153
1341846388.626030 -0.146275863 0.122948483 -0.470917791 -0.002307932 -0.019894959 0.005597729 0.999783695
1341846388.662009 -0.145721495 0.112151623 -0.464187950 -0.001952469 -0.018613685 0.002347126 0.999822080
1341846388.694110 -0.141802967 0.120557696 -0.449326247 0.000719589 -0.017999858 0.003162567 0.999832690
1341846388.730239 -0.140428260 0.115498476 -0.432941020 -0.001457482 -0.018975910 0.002311328 0.999816179
1341846388.762131 -0.133726507 0.104914501 -0.422299504 -0.002076521 -0.018340766 0.000056976 0.999829650
1341846388.794087 -0.138644114 0.111834474 -0.413721621 -0.000308882 -0.015801461 0.000315066 0.999875009
1341846388.830117 -0.143601477 0.111476272 -0.390490830 -0.002637631 -0.016745938 0.002010310 0.999854267
1341846388.868548 -0.131088153 0.099236228 -0.378732294 -0.003674498 -0.017968642 0.001777529 0.999830186
1341846388.900942 -0.136538416 0.109757669 -0.363262147 -0.002271766 -0.015958849 0.001280497 0.999869227
1341846388.937157 -0.139013633 0.112688959 -0.341022670 -0.005282647 -0.017265458 0.002097690 0.999834776
1341846388.970712 -0.134770468 0.105297379 -0.321004838 -0.007192241 -0.017894214 0.001560616 0.999812782
1341846389.001153 -0.135554790 0.108286746 -0.308296442 -0.006587967 -0.017325073 -0.001001077 0.999827743
1341846389.036956 -0.140907541 0.107170112 -0.300685316 -0.009568503 -0.017774157 0.000109312 0.999796212
1341846389.069208 -0.138053000 0.095158055 -0.273353726 -0.012776637 -0.018371638 -0.000548330 0.999749422
1341846389.168276 -0.137790710 0.080166355 -0.244923607 -0.013899934 -0.017849809 0.000915060 0.999743640
1341846389.230639 -0.145714819 0.079713039 -0.207763135 -0.010436738 -0.016683819 0.002134214 0.999804080
1341846389.266034 -0.141491398 0.077533133 -0.193170935 -0.009410781 -0.018498819 0.000397379 0.999784470
1341846389.298760 -0.136948630 0.074316114 -0.182559639 -0.008262010 -0.016211266 -0.001356145 0.999833524
1341846389.329980 -0.140051380 0.070681982 -0.169199347 -0.007072124 -0.014621110 0.000968457 0.999867618
1341846389.366022 -0.138037130 0.075282551 -0.154459685 -0.006071828 -0.014767235 -0.000289301 0.999872446
1341846389.397969 -0.127736136 0.068834573 -0.140296534 -0.005884651 -0.012800144 -0.000734565 0.999900520
1341846389.433982 -0.131038696 0.071307845 -0.125190064 -0.002444321 -0.008342061 -0.000354797 0.999962151
1341846389.466033 -0.134972811 0.076340713 -0.113917544 -0.002385207 -0.007150770 0.001590133 0.999970317
1341846389.498030 -0.128221765 0.069207788 -0.101863362 -0.003680255 -0.008036277 0.001838578 0.999959230
1341846389.534085 -0.123822317 0.076543652 -0.092833892 -0.002265437 -0.005120858 -0.000671476 0.999984086
1341846389.565875 -0.129609644 0.081905715 -0.083380319 -0.004063772 -0.003076728 0.000077962 0.999987006
1341846389.597960 -0.128983855 0.078677669 -0.068869382 -0.008536759 -0.004157365 0.000147977 0.999954879
1341846389.634116 -0.123446211 0.074403413 -0.056567252 -0.010160082 -0.005184389 -0.000269644 0.999934912
1341846389.665950 -0.122325636 0.087168194 -0.047814779 -0.011401828 -0.003839908 -0.002526411 0.999924421
1341846389.702127 -0.120989189 0.076915197 -0.030947538 -0.016870992 -0.003085857 -0.004724058 0.999841750
1341846389.734086 -0.120527178 0.073336326 -0.021686263 -0.016660286 -0.004797522 -0.002586666 0.999846339
1341846389.765898 -0.116811670 0.079607427 -0.011899177 -0.016222179 -0.005809131 -0.002372906 0.999848723
1341846389.802126 -0.111133769 0.075767234 0.003709534 -0.017725941 -0.006229774 -0.003952069 0.999815643
1341846389.834063 -0.108670473 0.072309017 0.011502212 -0.016434979 -0.005977142 -0.003043153 0.999842465
1341846389.866260 -0.104828730 0.073596582 0.034749106 -0.013351554 -0.006512078 0.000378315 0.999889612
1341846389.902002 -0.100585021 0.074215882 0.039890036 -0.012021204 -0.007862309 0.000619704 0.999896646
1341846389.934117 -0.095189385 0.074576207 0.049694534 -0.010990676 -0.006231721 -0.001479389 0.999919057
1341846389.970116 -0.091974124 0.075540692 0.062762074 -0.010623685 -0.004277258 -0.001924624 0.999932587
1341846390.002129 -0.096826613 0.070856296 0.071630582 -0.011398282 -0.005574114 0.000439953 0.999919415
1341846390.034099 -0.089771770 0.071793944 0.080818988 -0.010169310 -0.008879908 -0.000577583 0.999908686
1341846390.070024 -0.086061448 0.074551873 0.088003106 -0.009607187 -0.007896834 -0.003761471 0.999915600
1341846390.101910 -0.086122848 0.073502235 0.095838360 -0.010822574 -0.007759849 -0.005355346 0.999897003
1341846390.137924 -0.079106562 0.068075918 0.099204518 -0.010378789 -0.010753047 -0.003656649 0.999881625
1341846390.170038 -0.071522214 0.072243728 0.102824315 -0.008446130 -0.010974172 -0.003867144 0.999896646
1341846390.202115 -0.070825078 0.076790303 0.112551339 -0.010644906 -0.009357796 -0.006959070 0.999875307
1341846390.238117 -0.069731697 0.068379171 0.122451231 -0.012273471 -0.010541182 -0.004897033 0.999857128
1341846390.270052 -0.065247841 0.071439028 0.125815138 -0.011356886 -0.013703561 0.000875738 0.999841213
1341846390.302085 -0.054793995 0.073241875 0.131617785 -0.012589330 -0.014824979 0.002885586 0.999806702
1341846390.338496 -0.047347028 0.069091603 0.142361626 -0.013106707 -0.013811024 0.005043748 0.999805987
1341846390.370105 -0.052092597 0.072102405 0.152625009 -0.012701201 -0.014838208 0.010039133 0.999758840
1341846390.438106 -0.039594050 0.073460788 0.166273534 -0.017721938 -0.021648793 0.008474520 0.999572635
1341846390.505984 -0.035577968 0.078224875 0.188556120 -0.021945542 -0.029946428 0.011600196 0.999243259
1341846390.538495 -0.021049442 0.070346475 0.186167508 -0.024278350 -0.032901462 0.008364339 0.999128699
1341846390.606055 -0.019101119 0.081965491 0.209908456 -0.025515039 -0.035234638 0.015054513 0.998939872
1341846390.638031 -0.006232449 0.082076035 0.209602103 -0.025253981 -0.038509630 0.016436569 0.998803794
1341846390.673954 0.002600363 0.088163540 0.210375234 -0.024575934 -0.035800487 0.013190438 0.998969674
1341846390.705937 -0.001029294 0.092566974 0.220665514 -0.027430316 -0.033860978 0.012537226 0.998971403
1341846390.737965 0.002360717 0.085656270 0.234154731 -0.030584255 -0.035091672 0.011501745 0.998849809
1341846390.774135 0.015365598 0.086420290 0.229501486 -0.028684812 -0.034216627 0.012054942 0.998929977
1341846390.806067 0.018946199 0.097469777 0.242129102 -0.027565757 -0.029982768 0.012533828 0.999091625
1341846390.838026 0.011987649 0.096272424 0.249114364 -0.029822202 -0.027757382 0.013922077 0.999072731
1341846390.874116 0.022666801 0.099379294 0.253920436 -0.030636901 -0.028716326 0.016004128 0.998989820
1341846390.906067 0.026127195 0.099804677 0.251518458 -0.032597993 -0.027458666 0.019889357 0.998893321
1341846390.942137 0.023628386 0.101429321 0.261669338 -0.034624640 -0.026435176 0.022996871 0.998785973
1341846390.974052 0.040033538 0.092303835 0.273276299 -0.034843951 -0.030387845 0.028262245 0.998530805
1341846391.006164 0.042935204 0.096692495 0.266718894 -0.033454835 -0.032427583 0.030656623 0.998443484
1341846391.042303 0.045583051 0.101240240 0.272769600 -0.034820866 -0.033178009 0.027710142 0.998458266
1341846391.074134 0.041390501 0.097967416 0.273169070 -0.035083830 -0.033308990 0.024231257 0.998535156
1341846391.106097 0.041392989 0.100733593 0.269380867 -0.034292754 -0.035523843 0.024828784 0.998471618
1341846391.142154 0.046019394 0.098569579 0.271258652 -0.035208464 -0.038204309 0.027225811 0.998278260
1341846391.174124 0.047249928 0.097958058 0.267007262 -0.034890953 -0.038708415 0.027395593 0.998265386
1341846391.209961 0.045551609 0.100250505 0.266160280 -0.034270447 -0.037736084 0.027988732 0.998307645
1341846391.241977 0.045649055 0.091433726 0.268165231 -0.035003014 -0.039641470 0.031370547 0.998107851
1341846391.273984 0.047151659 0.091652565 0.264209837 -0.033105642 -0.041321237 0.031033562 0.998114944
1341846391.309946 0.045753468 0.094546191 0.261920929 -0.031715773 -0.040160306 0.028709263 0.998277068
1341846391.342018 0.039683647 0.091241442 0.263124347 -0.032160215 -0.040780544 0.028136970 0.998254001
1341846391.378060 0.040739629 0.090534776 0.261272073 -0.031698044 -0.044269551 0.025278367 0.998196602
1341846391.410037 0.042099122 0.088898771 0.256851912 -0.032208107 -0.044545762 0.022544459 0.998233438
1341846391.442052 0.044045355 0.087215066 0.262144208 -0.031267073 -0.043889798 0.024050463 0.998257279
1341846391.478040 0.040780213 0.088015221 0.256684899 -0.029632412 -0.045373797 0.029151592 0.998104870
1341846391.510072 0.043933228 0.093960807 0.253318846 -0.028962573 -0.047787037 0.031428475 0.997942805
1341846391.542159 0.041555014 0.091407396 0.253187805 -0.030186532 -0.046284795 0.030090522 0.998018563
1341846391.578010 0.039582931 0.091261886 0.255801946 -0.029845189 -0.045467921 0.030612074 0.998050511
1341846391.610169 0.038475353 0.086106159 0.253046334 -0.029600453 -0.046986848 0.033454854 0.997896194
1341846391.645942 0.039719101 0.082912937 0.249656320 -0.028914804 -0.049306259 0.034703635 0.997761726
1341846391.677959 0.034798797 0.084438145 0.244871691 -0.027404252 -0.048382208 0.032923229 0.997909963
1341846391.710022 0.036345270 0.083092719 0.248252749 -0.025741868 -0.049637847 0.034313176 0.997845709
1341846391.745846 0.035111800 0.082994312 0.246774048 -0.023423292 -0.051880814 0.033473499 0.997817278
1341846391.778020 0.042247560 0.081330426 0.242131040 -0.021637982 -0.053293146 0.031862304 0.997835875
1341846391.810026 0.035264678 0.075791493 0.239766032 -0.020402294 -0.051806990 0.032659408 0.997914433
1341846391.846013 0.036758192 0.070072129 0.238341972 -0.019006474 -0.052812766 0.034481715 0.997827947
1341846391.877984 0.034520037 0.069137767 0.233310089 -0.016185461 -0.052231804 0.036087453 0.997851491
1341846391.914033 0.034810159 0.068310283 0.238817170 -0.014519017 -0.051676590 0.037115496 0.997868299
1341846391.945996 0.031863704 0.068086848 0.232373267 -0.013000955 -0.051858049 0.036622237 0.997898042
1341846391.978037 0.032650948 0.069409519 0.230496883 -0.012516016 -0.052065484 0.034447387 0.997970879
1341846392.014187 0.035883665 0.063124150 0.232549191 -0.012867529 -0.051886972 0.033611014 0.998004258
1341846392.046054 0.034152932 0.064076640 0.231071517 -0.011405734 -0.051954340 0.034695275 0.997981429
1341846392.078061 0.032663349 0.069334686 0.237513065 -0.010312384 -0.052241970 0.034378458 0.997989237
1341846392.114010 0.031584524 0.070146225 0.234423950 -0.010506148 -0.052223872 0.033561565 0.998016000
1341846392.145989 0.032325748 0.071312368 0.231134921 -0.009923632 -0.052094702 0.032128103 0.998075843
1341846392.181959 0.027188640 0.074897796 0.227712706 -0.010959007 -0.053433903 0.031963602 0.997999549
1341846392.213917 0.034607802 0.070640720 0.233533889 -0.012684110 -0.056820504 0.030593133 0.997834980
1341846392.246105 0.036086701 0.072491921 0.229536042 -0.011116797 -0.054429967 0.024600605 0.998152614
1341846392.282032 0.038392939 0.069657631 0.233525887 -0.011497709 -0.054332353 0.025714451 0.998125553
1341846392.314025 0.039104324 0.066294700 0.236727804 -0.010877669 -0.056846820 0.028238365 0.997924209
1341846392.349981 0.046639811 0.071952455 0.234323084 -0.007870262 -0.057167273 0.028198218 0.997935295
1341846392.382103 0.046781536 0.072000340 0.236088067 -0.007125781 -0.055545568 0.029471138 0.997995675
1341846392.414056 0.047843013 0.070246890 0.234212384 -0.007059095 -0.056381546 0.031476166 0.997888029
1341846392.450136 0.048596796 0.065004870 0.234145582 -0.006424018 -0.056556154 0.035216000 0.997757494
1341846392.482091 0.050513994 0.065853991 0.234520420 -0.003822864 -0.057172455 0.036651887 0.997684002
1341846392.514096 0.049337879 0.066922262 0.225723207 -0.002625610 -0.056550223 0.036051083 0.997745216
1341846392.550030 0.052103519 0.063770637 0.228519097 -0.003098725 -0.057614755 0.037227370 0.997639775
1341846392.582053 0.054183327 0.060076568 0.226640254 -0.001919493 -0.059277155 0.040591825 0.997414052
1341846392.617983 0.053519763 0.059362896 0.227696791 -0.000066540 -0.059304468 0.041012127 0.997397125
1341846392.649909 0.055770714 0.057425536 0.220814511 0.000776516 -0.059070993 0.039032701 0.997490108
1341846392.682128 0.053476878 0.055604916 0.225021377 0.001356969 -0.059058681 0.037296999 0.997556627
1341846392.718019 0.053539407 0.052162971 0.226491213 0.002740538 -0.061282326 0.039427388 0.997337699
1341846392.749829 0.055247571 0.049900625 0.222069651 0.004452805 -0.063006423 0.040136382 0.997195780
1341846392.782107 0.055823825 0.052101012 0.220165476 0.005305983 -0.062902525 0.039440364 0.997225940
1341846392.818251 0.054065783 0.050193239 0.223802343 0.005567909 -0.061998252 0.039614223 0.997274280
1341846392.852165 0.056085940 0.048854664 0.222986206 0.007364034 -0.062876411 0.040617399 0.997167230
1341846392.885913 0.059318740 0.049066763 0.217298940 0.008529730 -0.062667504 0.038859673 0.997241199
1341846392.917882 0.058656283 0.045857847 0.222472623 0.009749848 -0.060944431 0.038821865 0.997338235
1341846392.950023 0.060150027 0.043819662 0.225277290 0.011433130 -0.060863689 0.039719500 0.997289956
