1341846313.592026 0.000000000 0.000000000 0.000000000 0.000000000 0.000000000 0.000000000 1.000000000
1341846313.654184 0.006867183 -0.004689366 -0.005363828 -0.001414398 -0.003166667 0.005115684 0.999980867
1341846313.686156 0.015147272 -0.002441436 0.000408328 -0.000110049 -0.005633228 0.004827912 0.999972463
1341846313.721918 0.020919982 -0.000182523 -0.006029234 0.000107074 -0.006681388 0.005140535 0.999964476
1341846313.753994 0.030472320 0.000911607 -0.000367417 -0.000251439 -0.007772170 0.006735004 0.999947071
1341846313.789969 0.037060451 -0.002278913 -0.001561446 0.000367657 -0.008359039 0.005497969 0.999949872
1341846313.822075 0.046443172 0.004130713 -0.001895440 0.001089192 -0.007730750 0.003943586 0.999961734
1341846313.853928 0.058032304 -0.001062935 -0.000665645 -0.000276920 -0.006458079 0.003980705 0.999971211
1341846313.890011 0.062110566 0.005045867 0.000410053 0.000291441 -0.004311242 0.004761532 0.999979317
1341846313.922055 0.068163536 0.011668978 0.001191947 -0.000915379 -0.004468446 0.006360388 0.999969363
1341846313.957927 0.101452760 0.006167061 0.002044492 -0.004258302 -0.003642048 0.007161640 0.999958634
1341846313.990058 0.079796784 0.006305047 0.009065713 -0.005466555 0.006507755 0.007864267 0.999932945
1341846314.022042 0.089604899 0.015720751 0.000922432 -0.006587618 0.006915702 0.009598402 0.999908328
1341846314.057816 0.110699087 0.009658420 0.008917135 -0.011034152 0.007580653 0.012225640 0.999835670
1341846314.089801 0.112527207 0.004169716 0.015545600 -0.010773518 0.013719880 0.011284225 0.999784172
1341846314.122037 0.115146466 0.021950884 0.009533990 -0.009818981 0.017274464 0.014910022 0.999691367
1341846314.157989 0.121280253 0.013784667 0.008969682 -0.012434711 0.020463226 0.014857558 0.999602854
1341846314.190094 0.128602684 0.017988805 0.006549836 -0.011722166 0.024223709 0.016458327 0.999502361
1341846314.225969 0.131223753 0.024971370 0.007838808 -0.013613458 0.026215805 0.019741582 0.999368668
1341846314.257923 0.131747201 0.013219752 0.016969325 -0.016739368 0.028926533 0.018858567 0.999263406
1341846314.290052 0.132168040 0.016462184 0.019567957 -0.014973139 0.030838404 0.016697438 0.999272764
1341846314.325981 0.147043809 0.020544901 0.013046580 -0.015685575 0.030494561 0.016825808 0.999270201
1341846314.357905 0.160463795 0.012692127 0.010486392 -0.017237114 0.032378592 0.015187996 0.999211609
1341846314.389899 0.153509513 0.012352264 0.009188588 -0.015718093 0.036897235 0.013625086 0.999102533
1341846314.427905 0.166683689 0.019917537 0.002889408 -0.015022610 0.037812676 0.012849301 0.999089301
1341846314.493987 0.184481159 0.014079168 0.027189143 -0.014776438 0.046254497 0.007825227 0.998789728
1341846314.526085 0.192264199 0.021354811 0.022109348 -0.013783708 0.047789853 0.006431596 0.998741567
1341846314.558292 0.198869362 0.019378943 0.024059417 -0.015301133 0.050689742 0.006947093 0.998573065
1341846314.594085 0.210959643 0.010337072 0.020984005 -0.015065811 0.054370578 0.006941059 0.998383045
1341846314.626096 0.208600178 0.022078238 0.019218761 -0.013331015 0.059262495 0.007774543 0.998123169
1341846314.658455 0.210762069 0.023501603 0.016956095 -0.015113084 0.061615568 0.006245452 0.997965991
1341846314.694004 0.231220618 0.005926725 0.024051961 -0.017212935 0.063481562 0.006022089 0.997816384
1341846314.725910 0.235433251 -0.003722871 0.029544329 -0.014476676 0.066332147 0.011112199 0.997630656
1341846314.761942 0.236039683 -0.003722928 0.026813520 -0.011126533 0.067140944 0.015819430 0.997556031
1341846314.794030 0.244221747 0.001271011 0.021526992 -0.007182520 0.069074884 0.015891265 0.997459054
1341846314.826092 0.258238345 0.007489067 0.014477455 -0.004293005 0.072071925 0.017408689 0.997238278
1341846314.862145 0.263631016 0.011345890 0.018877145 -0.003846406 0.075782426 0.018536454 0.996944666
1341846314.894072 0.273800343 0.010445148 0.017722515 -0.004340821 0.079007931 0.020674761 0.996650100
1341846314.925969 0.278075218 0.012842402 0.022045618 -0.004187650 0.081740066 0.024988689 0.996331573
1341846314.961937 0.286571056 0.027911790 0.010947448 -0.005667684 0.081340082 0.029981224 0.996219218
1341846314.994564 0.297063082 0.020915752 0.015800593 -0.009957296 0.081444092 0.029169992 0.996201158
1341846315.029900 0.308012784 0.019823940 0.015701041 -0.010233517 0.084355623 0.025608098 0.996054053
1341846315.061965 0.304958612 0.018095477 0.019845434 -0.011110890 0.087594807 0.030380707 0.995630801
1341846315.094388 0.308092088 0.017225817 0.028009446 -0.010811936 0.086657465 0.029899538 0.995730698
1341846315.129851 0.316940844 0.017217921 0.019518621 -0.008935145 0.086428970 0.028892456 0.995798886
1341846315.161941 0.313625962 0.038326800 0.003994864 -0.008563476 0.087169625 0.030774685 0.995681167
1341846315.197984 0.310126126 0.024394654 0.005154131 -0.016879434 0.085972451 0.025782935 0.995820820
1341846315.230076 0.331340492 0.029503215 0.015486831 -0.020204445 0.082676679 0.025340617 0.996049285
1341846315.262069 0.330382824 0.030577337 0.023045477 -0.023310410 0.080489874 0.028217195 0.996083260
1341846315.298000 0.324752718 0.023734795 0.030101942 -0.025184538 0.078090541 0.026588708 0.996273398
1341846315.329931 0.337783247 0.004531682 0.036390487 -0.023965022 0.075866468 0.027707106 0.996444821
1341846315.361981 0.337040395 0.015684197 0.029851321 -0.016814796 0.075684570 0.031035053 0.996506870
1341846315.397962 0.343734115 0.017197302 0.027460422 -0.013811421 0.075673461 0.033841368 0.996462464
1341846315.429923 0.349243104 0.019978330 0.025137564 -0.010760740 0.077167824 0.034935229 0.996347725
1341846315.466047 0.368439049 0.027352031 0.013931414 -0.009329268 0.078786567 0.037862964 0.996128500
1341846315.497883 0.361756176 0.030700738 0.027857620 -0.010049051 0.083155960 0.042504031 0.995579004
1341846315.530008 0.360705882 0.026639877 0.019312251 -0.010415138 0.085077234 0.042835154 0.995398700
1341846315.566108 0.364307463 0.027802769 0.018389413 -0.011247237 0.086149767 0.044175051 0.995238781
1341846315.597986 0.368802518 0.027579166 0.019392839 -0.011278307 0.087127261 0.042935919 0.995207608
1341846315.630109 0.367967635 0.024597723 0.014623890 -0.011411226 0.088498458 0.041802365 0.995133340
1341846315.666042 0.373010665 0.028876647 0.000139433 -0.011995410 0.089565918 0.042192645 0.995014489
1341846315.698114 0.391035914 0.044182416 0.000924009 -0.015415970 0.090273395 0.041157696 0.994946778
1341846315.733985 0.383873165 0.027028669 0.019905156 -0.020166609 0.094037928 0.042538773 0.994454920
1341846315.766041 0.375201464 0.032098841 0.018633159 -0.019283501 0.092605643 0.044039972 0.994541526
1341846315.798188 0.381390125 0.028308537 0.020619443 -0.020789184 0.091256149 0.042820316 0.994689167
1341846315.834140 0.382521302 0.025334913 0.023393262 -0.019924005 0.093150377 0.041228499 0.994598508
1341846315.866751 0.359492302 0.016936470 0.020478385 -0.018197363 0.097660884 0.038931981 0.994291425
1341846315.898492 0.358889401 0.013235573 0.020819569 -0.017528288 0.097812273 0.038566437 0.994302869
1341846315.936901 0.356309742 0.006314717 0.017447572 -0.015472426 0.099704340 0.037184898 0.994201660
1341846315.966572 0.342921168 0.004764937 0.020527661 -0.012346515 0.102293670 0.036032826 0.994024754
1341846316.034204 0.335789740 0.005038594 0.019313190 -0.008409822 0.101898938 0.034993943 0.994143546
1341846316.066113 0.325352222 0.004410557 0.022565234 -0.005890435 0.102652334 0.034485120 0.994101882
1341846316.101867 0.313925296 0.015837735 0.019186726 -0.003190597 0.102117129 0.035880581 0.994119942
1341846316.134066 0.307241857 0.013444050 0.014099588 -0.004548291 0.098936677 0.033263337 0.994527221
1341846316.202049 0.290930539 0.008039704 0.019429037 -0.004404665 0.095125496 0.028143613 0.995057583
1341846316.233979 0.286766738 0.009980850 0.008565533 -0.003587258 0.093906850 0.026391024 0.995224655
1341846316.270052 0.283787519 0.006627299 0.010848685 -0.005629050 0.094433099 0.023328396 0.995241940
1341846316.301915 0.279875070 -0.002134447 0.012449768 -0.006139342 0.095350362 0.022096364 0.995179594
1341846316.334208 0.269491017 0.000098405 0.021007020 -0.004201811 0.095197208 0.023928428 0.995161951
1341846316.370006 0.264990747 -0.004820770 0.014967014 -0.002712346 0.093835339 0.024063852 0.995293200
1341846316.401994 0.254193634 -0.000527802 0.014046500 -0.000264173 0.093765318 0.025525857 0.995267034
1341846316.438069 0.251407206 -0.009905284 0.019572835 0.000743519 0.093169600 0.028377315 0.995245516
1341846316.470076 0.239737391 -0.008341079 0.021014690 0.005737400 0.093385726 0.030330297 0.995151401
1341846316.502034 0.237645090 0.010021143 0.005340448 0.009655162 0.089756459 0.032669351 0.995380938
1341846316.537975 0.230535716 0.016214348 0.008881585 0.007955462 0.086907752 0.030965142 0.995703220
1341846316.570121 0.221927971 -0.000477480 0.013118911 0.005824983 0.087197244 0.027002633 0.995808005
1341846316.601885 0.213913813 -0.002265709 0.015537591 0.007785596 0.086987622 0.026519243 0.995825946
1341846316.638009 0.210109890 -0.006071747 0.015127776 0.009858796 0.085224122 0.028528450 0.995904505
1341846316.669925 0.201911613 -0.009237803 0.012999023 0.011962622 0.084776752 0.027464172 0.995949566
1341846316.705941 0.195798710 -0.013873809 0.006480791 0.015978146 0.084886260 0.028357551 0.995858908
1341846316.738062 0.176065445 -0.005065484 0.002148230 0.018981654 0.086121857 0.030922882 0.995623648
1341846316.770433 0.168232560 0.001324099 0.002858872 0.018862151 0.085327804 0.031380348 0.995679975
1341846316.805932 0.161553860 -0.009766007 0.006876534 0.018396348 0.085411511 0.030143656 0.995719731
1341846316.838029 0.152570844 -0.003877016 0.007331433 0.020353008 0.084042579 0.031626202 0.995752156
1341846316.870034 0.140624076 -0.011199578 0.001852624 0.019983782 0.081360772 0.032696664 0.995947778
1341846316.906344 0.133906767 -0.008315105 0.004207802 0.021526182 0.078203142 0.032406785 0.996178031
1341846316.937940 0.132779166 -0.004927397 -0.005718734 0.021806376 0.076413527 0.029582769 0.996398687
1341846316.973994 0.121933796 -0.006059325 0.001587630 0.020832947 0.075025767 0.029620165 0.996523798
1341846317.005913 0.112626530 -0.010321978 0.005298505 0.019336559 0.072601177 0.030087721 0.996719539
1341846317.037936 0.108273335 -0.014636112 0.010073242 0.019373415 0.069959350 0.029501528 0.996925235
1341846317.073972 0.106575191 -0.015869472 0.006433751 0.020553090 0.067679465 0.030958228 0.997014821
1341846317.106113 0.115611143 -0.013126304 0.021299142 0.023210056 0.063723929 0.034500808 0.997100890
1341846317.137887 0.084463410 -0.017705614 -0.000940296 0.026004136 0.060464527 0.038786780 0.997077405
1341846317.173970 0.071817845 -0.013471058 0.008763972 0.027498521 0.054552332 0.040468100 0.997311473
1341846317.205887 0.066095851 -0.015207725 0.009657568 0.027519479 0.051800765 0.041257437 0.997425258
1341846317.248131 0.060890995 -0.016915113 0.018316098 0.028645378 0.048984002 0.043440532 0.997443199
1341846317.306289 0.071772031 -0.010742162 0.025466485 0.030439015 0.039578833 0.047914512 0.997602701
1341846317.348137 0.071143731 -0.013741425 0.030111583 0.031365722 0.040299207 0.048874076 0.997498572
1341846317.410120 0.046352215 -0.017997885 0.022071764 0.032511748 0.041372564 0.053649236 0.997172534
1341846317.442569 0.052225228 -0.019307870 0.026621373 0.035357334 0.040137008 0.058731690 0.996839762
1341846317.474010 0.032046653 -0.030073218 0.022040911 0.039166961 0.042562377 0.057505038 0.996668220
1341846317.509927 0.029051261 -0.018966865 0.021891527 0.043764044 0.039504014 0.064896777 0.996148884
1341846317.542282 0.019230492 -0.015509941 0.024328226 0.043267332 0.037157770 0.064615220 0.996279120
1341846317.573943 0.013984296 -0.020744599 0.024291828 0.042602342 0.038248617 0.062678590 0.996390224
1341846317.610159 0.000877281 -0.025660375 0.032252803 0.044902150 0.041498154 0.063007772 0.996138394
1341846317.643553 -0.011465396 -0.016706476 0.028122855 0.048386808 0.040680166 0.066589668 0.995775938
1341846317.677993 -0.022619473 -0.025158295 0.035125449 0.047197122 0.038042460 0.066963755 0.995912194
1341846317.709996 -0.031430591 -0.027919056 0.034381483 0.049665838 0.035837684 0.066843644 0.995881975
1341846317.741834 -0.043017581 -0.015421056 0.034177657 0.050917380 0.035352327 0.066099465 0.995885789
1341846317.777923 -0.048616726 -0.019481745 0.037089765 0.048651367 0.034017675 0.065545328 0.996082127
1341846317.810021 -0.061532494 -0.023507930 0.038735460 0.047780514 0.033081368 0.062781930 0.996333838
1341846317.841886 -0.068744838 -0.016757634 0.037636518 0.047822386 0.032138973 0.061248373 0.996458113
1341846317.878017 -0.070122689 -0.015882412 0.029186226 0.046211466 0.031067051 0.057270676 0.996804595
1341846317.909910 -0.074029312 -0.018083325 0.039224375 0.044675607 0.032196503 0.053863529 0.997028708
1341846317.946031 -0.085055970 -0.021388471 0.039724704 0.045815691 0.033362862 0.056023225 0.996819556
1341846317.978041 -0.094446309 -0.023443544 0.046827506 0.047764786 0.032278802 0.055725113 0.996780455
1341846318.009897 -0.099877633 -0.020482913 0.044118389 0.050298050 0.032640383 0.053132936 0.996785641
1341846318.045949 -0.113964513 -0.016098045 0.042640489 0.050677940 0.034241781 0.051321276 0.996807575
1341846318.078074 -0.126540840 -0.020372767 0.022187443 0.050085742 0.032970864 0.049973629 0.996948838
1341846318.109894 -0.137943611 -0.020043101 0.024169717 0.049972717 0.029224213 0.048881546 0.997125506
1341846318.145957 -0.138733551 -0.016730081 0.030682823 0.049430840 0.026684528 0.044851661 0.997413099
1341846318.178001 -0.144609571 -0.022585209 0.023948511 0.048209868 0.026706116 0.042397968 0.997579575
1341846318.214074 -0.154919833 -0.025064180 0.027839448 0.049159929 0.025086464 0.042186931 0.997584164
1341846318.245970 -0.165445507 -0.031191472 0.029963590 0.051625121 0.019899480 0.043029644 0.997540653
1341846318.278018 -0.175657928 -0.031202437 0.030810976 0.055565868 0.015569001 0.043270342 0.997395456
1341846318.313937 -0.186358407 -0.025827944 0.030301623 0.057865057 0.009903136 0.041791532 0.997400105
1341846318.345989 -0.192778885 -0.029617924 0.031851266 0.059150156 0.000281911 0.041794628 0.997373760
1341846318.382046 -0.202765539 -0.029141169 0.043841649 0.061304592 -0.006120810 0.040574744 0.997275293
1341846318.414072 -0.206334740 -0.027683401 0.042486064 0.063305438 -0.013358381 0.042518258 0.996998608
1341846318.446035 -0.225460306 -0.042443365 0.024226204 0.063660875 -0.018138928 0.042616323 0.996896267
1341846318.482196 -0.230160221 -0.040675480 0.029352617 0.064869680 -0.020116951 0.041911896 0.996810257
1341846318.514144 -0.238298535 -0.043911371 0.023446273 0.064682305 -0.021409005 0.043320410 0.996735275
1341846318.546259 -0.244835854 -0.047066759 0.026408615 0.066142559 -0.022784762 0.042700116 0.996635675
1341846318.582042 -0.252347648 -0.039558344 0.023186758 0.068306305 -0.022943461 0.042974029 0.996474326
1341846318.614115 -0.264494121 -0.037899494 0.022678697 0.067939885 -0.022479562 0.041655011 0.996565938
1341846318.650038 -0.268249035 -0.041382015 0.023466043 0.067070812 -0.023686381 0.039106179 0.996700168
1341846318.682350 -0.280499399 -0.037585825 0.028401786 0.067201503 -0.023640638 0.036410697 0.996794522
1341846318.714063 -0.288866341 -0.037398778 0.029254312 0.066897511 -0.024627889 0.035951898 0.996807754
1341846318.749905 -0.294678152 -0.040000539 0.031448346 0.067816496 -0.024683248 0.037814334 0.996675372
1341846318.782036 -0.308121741 -0.038625173 0.026281117 0.069569193 -0.025130153 0.039460424 0.996479571
1341846318.814121 -0.319277465 -0.042300992 0.020245515 0.069159754 -0.030408608 0.037592225 0.996433198
1341846318.850072 -0.329515368 -0.045422476 0.021151768 0.069331795 -0.036029082 0.035308804 0.996317327
1341846318.883516 -0.346254468 -0.047836438 -0.019510072 0.072213531 -0.043518938 0.031976983 0.995926082
1341846318.918047 -0.353000343 -0.020722657 0.007880482 0.077746190 -0.055566426 0.026801510 0.995062590
1341846318.950044 -0.367335647 -0.025611570 0.017441787 0.079485424 -0.063745558 0.024860039 0.994485080
1341846318.982028 -0.375900149 -0.024385380 0.013728637 0.080881186 -0.067084484 0.022770848 0.994202912
1341846319.018123 -0.374265343 -0.045107022 0.015611786 0.078724764 -0.074671678 0.026888249 0.993732154
1341846319.050745 -0.382604897 -0.028496385 0.030678127 0.082157694 -0.079921551 0.021416444 0.993178725
1341846319.081905 -0.373181790 -0.047985401 0.015401007 0.085732318 -0.081459083 0.024784137 0.992673218
1341846319.117976 -0.399227738 -0.040443305 0.004454247 0.088772826 -0.079200752 0.029689072 0.992454112
1341846319.150093 -0.398000509 -0.049935453 0.008493896 0.089402087 -0.085076988 0.037868943 0.991632521
1341846319.186069 -0.390767992 -0.035513688 0.010701070 0.091625005 -0.086950615 0.038342495 0.991248906
1341846319.218149 -0.401579827 -0.019965503 0.000591188 0.089353450 -0.080760382 0.035313681 0.992092073
1341846319.250034 -0.410456806 -0.026186274 -0.003353094 0.082546756 -0.074689150 0.036583494 0.993110895
1341846319.286594 -0.420847028 -0.026630735 0.017141614 0.081105039 -0.071336284 0.038417514 0.993406892
1341846319.318034 -0.427305162 -0.026925927 0.013687693 0.081980146 -0.070598327 0.041841753 0.993249416
1341846319.350268 -0.441060513 -0.040384363 0.002048612 0.081634708 -0.070070155 0.048518315 0.993011534
1341846319.386163 -0.459161341 -0.041160170 0.012386159 0.083531961 -0.074631087 0.054727789 0.992198348
1341846319.418386 -0.454748988 -0.040207349 -0.001104335 0.084405914 -0.080236636 0.056409918 0.991592467
1341846319.453961 -0.454411834 -0.039730094 -0.003087998 0.084765278 -0.082665920 0.053027846 0.991548896
1341846319.486271 -0.470979989 -0.039171897 -0.005724462 0.083967157 -0.081957661 0.052244626 0.991717160
1341846319.554083 -0.485529155 -0.038708813 0.010503518 0.079159275 -0.088508599 0.050671205 0.991631210
1341846319.586296 -0.499196619 -0.038512431 0.005931658 0.079699792 -0.087591603 0.046445567 0.991876245
1341846319.622031 -0.514483690 -0.038927715 -0.009180672 0.077912010 -0.090584621 0.043728996 0.991872966
1341846319.653962 -0.518773437 -0.045587778 0.010914529 0.077011742 -0.096146740 0.043351240 0.991436183
1341846319.686352 -0.526516616 -0.046286527 0.008123117 0.078692108 -0.099787831 0.045719031 0.990837932
1341846319.721992 -0.535497367 -0.039305322 0.000017654 0.079850048 -0.103546329 0.045517128 0.990368783
1341846319.754063 -0.547105730 -0.019188123 -0.004540926 0.078158349 -0.104555249 0.043986324 0.990466893
1341846319.786397 -0.548076987 -0.022462301 0.008169178 0.073671304 -0.105089925 0.048294254 0.990553558
1341846319.822008 -0.556153893 -0.023481298 0.001766079 0.070185266 -0.105680101 0.052155964 0.990548074
1341846319.853917 -0.560480475 -0.023966132 0.008502699 0.065125816 -0.106919646 0.056649957 0.990513802
1341846319.889942 -0.563424945 -0.036955129 0.016459540 0.060983121 -0.107937984 0.062317435 0.990326703
1341846319.922039 -0.576415300 -0.040636286 0.015428381 0.060480881 -0.111624725 0.063022971 0.989904046
1341846319.953946 -0.571998417 -0.037860934 0.025175994 0.061875310 -0.118660204 0.058492165 0.989277422
1341846319.990054 -0.565631330 -0.041474547 0.024713984 0.064189278 -0.121901743 0.051707882 0.989113688
1341846320.028122 -0.569021702 -0.046819638 0.018497080 0.065516450 -0.125180855 0.050919507 0.988657951
1341846320.090047 -0.549786448 -0.035150431 0.027169885 0.071658544 -0.133790582 0.051557854 0.987069845
1341846320.122011 -0.546159267 -0.030238857 0.032070231 0.072920479 -0.131511152 0.052425668 0.987238050
1341846320.157952 -0.539431393 -0.035505742 0.029953636 0.072532386 -0.128869876 0.053313348 0.987567425
1341846320.190003 -0.529340684 -0.042214748 0.024236389 0.075407982 -0.125042334 0.050772782 0.987977803
1341846320.221941 -0.526249111 -0.043367110 0.022070685 0.079337172 -0.121330507 0.051999234 0.988069117
1341846320.258015 -0.511129975 -0.047992717 0.039280381 0.082665667 -0.121802360 0.055688757 0.987537026
1341846320.289887 -0.507687867 -0.045788426 0.033238020 0.090086669 -0.121746957 0.053105731 0.987036884
1341846320.321954 -0.497170389 -0.035938535 0.021918079 0.099700794 -0.122657552 0.051887326 0.986064196
1341846320.357890 -0.476011008 -0.043218251 0.042881437 0.102701798 -0.123883240 0.057133503 0.985312700
1341846320.390064 -0.467037112 -0.038038038 0.057933874 0.105245762 -0.120055564 0.056248058 0.985568941
1341846320.426544 -0.418849230 -0.045000944 0.024601795 0.106534652 -0.114430502 0.054072529 0.986221194
1341846320.458122 -0.425232708 -0.039904084 0.071745344 0.108819239 -0.106854901 0.049727011 0.987049997
1341846320.490186 -0.425202042 -0.046216574 0.032236118 0.111355238 -0.097315960 0.050313413 0.987723708
1341846320.525911 -0.408496559 -0.044573613 0.033054516 0.115228668 -0.090562679 0.047630068 0.988054752
1341846320.558091 -0.411821455 -0.036257967 0.053259861 0.117492355 -0.086677507 0.041554559 0.988410711
1341846320.594093 -0.389170557 -0.039729986 0.076855004 0.118303478 -0.082999222 0.039843474 0.988700092
1341846320.631955 -0.364944190 -0.046004917 0.022578362 0.119216062 -0.075110942 0.041268125 0.989162683
1341846320.664916 -0.359071761 -0.041548457 0.031011406 0.119247600 -0.072901592 0.040360834 0.989361584
1341846320.699927 -0.333584398 -0.051420737 0.024990143 0.118665703 -0.070294052 0.038740687 0.989684999
1341846320.731822 -0.321490794 -0.041812245 0.025167059 0.121267647 -0.063955136 0.037811778 0.989835441
1341846320.763877 -0.332173377 -0.005463503 0.034889977 0.120907061 -0.061828367 0.036601204 0.990060151
1341846320.799999 -0.309985399 -0.038761232 0.036555044 0.112059444 -0.064019419 0.032487243 0.991104841
1341846320.831871 -0.271223873 -0.040792488 0.032839879 0.114127338 -0.053836331 0.029225202 0.991575718
1341846320.863887 -0.306284487 -0.013431192 0.032269891 0.113647968 -0.043327555 0.029761735 0.992129564
1341846320.900014 -0.295664638 -0.033881087 0.043158527 0.105696626 -0.049081270 0.033933662 0.992606580
1341846320.931889 -0.261439979 -0.040925484 0.029395897 0.107041791 -0.049757887 0.033368941 0.992447793
1341846320.967866 -0.266660392 -0.009964547 0.044038624 0.108287685 -0.043595236 0.029343303 0.992729664
1341846321.000017 -0.264543116 -0.019865321 0.039329171 0.101543255 -0.043159574 0.027239518 0.993521154
1341846321.031860 -0.245143265 -0.029008415 0.040416710 0.099230208 -0.043259509 0.026014699 0.993783295
1341846321.068047 -0.236419722 -0.023077466 0.034564365 0.099797256 -0.039733682 0.023357950 0.993939757
1341846321.099840 -0.238562018 -0.036478106 0.020845162 0.096095838 -0.037305634 0.024306618 0.994375706
1341846321.131821 -0.208848462 -0.034320094 0.047294792 0.097186953 -0.037473951 0.025904020 0.994222999
1341846321.167887 -0.206681520 -0.031461317 0.036447510 0.099705458 -0.033176135 0.026432861 0.994112432
1341846321.200042 -0.203185409 -0.026637357 0.041170284 0.100398406 -0.030178897 0.026029436 0.994148850
1341846321.231950 -0.195669368 -0.032136094 0.044766020 0.099635877 -0.029164549 0.024435105 0.994296253
1341846321.267939 -0.174454391 -0.027578004 0.033384368 0.100241154 -0.027914438 0.019923989 0.994371951
1341846321.299948 -0.165032104 -0.033495393 0.031506028 0.098403260 -0.023805466 0.014134010 0.994761467
1341846321.331858 -0.165208355 -0.035502303 0.037827931 0.098823376 -0.020584799 0.010837484 0.994832993
1341846321.367913 -0.142638177 -0.044372048 0.028923301 0.099544734 -0.018997781 0.007031256 0.994826853
1341846321.399897 -0.138854548 -0.037889831 0.035115018 0.101826087 -0.013357893 0.005415783 0.994697809
1341846321.435994 -0.137866184 -0.041034896 0.037662569 0.103343569 -0.009629673 0.004770582 0.994587660
1341846321.467946 -0.127251863 -0.040314864 0.034640018 0.105142161 -0.007227287 0.005380358 0.994416356
1341846321.499882 -0.111997359 -0.042352654 0.035231486 0.106254958 -0.004854430 0.005882166 0.994309664
1341846321.536109 -0.084936105 -0.034042787 0.024615809 0.106310926 -0.000818453 0.003745700 0.994325519
1341846321.568960 -0.094915122 -0.026059251 0.045087703 0.103407979 0.006773939 0.000231835 0.994615912
1341846321.603938 -0.093072876 -0.030269934 0.043259397 0.100070715 0.009693759 0.000138623 0.994933128
1341846321.637163 -0.043865979 -0.017908968 0.021980291 0.098591298 0.011281058 0.000584889 0.995063841
1341846321.668306 -0.069053538 -0.021478290 0.043262757 0.093708344 0.022784386 0.003383467 0.995333195
1341846321.704411 -0.083008766 -0.024256269 0.051265392 0.090392515 0.025201185 0.010361018 0.995533407
1341846321.736861 -0.074629702 -0.025607582 0.054760396 0.088981353 0.022671554 0.018604370 0.995601416
1341846321.771881 -0.061316922 -0.013693715 0.049332131 0.086640403 0.022298113 0.023296788 0.995717585
1341846321.804114 -0.050296236 -0.018251987 0.050521549 0.082051001 0.024102196 0.026557915 0.995982647
1341846321.836152 -0.057266872 -0.010022586 0.055778451 0.080017217 0.027688880 0.025878280 0.996072710
1341846321.871882 -0.046899896 -0.001959661 0.054806586 0.075401448 0.028375274 0.024049034 0.996459246
1341846321.904074 -0.039250307 -0.004300490 0.054140337 0.068982489 0.029386252 0.020517616 0.996973872
1341846321.939847 -0.036013719 -0.006428911 0.057150904 0.065205462 0.032591641 0.017859537 0.997179568
1341846322.004094 -0.045885481 -0.014770196 0.065577395 0.057354212 0.030949686 0.017157333 0.997726500
1341846322.066178 -0.030677836 -0.022188855 0.063112326 0.052217744 0.035413478 0.014369614 0.997904122
1341846322.107979 -0.035286497 -0.038949680 0.066783749 0.049034137 0.037950899 0.012393502 0.997998893
1341846322.166164 -0.034332704 -0.060636133 0.063985467 0.051835638 0.037778661 0.012563393 0.997861683
1341846322.202932 -0.032246448 -0.064813495 0.064948998 0.053304113 0.035174035 0.012651817 0.997878432
1341846322.234093 -0.033115424 -0.066308931 0.058991276 0.052444812 0.033876099 0.010435142 0.997994542
1341846322.265941 -0.029995091 -0.077071920 0.060836643 0.049668159 0.030471260 0.011909471 0.998229802
1341846322.301996 -0.022926670 -0.088631041 0.061149009 0.047981244 0.028436262 0.012392083 0.998366475
1341846322.333949 -0.036621656 -0.103558086 0.059713140 0.046880096 0.027311426 0.011824782 0.998457074
1341846322.369871 -0.025952598 -0.116110653 0.070323780 0.047975942 0.021559089 0.008638722 0.998578429
1341846322.402292 -0.012701357 -0.129348367 0.068103343 0.049689628 0.022341985 0.002230339 0.998512328
1341846322.433955 -0.018296251 -0.155537367 0.058566492 0.053953182 0.024043594 -0.000695923 0.998253703
1341846322.470030 -0.015274165 -0.160538137 0.060769845 0.062668256 0.019352347 0.002623622 0.997843325
1341846322.502433 -0.000609611 -0.173434004 0.057486646 0.068679281 0.015288830 0.006112417 0.997502923
1341846322.534002 0.000538666 -0.191573262 0.065334484 0.076341301 0.015347503 0.006448709 0.996942759
1341846322.570196 0.003303667 -0.199702933 0.058872856 0.086580515 0.014742563 0.009641066 0.996089101
1341846322.601920 -0.010405374 -0.207588479 0.045915004 0.092098735 0.013078190 0.011619584 0.995596230
1341846322.638119 0.009060040 -0.216818228 0.064538799 0.097661138 0.008121133 0.012565251 0.995107234
1341846322.669947 0.015207889 -0.228011787 0.051445242 0.101729125 0.011597264 0.011322299 0.994680107
1341846322.702026 0.002203405 -0.240700006 0.054893054 0.104415067 0.014237962 0.012945778 0.994347632
1341846322.738006 0.008045622 -0.236826763 0.060203493 0.106447339 0.010826241 0.014393637 0.994155228
1341846322.770087 0.016326183 -0.260644108 0.059858192 0.105498642 0.011354287 0.014756191 0.994245112
1341846322.806047 0.009693750 -0.271153182 0.058931947 0.109062314 0.011486248 0.016680179 0.993828595
1341846322.838063 0.000405864 -0.275943279 0.060084462 0.111048326 0.007480263 0.018740915 0.993610084
1341846322.870081 0.012036815 -0.291076243 0.061354108 0.112969868 0.001896002 0.019259013 0.993409932
1341846322.906018 0.020530712 -0.294937879 0.063740239 0.117937095 0.000152395 0.019722827 0.992825210
1341846322.938349 0.022400144 -0.281613708 0.071720570 0.119103462 0.000905043 0.022209022 0.992633045
1341846322.970069 0.019928077 -0.288058370 0.067366101 0.114007667 0.000715929 0.022698009 0.993220329
1341846323.011820 0.023821168 -0.302872568 0.074813761 0.111335531 0.000884073 0.022879569 0.993519068
1341846323.073951 0.025246641 -0.302182883 0.075615451 0.108773246 0.000375186 0.027762389 0.993678749
1341846323.105962 0.023564378 -0.320285618 0.081060030 0.105327129 0.001023306 0.027314890 0.994061887
1341846323.138158 0.021354534 -0.319420040 0.084323861 0.106555790 0.001224309 0.023618922 0.994025409
1341846323.174092 0.019256204 -0.323699832 0.083277024 0.103875451 0.000837925 0.022140490 0.994343519
1341846323.206059 0.028699934 -0.328739285 0.078907356 0.101229765 -0.000133709 0.020121343 0.994659543
1341846323.238053 0.030136492 -0.327271789 0.080647014 0.099164672 0.002998465 0.018181456 0.994900405
1341846323.273997 0.015109673 -0.333521336 0.075820684 0.094634466 0.003762302 0.019254720 0.995318770
1341846323.305946 0.019661808 -0.343621910 0.076648191 0.089318253 -0.000264094 0.019968843 0.995802939
1341846323.342027 0.048063960 -0.358232141 0.084616907 0.086898945 -0.000276439 0.018945487 0.996036887
1341846323.374048 0.022117810 -0.366234392 0.087137260 0.087325551 0.004848826 0.019609438 0.995975018
1341846323.405987 0.008978792 -0.373303264 0.079090916 0.087539904 0.001181949 0.024888596 0.995849371
1341846323.441956 0.025214611 -0.385003954 0.083414674 0.088347398 -0.003610651 0.027431482 0.995705366
1341846323.473878 0.026769917 -0.392474234 0.087353475 0.093040206 -0.002100273 0.025265833 0.995339513
1341846323.506129 0.019416632 -0.384996772 0.085239947 0.095990822 -0.001699740 0.022314571 0.995130599
1341846323.541972 0.028928189 -0.388342947 0.086549692 0.094162807 -0.002493452 0.020647388 0.995339513
1341846323.573913 0.060342938 -0.410035938 0.078445040 0.092631795 -0.000353998 0.016913109 0.995556712
1341846323.609927 0.041764513 -0.404288560 0.083576910 0.093685865 0.006947378 0.012832213 0.995494902
1341846323.642014 0.028061522 -0.414574653 0.085355744 0.092456155 0.009205841 0.012977378 0.995589674
1341846323.674081 0.027384706 -0.425702870 0.088926367 0.092402622 0.007538468 0.015267961 0.995576143
1341846323.710069 0.028071217 -0.442432612 0.083440647 0.093612246 0.006119183 0.020086600 0.995387256
1341846323.742111 0.026419839 -0.451517403 0.081498094 0.098440379 0.004445398 0.019889610 0.994934261
1341846323.774928 0.025235193 -0.449947923 0.077730305 0.101925693 0.002517934 0.017109806 0.994641662
1341846323.810012 0.027782537 -0.454724818 0.080448650 0.103296064 0.001206837 0.013799008 0.994554162
1341846323.842207 0.034292839 -0.461599886 0.076637410 0.104539536 0.000753442 0.008871087 0.994480908
1341846323.878019 0.025825275 -0.473237097 0.073225997 0.105124086 0.000383547 0.004141677 0.994450450
1341846323.909826 0.029614428 -0.484498024 0.074317805 0.108176351 -0.001391312 0.000332276 0.994130731
1341846323.942459 0.025050903 -0.484428644 0.071936704 0.112009019 -0.001122823 -0.000116911 0.993706584
1341846323.978055 0.021929141 -0.489716619 0.066794358 0.114229567 -0.004013207 0.002047092 0.993444145
1341846324.015934 0.032112535 -0.488329411 0.069277763 0.118279681 -0.006819387 0.002134248 0.992954612
1341846324.047722 0.032166112 -0.479632288 0.070122890 0.122068539 -0.005075334 0.000796864 0.992508411
1341846324.083904 0.029351400 -0.467659622 0.071571924 0.122454643 -0.003458791 0.000130356 0.992468119
1341846324.115968 0.032591596 -0.469266802 0.072610766 0.119850859 -0.001958887 -0.001501188 0.992788851
1341846324.151967 0.038594887 -0.464182347 0.070514113 0.119383648 0.000690795 -0.006161829 0.992828846
1341846324.183941 0.030819254 -0.451970607 0.072296076 0.116828039 0.005412467 -0.009915654 0.993087947
1341846324.219984 0.028331362 -0.447018445 0.077016875 0.112542875 0.007006259 -0.008223817 0.993588150
1341846324.251968 0.022627074 -0.447508991 0.077509180 0.111976512 0.007368315 -0.009476267 0.993638337
1341846324.284052 0.019241612 -0.434074849 0.080656253 0.112879403 0.006773592 -0.010130647 0.993533969
1341846324.319880 0.015290924 -0.419112235 0.072832383 0.111531764 0.003441721 -0.010879367 0.993695378
1341846324.351917 0.022245366 -0.404184252 0.074881539 0.108396798 -0.000297758 -0.012140074 0.994033575
1341846324.388001 0.031193962 -0.395922363 0.074557394 0.104103900 -0.000593804 -0.014642855 0.994458437
1341846324.419908 0.023623914 -0.381739706 0.078376971 0.099617966 0.002051868 -0.017421003 0.994871140
1341846324.452027 0.018509435 -0.382225096 0.085812561 0.094593190 0.002372392 -0.018062990 0.995349288
1341846324.487928 0.013893421 -0.374240547 0.085635215 0.093282335 0.002272486 -0.016021071 0.995508194
1341846324.519985 0.006275645 -0.367734909 0.078602985 0.091662183 0.000319583 -0.011411616 0.995724678
1341846324.556001 0.004355727 -0.349238873 0.080605701 0.090297341 -0.004614945 -0.007471566 0.995876133
1341846324.587888 0.009532267 -0.338674307 0.086883888 0.086610407 -0.008032010 -0.004758002 0.996198535
1341846324.620086 0.011369798 -0.333130002 0.088688314 0.084502093 -0.010625774 -0.007349215 0.996339500
1341846324.655955 0.016258545 -0.319252223 0.089931592 0.083398305 -0.011727002 -0.007822446 0.996416569
1341846324.688082 0.011933282 -0.315008610 0.092748031 0.082882471 -0.011423126 -0.007779148 0.996463478
1341846324.755922 -0.006036615 -0.279815346 0.089573339 0.084534518 -0.013911724 -0.004023401 0.996315300
1341846324.814016 0.016369015 -0.239666879 0.092344962 0.080124892 -0.020790484 -0.005822368 0.996550977
1341846324.849979 0.004071176 -0.233779967 0.102187008 0.074363515 -0.017031439 -0.008720937 0.997047603
1341846324.881924 -0.003639318 -0.231342450 0.107790753 0.070994668 -0.018006541 -0.008787273 0.997275472
1341846324.913902 0.001783800 -0.224660039 0.097215228 0.069884449 -0.019598573 -0.005905934 0.997345030
1341846324.949999 -0.001140306 -0.228797391 0.103629924 0.069947973 -0.019597897 -0.003266936 0.997352719
1341846324.981922 -0.017154012 -0.222160071 0.104762793 0.074401930 -0.020972839 -0.000872065 0.997007370
1341846325.018013 -0.011878779 -0.211749375 0.095651530 0.078573465 -0.026827792 0.002832592 0.996543229
1341846325.050079 -0.017813491 -0.195587501 0.093431972 0.080884978 -0.031528249 0.000668638 0.996224463
1341846325.081901 -0.017320642 -0.176471621 0.092877313 0.080360346 -0.036543548 -0.000936107 0.996095300
1341846325.118531 -0.000329234 -0.159808248 0.092893146 0.076223098 -0.039321806 -0.001778613 0.996313512
1341846325.149933 -0.001931194 -0.160083532 0.100668669 0.070229761 -0.037056111 -0.003616323 0.996835768
1341846325.181925 -0.005336265 -0.154692665 0.099840619 0.067117222 -0.035796534 -0.001609114 0.997101426
1341846325.218055 -0.006558081 -0.147724837 0.098446712 0.064438589 -0.035467159 0.002766623 0.997287333
1341846325.249811 -0.011258256 -0.143282592 0.102042720 0.062152136 -0.035201024 0.006134078 0.997426867
1341846325.285925 -0.008330428 -0.131162047 0.106469393 0.059795633 -0.036143851 0.009417007 0.997511625
1341846325.317988 0.005206904 -0.133074448 0.116422616 0.057280805 -0.034667511 0.012101329 0.997682631
1341846325.349844 0.001600003 -0.137607500 0.118455589 0.059808694 -0.029725803 0.014541589 0.997661173
1341846325.387302 0.000475191 -0.124023773 0.119972967 0.064915597 -0.026713399 0.016964538 0.997388840
1341846325.417931 0.015441848 -0.119229794 0.121911377 0.067192048 -0.022893069 0.020160325 0.997273624
1341846325.450747 0.023457760 -0.128533468 0.122459754 0.071400166 -0.014975712 0.021604549 0.997101247
1341846325.485954 0.010518049 -0.112678438 0.125011265 0.080269590 -0.007289772 0.024401551 0.996447802
1341846325.517875 0.009085566 -0.102482855 0.124628611 0.084045865 -0.004696460 0.026286790 0.996104002
1341846325.553859 -0.000995452 -0.088339999 0.127374530 0.087768123 -0.000421607 0.025564490 0.995812774
1341846325.585855 -0.007334373 -0.074627422 0.128654391 0.089997806 0.003041507 0.023922380 0.995649993
1341846325.617990 -0.007206114 -0.051006768 0.124822631 0.087952241 0.004557201 0.022833446 0.995852530
1341846325.653982 -0.010137686 -0.068997622 0.133592606 0.083882131 0.006625959 0.019379545 0.996265173
1341846325.685819 -0.014393063 -0.065383218 0.133289754 0.089540496 0.008421657 0.020813055 0.995730042
1341846325.717857 -0.020419406 -0.051201563 0.140392691 0.094246551 0.009900976 0.026706377 0.995141327
1341846325.754083 -0.025039995 -0.050361183 0.134561107 0.097056881 0.010167535 0.030401507 0.994762421
1341846325.786087 -0.017994612 -0.043452185 0.135828570 0.103593506 0.009993809 0.032484043 0.994038880
1341846325.821856 -0.020747554 -0.024517417 0.138619706 0.107950665 0.012032738 0.034401067 0.993488014
1341846325.853827 -0.028498298 -0.019723179 0.141401768 0.108472750 0.013114929 0.037448205 0.993307233
1341846325.885958 -0.034340676 -0.006929759 0.138689771 0.109235212 0.010392709 0.043652520 0.993002594
1341846325.921984 -0.026815608 -0.001413493 0.144566000 0.108163700 0.005864196 0.048554149 0.992929339
1341846325.953899 -0.017606391 0.002416684 0.143241033 0.111200608 0.005730033 0.050172087 0.992514193
1341846325.985823 -0.022319583 0.012486289 0.149730027 0.113808997 0.009006985 0.054534085 0.991963923
1341846326.021991 -0.026696732 0.016191792 0.153365597 0.116771013 0.009453022 0.060622189 0.991261899
1341846326.054055 -0.025800554 0.028987017 0.150191203 0.122044645 0.008566982 0.063094057 0.990480125
1341846326.089984 -0.024964917 0.048292540 0.149996772 0.125085473 0.010685895 0.061959334 0.990151703
1341846326.121822 -0.021227073 0.057764549 0.152637050 0.124464408 0.014089273 0.060167279 0.990297914
1341846326.154079 -0.028041549 0.056981005 0.158694804 0.124776758 0.017349947 0.058055796 0.990332901
1341846326.190178 -0.029548293 0.070309572 0.162479848 0.127386123 0.016461482 0.061252546 0.989823163
1341846326.222162 -0.034211777 0.086239085 0.164894685 0.126940563 0.015137685 0.067338891 0.989506125
1341846326.259181 -0.032817334 0.093694218 0.161454767 0.123310655 0.012337447 0.071283862 0.989727676
1341846326.322766 -0.029938933 0.117391147 0.175353721 0.116394065 0.011690581 0.069439530 0.990703702
1341846326.359773 -0.028482946 0.123911515 0.175410524 0.112510830 0.013228317 0.067474306 0.991268635
1341846326.392109 -0.027097408 0.119934395 0.180509999 0.110763736 0.015115995 0.068242736 0.991385818
1341846326.423985 -0.025864525 0.123989068 0.183285445 0.114712924 0.015543508 0.074238010 0.990498900
1341846326.459869 -0.030017100 0.138851896 0.185858518 0.116940320 0.012986416 0.077254646 0.990044475
1341846326.526163 -0.019892922 0.171089992 0.184887439 0.117403217 0.014226578 0.076923095 0.989998460
1341846326.560211 -0.026367843 0.178612500 0.196352616 0.112088315 0.018842796 0.076503910 0.990569711
1341846326.591828 -0.025406504 0.182013497 0.193855017 0.108429514 0.020550793 0.078915529 0.990753770
1341846326.627027 -0.021745367 0.194531471 0.195979163 0.108858392 0.021881923 0.077730678 0.990771890
1341846326.658442 -0.018131562 0.213447794 0.201433972 0.107244879 0.025132606 0.076624766 0.990956843
1341846326.694856 -0.029103156 0.220700175 0.205291912 0.103276961 0.029645728 0.076681346 0.991249204
1341846326.726206 -0.033140991 0.234709337 0.205554008 0.098175742 0.031275433 0.074572526 0.991878152
1341846326.762753 -0.023712354 0.248949990 0.204047158 0.092200249 0.032768112 0.071850002 0.992604136
1341846326.826821 -0.028941104 0.274205238 0.212603539 0.077251621 0.038603503 0.068504699 0.993905962
1341846326.858887 -0.032150850 0.275809377 0.222786561 0.068706706 0.040309079 0.066555738 0.994597852
1341846326.895360 -0.037281875 0.277840286 0.221629366 0.065841690 0.040162712 0.067828842 0.994711578
1341846326.926897 -0.040361546 0.286084384 0.222063974 0.067892760 0.036668412 0.069949202 0.994561791
1341846326.958888 -0.030956533 0.298105210 0.223045081 0.070338927 0.033595130 0.073038340 0.994278252
1341846326.994594 -0.033247758 0.321929455 0.230331719 0.073227584 0.034425464 0.074956529 0.993898451
1341846327.026301 -0.033287697 0.334237784 0.226775557 0.071469128 0.035836793 0.074129969 0.994038522
1341846327.063945 -0.032489330 0.338816434 0.234679073 0.067724392 0.038286764 0.070479095 0.994474828
1341846327.094662 -0.030285493 0.345215946 0.236036509 0.067137361 0.040251937 0.068213582 0.994594991
1341846327.128901 -0.033930425 0.355332047 0.241224319 0.066385373 0.040669449 0.067159519 0.994700253
1341846327.161940 -0.031575739 0.368525416 0.240528092 0.065695338 0.039174210 0.066849016 0.994826972
1341846327.193867 -0.025505297 0.371406376 0.239569306 0.063771702 0.039966717 0.063552335 0.995136619
1341846327.229885 -0.025759403 0.382809818 0.241135880 0.064444900 0.043596633 0.061334364 0.995080054
1341846327.262014 -0.019213289 0.396066874 0.241569012 0.064482287 0.047511894 0.058721457 0.995055974
1341846327.294023 -0.003114277 0.409034699 0.245926455 0.068855025 0.057882804 0.056518778 0.994341075
1341846327.330015 -0.009834009 0.434523135 0.236206055 0.072196312 0.068025954 0.053082306 0.993651032
1341846327.361939 -0.021965608 0.439284652 0.246384755 0.068037495 0.075580142 0.044079471 0.993838787
1341846327.393887 -0.020885481 0.448869318 0.258808047 0.066693321 0.077598415 0.037684880 0.994037390
1341846327.429966 -0.028129134 0.482216686 0.258828223 0.067300722 0.077644914 0.039732959 0.993913054
1341846327.461965 -0.046468385 0.488997132 0.266057342 0.057404224 0.075873457 0.037967864 0.994739354
1341846327.497931 -0.040909238 0.483530730 0.269608319 0.049233463 0.073703714 0.033609141 0.995496988
1341846327.530068 -0.043600462 0.494490594 0.274776369 0.048303228 0.074879229 0.036836553 0.995340645
1341846327.561895 -0.035819598 0.513009131 0.278857470 0.050135259 0.070368782 0.044051617 0.995285928
1341846327.598010 -0.037682984 0.516150951 0.279399425 0.051162038 0.067204960 0.048871044 0.995227396
1341846327.629945 -0.048908859 0.534289241 0.281574875 0.052113134 0.063538752 0.047879092 0.995467067
1341846327.662003 -0.046179961 0.531827152 0.282763302 0.050422851 0.059880588 0.043114621 0.995998502
1341846327.697919 -0.047474034 0.554530323 0.282150596 0.054358326 0.059339151 0.043994945 0.995785356
1341846327.730075 -0.042596050 0.588433921 0.284544557 0.052586220 0.057493854 0.046824906 0.995859742
1341846327.766017 -0.037925459 0.593550086 0.287152916 0.047713537 0.056140594 0.048192225 0.996117055
1341846327.797917 -0.036817715 0.614254773 0.285438687 0.044113431 0.055054434 0.050831661 0.996212423
1341846327.830054 -0.036996979 0.619218349 0.291261166 0.036909167 0.054754268 0.050026037 0.996562660
1341846327.865944 -0.030452752 0.625448883 0.288706750 0.032707252 0.055168211 0.050743017 0.996650338
1341846327.898010 -0.038325924 0.637708962 0.299220622 0.030622652 0.057066500 0.051517524 0.996569932
1341846327.929991 -0.038021732 0.645034671 0.298218310 0.025950657 0.055377562 0.048868392 0.996931195
1341846327.966065 -0.039858274 0.651979387 0.296482950 0.020815976 0.056199294 0.046749048 0.997107267
1341846327.998073 -0.038733412 0.663335502 0.297433048 0.014706753 0.056864642 0.044422138 0.997284710
1341846328.034045 -0.038318370 0.666308999 0.296687394 0.008664811 0.057767436 0.042545423 0.997385442
1341846328.065993 -0.041404217 0.664134204 0.296574026 0.002529224 0.058890980 0.043317355 0.997320950
1341846328.098045 -0.042580768 0.648158133 0.298362494 -0.000338744 0.059638120 0.043804683 0.997258425
1341846328.133967 -0.043591868 0.648169816 0.295512646 0.003196369 0.058569588 0.047600366 0.997142732
1341846328.166023 -0.041419156 0.649937212 0.293468028 0.003530934 0.055000454 0.048662346 0.997293591
1341846328.198018 -0.045266651 0.632968664 0.293400049 0.002140049 0.052581627 0.046179231 0.997546017
1341846328.234044 -0.044439640 0.616219878 0.290431529 0.003739358 0.051468626 0.044033796 0.997696340
1341846328.265899 -0.047145911 0.603159070 0.286212355 0.005085168 0.049996320 0.044520471 0.997743666
1341846328.302051 -0.047051247 0.579896867 0.281629801 0.006307490 0.049878508 0.044288509 0.997752905
1341846328.333917 -0.049746361 0.565764308 0.277942568 0.009121929 0.050303828 0.047624011 0.997556150
1341846328.366008 -0.047616333 0.550020397 0.277466625 0.015286135 0.049712952 0.044142216 0.997670531
1341846328.402010 -0.045270149 0.516931713 0.272279650 0.026052818 0.051542506 0.046356644 0.997254074
1341846328.433920 -0.047710095 0.510728896 0.269764960 0.029787418 0.049706791 0.047559496 0.997186065
1341846328.470003 -0.039356433 0.484732389 0.261359513 0.028918635 0.047808681 0.040269654 0.997625351
1341846328.502194 -0.032213721 0.464911163 0.260352731 0.030917639 0.049180262 0.032606591 0.997778654
1341846328.534033 -0.030936355 0.438418448 0.259357393 0.030482890 0.051974572 0.029793492 0.997738361
1341846328.570125 -0.043978881 0.401398987 0.252182990 0.029612191 0.054998413 0.029814349 0.997601807
1341846328.602804 -0.037931632 0.354797810 0.237907827 0.031117212 0.047951065 0.035482511 0.997734129
1341846328.672663 -0.044470098 0.356265217 0.248272076 0.047912847 0.037430454 0.032022841 0.997636139
1341846328.702975 -0.028046656 0.348681539 0.250567079 0.051590297 0.031743556 0.031185651 0.997676432
1341846328.770129 -0.015697185 0.308007628 0.238356337 0.058142468 0.027409120 0.028216016 0.997532964
1341846328.802331 -0.014105082 0.283006340 0.226484805 0.057375737 0.024415076 0.027827587 0.997666061
1341846328.838051 -0.010454600 0.267296195 0.225733265 0.061268430 0.022251602 0.025207216 0.997554839
1341846328.869939 -0.008446890 0.274440050 0.225335002 0.062838063 0.021084620 0.023730382 0.997518718
1341846328.904486 -0.013754820 0.257771969 0.231315106 0.058190331 0.018540088 0.023298983 0.997861326
1341846328.939814 -0.001991596 0.226220712 0.226201177 0.060373634 0.014804900 0.023254817 0.997795105
1341846328.970217 -0.001135058 0.224162042 0.225718051 0.064256482 0.012886775 0.026884679 0.997487962
1341846329.006232 -0.002314876 0.215313599 0.223246306 0.065468833 0.010826645 0.030817453 0.997319818
1341846329.038243 0.004114062 0.193720222 0.212313294 0.068450615 0.009769802 0.030173881 0.997150242
1341846329.106125 0.004812514 0.193928659 0.210125029 0.071930349 0.009453258 0.029644541 0.996924222
1341846329.138340 0.009144289 0.172773093 0.205535695 0.072335631 0.008206144 0.027606726 0.996964455
1341846329.169991 0.003140746 0.174202502 0.203144535 0.075599454 0.008043791 0.026232434 0.996760666
1341846329.208656 0.016867381 0.159765840 0.193646550 0.074894488 0.005412948 0.027052978 0.996809721
1341846329.238169 0.019353431 0.160127610 0.191792086 0.074855797 0.004277910 0.026965279 0.996820509
1341846329.273827 0.020920977 0.142215848 0.186669856 0.072181188 0.003180537 0.027825447 0.996998250
1341846329.306052 0.009791300 0.147962302 0.187157422 0.074110180 0.002182398 0.024260255 0.996952534
1341846329.338104 0.015034359 0.148371711 0.188658729 0.071058065 0.000061904 0.022636712 0.997215271
1341846329.373907 0.016751809 0.122539908 0.186877772 0.066232994 -0.000875026 0.021979610 0.997561693
1341846329.405985 0.017773308 0.110628799 0.179114148 0.067013234 -0.002313550 0.019252524 0.997563660
1341846329.442057 0.017416418 0.108800612 0.176423967 0.066799738 -0.002461866 0.015587090 0.997641563
1341846329.473950 0.014777786 0.096794613 0.178639919 0.065721951 -0.003553550 0.009054019 0.997790575
1341846329.506147 0.016065540 0.092417419 0.174866587 0.066062689 -0.005552479 0.007171422 0.997774243
1341846329.542121 0.011108104 0.079072714 0.169677794 0.064015947 -0.008219026 0.006345485 0.997894883
1341846329.574086 0.014979916 0.063007019 0.171947658 0.066303290 -0.010786155 0.004716299 0.997730076
1341846329.606387 0.017777100 0.061085492 0.167120472 0.068797588 -0.011466703 0.003902286 0.997557104
1341846329.641955 0.014159140 0.057999972 0.162585646 0.068762206 -0.012397739 0.004315150 0.997546732
1341846329.681570 0.010478347 0.045609295 0.164833605 0.067771353 -0.014952777 0.004176998 0.997580111
1341846329.748113 0.019103518 0.038999356 0.160859600 0.069742948 -0.015814716 0.002260235 0.997437119
1341846329.810175 0.015758144 0.014986253 0.158589274 0.067440465 -0.012197863 0.006834215 0.997625351
1341846329.842255 0.015574344 0.006248580 0.155052125 0.068936415 -0.012154475 0.010176865 0.997495115
1341846329.874044 0.013006439 -0.000784173 0.157597587 0.070737049 -0.011955100 0.013201787 0.997336030
1341846329.910073 0.012659661 0.002428370 0.153123334 0.071102373 -0.012242919 0.015233415 0.997277558
1341846329.942009 0.012701180 0.003008611 0.156463414 0.066882193 -0.012910108 0.020731485 0.997461975
1341846329.978087 0.013514948 -0.024437800 0.151776478 0.063733533 -0.013270224 0.022075741 0.997634470
1341846330.016305 0.019374745 -0.015026164 0.146082535 0.066418797 -0.012718666 0.019911690 0.997512043
1341846330.048192 0.014749376 -0.008278620 0.143692359 0.063045248 -0.011108229 0.021725837 0.997712314
1341846330.080418 0.014113021 -0.030740401 0.148547098 0.057693943 -0.011075254 0.023593169 0.997994065
1341846330.115886 0.019198176 -0.045309726 0.147192568 0.060264282 -0.010250399 0.024732023 0.997823358
1341846330.147839 0.009882634 -0.030781211 0.141812861 0.063259602 -0.009148310 0.026292169 0.997608781
1341846330.181257 0.009105688 -0.014842131 0.140056729 0.059409600 -0.009729121 0.028793773 0.997770846
1341846330.215852 0.009352856 -0.033307765 0.142601311 0.052048765 -0.008934464 0.029332448 0.998173654
1341846330.247833 0.005816551 -0.040657394 0.141350985 0.049877390 -0.008210902 0.028300803 0.998320520
1341846330.283913 0.004229516 -0.025628988 0.134561330 0.047451079 -0.008732127 0.027973795 0.998443604
1341846330.316011 0.003244373 -0.041358899 0.139594153 0.040364616 -0.009504749 0.027850527 0.998751581
1341846330.347868 0.000817620 -0.049876254 0.137364507 0.037820328 -0.010913318 0.026297068 0.998878896
1341846330.383835 0.006061170 -0.054750379 0.136802688 0.035799120 -0.011851320 0.027234185 0.998917580
1341846330.415934 0.002793926 -0.068601906 0.138326123 0.034912948 -0.010553720 0.024743002 0.999028265
1341846330.452561 0.001091577 -0.069677204 0.136508733 0.037790019 -0.011242692 0.024154283 0.998930514
1341846330.483903 -0.002737996 -0.064044371 0.132003307 0.038230214 -0.012944977 0.026897479 0.998823047
1341846330.515970 -0.003034126 -0.072768427 0.134357616 0.036442161 -0.015142186 0.030216139 0.998764098
1341846330.552099 -0.001651898 -0.076143093 0.132285133 0.037753195 -0.016424052 0.032495476 0.998623550
1341846330.583876 -0.006411174 -0.066753626 0.129195586 0.037778549 -0.016288977 0.032659251 0.998619497
1341846330.619992 -0.010901948 -0.057425071 0.126349613 0.033826038 -0.017335305 0.031688210 0.998774827
1341846330.652136 -0.007565642 -0.066142723 0.123054311 0.026573863 -0.019254845 0.030655021 0.998991191
1341846330.683796 -0.011077498 -0.071740977 0.123259701 0.021759268 -0.018839203 0.028983267 0.999165475
1341846330.719991 -0.015619602 -0.086664796 0.112225711 0.018526480 -0.020824986 0.030093575 0.999158382
1341846330.752103 -0.018590115 -0.091918297 0.106670372 0.020282989 -0.024747875 0.034629490 0.998887837
1341846330.787952 -0.026612740 -0.083458304 0.103910491 0.022244170 -0.029246876 0.038428176 0.998585522
1341846330.819823 -0.021409255 -0.083112597 0.108348139 0.022003243 -0.033990659 0.039161913 0.998412192
1341846330.852208 -0.019237580 -0.074646838 0.102614500 0.021980813 -0.036042266 0.040448196 0.998289406
1341846330.914111 -0.026187811 -0.061004225 0.096002676 0.013634924 -0.038648747 0.039570615 0.998375952
1341846330.949903 -0.028056562 -0.078155257 0.093964353 0.009256646 -0.039751876 0.039411157 0.998389125
1341846330.981986 -0.036950745 -0.076110810 0.084831618 0.010550985 -0.043827698 0.039897677 0.998186350
1341846331.014111 -0.035577096 -0.068811744 0.090384446 0.010574556 -0.047785472 0.040321685 0.997987449
1341846331.082139 -0.035799023 -0.073707104 0.080706187 0.011991081 -0.050776046 0.037123315 0.997947812
1341846331.114334 -0.036553957 -0.069387570 0.080148645 0.012015063 -0.052992251 0.037054867 0.997834861
1341846331.149989 -0.035296414 -0.076725028 0.084562786 0.012031283 -0.054277774 0.036888193 0.997771740
1341846331.181954 -0.040337123 -0.075203717 0.075862117 0.015568227 -0.054021079 0.035395797 0.997790813
1341846331.218151 -0.046652969 -0.062293824 0.071890809 0.015775777 -0.057078660 0.036572292 0.997574925
1341846331.249914 -0.034970473 -0.074705862 0.076363221 0.012647044 -0.059597153 0.035179444 0.997522295
1341846331.318141 -0.028814439 -0.069971971 0.079733998 0.023794182 -0.050123673 0.030844413 0.997983038
1341846331.349926 -0.026058367 -0.070493467 0.073497273 0.022322563 -0.047693025 0.030052401 0.998160243
1341846331.382003 0.020971490 -0.090755351 0.077665836 0.023826946 -0.044687577 0.030535005 0.998249948
1341846331.418008 -0.006749950 -0.075917363 0.088819645 0.031909700 -0.032471158 0.029449286 0.998529017
1341846331.450327 -0.017675975 -0.071222596 0.093109339 0.033701114 -0.026472175 0.029569834 0.998643637
1341846331.486219 -0.024334859 -0.063438624 0.101874419 0.034229483 -0.024008887 0.030057345 0.998673379
1341846331.518344 -0.011940556 -0.066052482 0.104093403 0.032856677 -0.024128318 0.028853524 0.998752117
1341846331.550202 -0.006621878 -0.071753465 0.113265328 0.035035528 -0.019701779 0.027934631 0.998801291
1341846331.586139 -0.017711475 -0.059520733 0.117296666 0.037712790 -0.017516734 0.028136825 0.998738825
1341846331.617931 -0.008455966 -0.057242040 0.122846596 0.036832105 -0.018397473 0.028632395 0.998741746
1341846331.654027 -0.001481576 -0.069312796 0.128204092 0.036379643 -0.016101522 0.029037815 0.998786271
1341846331.686123 -0.010663656 -0.057437576 0.130663350 0.039475799 -0.012485718 0.030691095 0.998671055
1341846331.717954 -0.016869960 -0.045239829 0.136337310 0.037106745 -0.013294340 0.030858675 0.998746276
1341846331.754076 -0.002644134 -0.060876705 0.150152028 0.033664998 -0.013673649 0.029483350 0.998904645
1341846331.785920 -0.004072168 -0.060630634 0.160910919 0.036678880 -0.010579233 0.027758373 0.998885453
1341846331.818053 -0.007449810 -0.049103003 0.171915010 0.037680041 -0.008760387 0.028333146 0.998849690
1341846331.853849 -0.005986507 -0.056316711 0.182782635 0.036103494 -0.008438437 0.027430100 0.998935878
1341846331.885987 0.001818700 -0.056308430 0.195386603 0.039059144 -0.006318171 0.025381232 0.998894513
1341846331.922014 -0.002253398 -0.050437976 0.204105079 0.040986191 -0.002844226 0.024602342 0.998852730
1341846331.954037 0.002562064 -0.047076162 0.220985427 0.040941592 -0.000408397 0.024649812 0.998857379
1341846331.986135 0.018825557 -0.059017263 0.225301623 0.042690128 0.003959929 0.027614165 0.998698831
1341846332.022364 0.004271240 -0.062876523 0.237191826 0.049407750 0.009927924 0.027251532 0.998357475
1341846332.054175 0.001156296 -0.056292836 0.252300441 0.055842131 0.010020858 0.028605076 0.997979462
1341846332.086502 0.000092254 -0.056375865 0.262590796 0.058434345 0.010335840 0.029884256 0.997790337
1341846332.122051 -0.007289986 -0.046006273 0.283799559 0.061041445 0.012406352 0.027838046 0.997669876
1341846332.153983 -0.000780896 -0.033323772 0.290110230 0.059906162 0.010425062 0.026833184 0.997788787
1341846332.190165 -0.003539798 -0.030439617 0.308824718 0.053868603 0.008986816 0.024569323 0.998205245
1341846332.254145 -0.002331672 -0.051788621 0.333418429 0.052479044 0.009100310 0.022964237 0.998316467
1341846332.289948 -0.004700375 -0.045556195 0.346744418 0.054881055 0.008973098 0.025424914 0.998128831
1341846332.322172 -0.004287493 -0.047676425 0.356904835 0.055328257 0.008582186 0.027140321 0.998062372
1341846332.354003 0.004992931 -0.051134247 0.363079548 0.057807688 0.009651058 0.024388818 0.997983098
1341846332.390180 0.004291780 -0.039826639 0.372149020 0.059920017 0.014227093 0.021315772 0.997874141
1341846332.422055 -0.001533095 -0.036865421 0.386276782 0.058158908 0.017054340 0.018019829 0.997999012
1341846332.458114 -0.002244229 -0.039530732 0.400789142 0.057687793 0.020051757 0.013228899 0.998045623
1341846332.489993 -0.009764566 -0.034270633 0.412375689 0.058906082 0.022296306 0.015199574 0.997898757
1341846332.522130 -0.018562544 -0.030009462 0.425700963 0.058507923 0.019099038 0.020656453 0.997890472
1341846332.558114 -0.012295570 -0.033206832 0.433218181 0.058326386 0.013047762 0.028363595 0.997809231
1341846332.589874 -0.004485765 -0.024320288 0.432971328 0.058467805 0.009849564 0.032747522 0.997703433
1341846332.621889 -0.007271402 -0.016841972 0.439038157 0.054620463 0.010399365 0.033009548 0.997907221
1341846332.658202 -0.003697003 -0.023682702 0.456065178 0.050106220 0.010972743 0.031503413 0.998186588
1341846332.690001 0.000192367 -0.020096658 0.464974523 0.048429780 0.011370615 0.033338089 0.998205304
1341846332.726000 -0.002702720 -0.021432476 0.475204468 0.047525514 0.010757917 0.037255310 0.998117089
1341846332.758386 0.003983785 -0.022311101 0.478491813 0.047900673 0.007648294 0.038568523 0.998077929
1341846332.789937 0.015498678 -0.015353274 0.482440203 0.047333017 0.007305854 0.037891615 0.998133481
1341846332.825925 0.012802081 -0.016601531 0.498457521 0.044787619 0.010593554 0.035443932 0.998311400
1341846332.857898 0.014572854 -0.016857665 0.508261561 0.045771480 0.011876203 0.035132229 0.998263359
1341846332.894069 0.021059535 -0.005529764 0.519315422 0.046655320 0.010723535 0.037336260 0.998155475
1341846332.926029 0.026045786 -0.001849987 0.527823865 0.043039680 0.011069636 0.034256231 0.998424590
1341846332.958015 0.030030835 -0.001126413 0.535063624 0.040030342 0.013000231 0.032307662 0.998591423
1341846332.994073 0.031591926 0.003631541 0.545357525 0.037561093 0.014290527 0.030751012 0.998718858
1341846333.026545 0.038383406 0.002551929 0.552843392 0.034784168 0.014888888 0.028697150 0.998871803
1341846333.057998 0.044582654 0.003694739 0.557179570 0.033797961 0.016470263 0.029440090 0.998859167
1341846333.094024 0.047814693 0.004595188 0.567319334 0.034252051 0.017858885 0.033255674 0.998700142
1341846333.126095 0.049332399 0.009094520 0.571769297 0.034998663 0.019850854 0.034721855 0.998586714
1341846333.161973 0.052321944 0.015570109 0.574139535 0.034333352 0.022510201 0.036029819 0.998507082
1341846333.195660 0.052149862 0.015993509 0.583191693 0.031670969 0.024817767 0.037571430 0.998483539
1341846333.226331 0.055487249 0.017366430 0.588988483 0.030462392 0.025094848 0.037100080 0.998531878
1341846333.262056 0.055515282 0.025975607 0.593759179 0.027792364 0.025715234 0.034582816 0.998684287
1341846333.294147 0.058082379 0.020960292 0.604389548 0.023511264 0.025335865 0.034285862 0.998814166
1341846333.326100 0.058820911 0.023974266 0.605961859 0.022053365 0.024171077 0.031861801 0.998956561
1341846333.362100 0.060732108 0.030959031 0.605174541 0.019717351 0.023467274 0.030970687 0.999050200
1341846333.394119 0.058619775 0.023949400 0.609808326 0.015724909 0.022830592 0.031277232 0.999126256
1341846333.429974 0.062680170 0.025157068 0.611820400 0.015193070 0.020550096 0.031647980 0.999172270
1341846333.462115 0.064287245 0.022755096 0.613411069 0.014760056 0.020707991 0.029582275 0.999238789
1341846333.494040 0.068367630 0.026110312 0.616602600 0.016124602 0.021180667 0.027866356 0.999257147
1341846333.529953 0.072929434 0.024615387 0.616700828 0.016507035 0.021883786 0.028116845 0.999228776
1341846333.562063 0.069910757 0.028777104 0.619796991 0.017852636 0.024698200 0.029512078 0.999099731
1341846333.594090 0.064479522 0.035404339 0.621092081 0.017356321 0.024476608 0.030338041 0.999089241
1341846333.629994 0.063749500 0.036845040 0.620031297 0.013797313 0.021939363 0.029230926 0.999236643
1341846333.662127 0.065725215 0.035836209 0.616766572 0.010676612 0.020533724 0.028839935 0.999316096
1341846333.697964 0.068241857 0.027473737 0.617094517 0.008030461 0.020234587 0.029658131 0.999323010
1341846333.730092 0.066120513 0.024959808 0.613423049 0.010169906 0.020900408 0.030649386 0.999259949
1341846333.762089 0.063658997 0.028409859 0.609380662 0.012427463 0.022022823 0.031915706 0.999170661
1341846333.798006 0.062839560 0.024982294 0.607636213 0.013355544 0.022573045 0.031571522 0.999157310
1341846333.830055 0.063994452 0.025860274 0.601353705 0.016232725 0.023590606 0.029752120 0.999147058
1341846333.866045 0.061094511 0.027307317 0.597025692 0.017414166 0.025119901 0.028299997 0.999132037
1341846333.897987 0.056506429 0.023057358 0.594088078 0.018728429 0.025670601 0.026967991 0.999131143
1341846333.930099 0.057445552 0.018996764 0.588880002 0.021170061 0.026338799 0.026283136 0.999083221
1341846333.965889 0.056765433 0.017990697 0.583981752 0.023204286 0.027158083 0.026142351 0.999019802
1341846333.997985 0.057478197 0.016249247 0.577914953 0.025929175 0.027939659 0.025731701 0.998941898
1341846334.030076 0.048688509 0.017689932 0.570788682 0.029370697 0.030296447 0.026483752 0.998758256
1341846334.066000 0.042744428 0.015580928 0.563936591 0.030845026 0.030509554 0.027991919 0.998666227
1341846334.097932 0.045833968 0.016158214 0.556483209 0.032992717 0.029868102 0.027648991 0.998626530
1341846334.133884 0.042527791 0.014656208 0.551188529 0.034175441 0.030908212 0.028160984 0.998540759
1341846334.166115 0.032803915 0.014436431 0.543392539 0.034475300 0.030715449 0.028647803 0.998522580
1341846334.198072 0.032486655 0.013356674 0.537189901 0.035034969 0.028897915 0.027669657 0.998584926
1341846334.234097 0.034422658 0.017195590 0.532681584 0.036011253 0.029061057 0.026506100 0.998576999
1341846334.266045 0.028957937 0.012170068 0.523295343 0.035311289 0.031123376 0.027123187 0.998523295
1341846334.297946 0.021283058 0.012406280 0.515351951 0.036569513 0.030015443 0.028580571 0.998471260
1341846334.334036 0.021027304 0.015231929 0.509230137 0.037266895 0.028281705 0.028805450 0.998489678
1341846334.365871 0.020506248 0.015905373 0.503106773 0.036804378 0.028170384 0.027310101 0.998551965
1341846334.401845 0.017257001 0.014538233 0.495457023 0.035501420 0.029228231 0.025848227 0.998607635
1341846334.433864 0.013032014 0.008120031 0.486186713 0.034613356 0.028014110 0.027132088 0.998639584
1341846334.466105 0.012976542 0.011672425 0.478560776 0.035630029 0.026147425 0.027873654 0.998634040
1341846334.502142 0.007001591 0.015723119 0.470289886 0.034901872 0.025407659 0.028632199 0.998657346
1341846334.540153 0.003083580 0.012774437 0.466180086 0.034564927 0.024411375 0.026642423 0.998749018
1341846334.602351 -0.005253137 0.021723654 0.450071454 0.030576879 0.020371666 0.020352494 0.999117494
1341846334.670161 -0.009870233 0.011415635 0.437943697 0.024538552 0.017949576 0.014039972 0.999439120
1341846334.702085 -0.017613709 0.008906702 0.430674970 0.023003694 0.016129469 0.014290247 0.999503136
1341846334.734751 -0.017110527 0.008870863 0.417582333 0.022836788 0.013466911 0.016524993 0.999511898
1341846334.770889 -0.023741202 0.008615297 0.407877266 0.022936510 0.012490683 0.019283453 0.999472916
1341846334.802194 -0.029720481 0.011113003 0.397418857 0.023162343 0.010358174 0.018692425 0.999503314
1341846334.833908 -0.028584165 0.013750467 0.391065985 0.022965530 0.008337130 0.017369246 0.999550641
1341846334.869874 -0.030972248 0.013854480 0.382418871 0.021332620 0.008008066 0.017403621 0.999588907
1341846334.902006 -0.037521038 0.010740655 0.369486004 0.019535398 0.006711568 0.017568348 0.999632299
1341846334.938010 -0.040928725 0.010439712 0.362419188 0.019182086 0.003778533 0.016657645 0.999670088
1341846334.970032 -0.036375839 0.007920484 0.352660358 0.018932419 0.002425630 0.015727051 0.999694109
1341846335.002203 -0.041281890 0.005258765 0.341311634 0.020230018 0.003074683 0.017508311 0.999637306
1341846335.037880 -0.038854778 0.007902710 0.322090298 0.023183132 -0.000821354 0.019648351 0.999537766
1341846335.069990 -0.037992850 0.009952106 0.313612580 0.023532793 -0.003811840 0.019899065 0.999517739
1341846335.106038 -0.037191175 0.006815486 0.304654479 0.023695899 -0.002642116 0.017986789 0.999553859
1341846335.138045 -0.042426094 0.005884098 0.296084940 0.025223169 -0.001263562 0.017194528 0.999533176
1341846335.169900 -0.047774445 0.010265017 0.280277848 0.025734967 -0.003690556 0.016767329 0.999521375
1341846335.206091 -0.045088124 0.009541793 0.272973746 0.024892550 -0.005882272 0.015043696 0.999559641
1341846335.239365 -0.044358924 0.004304026 0.264483899 0.024617923 -0.004993625 0.012266449 0.999609172
1341846335.269948 -0.050344493 0.003433281 0.255125105 0.026215732 -0.003236955 0.011206840 0.999588251
1341846335.305972 -0.054151505 0.002719017 0.241990894 0.027999686 -0.004680449 0.011709782 0.999528348
1341846335.338012 -0.050588336 0.001539698 0.235148609 0.029428171 -0.006515472 0.013570985 0.999453545
1341846335.374005 -0.047745164 -0.005284724 0.220306233 0.033606071 -0.004681095 0.014433709 0.999319971
1341846335.406025 -0.050737970 -0.007228253 0.213310376 0.040040497 -0.002291317 0.016880531 0.999052823
1341846335.438079 -0.056193862 0.001745059 0.201715380 0.045846671 -0.000999458 0.019964108 0.998748481
1341846335.473998 -0.053651232 0.006818049 0.192761883 0.048198637 0.000296970 0.021000858 0.998616934
1341846335.507038 -0.054982789 0.012400936 0.185106367 0.049712483 0.002924554 0.018918406 0.998580098
1341846335.538040 -0.060290262 0.018143363 0.178648099 0.049391538 0.005586511 0.017085420 0.998617709
1341846335.574119 -0.068940967 0.021551553 0.165469870 0.047099795 0.006279385 0.017040282 0.998725057
1341846335.605970 -0.066214383 0.014722915 0.158602864 0.045158956 0.004967943 0.016364224 0.998833418
1341846335.641978 -0.064376943 0.012359646 0.151000202 0.045691725 0.005866599 0.014080023 0.998839140
1341846335.673993 -0.070095420 0.014340138 0.140504777 0.045402601 0.006717433 0.013907024 0.998849392
1341846335.706178 -0.072229989 0.012196118 0.126765728 0.044702269 0.005515789 0.014569420 0.998878896
1341846335.741982 -0.067053482 0.013458747 0.120733745 0.045421224 0.004613372 0.014231019 0.998855889
1341846335.773960 -0.071220070 0.017144939 0.108931519 0.045552909 0.005440236 0.013694168 0.998853266
1341846335.806271 -0.073965855 0.022089018 0.097821668 0.043870263 0.004859905 0.013671673 0.998931885
1341846335.842031 -0.071763158 0.013774012 0.087263018 0.041023556 0.005450294 0.013898251 0.999046624
1341846335.873966 -0.072417736 0.014232881 0.078794546 0.042222090 0.006967157 0.013346541 0.998994827
1341846335.910005 -0.079783149 0.019406570 0.066060245 0.042197347 0.007400883 0.014998161 0.998969316
1341846335.941936 -0.082405806 0.018972479 0.054905638 0.041075718 0.005461121 0.015883859 0.999014854
1341846335.974198 -0.081760876 0.019702371 0.045970067 0.041017912 0.004461277 0.013700395 0.999054551
1341846336.010032 -0.086391464 0.020442406 0.034427483 0.040721618 0.004820185 0.012311203 0.999083042
1341846336.042129 -0.091160409 0.019633804 0.021103231 0.039660417 0.003621718 0.012893083 0.999123454
1341846336.078076 -0.092917450 0.016455278 0.015584988 0.039509054 0.001711839 0.011756808 0.999148607
1341846336.110739 -0.093681812 0.020431947 0.009590113 0.040526479 0.001550424 0.010442003 0.999122679
1341846336.142002 -0.098696806 0.018778609 -0.006440447 0.040037550 0.001794623 0.011680283 0.999128282
1341846336.183953 -0.102831475 0.023203738 -0.012659212 0.039973106 -0.000893481 0.012437052 0.999122918
1341846336.241891 -0.102196552 0.023406079 -0.024135331 0.038060412 -0.001765615 0.011911622 0.999202907
1341846336.277946 -0.110552683 0.017611157 -0.028741743 0.038091246 -0.001061961 0.014030308 0.999175191
1341846336.309977 -0.112840004 0.016716942 -0.039875310 0.040703952 -0.003574194 0.016986551 0.999020457
1341846336.346143 -0.114290610 0.023714902 -0.050692223 0.042996261 -0.004773101 0.017963953 0.998902321
1341846336.377975 -0.112816349 0.023642669 -0.056723427 0.043764673 -0.004920612 0.017385576 0.998878479
1341846336.410032 -0.117396906 0.025530521 -0.067253992 0.044684969 -0.003817571 0.017308403 0.998843908
1341846336.446041 -0.118747331 0.028421167 -0.078733698 0.044237066 -0.004445858 0.017363008 0.998860300
1341846336.477990 -0.119539306 0.027880814 -0.082327232 0.043374278 -0.004436432 0.016766975 0.998908341
1341846336.510056 -0.121519037 0.025226675 -0.088550203 0.043449562 -0.003809726 0.017630486 0.998892784
1341846336.546024 -0.121674649 0.024940515 -0.095939681 0.044307981 -0.003813676 0.019395970 0.998822331
1341846336.578003 -0.124324337 0.032200411 -0.104330570 0.044412576 -0.004138067 0.021014508 0.998783648
1341846336.614020 -0.119990416 0.032318745 -0.107900813 0.043819271 -0.003961615 0.020152362 0.998828351
1341846336.645982 -0.127209365 0.036611289 -0.115620591 0.042815365 -0.002038580 0.019633418 0.998888016
1341846336.678036 -0.131538793 0.031607617 -0.121289253 0.040704016 -0.003941404 0.020432066 0.998954535
1341846336.714024 -0.134749070 0.027074089 -0.116033889 0.042210035 -0.006096813 0.020061353 0.998888731
1341846336.746016 -0.139712811 0.022702962 -0.126162201 0.045473699 -0.007820397 0.022836044 0.998673856
1341846336.778014 -0.139542222 0.031794176 -0.140593693 0.048807282 -0.012035981 0.025928246 0.998399079
1341846336.820006 -0.144227743 0.035439163 -0.139226243 0.049754072 -0.015431665 0.027072348 0.998275220
1341846336.882056 -0.144970462 0.031310182 -0.159533367 0.052007247 -0.017524697 0.025454154 0.998168468
1341846336.914273 -0.145839989 0.027520061 -0.157165557 0.054107677 -0.022400919 0.028410725 0.997879446
1341846336.945998 -0.147344932 0.028116852 -0.160173744 0.060871169 -0.029251333 0.031575784 0.997217119
1341846336.981980 -0.150183156 0.042752787 -0.184095398 0.064227246 -0.032289907 0.028398074 0.997008383
1341846337.014238 -0.154024735 0.049602568 -0.181031063 0.061655976 -0.034727227 0.026432207 0.997142911
1341846337.046017 -0.149855658 0.044272117 -0.176080242 0.059146170 -0.036463063 0.021995237 0.997340679
1341846337.082104 -0.153034791 0.043650646 -0.186889529 0.058349330 -0.036596216 0.018773833 0.997448564
1341846337.114317 -0.156371862 0.044421621 -0.189805612 0.056696329 -0.038729262 0.018416123 0.997470021
1341846337.150037 -0.153506592 0.043356203 -0.190656722 0.055077501 -0.040799484 0.016609348 0.997509897
1341846337.181873 -0.149639592 0.041524731 -0.194419131 0.054310504 -0.040693633 0.013970521 0.997596741
1341846337.214073 -0.154333979 0.052485891 -0.198302060 0.052675422 -0.039058100 0.011692621 0.997779071
1341846337.250087 -0.164925918 0.037987065 -0.202923700 0.049369805 -0.039949507 0.012641324 0.997901201
1341846337.282028 -0.164958671 0.036767788 -0.205607116 0.050595902 -0.044148024 0.015786650 0.997618079
1341846337.317920 -0.155334860 0.044453152 -0.199109688 0.050478730 -0.046312544 0.016694333 0.997511089
1341846337.350018 -0.156889871 0.051981959 -0.204995021 0.049358595 -0.045438092 0.016162474 0.997616112
1341846337.382159 -0.152213305 0.043573461 -0.208774060 0.045900188 -0.045557145 0.015122800 0.997792065
1341846337.417941 -0.161550313 0.033841629 -0.211582094 0.046408344 -0.044252012 0.014947780 0.997829974
1341846337.450137 -0.163782716 0.042128101 -0.223339543 0.047372520 -0.045912564 0.015302760 0.997704208
1341846337.482096 -0.157141849 0.039750088 -0.215948850 0.045715153 -0.046694882 0.016766287 0.997721672
1341846337.518008 -0.159672484 0.035302188 -0.214995861 0.046648581 -0.047056731 0.016734740 0.997662008
1341846337.549978 -0.162736490 0.042835183 -0.227765858 0.047086567 -0.047471076 0.014760706 0.997653008
1341846337.585971 -0.161977977 0.038424961 -0.219850376 0.044011228 -0.047992397 0.013979694 0.997779667
1341846337.617903 -0.159793243 0.025776401 -0.209683537 0.044883084 -0.048820328 0.014362587 0.997695208
1341846337.650141 -0.156624451 0.039043587 -0.215513974 0.047964599 -0.049419418 0.014188665 0.997524798
1341846337.686352 -0.159299940 0.045072861 -0.217881307 0.046397362 -0.048704278 0.014099611 0.997635424
1341846337.718002 -0.153546706 0.038839690 -0.213997334 0.044094373 -0.048766650 0.014474153 0.997731447
1341846337.749920 -0.151523829 0.045006081 -0.207540691 0.044340622 -0.046850592 0.013592524 0.997824728
1341846337.786157 -0.154081717 0.049850829 -0.204646647 0.041443657 -0.043844484 0.013398691 0.998088479
1341846337.817945 -0.149951905 0.042458490 -0.200927079 0.038543530 -0.041905947 0.015493335 0.998257577
1341846337.854071 -0.145682678 0.052420449 -0.196773857 0.037977599 -0.038899105 0.014730079 0.998412549
1341846337.885951 -0.150970459 0.058176037 -0.195520237 0.035144292 -0.036089234 0.012801494 0.998648345
1341846337.918223 -0.149860352 0.054787535 -0.188652545 0.030625466 -0.034890544 0.010153303 0.998870194
1341846337.954120 -0.147694975 0.055029608 -0.178995803 0.028407710 -0.033755485 0.009989502 0.998976350
1341846337.985994 -0.145260319 0.063198164 -0.179146811 0.026050979 -0.032929253 0.010350632 0.999064505
1341846338.018107 -0.143261179 0.057068966 -0.169435397 0.022261756 -0.031308439 0.011279360 0.999198139
1341846338.054055 -0.138283759 0.062501036 -0.169966072 0.020149250 -0.030223131 0.010905338 0.999280572
1341846338.085986 -0.132111594 0.061100848 -0.156494051 0.016618958 -0.027409432 0.010901567 0.999426663
1341846338.121875 -0.137508675 0.057128455 -0.147275329 0.014510135 -0.024675472 0.012361654 0.999513745
1341846338.154089 -0.140668929 0.056899276 -0.141028598 0.013579745 -0.023874590 0.015630055 0.999500513
1341846338.186029 -0.135946080 0.056598067 -0.133712858 0.012377304 -0.024622016 0.018078081 0.999456704
1341846338.222071 -0.129391640 0.063530132 -0.124960050 0.011562973 -0.023868004 0.017297294 0.999498606
1341846338.254107 -0.129682943 0.057729583 -0.112300381 0.009459250 -0.021903118 0.017936859 0.999554396
1341846338.290130 -0.128030300 0.054823149 -0.105413146 0.009688718 -0.022007450 0.019837607 0.999514043
1341846338.321952 -0.127500042 0.060305234 -0.100501209 0.010085779 -0.020988131 0.021528080 0.999497056
1341846338.354022 -0.121871710 0.058943711 -0.085037708 0.009348354 -0.020962372 0.022027081 0.999493837
1341846338.389969 -0.123393685 0.067903131 -0.078298680 0.009545940 -0.019791417 0.022120869 0.999513805
1341846338.422377 -0.124993131 0.063041613 -0.067612603 0.007350939 -0.019224124 0.022491908 0.999535143
1341846338.454010 -0.124491729 0.067385674 -0.061503164 0.006697150 -0.019576309 0.021072419 0.999563873
1341846338.489894 -0.119819142 0.062771827 -0.047548342 0.004552592 -0.020423092 0.021987945 0.999539256
1341846338.522066 -0.115059115 0.060102165 -0.034822695 0.005128067 -0.020478690 0.021821536 0.999538958
1341846338.558058 -0.118344076 0.070701621 -0.029937945 0.005177512 -0.020162763 0.020810729 0.999566674
1341846338.589842 -0.111738369 0.066509731 -0.017658519 0.002692227 -0.020890221 0.020685302 0.999564111
1341846338.622019 -0.108050853 0.062779903 -0.004603717 0.003228685 -0.019978670 0.022286763 0.999546766
1341846338.657984 -0.112960398 0.069607332 -0.001989035 0.003988903 -0.019655872 0.023480574 0.999523044
1341846338.690198 -0.105624154 0.075447567 0.007469269 0.002449060 -0.020920645 0.022658046 0.999521375
1341846338.722454 -0.100595310 0.067666084 0.022660706 0.001116226 -0.020099029 0.023150403 0.999529302
1341846338.757945 -0.109428935 0.073443554 0.024367508 0.001727532 -0.019207627 0.024856029 0.999504983
1341846338.790039 -0.104181856 0.073959924 0.039275859 -0.000418258 -0.021751702 0.025576917 0.999436080
1341846338.826048 -0.093185835 0.070007920 0.052894291 -0.000428151 -0.021699788 0.023877421 0.999479234
1341846338.858027 -0.100958340 0.076379143 0.056438386 -0.000119990 -0.019210283 0.023047581 0.999549747
1341846338.889902 -0.096873611 0.076470815 0.068511479 -0.002762787 -0.020498404 0.022763303 0.999526858
1341846338.925948 -0.089005724 0.074818507 0.082425430 -0.003316505 -0.020478223 0.020978950 0.999564707
1341846338.958108 -0.088649534 0.075316109 0.093617104 -0.003172836 -0.018367009 0.020272497 0.999620736
1341846338.990057 -0.087851219 0.074214645 0.107681759 -0.002798804 -0.018305004 0.020894807 0.999610186
1341846339.025928 -0.079587489 0.072638810 0.121392325 -0.000758747 -0.018125925 0.021726195 0.999599338
1341846339.057939 -0.083266370 0.081051819 0.128729224 0.002542031 -0.015062906 0.021211576 0.999658287
1341846339.093927 -0.086809121 0.084121220 0.131366208 0.001355909 -0.015196360 0.022445163 0.999631643
1341846339.126562 -0.078314409 0.090205044 0.142571658 -0.001320380 -0.016894488 0.021420097 0.999626935
1341846339.157969 -0.070511200 0.089070655 0.160033584 -0.003901076 -0.014792287 0.019325240 0.999696195
1341846339.194113 -0.078016132 0.090327092 0.162526160 -0.006024188 -0.012917805 0.020755844 0.999682963
1341846339.228165 -0.074505486 0.093325205 0.173407957 -0.009431841 -0.015273855 0.023196936 0.999569714
1341846339.257998 -0.064665072 0.093794867 0.192807481 -0.011789111 -0.015240723 0.023602793 0.999535680
1341846339.294132 -0.065248147 0.097181208 0.202079624 -0.011692797 -0.012585259 0.024208236 0.999559343
1341846339.326577 -0.074236639 0.107693247 0.200268969 -0.014680170 -0.013627297 0.026950331 0.999436080
1341846339.362269 -0.060013529 0.105343714 0.212684542 -0.019112319 -0.017013330 0.024816209 0.999364495
1341846339.394725 -0.054495458 0.107703857 0.227374524 -0.019682519 -0.015343673 0.023830874 0.999404490
1341846339.462186 -0.046913724 0.100804143 0.241380110 -0.024159919 -0.016699379 0.024814770 0.999260545
1341846339.496743 -0.037112840 0.100162469 0.247732490 -0.021366129 -0.013565229 0.022595093 0.999424338
1341846339.562052 -0.039375044 0.096747480 0.266480446 -0.020448895 -0.009836056 0.024391310 0.999444902
1341846339.595122 -0.029798975 0.100936562 0.280603498 -0.017943185 -0.010105947 0.024079144 0.999497950
1341846339.632085 -0.026437676 0.102897629 0.286689222 -0.016550263 -0.006444748 0.021816056 0.999604225
1341846339.664568 -0.023613734 0.098115459 0.296186954 -0.017027507 -0.003864067 0.020244267 0.999642611
1341846339.698896 -0.022320861 0.095612712 0.305989027 -0.017485464 -0.002777825 0.019508729 0.999652922
1341846339.731977 -0.018786240 0.098356165 0.314905494 -0.016744046 -0.002653202 0.017366318 0.999705434
1341846339.762241 -0.015872072 0.096774071 0.322862983 -0.016438490 -0.001279702 0.017328391 0.999713898
1341846339.797873 -0.014918395 0.094975427 0.328807831 -0.016712686 -0.000752848 0.018700467 0.999685168
1341846339.830245 -0.008662242 0.093642674 0.338632226 -0.017152838 -0.001882194 0.019602219 0.999658942
1341846339.862015 -0.007640665 0.095375791 0.342721134 -0.017430766 -0.001454468 0.018978126 0.999666870
1341846339.897797 -0.003070775 0.095534131 0.350400060 -0.018251672 -0.000467445 0.018013217 0.999671042
1341846339.929916 -0.001236990 0.087969542 0.359617531 -0.019454181 0.000445211 0.020227922 0.999606013
1341846339.961960 -0.000019883 0.087943800 0.366984725 -0.017981466 -0.000066224 0.020983793 0.999618113
1341846339.997845 0.008468736 0.089137532 0.369807273 -0.016533026 0.000315141 0.021187937 0.999638736
1341846340.029925 0.010172525 0.086542964 0.378146350 -0.015905242 0.002659973 0.022134809 0.999624908
1341846340.066044 0.012365043 0.086198904 0.381200343 -0.013801653 0.003998331 0.023322845 0.999624729
1341846340.098009 0.012696646 0.087834202 0.387768328 -0.012860888 0.004653626 0.024499172 0.999606311
1341846340.130102 0.016260477 0.088123493 0.394499987 -0.013548152 0.004371056 0.023427043 0.999624193
1341846340.166041 0.021423897 0.085042745 0.397402138 -0.012946232 0.006302360 0.021384340 0.999667645
1341846340.197867 0.019029424 0.086817168 0.406113386 -0.011571977 0.009296568 0.021135172 0.999666452
1341846340.229904 0.021045534 0.090286024 0.414238453 -0.012587600 0.008803776 0.021009408 0.999661267
1341846340.265859 0.026280319 0.081966542 0.420700312 -0.014152742 0.009630408 0.020330798 0.999646723
1341846340.298061 0.030565472 0.085685685 0.430541486 -0.011390329 0.011649554 0.020860353 0.999649644
1341846340.334063 0.022912303 0.093682788 0.434617162 -0.011465050 0.011947826 0.022324495 0.999613643
1341846340.366064 0.032443997 0.083682157 0.441033334 -0.014550406 0.008898826 0.022107767 0.999610066
1341846340.397995 0.037537564 0.080837220 0.438834578 -0.012957134 0.009055648 0.022289865 0.999626577
1341846340.433895 0.034992158 0.085780241 0.447863460 -0.011615774 0.009468584 0.023081519 0.999621272
1341846340.465959 0.035127774 0.081475034 0.454602271 -0.011608798 0.007109142 0.025159931 0.999590755
1341846340.501858 0.043531969 0.083553202 0.448860973 -0.010602196 0.002754764 0.025005898 0.999627292
1341846340.534329 0.047584273 0.086298563 0.448587030 -0.009742673 0.001248872 0.024877172 0.999642253
1341846340.566041 0.053428464 0.080929264 0.456877232 -0.009061701 -0.000313634 0.025930636 0.999622643
1341846340.601909 0.058182400 0.083537869 0.453134567 -0.006175168 -0.001027411 0.025982602 0.999642789
1341846340.634005 0.058392968 0.087564066 0.446350247 -0.005055896 -0.001163931 0.024382131 0.999689221
1341846340.666028 0.062671825 0.084810957 0.446802646 -0.005490238 -0.001092372 0.022493470 0.999731302
1341846340.701946 0.067592531 0.082595192 0.444455028 -0.003871377 -0.000185785 0.020697646 0.999778271
1341846340.733954 0.067742839 0.087332621 0.438391298 -0.002320715 0.001949547 0.018566204 0.999823034
1341846340.770081 0.065386370 0.085956462 0.438701421 -0.003458615 0.002719361 0.015526252 0.999869764
1341846340.801980 0.072094627 0.085492074 0.438588887 -0.003236102 0.002970031 0.011330733 0.999926150
1341846340.833999 0.073127247 0.088831089 0.434676945 -0.003227227 0.005233388 0.006753620 0.999958277
1341846340.870013 0.071521334 0.088822491 0.435690671 -0.004352364 0.005158258 0.005172617 0.999963820
1341846340.901955 0.074029528 0.085002378 0.436382622 -0.003778128 0.004698691 0.004917032 0.999969721
1341846340.933918 0.071278587 0.084834285 0.434017658 -0.001947062 0.004575313 0.007333037 0.999960721
1341846340.970122 0.067506492 0.085712805 0.427892268 -0.000703904 0.002168847 0.012863227 0.999914646
1341846341.001922 0.068177603 0.083184510 0.423556894 0.000358055 -0.001734233 0.017754270 0.999840796
1341846341.037923 0.073769629 0.084557801 0.424409896 0.001733602 -0.005063411 0.020295236 0.999779701
1341846341.070300 0.068663768 0.084582254 0.420440733 0.002185505 -0.005013877 0.020469746 0.999775529
1341846341.102028 0.067891210 0.082342796 0.414125919 0.001791761 -0.006310742 0.020333473 0.999771714
1341846341.137982 0.070650421 0.083125912 0.415763497 0.002134418 -0.008589708 0.020279786 0.999755144
1341846341.170048 0.074034929 0.081935294 0.413941532 0.002444179 -0.009457261 0.021761000 0.999715447
1341846341.202110 0.072294503 0.079802893 0.410753787 0.003913988 -0.009588145 0.023401208 0.999672532
1341846341.237996 0.074305922 0.081272826 0.410688996 0.005712018 -0.009453585 0.024061043 0.999649465
1341846341.269883 0.071492247 0.081623718 0.409616262 0.007010950 -0.008667204 0.023999982 0.999649763
1341846341.306107 0.070385002 0.081671253 0.404580444 0.007617649 -0.009207568 0.023020048 0.999663532
1341846341.338109 0.071455292 0.082530595 0.400291145 0.008512734 -0.008874347 0.021099046 0.999701738
1341846341.370120 0.072543755 0.081984133 0.402403891 0.009078728 -0.007828347 0.018674685 0.999753714
1341846341.406074 0.067475036 0.081830598 0.400471956 0.009153933 -0.006888350 0.017915333 0.999773860
1341846341.438113 0.068143472 0.075407282 0.403201818 0.009630623 -0.008913654 0.018371094 0.999745071
1341846341.470024 0.068424590 0.078781456 0.397343755 0.012954840 -0.008727590 0.016033977 0.999749422
1341846341.506077 0.066516370 0.084375165 0.398063213 0.013175095 -0.007955380 0.015424117 0.999762595
1341846341.538156 0.060997147 0.081056856 0.399811417 0.011866982 -0.009131917 0.016172273 0.999757111
1341846341.574016 0.065106213 0.080861606 0.395873815 0.012984742 -0.011807934 0.016757552 0.999705553
1341846341.612466 0.061625302 0.084362850 0.393014818 0.013831754 -0.011930590 0.016792139 0.999692142
1341846341.643972 0.059122443 0.084764369 0.390917361 0.012911562 -0.013035181 0.015637890 0.999709368
1341846341.679982 0.058920149 0.081294239 0.387524456 0.012212708 -0.014401840 0.016172284 0.999690890
1341846341.712332 0.057773486 0.083546951 0.389929235 0.013411183 -0.016674383 0.019546056 0.999579906
1341846341.744185 0.058987882 0.081838846 0.388719469 0.013578702 -0.018801361 0.021644486 0.999496698
1341846341.780061 0.058949206 0.083644077 0.383396387 0.014042612 -0.019302744 0.023103239 0.999448061
1341846341.842595 0.062630549 0.078051999 0.380968004 0.015905218 -0.020455593 0.027765824 0.999278545
1341846341.906227 0.062392391 0.074664757 0.376882315 0.019159410 -0.020965105 0.032981716 0.999052346
1341846341.942069 0.063544087 0.071168102 0.372792810 0.022249682 -0.020981070 0.034494463 0.998936892
1341846341.974775 0.064822115 0.072798863 0.370974779 0.025719700 -0.021411210 0.036617320 0.998768866
1341846342.010161 0.060905099 0.072868414 0.369138867 0.026348988 -0.022254465 0.038498376 0.998663247
1341846342.042024 0.066867739 0.067446798 0.368472010 0.027675023 -0.023499625 0.038275182 0.998607457
1341846342.080032 0.070500791 0.071799189 0.361613750 0.030174900 -0.021578407 0.038798276 0.998558223
1341846342.112265 0.063855588 0.065209284 0.361220390 0.029676186 -0.020119654 0.040491357 0.998536408
1341846342.147954 0.065773018 0.062735446 0.365508169 0.032189585 -0.021563038 0.042725619 0.998335302
1341846342.179852 0.070090421 0.064633958 0.359814614 0.034998871 -0.021366104 0.043795537 0.998198628
1341846342.211848 0.069290876 0.066617735 0.363042742 0.035903715 -0.020721614 0.043439932 0.998195648
1341846342.247920 0.067475066 0.062533028 0.358667731 0.036585480 -0.020122601 0.042010818 0.998244286
1341846342.279870 0.070174992 0.063224241 0.359195679 0.038297519 -0.020029716 0.042619102 0.998156130
1341846342.316068 0.072707698 0.062335774 0.356337935 0.039291438 -0.020170541 0.043965030 0.998056293
1341846342.347894 0.073039472 0.064294890 0.355030090 0.039831016 -0.020095358 0.043774609 0.998044789
1341846342.379953 0.072216205 0.063005611 0.355791032 0.039934080 -0.019329745 0.043826234 0.998053551
1341846342.416195 0.071243249 0.063721925 0.356752098 0.040613752 -0.019134587 0.044873901 0.997983336
