1341846361.788774 0.000000000 0.000000000 0.000000000 0.000000000 0.000000000 0.000000000 1.000000000
1341846361.824112 -0.012756159 0.000890594 0.009161525 -0.002271520 0.003680974 -0.004872348 0.999978781
1341846361.856016 -0.028148582 0.018669020 0.008274253 -0.005828384 0.005065286 -0.006933303 0.999946117
1341846361.887871 -0.032954253 -0.005424642 0.020981204 -0.017060788 0.007720158 -0.013969866 0.999727070
1341846361.923930 -0.054136101 -0.021747073 0.030358033 -0.018748617 0.012481367 -0.011366967 0.999681711
1341846361.955927 -0.062195238 -0.020008430 0.025960701 -0.012624024 0.010498386 -0.004114682 0.999856770
1341846361.991999 -0.077555738 -0.025045808 0.024986740 -0.009593931 0.006635122 0.002281629 0.999929368
1341846362.023994 -0.076251052 -0.021774342 0.030717583 -0.005150378 0.003555890 0.003337488 0.999974847
1341846362.056118 -0.080474101 -0.008725625 0.029497206 -0.001816819 0.003774192 0.005100236 0.999978185
1341846362.091992 -0.097914398 -0.009580554 0.030881451 -0.003192958 0.004511812 0.005260757 0.999970853
1341846362.123929 -0.103147201 -0.020570593 0.038793180 -0.004442103 0.003263019 0.006437462 0.999964058
1341846362.156058 -0.111267246 -0.027410431 0.038036708 -0.001493556 0.003365317 0.008739131 0.999954998
1341846362.191987 -0.128468886 -0.023536554 0.046699665 0.002028657 0.003749989 0.011002190 0.999930382
1341846362.224138 -0.136591718 -0.031030519 0.052158061 0.005396598 0.002299761 0.013657023 0.999889493
1341846362.260011 -0.137784287 -0.026056193 0.045825519 0.010932022 0.003483604 0.013716361 0.999840081
1341846362.291979 -0.146215469 -0.028974183 0.043231025 0.013077004 0.007433766 0.013377641 0.999797344
1341846362.323947 -0.160034359 -0.029364316 0.049019758 0.015410486 0.011119906 0.011053549 0.999758303
1341846362.359889 -0.165162370 -0.028061738 0.050778322 0.017626068 0.014163705 0.009209451 0.999701917
1341846362.392021 -0.176538050 -0.028022597 0.049113795 0.018656546 0.019552486 0.010350245 0.999581158
1341846362.423868 -0.191748306 -0.030080149 0.056263704 0.019827276 0.022624791 0.011125893 0.999485433
1341846362.459968 -0.201447874 -0.030689813 0.058610838 0.023108952 0.023673423 0.011598656 0.999385297
1341846362.491924 -0.223141626 -0.034498226 0.062889732 0.024627578 0.024622792 0.014120669 0.999293625
1341846362.523976 -0.221922621 -0.031605478 0.058896948 0.026669428 0.023268767 0.016515953 0.999236941
1341846362.559933 -0.229651406 -0.035135064 0.061977603 0.028379476 0.024311861 0.017958486 0.999140084
1341846362.592338 -0.253300399 -0.033531729 0.062187597 0.029656239 0.026299302 0.017715596 0.999057055
1341846362.628177 -0.260418236 -0.033814397 0.055459581 0.029120997 0.025387479 0.018263118 0.999086559
1341846362.660128 -0.269653767 -0.035548724 0.056590106 0.028355015 0.025693567 0.017089134 0.999121547
1341846362.691901 -0.278965026 -0.031981740 0.073831320 0.027542250 0.023904176 0.016427612 0.999199808
1341846362.727993 -0.290428370 -0.038467161 0.070373088 0.025171731 0.020770788 0.015141022 0.999352634
1341846362.759942 -0.296843439 -0.038845070 0.075823054 0.025015611 0.018269593 0.013247703 0.999432325
1341846362.792002 -0.307637453 -0.034510933 0.062957495 0.024857290 0.017151488 0.010384491 0.999489903
1341846362.827965 -0.317246377 -0.037489522 0.066575386 0.023287265 0.015199699 0.008146320 0.999580085
1341846362.859959 -0.324553788 -0.039488748 0.065752372 0.022824807 0.014109002 0.005049853 0.999627173
1341846362.891861 -0.334994406 -0.038105063 0.067459024 0.023337379 0.014120025 0.004325650 0.999618590
1341846362.928098 -0.344762266 -0.041880012 0.071996838 0.023095846 0.012286433 0.005024906 0.999645114
1341846362.959894 -0.350230187 -0.048707269 0.067458957 0.025234427 0.011304305 0.007185509 0.999591827
1341846362.995909 -0.360214591 -0.050594412 0.072612725 0.028853569 0.010211418 0.009938600 0.999482036
1341846363.028072 -0.367017269 -0.055202834 0.063916706 0.030668205 0.007950795 0.011939768 0.999426663
1341846363.059896 -0.363091022 -0.057036377 0.078734331 0.035304256 0.007680700 0.010552011 0.999291360
1341846363.096102 -0.375820428 -0.048733056 0.068959646 0.039294541 0.010811984 0.007793074 0.999138772
1341846363.127992 -0.383911312 -0.048320021 0.069576845 0.038611040 0.012241253 0.004562426 0.999168932
1341846363.159870 -0.386629969 -0.051666398 0.068639830 0.039816327 0.015226158 0.000791714 0.999090672
1341846363.195966 -0.399047643 -0.055833209 0.071797900 0.041635815 0.019525090 0.004493125 0.998931944
1341846363.227902 -0.411007017 -0.061709981 0.081917182 0.043185338 0.017823126 0.008959968 0.998867869
1341846363.259977 -0.409436584 -0.063330263 0.085920081 0.045778893 0.014698188 0.013663293 0.998749971
1341846363.296031 -0.416698545 -0.059341528 0.088208072 0.049970143 0.017310696 0.016267698 0.998468161
1341846363.328065 -0.430381358 -0.055361755 0.085591406 0.050818462 0.017793100 0.019540945 0.998358130
1341846363.364023 -0.441550523 -0.060948331 0.088346399 0.048666455 0.014571784 0.021941129 0.998467743
1341846363.395985 -0.451296806 -0.063613139 0.091506094 0.047801860 0.010573782 0.021875734 0.998561263
1341846363.427955 -0.452584386 -0.056174461 0.095654123 0.048031211 0.006694801 0.018553969 0.998651028
1341846363.463979 -0.463127583 -0.058840618 0.091180764 0.045856584 0.004040196 0.019136500 0.998756588
1341846363.495986 -0.474069268 -0.053799916 0.095113888 0.044586122 0.000290988 0.020996213 0.998784840
1341846363.527941 -0.478216261 -0.048851315 0.098147757 0.042735130 -0.003014424 0.023144860 0.998813748
1341846363.564057 -0.489761025 -0.047106642 0.086978570 0.039049614 -0.003994091 0.026205873 0.998885572
1341846363.596025 -0.498838872 -0.059156228 0.098236173 0.034252413 -0.008282525 0.029770870 0.998935342
1341846363.632058 -0.505185127 -0.055435006 0.095055811 0.036362421 -0.014784147 0.031401578 0.998735726
1341846363.663931 -0.506958067 -0.045913473 0.094408654 0.038601380 -0.016981380 0.029770881 0.998666704
1341846363.695998 -0.514274538 -0.042643517 0.104459152 0.037522871 -0.018503396 0.024276027 0.998829424
1341846363.732007 -0.513644934 -0.050443847 0.104385652 0.034178745 -0.024588425 0.017803337 0.998954594
1341846363.794060 -0.513962984 -0.050859116 0.095577881 0.037573755 -0.037489004 0.022028932 0.998347402
1341846363.826406 -0.505058646 -0.044394601 0.094032072 0.039072193 -0.040273666 0.019194944 0.998239934
1341846363.861897 -0.499046385 -0.043962494 0.091257647 0.040117167 -0.040148128 0.017637150 0.998232245
1341846363.893984 -0.497278601 -0.038666446 0.085138090 0.040543739 -0.039411522 0.016868627 0.998257697
1341846363.926076 -0.485378802 -0.036137912 0.096207805 0.038774572 -0.040109806 0.016667422 0.998303533
1341846363.962090 -0.474221587 -0.038049661 0.097027339 0.036762092 -0.039443206 0.019255791 0.998359621
1341846363.994287 -0.464115411 -0.040682968 0.091470726 0.035123367 -0.038982447 0.022922000 0.998359323
1341846364.025993 -0.450431794 -0.041402213 0.091719799 0.034407973 -0.038952045 0.023166653 0.998379767
1341846364.061809 -0.440100014 -0.040713117 0.089157119 0.033011854 -0.036556218 0.022311792 0.998536944
1341846364.094209 -0.432969987 -0.057279278 0.091455460 0.032256775 -0.034534600 0.023327684 0.998610377
1341846364.130022 -0.424066007 -0.059744008 0.095561706 0.033767346 -0.034432959 0.023284947 0.998564959
1341846364.162231 -0.409082621 -0.069161341 0.092604890 0.036145080 -0.036688518 0.022161666 0.998426974
1341846364.194049 -0.395057768 -0.069429122 0.085914440 0.041280240 -0.038105138 0.018882409 0.998242140
1341846364.230023 -0.386526763 -0.067914598 0.087395757 0.044341881 -0.039099857 0.016334578 0.998117328
1341846364.262044 -0.367044538 -0.072559021 0.087211892 0.048369844 -0.039989065 0.013489218 0.997937500
1341846364.294059 -0.356794119 -0.059775054 0.076803125 0.053116661 -0.035611052 0.009581293 0.997907162
1341846364.330003 -0.342480451 -0.054894730 0.078960612 0.052776977 -0.032696772 0.007873617 0.998039842
1341846364.362052 -0.319378227 -0.058175884 0.089910321 0.052007865 -0.030533180 0.007467325 0.998151839
1341846364.397902 -0.304858953 -0.063311473 0.079418272 0.052471206 -0.024122048 0.005628665 0.998315215
1341846364.430108 -0.299890399 -0.058564026 0.086232349 0.053166218 -0.019219697 0.004838626 0.998389006
1341846364.462063 -0.285903662 -0.060089573 0.077239767 0.052346606 -0.016109118 0.003333967 0.998493493
1341846364.498091 -0.270272374 -0.060521219 0.078662619 0.052190837 -0.011578938 0.000390576 0.998569906
1341846364.530058 -0.250095934 -0.063624702 0.092726000 0.051312834 -0.009371603 -0.001007765 0.998638153
1341846364.561952 -0.248623937 -0.059216119 0.071350738 0.052012969 -0.005341697 -0.005526315 0.998616815
1341846364.597928 -0.238868505 -0.058294170 0.071801454 0.050612394 -0.001828702 -0.008227302 0.998682797
1341846364.629950 -0.226472557 -0.066985048 0.072310373 0.049301017 0.000028158 -0.007976110 0.998752117
1341846364.665991 -0.222628430 -0.066739269 0.066205144 0.050462283 -0.000078482 -0.006089718 0.998707414
1341846364.698004 -0.213370144 -0.062760800 0.069205768 0.050833039 -0.002044783 -0.004573263 0.998694599
1341846364.730097 -0.199788570 -0.069536343 0.068906255 0.051067017 -0.003006183 -0.004805356 0.998679161
1341846364.766057 -0.189381287 -0.067238726 0.073500760 0.052499391 -0.002217171 -0.003488498 0.998612404
1341846364.798632 -0.175685778 -0.064645134 0.055572752 0.052019145 -0.002839003 -0.003964186 0.998634219
1341846364.833901 -0.156487867 -0.068737589 0.052271601 0.050774999 -0.001534163 -0.006223901 0.998689532
1341846364.865923 -0.146987021 -0.072004199 0.057783980 0.051323287 0.001737286 -0.007015196 0.998655915
1341846364.897970 -0.145178914 -0.069771565 0.057931058 0.051255345 0.000705602 -0.004695725 0.998674273
1341846364.934019 -0.123081721 -0.074133568 0.046450894 0.050662648 -0.002636475 -0.002422932 0.998709381
1341846364.966047 -0.105756335 -0.065704055 0.038689394 0.051899500 -0.000621095 -0.004433475 0.998642266
1341846364.998055 -0.097164460 -0.061256312 0.042855836 0.048839472 0.000898208 -0.004604646 0.998795629
1341846365.034125 -0.089992575 -0.058386624 0.035269499 0.043070868 -0.000877892 -0.002585398 0.999068320
1341846365.066106 -0.078588121 -0.062657110 0.022581391 0.038617611 -0.002768039 -0.005777213 0.999233544
1341846365.101953 -0.055634774 -0.064857006 0.015521880 0.037364252 -0.000964195 -0.012592060 0.999221921
1341846365.133922 -0.043519393 -0.056553110 0.033855084 0.034902200 0.004596956 -0.019149557 0.999196708
1341846365.165953 -0.035482954 -0.063269027 0.034013137 0.031357463 0.007478022 -0.021098653 0.999257565
1341846365.201856 -0.017628573 -0.072678149 0.030967288 0.030422354 0.009441677 -0.023516390 0.999215841
1341846365.234093 0.002342678 -0.077019140 0.043138422 0.030996587 0.013377352 -0.021555634 0.999197483
1341846365.266094 0.007738928 -0.082191557 0.060299695 0.034932319 0.019400220 -0.018201943 0.999035537
1341846365.302078 0.021548051 -0.081951268 0.055818621 0.040580072 0.023051670 -0.012408679 0.998833239
1341846365.334027 0.035520867 -0.077749737 0.041444186 0.045374990 0.026840374 -0.010373387 0.998555481
1341846365.369945 0.055078756 -0.078855731 0.030075893 0.047889903 0.032107089 -0.008827173 0.998297453
1341846365.401963 0.059478849 -0.076792501 0.016683459 0.049185801 0.038027205 -0.006535249 0.998044074
1341846365.434082 0.073587440 -0.065939203 0.028925283 0.050318293 0.041378878 -0.009003676 0.997835040
1341846365.469939 0.092237130 -0.048723593 0.026310530 0.047333661 0.047356028 -0.012471307 0.997677982
1341846365.502100 0.094174728 -0.066399992 0.044153977 0.038098313 0.052665733 -0.008609467 0.997848034
1341846365.533844 0.099324554 -0.078279391 0.048533220 0.035169225 0.052209035 -0.003956368 0.998008847
1341846365.569876 0.110177092 -0.074936211 0.029756099 0.037437458 0.050922904 -0.003443295 0.997994721
1341846365.601930 0.121765845 -0.068158194 0.022609286 0.037002403 0.049468659 0.000679484 0.998089790
1341846365.637899 0.133007750 -0.072794743 0.022168413 0.035280488 0.049897213 0.003629312 0.998124421
1341846365.669890 0.143879741 -0.067244180 0.028136710 0.034980487 0.050040774 0.006659494 0.998112202
1341846365.701977 0.156921834 -0.062344361 0.031006435 0.032340620 0.048906874 0.007725102 0.998249769
1341846365.738098 0.173420206 -0.075644724 0.028113814 0.030622641 0.050584070 0.006803538 0.998227060
1341846365.770026 0.174300477 -0.077781908 0.033944719 0.032969795 0.053451926 0.006572824 0.998004317
1341846365.805834 0.175371155 -0.073815323 0.033605423 0.036027949 0.052275240 0.009360564 0.997938752
1341846365.837937 0.188076839 -0.073439777 0.033031110 0.037793279 0.049112163 0.010472935 0.998023033
1341846365.869952 0.198760271 -0.069589302 0.026275421 0.040017508 0.049389493 0.009049522 0.997936547
1341846365.906411 0.204484850 -0.056339383 0.027200220 0.039942231 0.048729580 0.009500424 0.997967839
1341846365.938000 0.216617689 -0.066051602 0.029747544 0.036504943 0.047607776 0.011426633 0.998133421
1341846365.970022 0.223786950 -0.070101082 0.029479394 0.037953667 0.046889629 0.016767479 0.998037934
1341846366.006126 0.237687916 -0.066108577 0.024992961 0.039953157 0.045445669 0.022141641 0.997921944
1341846366.043876 0.246092603 -0.062894888 0.025351506 0.039777420 0.046239112 0.026021492 0.997798860
1341846366.076490 0.254322886 -0.054141980 0.016753636 0.039532535 0.048195522 0.028427117 0.997650385
1341846366.111888 0.276021987 -0.047229003 -0.005364705 0.036592431 0.051911760 0.028335314 0.997578681
1341846366.143907 0.281658113 -0.044930991 0.006320736 0.032176193 0.057505138 0.029866662 0.997379482
1341846366.176044 0.283805698 -0.052714676 0.006353208 0.027573340 0.059853017 0.034521937 0.997228920
1341846366.212022 0.294647723 -0.056894891 0.003624362 0.025213303 0.059496235 0.039523333 0.997127056
1341846366.243981 0.313734561 -0.052244019 -0.009887318 0.024281316 0.059966423 0.042418078 0.997003078
1341846366.280032 0.303757519 -0.042698510 0.004609619 0.022385079 0.063312456 0.041963004 0.996859848
1341846366.344115 0.321786284 -0.044100896 0.001912767 0.013849875 0.062313374 0.041865617 0.997081995
1341846366.406057 0.336361796 -0.046576962 0.003046298 0.012347026 0.063276216 0.044811886 0.996913016
1341846366.442042 0.343276203 -0.041430797 0.002553717 0.013525580 0.063445754 0.045091696 0.996874332
1341846366.506117 0.354964465 -0.039466925 0.007635849 0.013992996 0.065250911 0.048075493 0.996611893
1341846366.542004 0.360874772 -0.034686282 0.000318088 0.014436266 0.064975426 0.047193479 0.996665716
1341846366.573848 0.373050362 -0.019156449 0.004457635 0.013979211 0.065758571 0.047329672 0.996614456
1341846366.610058 0.373026222 -0.018811975 0.006240034 0.011871170 0.067224689 0.048299488 0.996497393
1341846366.642206 0.382764578 -0.018902734 0.005012276 0.010264013 0.067497276 0.048642069 0.996480167
1341846366.674164 0.384014577 -0.015074281 0.006121310 0.009511926 0.070053644 0.049116556 0.996287882
1341846366.710207 0.388089538 -0.010281353 0.005144257 0.006989479 0.069997974 0.050954815 0.996220410
1341846366.741976 0.396836400 -0.011717794 -0.002399994 0.003829917 0.070213117 0.049441252 0.996298671
1341846366.773916 0.411672741 -0.013593216 -0.003443188 0.003052976 0.072358586 0.049186997 0.996160388
1341846366.810122 0.416574985 -0.011620178 0.000629294 0.002967515 0.073660150 0.052471280 0.995897651
1341846366.841893 0.419685960 -0.015000730 -0.002079268 0.002821096 0.072525136 0.055206962 0.995833516
1341846366.878062 0.422376126 -0.009566796 -0.003849737 0.005066905 0.073290125 0.053859249 0.995842397
1341846366.909933 0.427299142 -0.005203097 -0.004775014 0.006391985 0.074879602 0.055170771 0.995644689
1341846366.941941 0.425706267 -0.005459328 -0.008730184 0.004895394 0.075844623 0.055902306 0.995539308
1341846366.977906 0.440817416 -0.003164025 -0.012778084 0.004136570 0.076303571 0.055280328 0.995542467
1341846367.009852 0.448540211 0.000918400 -0.014632653 0.004023470 0.080420382 0.055365901 0.995214045
1341846367.045944 0.450652570 -0.004233387 -0.015597771 0.003355551 0.084987849 0.055757660 0.994814992
1341846367.077914 0.463384897 0.003183994 -0.020717639 0.006592127 0.089704275 0.055419553 0.994403541
1341846367.110077 0.466559023 0.007145307 -0.021221548 0.007683330 0.095975205 0.055961747 0.993779659
1341846367.145997 0.471675873 0.003856286 -0.016281042 0.007010685 0.098954618 0.059468180 0.993288696
1341846367.177894 0.477360308 0.003399213 -0.023837350 0.009116752 0.101199530 0.060483210 0.992984056
1341846367.209903 0.497713894 0.009416409 -0.036053367 0.012366814 0.104084790 0.063965894 0.992432237
1341846367.245970 0.498648912 0.019609595 -0.033655751 0.011485357 0.109027699 0.068293177 0.991623461
1341846367.277966 0.496630818 0.008957610 -0.026734812 0.008965864 0.112031676 0.070230342 0.991179228
1341846367.314058 0.505384564 0.011235131 -0.040445711 0.011105062 0.113655426 0.071166627 0.990905881
1341846367.346333 0.522256315 0.026615618 -0.043170985 0.012377917 0.116619319 0.071864925 0.990495920
1341846367.378615 0.511595845 0.026598712 -0.043004684 0.009866305 0.120661274 0.076100625 0.989723325
1341846367.413946 0.520878613 0.023567487 -0.040792041 0.008022917 0.120139539 0.077325702 0.989708483
1341846367.446060 0.529763043 0.031989094 -0.045375451 0.008094285 0.122134954 0.076722465 0.989510596
1341846367.478095 0.530347168 0.032334715 -0.044992495 0.005786006 0.125153303 0.081140406 0.988796949
1341846367.514115 0.532540381 0.021818457 -0.035968434 0.005259782 0.125103906 0.085434772 0.988444328
1341846367.546096 0.538888097 0.024391361 -0.042186297 0.009228763 0.124271065 0.086699322 0.988410234
1341846367.581982 0.545685470 0.037155777 -0.052188974 0.011555162 0.124422252 0.089548260 0.988112688
1341846367.613951 0.547607839 0.030629702 -0.054034803 0.008601347 0.123373225 0.092529133 0.987999737
1341846367.645894 0.559575558 0.030048756 -0.061806090 0.007716289 0.121950857 0.090159841 0.988402605
1341846367.682223 0.561411202 0.027208531 -0.063094251 0.007474483 0.125424445 0.090137511 0.987971723
1341846367.714019 0.566984475 0.025600994 -0.061980035 0.008183603 0.126590833 0.092448071 0.987603724
1341846367.745904 0.568781734 0.026720587 -0.061786003 0.009409497 0.127945706 0.093227878 0.987344921
1341846367.781973 0.574669242 0.030552190 -0.064712167 0.010930021 0.129146695 0.093895949 0.987109542
1341846367.813986 0.581064284 0.034936853 -0.073447205 0.010655442 0.130192548 0.095055148 0.986864150
1341846367.850189 0.580708563 0.032565612 -0.077951565 0.010004433 0.132949889 0.093167759 0.986683369
1341846367.881960 0.581798911 0.038849041 -0.076016612 0.009452039 0.133880123 0.093998507 0.986484170
1341846367.914064 0.582821369 0.042819712 -0.075128570 0.006490408 0.133322895 0.095643885 0.986425400
1341846367.950095 0.584667444 0.032299891 -0.071402676 0.003933423 0.134832099 0.095406190 0.986256838
1341846367.981916 0.587406039 0.033472124 -0.070616432 0.005481404 0.137165427 0.093962215 0.986066282
1341846368.017965 0.580047727 0.038861621 -0.068395890 0.005395032 0.138710126 0.095899940 0.985664070
1341846368.050897 0.574128747 0.035275605 -0.061631799 0.004455443 0.137877941 0.095566168 0.985817909
1341846368.082322 0.574219942 0.033284623 -0.067034386 0.004474820 0.137930200 0.093700185 0.985989630
1341846368.118029 0.571902573 0.036435463 -0.064147122 0.004381288 0.137909383 0.094485864 0.985917985
1341846368.150026 0.565698862 0.033946592 -0.057308562 0.003021695 0.136788443 0.096160024 0.985917389
1341846368.181952 0.558216155 0.026182426 -0.055224992 0.004141125 0.136767656 0.093755744 0.986147702
1341846368.217882 0.560940444 0.033463500 -0.060626909 0.005778871 0.136068031 0.094256550 0.986188531
1341846368.250223 0.558009148 0.037973866 -0.058018416 0.004234541 0.135610387 0.095307387 0.986158371
1341846368.286003 0.550039887 0.030850548 -0.052714329 0.002406060 0.136384994 0.093579970 0.986223161
1341846368.317994 0.546128690 0.035648819 -0.050198536 0.002101769 0.134782121 0.093273573 0.986473203
1341846368.350010 0.538898349 0.038900506 -0.045514110 -0.001309960 0.131922245 0.094195738 0.986773551
1341846368.385949 0.522123337 0.035166062 -0.039955601 -0.004268917 0.130398646 0.090396926 0.987322867
1341846368.417845 0.524546862 0.023284942 -0.039840583 -0.006619318 0.127309933 0.087453164 0.987977922
1341846368.450062 0.517200410 0.028231245 -0.028656766 -0.007885454 0.125116482 0.088023022 0.988198161
1341846368.485968 0.514081717 0.025509719 -0.022254813 -0.009352180 0.120620087 0.087747954 0.988768756
1341846368.517939 0.510055304 0.018844899 -0.020899372 -0.009085140 0.117773287 0.085477568 0.989313126
1341846368.554171 0.502949417 0.017555790 -0.021583626 -0.007884602 0.116009541 0.085469924 0.989532471
1341846368.618123 0.490753233 0.019434474 -0.018352188 -0.008907411 0.109872878 0.079620466 0.990711451
1341846368.654302 0.487216800 0.012546467 -0.013160148 -0.009945522 0.108799599 0.076345012 0.991077781
1341846368.685914 0.478433371 0.006550347 -0.006329704 -0.009164768 0.106565699 0.075384542 0.991401494
1341846368.717980 0.472104311 0.006451989 -0.009474785 -0.007652304 0.103806563 0.073057495 0.991881192
1341846368.786190 0.460914254 -0.001465384 -0.008890714 -0.004508689 0.102041081 0.072749481 0.992106259
1341846368.821968 0.452959925 0.005253706 -0.013291990 -0.002058770 0.099453345 0.070378326 0.992548048
1341846368.853991 0.451799572 0.006412229 -0.015226455 -0.002667563 0.099499285 0.065731168 0.992860615
1341846368.885978 0.441723913 -0.006649111 -0.013231378 -0.004379929 0.100781091 0.062518090 0.992932737
1341846368.923221 0.429434210 -0.007516835 -0.003668108 -0.002076512 0.099360809 0.061731044 0.993132651
1341846368.953942 0.423782229 -0.007196989 -0.005568163 0.000565946 0.097364083 0.059887033 0.993445218
1341846368.986016 0.419152051 -0.002940278 -0.003195126 0.002289684 0.095271036 0.058969419 0.993700564
1341846369.021938 0.412284195 -0.003711915 0.000797700 0.002489161 0.094336852 0.057868399 0.993853927
1341846369.053927 0.407139659 -0.007252926 -0.002836088 0.002695669 0.094675973 0.053063672 0.994089246
1341846369.090047 0.401212692 -0.009851780 -0.002644764 0.003020475 0.095860906 0.049842384 0.994141459
1341846369.121845 0.388769716 -0.021544650 -0.005569570 0.004116862 0.096307404 0.050265454 0.994073093
1341846369.154351 0.380647928 -0.024303097 -0.005309015 0.008412696 0.094899870 0.050073411 0.994191110
1341846369.189885 0.377383709 -0.018739795 -0.012237030 0.011930509 0.094588205 0.048480745 0.994263709
1341846369.222188 0.372486353 -0.014907169 -0.010208776 0.011304298 0.096038185 0.046001174 0.994249880
1341846369.257947 0.363812923 -0.025898803 -0.004407186 0.010270862 0.097177371 0.045478206 0.994174421
1341846369.289994 0.354961634 -0.029464168 -0.008096972 0.012609070 0.097058222 0.045070134 0.994177759
1341846369.322196 0.351412803 -0.026433853 -0.010988946 0.015642699 0.096928462 0.046000089 0.994104743
1341846369.357830 0.344548017 -0.022904269 -0.011333105 0.016408067 0.098345585 0.044542897 0.994019568
1341846369.390267 0.335545480 -0.026988234 -0.008787823 0.015968315 0.099337161 0.043119386 0.993990898
1341846369.422057 0.324700028 -0.028493829 -0.008478398 0.016270036 0.099967971 0.042162273 0.993963838
1341846369.457950 0.316109627 -0.031469997 -0.003495397 0.016549082 0.100113772 0.042335737 0.993937135
1341846369.490144 0.297685504 -0.035890337 0.000869563 0.018353779 0.099088527 0.042684354 0.993993282
1341846369.526405 0.291751236 -0.026935568 0.000029859 0.020561814 0.096151553 0.043541145 0.994201362
1341846369.557969 0.279606700 -0.033053081 0.000923579 0.020214837 0.094036862 0.044193495 0.994381905
1341846369.590093 0.273962349 -0.034834813 0.004055589 0.021839919 0.090027317 0.045732282 0.994649053
1341846369.625895 0.261490136 -0.031184575 0.000847403 0.023480142 0.087922223 0.046178073 0.994779348
1341846369.657961 0.255315900 -0.033083368 0.000871617 0.022654902 0.086127028 0.045854345 0.994970500
1341846369.690135 0.242749408 -0.036609467 0.005893871 0.022997908 0.084794253 0.046846095 0.995030880
1341846369.726074 0.225906968 -0.036655508 -0.003929550 0.025046391 0.081719957 0.048781868 0.995145679
1341846369.757962 0.219349086 -0.032758955 0.000263512 0.026641127 0.078011021 0.050177772 0.995332479
1341846369.793964 0.209119722 -0.029809868 0.003007716 0.026908370 0.076223135 0.050899059 0.995427191
1341846369.826161 0.192399576 -0.034097753 0.007880633 0.025577871 0.074349746 0.051730834 0.995561063
1341846369.858015 0.182321474 -0.035246909 0.009184750 0.025729675 0.070776775 0.051271763 0.995841324
1341846369.893954 0.174162537 -0.032233179 0.016476870 0.026210060 0.068349704 0.051994313 0.995960832
1341846369.926051 0.160980672 -0.033758726 0.013067626 0.025304919 0.066188842 0.051713545 0.996144772
1341846369.958062 0.145285472 -0.034069054 0.009489049 0.025150064 0.062076159 0.050052036 0.996498287
1341846369.994037 0.142020971 -0.034761894 0.020039020 0.024927825 0.057736676 0.048442412 0.996844232
1341846370.026058 0.129667982 -0.038380835 0.015641226 0.025368141 0.056369722 0.048143324 0.996925831
1341846370.062000 0.111303546 -0.032432493 0.014012924 0.026161732 0.052409243 0.049945261 0.997032762
1341846370.094135 0.111031987 -0.029354360 0.019925136 0.024615195 0.047370058 0.051166620 0.997262359
1341846370.126153 0.111802392 -0.036708578 0.018829839 0.023714818 0.046374332 0.050573070 0.997361243
1341846370.162082 0.101493888 -0.032113187 0.027404444 0.025249049 0.046789758 0.052189548 0.997220874
1341846370.194044 0.093228653 -0.035217270 0.030456971 0.024613529 0.044991829 0.054821249 0.997178316
1341846370.230152 0.089642853 -0.036230501 0.037752546 0.026571773 0.044179153 0.055544458 0.997124374
1341846370.262175 0.083692938 -0.033963125 0.032614365 0.027861068 0.045206621 0.054176770 0.997118354
1341846370.294216 0.073762275 -0.034868263 0.030510720 0.028339172 0.046834409 0.050494310 0.997223020
1341846370.329892 0.056882493 -0.034024961 0.033719663 0.028366983 0.045685116 0.045487121 0.997516513
1341846370.361939 0.053033032 -0.039092686 0.033062167 0.028738286 0.043485407 0.042176064 0.997749627
1341846370.394073 0.038668532 -0.036614880 0.026468989 0.030146997 0.041232914 0.041658800 0.997825444
1341846370.429985 0.027476782 -0.029139979 0.026355844 0.030544749 0.035720978 0.040205602 0.998085439
1341846370.462095 0.020744184 -0.020584399 0.029602585 0.028957980 0.030312072 0.039196871 0.998351753
1341846370.498034 0.019905912 -0.020149846 0.034654710 0.025390863 0.025149208 0.040104769 0.998556197
1341846370.530176 0.013834560 -0.020342136 0.036269948 0.021920804 0.022402655 0.040496524 0.998687983
1341846370.561949 0.007269149 -0.014472244 0.028626885 0.018842932 0.018653497 0.041661702 0.998779893
1341846370.597989 0.004260266 -0.010805350 0.031767447 0.013911056 0.015291118 0.043020014 0.998860359
1341846370.629913 0.000878254 -0.020076491 0.031863291 0.008922002 0.015502880 0.043195572 0.998906493
1341846370.662062 -0.008196665 -0.021526039 0.027004177 0.007836009 0.015294597 0.042839028 0.998934150
1341846370.697981 -0.009143655 -0.017856369 0.033275146 0.005626302 0.013938401 0.042715676 0.998974204
1341846370.730015 -0.006297989 -0.029795151 0.038270738 0.002016012 0.013308493 0.040268306 0.999098241
1341846370.766182 -0.008187354 -0.034067940 0.029963871 0.002760809 0.016286120 0.036969066 0.999179840
1341846370.797966 -0.014150545 -0.030427068 0.022441503 0.000891430 0.019068722 0.034957182 0.999206483
1341846370.830023 -0.024050202 -0.050390530 0.025079943 -0.003257822 0.021281369 0.032612015 0.999236166
1341846370.866186 -0.018746410 -0.061416212 0.021654176 -0.001139521 0.021052662 0.032778624 0.999240220
1341846370.897994 -0.021831140 -0.055479508 0.014551079 -0.000776029 0.023434013 0.034423362 0.999132276
1341846370.929983 -0.026336320 -0.075512528 0.017703705 -0.003299459 0.024572041 0.035905574 0.999047637
1341846370.971974 -0.021436606 -0.087010786 0.015416333 -0.000102639 0.025286622 0.036350697 0.999019086
1341846371.034127 -0.023834838 -0.100915633 0.009512899 0.005526120 0.031701930 0.037836455 0.998765647
1341846371.066883 -0.021637592 -0.099855229 0.007343132 0.007028851 0.034134559 0.037093528 0.998703897
1341846371.098209 -0.022962213 -0.105525829 0.005770427 0.004750889 0.038255602 0.034008775 0.998677790
1341846371.134068 -0.023226317 -0.112484097 0.004332123 0.003019618 0.041573387 0.032117475 0.998614550
1341846371.165993 -0.027763182 -0.118239529 0.003051304 0.000038238 0.044671927 0.033214189 0.998449385
1341846371.197951 -0.028785881 -0.128968492 0.004202226 -0.003018521 0.045294274 0.033843879 0.998395681
1341846371.233950 -0.022058455 -0.135067135 -0.002434942 -0.003647608 0.045700438 0.034562472 0.998350441
1341846371.266433 -0.017341100 -0.136922941 -0.006670839 -0.006818580 0.048184700 0.035687409 0.998177409
1341846371.302051 -0.019713482 -0.142789140 -0.006673714 -0.013686751 0.051026568 0.036322579 0.997942686
1341846371.334010 -0.014207817 -0.150199637 -0.009905087 -0.019996498 0.054422896 0.033608440 0.997751832
1341846371.366198 -0.008612730 -0.159908429 -0.010532601 -0.025169335 0.059365254 0.031541668 0.997420371
1341846371.402482 -0.019999737 -0.176800862 -0.005380891 -0.028894424 0.063226581 0.033309169 0.997024596
1341846371.434055 -0.026839659 -0.181283459 -0.009014336 -0.027179604 0.063246876 0.034005970 0.997048020
1341846371.469998 -0.021272311 -0.185587302 -0.013020443 -0.024528261 0.063045114 0.032727111 0.997172296
1341846371.501933 -0.021534754 -0.205203936 -0.011372287 -0.024606157 0.065169744 0.031384572 0.997076929
1341846371.534269 -0.029143380 -0.207830876 -0.014343159 -0.023922170 0.066106573 0.031077651 0.997041523
1341846371.570100 -0.028567616 -0.219699621 -0.013280920 -0.024855260 0.063720845 0.028225869 0.997258842
1341846371.602162 -0.024399566 -0.230461627 -0.016342409 -0.023018165 0.062646821 0.025751233 0.997437954
1341846371.634012 -0.028059972 -0.234597906 -0.017393997 -0.021379301 0.064070292 0.024288608 0.997420669
1341846371.669927 -0.038534585 -0.243603244 -0.019429525 -0.021416923 0.062350273 0.022967784 0.997560143
1341846371.702051 -0.022511320 -0.246187016 -0.027086176 -0.021147685 0.058813389 0.021174749 0.997820318
1341846371.737891 -0.025339959 -0.257474214 -0.024020836 -0.022495184 0.061947800 0.016558005 0.997688472
1341846371.769979 -0.034052152 -0.261455506 -0.020126851 -0.021223156 0.061997820 0.015679279 0.997727454
1341846371.802101 -0.032509517 -0.262747794 -0.019998873 -0.020924700 0.058897376 0.018072423 0.997881055
1341846371.837951 -0.028487511 -0.268067092 -0.020465404 -0.021145115 0.056399159 0.020085387 0.997982264
1341846371.870043 -0.021336364 -0.264153123 -0.029822676 -0.021571873 0.055924550 0.022577217 0.997946560
1341846371.902330 -0.022755347 -0.266449392 -0.033990540 -0.026444480 0.058296021 0.021813150 0.997710586
1341846371.938165 -0.021877944 -0.274710149 -0.031925265 -0.032174408 0.059569146 0.019154489 0.997521639
1341846371.969938 -0.010725379 -0.274337530 -0.036355756 -0.035388634 0.062307529 0.017189851 0.997281253
1341846372.005861 -0.018069690 -0.288376451 -0.020556336 -0.038788814 0.068112001 0.014604521 0.996816397
1341846372.038440 -0.024061158 -0.298362255 -0.026907267 -0.035931580 0.068219692 0.015521416 0.996902227
1341846372.070518 -0.014541310 -0.299127012 -0.029247994 -0.033397604 0.066305056 0.014878148 0.997129321
1341846372.111944 -0.014429670 -0.304629952 -0.027469710 -0.032566644 0.067520365 0.012143904 0.997112274
1341846372.143876 -0.011558817 -0.314430326 -0.022801070 -0.029796682 0.067891613 0.008150264 0.997214317
1341846372.179919 -0.014583589 -0.316274405 -0.028579701 -0.026308578 0.067534968 0.006032000 0.997351766
1341846372.212119 -0.021534475 -0.330687344 -0.027606402 -0.024518970 0.065712839 0.004023029 0.997529149
1341846372.244067 -0.025529606 -0.331786633 -0.022006126 -0.019425850 0.062929347 0.000293141 0.997828841
1341846372.279961 -0.027029904 -0.342256278 -0.020196181 -0.014333472 0.061087064 -0.002301974 0.998026848
1341846372.312076 -0.027138062 -0.344090909 -0.020184360 -0.008039529 0.058434427 -0.005726955 0.998242438
1341846372.347910 -0.024183689 -0.344492674 -0.020146402 -0.003587438 0.055822648 -0.007398035 0.998406827
1341846372.379906 -0.025575614 -0.352709949 -0.020957643 -0.000521422 0.052557450 -0.008540164 0.998581231
1341846372.412137 -0.012509903 -0.353910327 -0.021895828 0.003472821 0.048630163 -0.008417018 0.998775363
1341846372.447783 -0.012044639 -0.361383170 -0.022167029 0.005376386 0.047719169 -0.007310059 0.998819590
1341846372.479920 -0.017806066 -0.374840498 -0.009451843 0.008117434 0.045322903 -0.004088908 0.998931050
1341846372.516195 -0.004482749 -0.371931285 -0.008949659 0.011626624 0.040168028 -0.001106088 0.999124706
1341846372.547915 0.006152809 -0.365963370 -0.013337467 0.011823566 0.039794065 -0.002008387 0.999135911
1341846372.579923 0.003755952 -0.372213423 -0.005746852 0.009705981 0.040659536 -0.004213274 0.999117017
1341846372.616037 0.004170100 -0.379638076 -0.002466716 0.008480607 0.039280076 -0.002844776 0.999188185
1341846372.647968 0.011679186 -0.375272214 0.000213611 0.008252420 0.038552277 -0.002646730 0.999219000
1341846372.679953 0.012501528 -0.378085375 -0.001143549 0.006793312 0.040095787 -0.005914439 0.999155223
1341846372.716073 0.012252061 -0.393091112 -0.007865904 0.004395907 0.041620020 -0.005475647 0.999108851
1341846372.747919 0.010045387 -0.401729584 -0.006256258 0.003640794 0.041823983 -0.003821796 0.999111056
1341846372.783912 0.018268241 -0.404587716 -0.011102800 0.004943792 0.040133066 -0.001696136 0.999180675
1341846372.816131 0.025427924 -0.400283992 -0.004564543 0.006475974 0.041737940 -0.000556133 0.999107480
1341846372.848115 0.020357668 -0.402700126 -0.006986695 0.006053373 0.044296801 0.002988623 0.998995602
1341846372.884003 0.021823378 -0.406589389 -0.008405708 0.005874210 0.044772003 0.001332744 0.998979092
1341846372.948016 0.025426680 -0.415523529 -0.000598951 0.005887844 0.050954673 0.001088408 0.998683035
1341846373.010206 0.031732883 -0.430012584 -0.007714891 0.011127794 0.046305194 0.004886128 0.998853445
1341846373.041934 0.039523512 -0.428269506 -0.010822235 0.014297911 0.047911957 0.004458438 0.998739302
1341846373.078079 0.035079829 -0.434988916 -0.010217534 0.015348936 0.051088281 0.004531631 0.998565912
1341846373.110028 0.032422461 -0.439490229 -0.011628656 0.017832732 0.051799364 0.003207369 0.998493135
1341846373.142204 0.038169980 -0.442191154 -0.010596471 0.020556673 0.051880706 0.003737518 0.998434722
1341846373.178121 0.041119747 -0.446610540 -0.013174757 0.022333078 0.052906096 0.005179313 0.998336315
1341846373.210218 0.042950433 -0.451676995 -0.017325385 0.025289645 0.054564521 0.003178310 0.998184860
1341846373.246073 0.044703294 -0.460245848 -0.019308511 0.029205427 0.055834442 0.003480647 0.998006701
1341846373.277962 0.045825977 -0.461360306 -0.022715772 0.034664769 0.057395268 0.003906971 0.997741878
1341846373.310189 0.050875518 -0.460455447 -0.032202046 0.038196813 0.059510726 0.002434631 0.997493625
1341846373.346051 0.056249443 -0.461180210 -0.035126548 0.038247064 0.062747099 0.000021546 0.997296333
1341846373.377993 0.048312940 -0.465363890 -0.033313870 0.037541538 0.066151679 -0.000520654 0.997102976
1341846373.410038 0.048679408 -0.468607217 -0.030891160 0.037699800 0.066728167 0.000192604 0.997058690
1341846373.446109 0.045876626 -0.470394850 -0.031149790 0.037695184 0.067378476 -0.001890565 0.997013390
1341846373.478409 0.045229595 -0.478259861 -0.028279196 0.037800625 0.067397520 -0.000344684 0.997009814
1341846373.514006 0.040314540 -0.481610388 -0.031749394 0.039879646 0.066820495 0.002436583 0.996964753
1341846373.546097 0.048005491 -0.475146204 -0.031923000 0.041921414 0.063700050 0.003667403 0.997081459
1341846373.578079 0.056868590 -0.474614829 -0.037945032 0.042007912 0.064289011 0.002415701 0.997043848
1341846373.613978 0.044952724 -0.466429710 -0.031091725 0.042582817 0.066991009 0.001170967 0.996843755
1341846373.646060 0.045030780 -0.462048352 -0.030751439 0.041903526 0.064839065 0.001545328 0.997014344
1341846373.682101 0.056666851 -0.452827841 -0.033320684 0.040813819 0.064205296 0.001598586 0.997100472
1341846373.713942 0.053890277 -0.445599109 -0.034614183 0.037633926 0.067645662 0.002233723 0.996996820
1341846373.746309 0.044708990 -0.436874688 -0.028546767 0.033996832 0.069326974 0.001618795 0.997013211
1341846373.782079 0.039781876 -0.434592634 -0.024921456 0.030893371 0.068628818 0.000991612 0.997163296
1341846373.814899 0.049158130 -0.433072060 -0.026373221 0.029938435 0.068031974 -0.000800120 0.997233510
1341846373.846131 0.037347849 -0.418917924 -0.020239398 0.030244960 0.070560694 -0.004271207 0.997039676
1341846373.882197 0.028024592 -0.409785002 -0.023665426 0.029030463 0.068914093 -0.005688529 0.997183859
1341846373.914066 0.026173415 -0.400977075 -0.019416193 0.026717480 0.065405995 -0.002076787 0.997498810
1341846373.949976 0.033324130 -0.390092909 -0.017324034 0.024287188 0.063255914 0.001745427 0.997700214
1341846373.982090 0.027190743 -0.380743206 -0.015462887 0.021640508 0.063335903 0.002472566 0.997754514
1341846374.014518 0.019007176 -0.374395669 -0.015906757 0.017570086 0.061356712 0.006018399 0.997943103
1341846374.050082 0.017370736 -0.364008278 -0.012431317 0.014588530 0.058050383 0.008623582 0.998169780
1341846374.082248 0.021448679 -0.365398973 -0.012397860 0.011324923 0.056165081 0.009458449 0.998312473
1341846374.114063 0.021449855 -0.352726638 -0.012042158 0.009631863 0.056474436 0.009811014 0.998309374
1341846374.150230 0.010574365 -0.355033994 -0.007576788 0.006744454 0.056461271 0.009801107 0.998333871
1341846374.181949 0.008012002 -0.352682501 -0.007599835 0.007728306 0.054278344 0.010504860 0.998440683
1341846374.217985 0.012674792 -0.344991237 -0.008970448 0.009311844 0.052570853 0.013874036 0.998477399
1341846374.250018 0.013026563 -0.326786011 -0.012239547 0.010357069 0.053209778 0.014961245 0.998417556
1341846374.281921 0.007947862 -0.310801476 -0.010507954 0.008442710 0.054315884 0.013997757 0.998389959
1341846374.318502 0.008291977 -0.305864483 -0.011309565 0.005064114 0.054534722 0.013419953 0.998408854
1341846374.350047 0.003978738 -0.292339921 -0.011248638 0.002107997 0.056546461 0.013709048 0.998303592
1341846374.382011 -0.003810450 -0.289914668 -0.003169373 -0.001597836 0.056922723 0.013144444 0.998290718
1341846374.418020 -0.007145871 -0.280206949 -0.002383504 -0.002689216 0.054996409 0.013464683 0.998392105
1341846374.450160 -0.008106482 -0.272519439 0.000137718 -0.004767787 0.053360198 0.013451992 0.998473346
1341846374.486170 -0.004826264 -0.260194510 -0.002875319 -0.006540367 0.052622106 0.013348409 0.998503864
1341846374.524087 -0.012652446 -0.252945989 0.002302033 -0.009879991 0.053004179 0.012983266 0.998461008
1341846374.586056 -0.020134177 -0.240924224 0.008817000 -0.014638394 0.048512790 0.012451941 0.998637676
1341846374.617848 -0.022357015 -0.241258010 0.015900057 -0.016729187 0.046127263 0.014008355 0.998697221
1341846374.654133 -0.025880303 -0.234132186 0.017919436 -0.016108626 0.043458816 0.015800567 0.998800397
1341846374.685940 -0.024122218 -0.221564561 0.020193901 -0.015010444 0.040378239 0.018883867 0.998893261
1341846374.718159 -0.027924275 -0.216038719 0.020459015 -0.015121108 0.038513318 0.022293748 0.998894930
1341846374.754050 -0.027803583 -0.207434773 0.022357838 -0.013854396 0.035274368 0.023504736 0.999005139
1341846374.786226 -0.026352096 -0.195282266 0.018768663 -0.013160517 0.032945059 0.023512140 0.999093890
1341846374.818164 -0.028864482 -0.195560828 0.019779947 -0.013105146 0.032349497 0.022743793 0.999131858
1341846374.854017 -0.033119939 -0.189126045 0.020721003 -0.010248121 0.030896636 0.021818949 0.999231875
1341846374.886253 -0.032947451 -0.182045117 0.024004903 -0.007174835 0.027349077 0.022846475 0.999339044
1341846374.921999 -0.029960841 -0.171686858 0.021530315 -0.004461738 0.024887569 0.022830714 0.999419570
1341846374.953860 -0.029516300 -0.154548526 0.000850240 -0.001334855 0.022861715 0.024848757 0.999428868
1341846374.985929 -0.032803230 -0.149117306 0.000093827 -0.000686038 0.020660343 0.025789106 0.999453664
1341846375.022029 -0.029105427 -0.151855692 -0.000202699 0.000923793 0.017894248 0.028222751 0.999441087
1341846375.053968 -0.027982475 -0.145826906 -0.001257286 0.005523065 0.016130591 0.032089934 0.999339581
1341846375.085937 -0.029766396 -0.133797377 0.001842796 0.009437915 0.015495838 0.033486489 0.999274492
1341846375.122015 -0.030449683 -0.121515386 -0.002702104 0.010267439 0.015542499 0.031433310 0.999332249
1341846375.190345 -0.030123122 -0.115516767 -0.000790577 0.005991898 0.021621188 0.025727985 0.999417186
1341846375.222041 -0.034498874 -0.115747616 0.001918395 0.006393527 0.021788118 0.023679603 0.999461710
1341846375.254127 -0.025692575 -0.111042723 0.003494752 0.008309840 0.020845072 0.024615170 0.999445140
1341846375.289892 -0.026962524 -0.110875323 0.005138956 0.011296284 0.023108823 0.025163883 0.999352336
1341846375.322192 -0.042196438 -0.104651973 0.015510461 0.014492083 0.024967365 0.025231194 0.999264717
1341846375.354172 -0.043483742 -0.086393587 0.009516826 0.014120592 0.024371663 0.025140489 0.999287009
1341846375.390033 -0.033521272 -0.074124120 0.013544169 0.009784203 0.025205944 0.022086056 0.999390423
1341846375.422976 -0.041754797 -0.071792424 0.012949450 0.003680970 0.028529203 0.018920131 0.999407113
1341846375.458036 -0.045822442 -0.068568625 0.014360976 -0.002025168 0.027460657 0.018560575 0.999448478
1341846375.489941 -0.040940877 -0.069700122 0.020400327 -0.006668053 0.026621256 0.018339718 0.999455094
1341846375.521981 -0.041481465 -0.072758824 0.026402643 -0.007523383 0.027539242 0.018922586 0.999413311
1341846375.557947 -0.046689630 -0.067664981 0.025200138 -0.005494550 0.026525093 0.022296438 0.999384344
1341846375.590116 -0.045596603 -0.067075297 0.029453056 -0.003648812 0.022841563 0.027903041 0.999342978
1341846375.622399 -0.035416801 -0.059636768 0.029328136 0.000275387 0.021567002 0.029797958 0.999323189
1341846375.658264 -0.037853271 -0.053982634 0.030747348 0.003910508 0.023662597 0.031025602 0.999230802
1341846375.690116 -0.042708237 -0.051455222 0.032713775 0.008414336 0.023036299 0.036194090 0.999043822
1341846375.726080 -0.032678064 -0.036591556 0.036063876 0.017130950 0.020554887 0.040387649 0.998825729
1341846375.757947 -0.036240377 -0.026333271 0.035258841 0.024927873 0.020669093 0.043813352 0.998514771
1341846375.789914 -0.035423338 -0.018343404 0.040198918 0.030978026 0.018482031 0.047735661 0.998208404
1341846375.826111 -0.035684675 0.001063343 0.042549834 0.035143111 0.016941171 0.046365384 0.998162448
1341846375.858282 -0.043472808 0.030101610 0.037642833 0.034066588 0.015694881 0.041873924 0.998418570
1341846375.893889 -0.047699094 0.051177558 0.045267437 0.025550138 0.013520292 0.038356937 0.998845875
1341846375.926121 -0.039231207 0.043879576 0.052157287 0.015891887 0.012028052 0.037389718 0.999101996
1341846375.958089 -0.042252421 0.054208990 0.053022902 0.011029867 0.013073439 0.037216581 0.999160826
1341846375.994060 -0.037876658 0.061182894 0.061627038 0.006494035 0.012709328 0.038765173 0.999146402
1341846376.026115 -0.036238931 0.062287029 0.065915883 0.005052160 0.014613705 0.040921316 0.999042749
1341846376.057999 -0.037876278 0.071868479 0.068439476 0.006195935 0.016474349 0.043248273 0.998909295
1341846376.094015 -0.036824279 0.086471103 0.073810279 0.006486308 0.018581556 0.044944562 0.998795629
1341846376.126126 -0.039264984 0.099072151 0.076269232 0.006576662 0.022484284 0.044099804 0.998752415
1341846376.162125 -0.038337994 0.113932304 0.075148925 0.004853229 0.026069893 0.043398097 0.998705864
1341846376.194033 -0.044492580 0.116978794 0.083675228 0.001305778 0.027979232 0.043891411 0.998643577
1341846376.226110 -0.049214087 0.123974539 0.086258054 -0.001095725 0.027980199 0.046288732 0.998535573
1341846376.262088 -0.048001587 0.124165453 0.091968887 -0.002254569 0.026712880 0.049999777 0.998389363
1341846376.293911 -0.044006199 0.131316617 0.095930852 -0.000128817 0.026469026 0.052320603 0.998279512
1341846376.326088 -0.047832150 0.137408569 0.094485007 0.002257463 0.027042503 0.054506153 0.998144627
1341846376.362076 -0.050912041 0.148542672 0.094521903 0.003374593 0.025827812 0.055640936 0.998111010
1341846376.393924 -0.045580912 0.153949425 0.101008311 0.002815273 0.024286026 0.054719381 0.998202443
1341846376.429909 -0.045122910 0.161894262 0.105031423 0.003605685 0.026540151 0.049781583 0.998400927
1341846376.462224 -0.050838821 0.167078942 0.106121786 0.001493904 0.028178750 0.047141869 0.998489559
1341846376.494092 -0.052152842 0.168859407 0.112901628 0.000260537 0.027470030 0.046109095 0.998558581
1341846376.529992 -0.050257526 0.176979437 0.116053529 0.001046284 0.027213978 0.046287503 0.998556852
1341846376.562034 -0.049104623 0.182617471 0.114247605 0.000477970 0.028559793 0.044541873 0.998599112
1341846376.594092 -0.049924534 0.189388052 0.117522478 -0.000531548 0.029653110 0.044635318 0.998562992
1341846376.630016 -0.049746815 0.197032824 0.120049775 -0.001409940 0.030066628 0.043484017 0.998600602
1341846376.662132 -0.045486905 0.202839017 0.125084341 -0.002325310 0.031901419 0.041577950 0.998623133
1341846376.697981 -0.050501306 0.208225176 0.126806334 -0.002754048 0.034429405 0.041602574 0.998537064
1341846376.730128 -0.048878923 0.212736800 0.126721740 -0.003071910 0.035236657 0.041431569 0.998515069
1341846376.762061 -0.045522615 0.227557287 0.124748409 -0.002639530 0.035517290 0.041550409 0.998501420
1341846376.797939 -0.045531210 0.239446282 0.125643387 -0.004672274 0.035396289 0.040073719 0.998558640
1341846376.829920 -0.046176400 0.244440928 0.130503803 -0.008302188 0.036275130 0.042249169 0.998413861
1341846376.866170 -0.047221035 0.254735261 0.129618362 -0.010777986 0.035952292 0.045774572 0.998246431
1341846376.898026 -0.043969303 0.265326738 0.129763573 -0.014124409 0.034510501 0.045867864 0.998251319
1341846376.930139 -0.038239274 0.282259196 0.135235682 -0.017045232 0.035287105 0.042594213 0.998323619
1341846376.966511 -0.043452553 0.290748417 0.137995243 -0.023780014 0.039181828 0.040576238 0.998124659
1341846376.997919 -0.044481490 0.295582354 0.138902932 -0.029105492 0.040984299 0.041920021 0.997855663
1341846377.030079 -0.041454133 0.300041020 0.145558938 -0.032894816 0.041262530 0.042344727 0.997708499
1341846377.066212 -0.044905115 0.307117194 0.144832358 -0.036085591 0.042419106 0.044649258 0.997449219
1341846377.097918 -0.049604192 0.312870353 0.147774205 -0.039938089 0.042293709 0.043666951 0.997351170
1341846377.134079 -0.053955611 0.316189021 0.148627892 -0.043322511 0.041399408 0.043581240 0.997251153
1341846377.166160 -0.053386379 0.314954162 0.147441238 -0.047325753 0.036644138 0.045479458 0.997170568
1341846377.197925 -0.054522581 0.327849001 0.153955460 -0.047040489 0.032219693 0.044831686 0.997366130
1341846377.233952 -0.053137414 0.340348333 0.152080372 -0.048664331 0.030277543 0.042309288 0.997459292
1341846377.266486 -0.048980396 0.336459607 0.155766040 -0.053454302 0.031678535 0.041420143 0.997207820
1341846377.298068 -0.052921142 0.346485823 0.155750543 -0.055983141 0.032346904 0.044783987 0.996902168
1341846377.334109 -0.054304365 0.348712206 0.158491597 -0.059488159 0.031407207 0.045318026 0.996705055
1341846377.366029 -0.050549816 0.347380221 0.158308908 -0.061416987 0.031173749 0.043627378 0.996670842
1341846377.401870 -0.052526824 0.349014014 0.159249112 -0.062688395 0.032301050 0.040826123 0.996674478
1341846377.434052 -0.052647900 0.339960098 0.162656665 -0.064706855 0.031692076 0.040865440 0.996563435
1341846377.466127 -0.052070923 0.338965327 0.160358548 -0.062353715 0.031837009 0.041188031 0.996695518
1341846377.502027 -0.053205360 0.343879044 0.155539349 -0.059840426 0.032767992 0.037264593 0.996973813
1341846377.534114 -0.045148168 0.334697336 0.157723144 -0.060176935 0.034108397 0.034577981 0.997005403
1341846377.566085 -0.049312282 0.323497921 0.157355875 -0.059051864 0.036026370 0.036080569 0.996951938
1341846377.602113 -0.050798487 0.314649582 0.157373920 -0.057674907 0.036028359 0.036468677 0.997018337
1341846377.633912 -0.051154725 0.309327215 0.163641140 -0.051355883 0.036886469 0.034277707 0.997410119
1341846377.676329 -0.052280769 0.301147759 0.149637222 -0.047711805 0.038993917 0.031748574 0.997594655
1341846377.743964 -0.043325253 0.272260189 0.146069616 -0.042139299 0.035053737 0.029325845 0.998065889
1341846377.802535 -0.043243859 0.258819014 0.137623236 -0.040669210 0.034502719 0.029412292 0.998143494
1341846377.835932 -0.044454861 0.240776569 0.137760326 -0.035506804 0.036559820 0.030267598 0.998241723
1341846377.872063 -0.050233018 0.242688224 0.133992985 -0.032577265 0.033934914 0.038607288 0.998146594
1341846377.902201 -0.038693912 0.238895312 0.143998116 -0.032121222 0.026230512 0.039155450 0.998372197
1341846377.939383 -0.033706568 0.236700371 0.149554834 -0.027170649 0.029497871 0.031059530 0.998712659
1341846377.970635 -0.041135743 0.221750826 0.121075280 -0.031031307 0.032519501 0.033182614 0.998438001
1341846378.002401 -0.037843503 0.202283308 0.130492151 -0.035790425 0.025623418 0.035049867 0.998415709
1341846378.038883 -0.031871781 0.197094381 0.129604802 -0.031502474 0.025912425 0.032063376 0.998653114
1341846378.106524 -0.034904189 0.179192603 0.125949234 -0.034187313 0.026265059 0.028505666 0.998663485
1341846378.138114 -0.031602968 0.166672975 0.122068696 -0.033082981 0.027025599 0.023512550 0.998810470
1341846378.170157 -0.030801607 0.160899490 0.111855261 -0.032293979 0.028683895 0.015883464 0.998940468
1341846378.206045 -0.031426787 0.146527156 0.110834576 -0.035263296 0.029655738 0.011885741 0.998867214
1341846378.238081 -0.031113319 0.125525847 0.114128970 -0.035941735 0.029784493 0.010098029 0.998858929
1341846378.275916 -0.027743258 0.117586181 0.111791238 -0.032479696 0.029670855 0.008877392 0.998992443
1341846378.312389 -0.026570017 0.112371877 0.110232189 -0.031483669 0.031901456 0.005951155 0.998977304
1341846378.344267 -0.024018060 0.091185234 0.110401511 -0.031793613 0.034338363 0.004912673 0.998892307
1341846378.376036 -0.023010992 0.080021694 0.102145329 -0.027654765 0.035536032 0.004339571 0.998976290
1341846378.411936 -0.022962134 0.078619853 0.097520329 -0.025115898 0.036978979 0.002179873 0.998997986
1341846378.444079 -0.023856042 0.063396677 0.095789947 -0.024810888 0.040010933 -0.001825602 0.998889506
1341846378.480041 -0.024597144 0.052098505 0.086040698 -0.024300778 0.039998665 -0.003420513 0.998898327
1341846378.512023 -0.025160801 0.043043781 0.090865530 -0.024476176 0.038176671 -0.005040581 0.998958468
1341846378.543975 -0.017663375 0.035712413 0.088335499 -0.021193381 0.039588172 -0.010471155 0.998936415
1341846378.579973 -0.023137640 0.021290764 0.082305215 -0.020336669 0.042452753 -0.011855099 0.998821139
1341846378.612676 -0.022499025 0.011306767 0.085670352 -0.018092856 0.042229522 -0.011774354 0.998874724
1341846378.643945 -0.021547969 -0.000007215 0.077197246 -0.014285759 0.045291584 -0.013506127 0.998780370
1341846378.679954 -0.023515973 -0.005526976 0.073432982 -0.011124367 0.046466351 -0.012591464 0.998778522
1341846378.742199 -0.017201815 -0.016867049 0.069006771 -0.005035110 0.050308805 -0.019347293 0.998533607
1341846378.774089 -0.025438093 -0.027141040 0.072157659 -0.000318018 0.055090912 -0.021694927 0.998245597
1341846378.805994 -0.029563021 -0.032690812 0.075628757 0.002971602 0.055660382 -0.019856755 0.998247862
1341846378.842121 -0.011961782 -0.046368845 0.044108748 0.004086540 0.055497054 -0.022190109 0.998203874
1341846378.874022 -0.013364527 -0.060126659 0.044279773 0.006098428 0.058238573 -0.025321221 0.997962892
1341846378.911788 -0.016543873 -0.061817776 0.046393842 0.009040857 0.060077418 -0.024163099 0.997860253
1341846378.974034 -0.013169788 -0.076547697 0.045157548 0.012481191 0.060981296 -0.025496073 0.997735143
1341846379.009977 -0.013932408 -0.083714150 0.045055728 0.014971867 0.063543268 -0.024989389 0.997553825
1341846379.041991 -0.014728720 -0.084120646 0.048238464 0.016651273 0.064577766 -0.025684252 0.997443080
1341846379.078155 -0.005534626 -0.094359905 0.044016965 0.017582079 0.065642938 -0.030236229 0.997229993
1341846379.109871 -0.010207863 -0.100570202 0.041290540 0.018494876 0.066530727 -0.030140093 0.997157514
1341846379.142034 -0.006848932 -0.113635145 0.047054604 0.017807372 0.066592671 -0.030896805 0.997142792
1341846379.178080 -0.008539737 -0.129176304 0.039999694 0.019670354 0.068581924 -0.036094408 0.996798277
1341846379.209979 -0.010048196 -0.142896950 0.036736868 0.025017409 0.069605500 -0.037598111 0.996551812
1341846379.242047 -0.005854331 -0.153974980 0.043791298 0.032136943 0.066434316 -0.033518448 0.996709704
1341846379.278304 -0.000817936 -0.171261281 0.034297761 0.037115142 0.064096756 -0.035503324 0.996621072
1341846379.310076 -0.006285517 -0.167934194 0.028644366 0.046379425 0.068923101 -0.039130408 0.995774746
1341846379.346166 -0.004823408 -0.174835876 0.035804778 0.053027485 0.070560656 -0.036571480 0.995425463
1341846379.377944 -0.005601082 -0.199365526 0.020938635 0.058684848 0.070848741 -0.036744397 0.995081127
1341846379.409974 0.000996955 -0.198962957 0.025227927 0.068441547 0.072449751 -0.036064297 0.994367182
1341846379.446065 0.002937313 -0.190693110 0.026589761 0.074485183 0.073528558 -0.033791866 0.993933439
1341846379.478631 0.003980826 -0.186903447 0.016862037 0.075219452 0.072575457 -0.032838117 0.993980110
1341846379.511214 0.011398351 -0.198924571 0.010293959 0.073086552 0.073719531 -0.035922430 0.993948400
1341846379.546204 -0.001252389 -0.204507500 0.022251103 0.074767426 0.076507330 -0.035313316 0.993634462
1341846379.578217 -0.006134787 -0.198132128 0.028683715 0.076273419 0.072552435 -0.030890768 0.993963897
1341846379.614096 0.007730301 -0.202290371 0.019325109 0.073800094 0.068908617 -0.030184094 0.994431496
1341846379.646030 0.007259542 -0.200087428 0.024264829 0.072170742 0.071509846 -0.030580774 0.994355321
1341846379.678830 -0.000482771 -0.198988914 0.032253109 0.069883265 0.071125008 -0.028024698 0.994621634
1341846379.714071 -0.000017959 -0.197060794 0.033507198 0.068155929 0.067575172 -0.024880253 0.995072544
1341846379.746082 0.013052006 -0.197597057 0.026269527 0.066099457 0.066481203 -0.023914564 0.995308578
1341846379.778087 0.001555086 -0.183745861 0.033038028 0.064496517 0.068829343 -0.021069219 0.995318472
1341846379.813931 -0.004752188 -0.177501723 0.033895571 0.060143258 0.066594668 -0.018152384 0.995800376
1341846379.845927 0.006415427 -0.181525022 0.032987375 0.055305474 0.064443387 -0.016791690 0.996246159
1341846379.881893 0.005177339 -0.166332245 0.036691222 0.051065084 0.064769603 -0.013870513 0.996496260
1341846379.913954 0.003450711 -0.157148689 0.039136179 0.043903843 0.063129947 -0.008772424 0.997000515
1341846379.946050 -0.000299981 -0.156744882 0.039879266 0.036024973 0.061795358 -0.009512779 0.997393131
1341846379.981969 -0.006670192 -0.155608043 0.045142859 0.031171897 0.060807973 -0.007151690 0.997636974
1341846380.013935 -0.009813781 -0.145400614 0.045974452 0.026875047 0.057527166 -0.002223688 0.997979641
1341846380.046124 -0.005941336 -0.134434789 0.050649408 0.020999631 0.054610696 0.001852821 0.998285174
1341846380.082142 -0.000805036 -0.128334284 0.052117627 0.015297776 0.054190658 0.001190481 0.998412669
1341846380.114330 -0.006780878 -0.126094013 0.062328894 0.010470907 0.055695288 0.003444893 0.998386919
1341846380.150278 -0.013170653 -0.128096625 0.067247465 0.008050367 0.054463461 0.006765111 0.998460352
1341846380.182030 -0.009799723 -0.120074674 0.067612633 0.009158546 0.052819915 0.008563695 0.998525321
1341846380.213908 -0.009666049 -0.097071543 0.061368652 0.008997501 0.052765731 0.008579507 0.998529494
1341846380.250090 -0.006450956 -0.052353181 0.064433254 0.005198782 0.053504083 0.006534889 0.998532712
1341846380.281996 -0.000533534 -0.055446088 0.070091397 -0.004306511 0.057480365 0.005693594 0.998321116
1341846380.318009 -0.006252209 -0.053346556 0.067430802 -0.010315088 0.061983328 0.005529154 0.998008549
1341846380.350031 -0.005115146 -0.040653110 0.074005038 -0.016157992 0.062340740 0.011568012 0.997857034
1341846380.382297 -0.000068874 -0.032967575 0.076128446 -0.019987954 0.063047431 0.013466279 0.997719467
1341846380.418020 -0.010537064 -0.026119141 0.078936473 -0.023722960 0.065336771 0.012656432 0.997500956
1341846380.450059 -0.022493426 -0.023301963 0.082915127 -0.032014519 0.063309275 0.020612739 0.997267306
1341846380.481987 -0.022506913 -0.008751408 0.084381133 -0.039183773 0.057395011 0.024723357 0.997275889
1341846380.518026 -0.008500981 -0.008601688 0.090083815 -0.045765162 0.052525260 0.025126826 0.997253835
1341846380.549973 -0.011512140 -0.001413171 0.096173689 -0.047924522 0.051840413 0.026051318 0.997164547
1341846380.585876 -0.010212074 0.005278792 0.099884771 -0.047897350 0.046851959 0.026883041 0.997390628
1341846380.617833 -0.004887522 0.000215071 0.099049076 -0.047736209 0.043807816 0.025253817 0.997579217
1341846380.650010 -0.002872087 0.001352463 0.097543135 -0.044520542 0.042913277 0.023207780 0.997816503
1341846380.686058 -0.004424458 0.006518945 0.097273789 -0.041202180 0.041266598 0.021920305 0.998057604
1341846380.718154 -0.000956364 0.013908790 0.079889491 -0.038501792 0.039207213 0.022721305 0.998230517
1341846380.750063 0.007526797 0.013599239 0.074999809 -0.033308841 0.038346991 0.021987131 0.998467147
1341846380.785897 0.003014531 0.021384070 0.088754907 -0.027110210 0.039292593 0.024039976 0.998570561
1341846380.818263 -0.004799190 0.027740344 0.091405913 -0.025964584 0.036327966 0.026081838 0.998661995
1341846380.854055 -0.001789234 0.015522081 0.089477018 -0.026665105 0.033659451 0.022436520 0.998825610
1341846380.886150 -0.000640913 0.024556633 0.099218018 -0.021187762 0.033166416 0.022182150 0.998978972
1341846380.918124 -0.015558140 0.034748830 0.111385994 -0.020003213 0.030809756 0.022444094 0.999072969
1341846380.954125 -0.006407955 0.041511007 0.101506770 -0.020078598 0.024245840 0.024413036 0.999206185
1341846380.985985 0.002229815 0.037865091 0.101966910 -0.019720798 0.024622152 0.021888543 0.999262571
1341846381.018098 -0.000699597 0.042994797 0.115519367 -0.017992858 0.025870126 0.022562027 0.999248683
1341846381.054072 -0.001911834 0.039578468 0.122072883 -0.017237710 0.023161914 0.022831386 0.999322355
1341846381.086074 0.007308622 0.030481897 0.128591210 -0.013005736 0.022322675 0.023990177 0.999378324
1341846381.122035 0.008535489 0.039138205 0.137191951 -0.009979004 0.023321722 0.025976267 0.999340653
1341846381.159808 0.009500380 0.039824430 0.145338073 -0.010358174 0.023008522 0.024615306 0.999378502
1341846381.222118 0.023836652 0.046062499 0.161987275 -0.009612702 0.025723727 0.026501803 0.999271512
1341846381.254198 0.027172437 0.039080001 0.172244161 -0.012982358 0.029503901 0.025185866 0.999162972
1341846381.289977 0.041940928 0.038836882 0.190598249 -0.011732896 0.034954067 0.026718041 0.998962820
1341846381.322365 0.034085568 0.050708272 0.204399794 -0.010205952 0.039003890 0.031343810 0.998695195
1341846381.353963 0.038239669 0.048762064 0.215186104 -0.012911150 0.039915945 0.035934139 0.998473227
1341846381.389983 0.063437000 0.052654229 0.217195585 -0.013879792 0.040811896 0.037028674 0.998383999
1341846381.421973 0.051158525 0.058788683 0.231942624 -0.017030673 0.049163815 0.040149208 0.997838140
1341846381.454108 0.057828065 0.056987457 0.255302340 -0.020211300 0.049879596 0.040707581 0.997720659
1341846381.489891 0.073250480 0.044869095 0.263808042 -0.019431692 0.051375445 0.043610808 0.997537494
1341846381.521988 0.073123410 0.047007781 0.278166234 -0.013694906 0.055705845 0.049724888 0.997114241
1341846381.558072 0.071800731 0.046746839 0.287000209 -0.010916740 0.059654050 0.051894736 0.996809483
1341846381.589879 0.075591549 0.050572854 0.294215560 -0.008996266 0.063271366 0.050157085 0.996694565
1341846381.622018 0.083232090 0.051929649 0.307710379 -0.010164879 0.066695414 0.048105400 0.996561229
1341846381.657894 0.083207212 0.047153778 0.322813720 -0.010724447 0.070454285 0.045258448 0.996430039
1341846381.689870 0.087062463 0.034300592 0.334134996 -0.008273788 0.073726259 0.043047726 0.996314645
1341846381.722338 0.090236299 0.041136064 0.342500150 -0.005086547 0.076380298 0.043578573 0.996113002
1341846381.758166 0.095125891 0.042083725 0.359203786 -0.004384667 0.077555381 0.043661803 0.996021867
1341846381.790889 0.096736833 0.035732225 0.366840690 -0.003606658 0.079631902 0.041961607 0.995934188
1341846381.826591 0.108389966 0.043477256 0.386297375 0.000619836 0.081421785 0.041284651 0.995824158
1341846381.859589 0.102963075 0.038161810 0.398583233 0.000754703 0.081538759 0.042879384 0.995747089
1341846381.890538 0.104267567 0.037940558 0.410558134 0.002726076 0.077255435 0.044376984 0.996019483
1341846381.926191 0.108013295 0.038530510 0.420672268 0.002976655 0.075107060 0.041145742 0.996321797
1341846381.958121 0.101849936 0.049710657 0.427396864 0.001454166 0.073104143 0.040417045 0.996503949
1341846381.990050 0.090932898 0.051142942 0.445735455 -0.002713407 0.066945560 0.041232720 0.996900618
1341846382.026007 0.114062548 0.044221207 0.450808197 -0.007860980 0.059489410 0.037832774 0.997480810
1341846382.059217 0.114961110 0.048438437 0.462798506 -0.012721742 0.059833761 0.032325838 0.997603714
1341846382.094090 0.113319300 0.043233089 0.480287880 -0.018402047 0.058031570 0.032417316 0.997618556
1341846382.126195 0.126444921 0.033564560 0.491049111 -0.020630814 0.053566359 0.033982713 0.997772634
1341846382.158170 0.130404726 0.034869764 0.500437260 -0.020176312 0.054570321 0.034973308 0.997693241
1341846382.194097 0.131563380 0.035254352 0.509982228 -0.021005586 0.055374883 0.036809251 0.997565806
1341846382.226010 0.132562608 0.030163869 0.524749160 -0.021617917 0.055534679 0.038566418 0.997477412
1341846382.258172 0.137437761 0.029378029 0.532306194 -0.021544568 0.055653598 0.038525790 0.997473955
1341846382.294020 0.138876110 0.030323409 0.543225229 -0.021346316 0.058174599 0.036543805 0.997408986
1341846382.325957 0.130798608 0.033123679 0.558563948 -0.021509713 0.059005663 0.034145351 0.997441649
1341846382.361974 0.134320438 0.024686957 0.571681261 -0.023740806 0.057088625 0.032727625 0.997550130
1341846382.393888 0.133807316 0.022795964 0.584884346 -0.022450287 0.055851862 0.031201171 0.997698903
1341846382.425972 0.132237673 0.025038084 0.595416486 -0.021915305 0.055108260 0.027027098 0.997873902
1341846382.462037 0.129058570 0.024322594 0.603994429 -0.023266228 0.053988200 0.022242099 0.998022676
1341846382.494003 0.133628070 0.020540353 0.619918048 -0.025717136 0.049960744 0.019208705 0.998235285
1341846382.530148 0.139034167 0.018836867 0.631069064 -0.025703795 0.046840593 0.016104151 0.998441756
1341846382.562400 0.133576915 0.020636301 0.642082751 -0.024272187 0.047867581 0.015114030 0.998444378
1341846382.593981 0.134310111 0.018754425 0.653681874 -0.023542982 0.047914758 0.015254768 0.998457432
1341846382.629905 0.134581342 0.013168748 0.661018968 -0.020092377 0.048564497 0.018612698 0.998444438
1341846382.661966 0.136644766 0.019516740 0.670781672 -0.016480519 0.048322879 0.021193165 0.998470902
1341846382.693976 0.131654769 0.015961854 0.678378761 -0.018127801 0.049087841 0.021914376 0.998389482
1341846382.730021 0.133422524 0.013870017 0.685405016 -0.017711887 0.049879391 0.021208415 0.998372972
1341846382.762004 0.130174547 0.024757747 0.692481458 -0.014834300 0.050995301 0.022288280 0.998339951
1341846382.798112 0.124539644 0.023237087 0.697738886 -0.018106706 0.050149407 0.019526523 0.998386681
1341846382.829949 0.131201684 0.021263558 0.699860930 -0.020479707 0.049895771 0.014504937 0.998439074
1341846382.861875 0.128453687 0.021434721 0.705595791 -0.020914128 0.052025493 0.011496110 0.998360574
1341846382.897967 0.127356872 0.017771550 0.710353553 -0.021966204 0.052377507 0.012931472 0.998301983
1341846382.930017 0.134067386 0.016678674 0.712761223 -0.020499695 0.052302599 0.013588724 0.998328388
1341846382.962121 0.135419577 0.022043526 0.712085366 -0.018062159 0.055049688 0.012589311 0.998240888
1341846382.997950 0.131360516 0.016609471 0.718215466 -0.019026887 0.056765992 0.014402152 0.998102307
1341846383.029927 0.129847944 0.019511973 0.719765723 -0.017283954 0.057179395 0.014460701 0.998109579
1341846383.104184 0.132343248 0.022590306 0.720592856 -0.019980235 0.061993241 0.007297336 0.997849882
1341846383.172122 0.137703240 0.018302074 0.733714044 -0.023242630 0.059737373 0.005904070 0.997926056
1341846383.236935 0.134626999 0.024530206 0.734516859 -0.022843804 0.068677001 0.006520336 0.997356057
1341846383.272112 0.136067152 0.023735026 0.739698470 -0.021632161 0.067122422 0.009509139 0.997464895
1341846383.303955 0.148468062 0.027765565 0.733994246 -0.020091223 0.065653384 0.012217152 0.997565389
1341846383.336133 0.138618723 0.032510199 0.731698155 -0.022515878 0.069263257 0.011462661 0.997278452
1341846383.398119 0.145875961 0.025248200 0.728533387 -0.025199799 0.067003310 0.013737528 0.997339904
1341846383.433991 0.148288384 0.016981564 0.721026957 -0.027883563 0.068147957 0.014992561 0.997172832
1341846383.466087 0.145023510 0.018113729 0.717447639 -0.027293799 0.068639629 0.015172911 0.997152686
1341846383.501974 0.138884336 0.017074080 0.712792456 -0.026731351 0.068130016 0.018352313 0.997149408
1341846383.533975 0.142025769 0.019367157 0.708491743 -0.025559494 0.064740613 0.018127829 0.997409999
1341846383.565981 0.139899954 0.021810571 0.704555213 -0.025861744 0.064116597 0.015845820 0.997481406
1341846383.602253 0.128977895 0.016416956 0.690600693 -0.027158111 0.063168757 0.014836806 0.997522950
1341846383.634175 0.118289568 0.021794997 0.685125470 -0.025431875 0.059317030 0.014940624 0.997803330
1341846383.665988 0.124679722 0.028493442 0.678097785 -0.024616972 0.053021166 0.013008273 0.998205185
1341846383.702104 0.114581786 0.020703869 0.667733908 -0.026894595 0.051801667 0.010638897 0.998238504
1341846383.734131 0.104751341 0.019611772 0.663493395 -0.027196113 0.048480060 0.010486092 0.998398781
1341846383.770067 0.100429200 0.019868370 0.654976726 -0.026651924 0.043402974 0.013547592 0.998610198
1341846383.802027 0.095702380 0.024077412 0.644744992 -0.025345478 0.040074591 0.012807579 0.998793066
1341846383.870067 0.079070039 0.019556936 0.623227239 -0.027312817 0.035967242 0.014768831 0.998870492
1341846383.901854 0.083556145 0.028898090 0.613307357 -0.025271639 0.031034159 0.015397617 0.999080122
1341846383.934301 0.077005394 0.030222259 0.601983249 -0.027931063 0.030433482 0.014569593 0.999040246
1341846383.969997 0.072585240 0.022815391 0.592252433 -0.030317783 0.028534634 0.014875022 0.999022186
1341846384.001936 0.068857618 0.024179380 0.585954964 -0.027703099 0.025656575 0.018022506 0.999124348
1341846384.038092 0.066536911 0.032618880 0.572419643 -0.025051171 0.020280726 0.019457612 0.999291003
1341846384.070104 0.068216331 0.031533644 0.559742212 -0.026506530 0.018444465 0.015722152 0.999354839
1341846384.102008 0.063783370 0.023338862 0.549666941 -0.026490638 0.018542040 0.014766183 0.999368012
1341846384.138265 0.052889720 0.026540382 0.539594769 -0.024602920 0.016230360 0.017320681 0.999415457
1341846384.170093 0.057392690 0.028935468 0.525700212 -0.025082579 0.012738976 0.016647477 0.999465585
1341846384.202188 0.051467959 0.032204341 0.512136638 -0.023886394 0.014949460 0.013941738 0.999505699
1341846384.237844 0.048597112 0.034675360 0.503436208 -0.023866765 0.015247212 0.013932809 0.999501765
1341846384.269968 0.044944860 0.026906263 0.494767159 -0.025140811 0.013863063 0.015736302 0.999463916
1341846384.306015 0.044063412 0.033575680 0.484111726 -0.022402650 0.014016728 0.014881569 0.999539971
1341846384.337907 0.039765835 0.040801145 0.471996278 -0.021596648 0.014570212 0.014963653 0.999548614
1341846384.369865 0.040676441 0.039392691 0.464239985 -0.023349334 0.013214677 0.014003282 0.999541938
1341846384.406199 0.040782813 0.035812210 0.452762425 -0.023393581 0.013725802 0.011968367 0.999560475
1341846384.437788 0.033107888 0.045437463 0.441244960 -0.022145681 0.014513669 0.011098123 0.999587774
1341846384.469882 0.034019064 0.043195378 0.430922419 -0.025496753 0.013079286 0.009229402 0.999546766
1341846384.506115 0.034785718 0.045320608 0.423202157 -0.026092742 0.014349087 0.005846588 0.999539435
1341846384.537970 0.032930546 0.050218623 0.413223475 -0.027223531 0.016853014 0.005411566 0.999472618
1341846384.573994 0.028393297 0.041257862 0.408059597 -0.029857414 0.017054280 0.007896676 0.999377489
1341846384.606493 0.026464460 0.037397929 0.398744851 -0.028307980 0.015463471 0.012292344 0.999404013
1341846384.637999 0.020275991 0.047346387 0.392126679 -0.025086910 0.015341012 0.014123538 0.999467790
1341846384.674068 0.015420606 0.052572608 0.384931684 -0.024864627 0.014479477 0.012820940 0.999503732
1341846384.705921 0.015512995 0.049781710 0.373174399 -0.024710437 0.013155433 0.011444070 0.999542534
1341846384.742045 0.009787371 0.051919796 0.364983678 -0.025178678 0.011032632 0.010640117 0.999565482
1341846384.774082 0.005210439 0.060701400 0.355526149 -0.026492614 0.009404504 0.006707220 0.999582291
1341846384.805987 0.003810483 0.057665218 0.346365482 -0.028433215 0.008975778 0.001749864 0.999553859
1341846384.842025 -0.004382518 0.061761715 0.335978091 -0.028700937 0.008349122 0.000566843 0.999553025
1341846384.874081 -0.005183323 0.055855136 0.329310149 -0.030837182 0.006021462 0.003085933 0.999501526
1341846384.905998 -0.004093548 0.057557393 0.318584710 -0.028608697 0.005538429 0.005190375 0.999561846
1341846384.942014 -0.009360900 0.064305410 0.306765288 -0.027755586 0.006167904 0.008113986 0.999562740
1341846384.974049 -0.012707154 0.063138887 0.301541805 -0.028893711 0.006048981 0.010322633 0.999510884
1341846385.009917 -0.012526316 0.059192900 0.292382985 -0.027162874 0.006300939 0.015283275 0.999494314
1341846385.042211 -0.016391415 0.069820158 0.287836254 -0.024672335 0.007073928 0.017213468 0.999522328
1341846385.073967 -0.020106196 0.065652385 0.281294256 -0.027051512 0.008317884 0.016786939 0.999458492
1341846385.110157 -0.022039348 0.061306775 0.273151308 -0.026604855 0.009544080 0.017073305 0.999454677
1341846385.141931 -0.024150655 0.055183399 0.267088860 -0.026041605 0.009795584 0.019625023 0.999420226
1341846385.173929 -0.029976089 0.054008633 0.260592908 -0.025103277 0.008762058 0.018615535 0.999473095
1341846385.210052 -0.033007186 0.058178727 0.252828449 -0.022901667 0.008715079 0.012696342 0.999619126
1341846385.242941 -0.040116474 0.057116214 0.244624779 -0.022077451 0.010110734 0.006532596 0.999683797
1341846385.278001 -0.042252637 0.058468550 0.239752248 -0.021445280 0.008996574 0.003161400 0.999724507
1341846385.311234 -0.047211997 0.047353406 0.231846437 -0.020696437 0.008424356 0.003334648 0.999744773
1341846385.342936 -0.052847210 0.050716706 0.224383652 -0.017171798 0.007091947 0.002520391 0.999824226
1341846385.378101 -0.060014598 0.056932956 0.215681523 -0.015937366 0.007760481 0.000127583 0.999842882
1341846385.410048 -0.067237340 0.056258742 0.211834460 -0.016094536 0.007188638 -0.000753481 0.999844313
1341846385.442088 -0.073464267 0.055194240 0.203984737 -0.015611060 0.005006512 -0.000452266 0.999865472
1341846385.477970 -0.081972808 0.057881892 0.196960360 -0.016226999 0.001805551 -0.001052460 0.999866128
1341846385.510109 -0.088916503 0.058078866 0.190650046 -0.016696999 0.000394255 -0.001005213 0.999859989
1341846385.545989 -0.098420106 0.056586858 0.185579360 -0.017500928 -0.001969263 -0.000578647 0.999844730
1341846385.577939 -0.107207477 0.061212774 0.175705880 -0.018270060 -0.006416443 -0.000668206 0.999812245
1341846385.609948 -0.113580614 0.058490921 0.169232547 -0.019372135 -0.008782319 -0.000151385 0.999773741
1341846385.646024 -0.120821394 0.061875675 0.158664137 -0.019504193 -0.012253284 0.000066683 0.999734700
1341846385.678122 -0.135339275 0.065355577 0.149530932 -0.020678569 -0.017265555 0.001344309 0.999636173
1341846385.713966 -0.130317077 0.063939184 0.146404833 -0.021179602 -0.021143939 0.002165168 0.999549747
1341846385.745986 -0.129981861 0.060394254 0.139695898 -0.020885017 -0.021825304 0.004060640 0.999535382
1341846385.778024 -0.143434465 0.065476350 0.129017085 -0.020501368 -0.023218736 0.007211428 0.999494135
1341846385.814480 -0.144745350 0.071024895 0.125499785 -0.020261891 -0.024601616 0.005708114 0.999475658
1341846385.846594 -0.146453977 0.076384924 0.115889937 -0.020045130 -0.021957036 0.002515011 0.999554813
1341846385.884072 -0.159828395 0.076740369 0.109915726 -0.021062529 -0.018608741 0.003925108 0.999597251
1341846385.920282 -0.164307460 0.079545230 0.100892566 -0.021494284 -0.020670397 0.006068249 0.999536812
1341846385.951967 -0.155589566 0.076513432 0.084991924 -0.022046542 -0.020033702 0.004781583 0.999544799
1341846385.983828 -0.158305481 0.078122191 0.085059121 -0.021079687 -0.016374584 0.004542792 0.999633372
1341846386.019954 -0.166258603 0.071255356 0.075302951 -0.021984959 -0.016054206 0.007529113 0.999601007
1341846386.053153 -0.165583089 0.070525534 0.072990790 -0.020468360 -0.017943874 0.006404520 0.999608934
1341846386.087964 -0.162085742 0.075959362 0.063229159 -0.016740922 -0.016395895 0.002045612 0.999723315
1341846386.120298 -0.166365802 0.074252062 0.055829577 -0.015844034 -0.013732941 0.000261778 0.999780118
1341846386.152323 -0.174306482 0.066787899 0.047031753 -0.014585237 -0.013458683 -0.000361268 0.999802947
1341846386.187922 -0.177056774 0.069267243 0.038950857 -0.011447197 -0.014744123 -0.003788296 0.999818563
1341846386.220214 -0.172884703 0.067878522 0.030728363 -0.009513813 -0.014595412 -0.008298153 0.999813795
1341846386.251878 -0.177646294 0.060318641 0.012732179 -0.007322972 -0.012737846 -0.011156362 0.999829829
1341846386.287926 -0.187133804 0.060577132 0.001497947 -0.004357076 -0.013495636 -0.011617968 0.999831975
1341846386.320048 -0.179486036 0.065176845 -0.009630600 -0.001466780 -0.016106714 -0.015116537 0.999754906
1341846386.351806 -0.177417055 0.064499728 -0.024094764 0.000077663 -0.014035936 -0.019124199 0.999718547
1341846386.387904 -0.183101341 0.061933801 -0.042398326 0.001642223 -0.012846888 -0.019328142 0.999729276
1341846386.420158 -0.186861381 0.062106539 -0.058972873 0.003390670 -0.014787976 -0.017967181 0.999723434
1341846386.488011 -0.176073864 0.074875563 -0.087152727 0.005671257 -0.019455811 -0.021310484 0.999567509
1341846386.550203 -0.189418495 0.067596868 -0.120226808 0.006770575 -0.018666379 -0.020755708 0.999587357
1341846386.582265 -0.189355165 0.078654431 -0.136940181 0.008224380 -0.021637358 -0.019381793 0.999544144
1341846386.618055 -0.182579339 0.084416538 -0.156476572 0.008060785 -0.022021605 -0.021836253 0.999486446
1341846386.651032 -0.188366860 0.089988470 -0.180403933 0.007040212 -0.019990809 -0.023512706 0.999498844
1341846386.682220 -0.190248191 0.091514498 -0.192060858 0.004612580 -0.021425132 -0.021693187 0.999524415
1341846386.718071 -0.182771072 0.086503252 -0.201995000 0.003404191 -0.022901341 -0.019248486 0.999546587
1341846386.750071 -0.171617195 0.089624308 -0.221717715 0.005550378 -0.021296127 -0.017539391 0.999603927
1341846386.786100 -0.179274157 0.093928851 -0.239145130 0.006154741 -0.018080108 -0.014198595 0.999716759
1341846386.817967 -0.173478708 0.089508571 -0.253925115 0.006352087 -0.019625390 -0.012926868 0.999703646
1341846386.850155 -0.166851565 0.097572379 -0.275648057 0.007799729 -0.018506832 -0.013094481 0.999712527
1341846386.886034 -0.166368037 0.098557562 -0.287590891 0.007568693 -0.015525216 -0.011273946 0.999787271
1341846386.918050 -0.168267757 0.098941751 -0.301780969 0.007847299 -0.013801764 -0.007699136 0.999844313
1341846386.954005 -0.168063089 0.103801385 -0.310165673 0.008795214 -0.012933267 -0.005651662 0.999861717
1341846386.986155 -0.159047931 0.104589075 -0.328383982 0.008385097 -0.011924770 -0.005504677 0.999878585
1341846387.018027 -0.156995937 0.100512929 -0.333780527 0.007724947 -0.007561986 -0.003663442 0.999934852
1341846387.054058 -0.164791599 0.101346776 -0.347904354 0.009210011 -0.005301807 -0.000928099 0.999943078
1341846387.086157 -0.161048844 0.105844758 -0.359572411 0.010144341 -0.005452461 -0.001138882 0.999933004
1341846387.118350 -0.157259390 0.104014464 -0.371988863 0.010553457 -0.002654579 -0.002927499 0.999936521
1341846387.153927 -0.162737817 0.104805134 -0.384578347 0.011958303 -0.000133215 -0.002546020 0.999925256
1341846387.185953 -0.169941351 0.114316911 -0.397802174 0.012318682 -0.000489271 -0.002798363 0.999920070
1341846387.222042 -0.165827990 0.118044734 -0.399379164 0.010584141 -0.001374108 -0.005004076 0.999930501
1341846387.253968 -0.163112283 0.113158733 -0.410920739 0.009194752 0.000248255 -0.006858787 0.999934196
1341846387.286046 -0.168986544 0.115182228 -0.425041646 0.007946093 0.000748723 -0.004795731 0.999956667
1341846387.322002 -0.166347802 0.119146459 -0.432911903 0.006379569 -0.000487075 -0.004121576 0.999971032
1341846387.353879 -0.158382744 0.115676150 -0.446101010 0.004982272 0.000691947 -0.004450503 0.999977410
1341846387.386177 -0.168252662 0.116864517 -0.455464125 0.004813792 0.001692130 -0.001301147 0.999986112
1341846387.422132 -0.163811550 0.121679254 -0.461100996 0.005526720 0.000045034 0.000618769 0.999984562
1341846387.454043 -0.155154124 0.125932530 -0.470643044 0.006068003 0.000786676 -0.000979600 0.999980807
1341846387.490166 -0.162213087 0.123045027 -0.484870166 0.005129057 0.002146491 0.000021698 0.999984503
1341846387.522009 -0.162674800 0.121339060 -0.494809568 0.005190819 0.000005933 0.004611262 0.999975860
1341846387.554619 -0.157635435 0.129901513 -0.505213737 0.006265035 -0.000911079 0.005558602 0.999964476
1341846387.590257 -0.158887237 0.139317840 -0.517911255 0.005150204 0.000186353 0.005337714 0.999972463
1341846387.622301 -0.159991860 0.133624837 -0.523931324 0.001510860 0.001560162 0.006401476 0.999977171
1341846387.654151 -0.166768566 0.131318614 -0.530177534 -0.000433763 0.001682735 0.006822325 0.999975204
1341846387.690110 -0.166041479 0.135788530 -0.542865992 -0.001360576 -0.000535871 0.005966180 0.999981105
1341846387.722109 -0.165655613 0.137202710 -0.549336135 -0.003642921 -0.001510064 0.005302222 0.999978185
1341846387.758177 -0.166511014 0.133379757 -0.553009808 -0.005286426 -0.002100478 0.006421835 0.999963224
1341846387.790191 -0.171444029 0.129561454 -0.559753776 -0.005288902 -0.003572203 0.009744668 0.999932110
1341846387.822157 -0.160983965 0.137742341 -0.563191056 -0.003803405 -0.006788818 0.010795320 0.999911427
1341846387.858179 -0.164645448 0.145497128 -0.568909645 -0.003834163 -0.007297297 0.012944700 0.999882221
1341846387.890013 -0.168608025 0.142521515 -0.575645924 -0.004277337 -0.009814364 0.014392079 0.999839127
1341846387.926103 -0.163636267 0.147797689 -0.583559036 -0.003790161 -0.011235687 0.013803637 0.999834418
1341846387.958426 -0.170212314 0.149729922 -0.584554493 -0.004418936 -0.011169129 0.016543688 0.999790967
1341846387.990086 -0.173488945 0.148036107 -0.584606647 -0.005364747 -0.013541725 0.018345963 0.999725580
1341846388.026158 -0.171876431 0.137535065 -0.577199221 -0.004797384 -0.017144511 0.016431483 0.999706507
1341846388.058060 -0.166922212 0.137534127 -0.583021283 0.000217060 -0.019316541 0.023252189 0.999542952
1341846388.089974 -0.172457322 0.137691200 -0.582572937 0.005202532 -0.021733113 0.027827585 0.999362946
1341846388.126088 -0.161620140 0.150522709 -0.589841783 0.008161436 -0.024422698 0.026890259 0.999306679
1341846388.158090 -0.153783575 0.168555439 -0.592752576 0.006506668 -0.023071069 0.023497056 0.999436438
1341846388.194068 -0.160465792 0.155682683 -0.575149715 0.000957653 -0.020319719 0.020575713 0.999581337
1341846388.225961 -0.162867963 0.151652947 -0.568312883 0.000006370 -0.020749237 0.018745601 0.999608934
1341846388.257928 -0.161938041 0.158267289 -0.566078722 -0.000720487 -0.020744700 0.019668015 0.999591053
1341846388.294066 -0.162290469 0.146706298 -0.550915062 -0.002558475 -0.020956218 0.019578075 0.999585450
1341846388.325954 -0.155527785 0.154404655 -0.544010818 -0.000578476 -0.021703834 0.017876336 0.999604404
1341846388.357936 -0.155998468 0.157647863 -0.536228299 -0.001936210 -0.019960890 0.016112654 0.999669015
1341846388.394202 -0.158443481 0.145762518 -0.525654793 -0.003959919 -0.020500321 0.014291020 0.999679863
1341846388.425957 -0.145837188 0.143287390 -0.532113433 -0.004614332 -0.022401419 0.011876416 0.999667823
1341846388.462012 -0.150596678 0.143962920 -0.514487386 -0.005450090 -0.019923665 0.009342832 0.999742985
1341846388.493961 -0.156455681 0.137224481 -0.493577033 -0.004854137 -0.020404465 0.008648214 0.999742627
1341846388.526293 -0.151931822 0.136185318 -0.487374753 -0.003154993 -0.022436893 0.008439153 0.999707639
1341846388.562293 -0.145319477 0.133536294 -0.478761047 -0.001722592 -0.021166295 0.006998635 0.999750018
1341846388.594090 -0.147972718 0.134577796 -0.464961052 -0.000693873 -0.019335374 0.006098816 0.999794185
1341846388.626030 -0.149593517 0.132650331 -0.447760940 -0.000894592 -0.019864719 0.005860378 0.999785125
1341846388.662009 -0.141899422 0.121694423 -0.441945732 -0.000354618 -0.019472465 0.003846440 0.999802947
1341846388.694110 -0.143987998 0.127204835 -0.431549430 0.001665390 -0.018195786 0.003538227 0.999826789
1341846388.730239 -0.142613992 0.126923859 -0.412877798 0.000148447 -0.019118659 0.002600575 0.999813795
1341846388.762131 -0.136898354 0.115694456 -0.402113378 -0.000511042 -0.018196343 -0.000646442 0.999834120
1341846388.794087 -0.140603185 0.123355769 -0.391678602 0.001203369 -0.015911514 0.000079164 0.999872684
1341846388.830117 -0.146324888 0.125226557 -0.368966252 -0.000871183 -0.016770393 0.001889128 0.999857187
1341846388.868548 -0.135059208 0.111207210 -0.362981558 -0.002026034 -0.017921725 0.001936333 0.999835491
1341846388.900942 -0.138966799 0.121381760 -0.345955491 -0.000733769 -0.016072497 0.001745660 0.999869049
1341846388.937157 -0.143581286 0.126816705 -0.319492519 -0.003320548 -0.017124563 0.002198267 0.999845445
1341846388.970712 -0.138938218 0.113334209 -0.303486586 -0.005989890 -0.017861055 0.002194618 0.999820113
1341846389.001153 -0.140043154 0.121103786 -0.284391433 -0.004863168 -0.017322697 -0.000357139 0.999838054
1341846389.036956 -0.141656414 0.115752257 -0.278152049 -0.008250063 -0.018067323 0.000793816 0.999802411
1341846389.069208 -0.136899769 0.104412474 -0.255947232 -0.011421744 -0.018926969 0.000053392 0.999755621
1341846389.168276 -0.139677420 0.091612101 -0.222497985 -0.012330065 -0.017955534 0.000847416 0.999762416
1341846389.230639 -0.150335491 0.089713141 -0.187778667 -0.008928579 -0.016460374 0.002172951 0.999822259
1341846389.266034 -0.145790786 0.089310117 -0.173006848 -0.007696183 -0.018401984 0.000756743 0.999800742
1341846389.298760 -0.139759287 0.085562997 -0.163333729 -0.006537891 -0.016144937 -0.000976863 0.999847829
1341846389.329980 -0.144138247 0.086810470 -0.141773298 -0.004670609 -0.014228256 -0.000490611 0.999887764
1341846389.366022 -0.140684068 0.087814271 -0.126455650 -0.004105227 -0.014651003 -0.000422214 0.999884188
1341846389.397969 -0.133805349 0.080759227 -0.124865018 -0.004278478 -0.012386685 -0.000405822 0.999914050
1341846389.433982 -0.133640632 0.083378747 -0.109033935 -0.000837634 -0.008494147 -0.000498503 0.999963462
1341846389.466033 -0.136152461 0.085852690 -0.098384835 -0.001115968 -0.007779890 0.002524967 0.999965906
1341846389.498030 -0.130681947 0.081569090 -0.083678462 -0.002139665 -0.008429070 0.001991219 0.999960184
1341846389.534085 -0.126140952 0.088049091 -0.075034261 -0.000769141 -0.005614293 0.000349169 0.999983907
1341846389.565875 -0.130215406 0.094098143 -0.062352680 -0.002376244 -0.003531299 0.000794526 0.999990642
1341846389.597960 -0.128845736 0.088045269 -0.050365552 -0.007306461 -0.004725577 0.001442312 0.999961138
1341846389.634116 -0.125626147 0.087348871 -0.038583200 -0.008261566 -0.005326677 0.000148213 0.999951720
1341846389.665950 -0.125646964 0.099716187 -0.022139939 -0.009537093 -0.003767823 -0.002219256 0.999944985
1341846389.702127 -0.122552231 0.088634335 -0.005680470 -0.015170230 -0.003383164 -0.004489533 0.999869108
1341846389.734086 -0.120629422 0.085881628 0.007381536 -0.014759867 -0.005249982 -0.002690294 0.999873638
1341846389.765898 -0.114666216 0.090939239 0.013564407 -0.014335889 -0.006496695 -0.002382592 0.999873281
1341846389.802126 -0.115001090 0.088475265 0.029680509 -0.015719822 -0.006174057 -0.003789245 0.999850214
1341846389.834063 -0.113089636 0.084104881 0.042027306 -0.014369845 -0.005799234 -0.002751444 0.999876142
1341846389.866260 -0.111493967 0.083256826 0.052622527 -0.011826065 -0.006298598 0.001380734 0.999909282
1341846389.902002 -0.106368400 0.083399273 0.056983527 -0.010614784 -0.007759680 0.001177455 0.999912858
1341846389.934117 -0.099437021 0.083960623 0.065637171 -0.009550302 -0.006184954 -0.001428339 0.999934256
1341846389.970116 -0.097898304 0.085134737 0.077018239 -0.009311119 -0.004089664 -0.000888301 0.999947906
1341846390.002129 -0.098611042 0.082083568 0.086971648 -0.009763431 -0.006076228 0.001533829 0.999932706
1341846390.034099 -0.093688630 0.082787119 0.095771104 -0.008486941 -0.008837739 0.000237347 0.999924898
1341846390.070024 -0.090578467 0.088762894 0.101495557 -0.007455098 -0.007685209 -0.003800918 0.999935448
1341846390.101910 -0.088828966 0.084366210 0.114734322 -0.009252380 -0.008164302 -0.003890273 0.999916315
1341846390.137924 -0.082371563 0.078295060 0.124927409 -0.008623313 -0.010898931 -0.002913314 0.999899149
1341846390.170038 -0.074723966 0.083401740 0.125527591 -0.006746609 -0.011115963 -0.003334453 0.999909878
1341846390.202115 -0.071091361 0.086399019 0.134682029 -0.009339591 -0.010156166 -0.005556669 0.999889374
1341846390.238117 -0.071162149 0.077913910 0.143761754 -0.010757740 -0.010991535 -0.003695121 0.999874890
1341846390.270052 -0.066603638 0.083310805 0.145801246 -0.009556279 -0.014138795 0.002151863 0.999852061
1341846390.302085 -0.056877863 0.082918227 0.151184604 -0.011232247 -0.015212092 0.004098563 0.999812782
1341846390.338496 -0.050620694 0.080322117 0.162838668 -0.011471232 -0.014205863 0.006593083 0.999811530
1341846390.370105 -0.053554837 0.083534047 0.174683392 -0.010811420 -0.015271175 0.011139853 0.999762833
1341846390.438106 -0.041172847 0.085339628 0.188877985 -0.015688403 -0.021731121 0.008024051 0.999608517
1341846390.505984 -0.037928466 0.089848563 0.210501090 -0.020108912 -0.030161643 0.011890559 0.999271989
1341846390.538495 -0.022907298 0.085629009 0.211661160 -0.021825168 -0.033237327 0.008729385 0.999171019
1341846390.606055 -0.023082547 0.094056532 0.233958930 -0.023526415 -0.035101172 0.014941221 0.998995066
1341846390.638031 -0.010276369 0.095565185 0.233711705 -0.023068205 -0.038395036 0.015992953 0.998868346
1341846390.673954 0.001021898 0.098979637 0.234401315 -0.022940494 -0.036196407 0.014036327 0.998982728
1341846390.705937 -0.003476209 0.106874555 0.243507043 -0.025040938 -0.034038723 0.012526596 0.999028206
1341846390.737965 0.004745133 0.097344518 0.257368147 -0.028824454 -0.036239207 0.012628207 0.998847544
1341846390.774135 0.017893165 0.096291132 0.251833856 -0.027061760 -0.035150018 0.011775197 0.998946190
1341846390.806067 0.022194674 0.107817642 0.261712700 -0.025870867 -0.030971836 0.012893264 0.999102175
1341846390.838026 0.019293511 0.108593546 0.271919131 -0.027701898 -0.029593969 0.015106312 0.999063849
1341846390.874116 0.017822083 0.111450255 0.275233120 -0.028577922 -0.028560966 0.016807579 0.999042094
1341846390.906067 0.024413269 0.114226997 0.277611226 -0.030075606 -0.027651301 0.019728513 0.998970270
1341846390.942137 0.024016730 0.112101130 0.285828143 -0.032620683 -0.027282171 0.023860902 0.998810410
1341846390.974052 0.027319551 0.107033297 0.290375531 -0.032148588 -0.028786799 0.028173281 0.998671114
1341846391.006164 0.028330257 0.114854313 0.283559650 -0.030117014 -0.030374683 0.030449003 0.998620629
1341846391.042303 0.036365390 0.109427221 0.286802351 -0.033453982 -0.032147188 0.028377624 0.998519957
1341846391.074134 0.034754444 0.109796874 0.292250365 -0.033008654 -0.032932397 0.025036169 0.998598576
1341846391.106097 0.032744832 0.111826941 0.289640963 -0.032275487 -0.034814991 0.025628494 0.998543620
1341846391.142154 0.039888941 0.107728049 0.287908763 -0.033520430 -0.038023632 0.028431872 0.998309672
1341846391.174124 0.039673045 0.111347370 0.287632912 -0.032362197 -0.038086057 0.027725652 0.998365343
1341846391.209961 0.034706384 0.114402108 0.281402707 -0.031664953 -0.036780149 0.028594581 0.998412192
1341846391.241977 0.038780935 0.102626480 0.286231041 -0.032993168 -0.039315164 0.032387525 0.998156667
1341846391.273984 0.045854013 0.108637705 0.285802513 -0.030203044 -0.041702725 0.030157072 0.998218000
1341846391.309946 0.041358832 0.109359592 0.276061863 -0.029264653 -0.040011521 0.028631579 0.998360097
1341846391.342018 0.039495267 0.104840167 0.278413057 -0.029949626 -0.041243587 0.028247939 0.998300552
1341846391.378060 0.042106137 0.104437627 0.285416484 -0.029498009 -0.044976935 0.025972871 0.998214602
1341846391.410037 0.045512103 0.107656717 0.281995356 -0.029014092 -0.045781296 0.022558419 0.998275220
1341846391.442052 0.043184180 0.102505289 0.283751696 -0.028678713 -0.044448059 0.024171010 0.998307407
1341846391.478040 0.043249346 0.099685140 0.280159801 -0.027700691 -0.046415772 0.029506173 0.998102009
1341846391.510072 0.043421995 0.106601246 0.275984049 -0.026844425 -0.048331998 0.031980596 0.997958243
1341846391.542159 0.043600094 0.103854239 0.272488236 -0.028035441 -0.047474448 0.031229662 0.997990429
1341846391.578010 0.040863149 0.099972077 0.271023482 -0.028447457 -0.046549734 0.032314621 0.997987807
1341846391.610169 0.038659871 0.099609084 0.272237808 -0.027445028 -0.047784366 0.034165002 0.997895896
1341846391.645942 0.039729066 0.098588422 0.269070208 -0.026237328 -0.049990680 0.034631174 0.997804165
1341846391.677959 0.037647683 0.099599734 0.268167078 -0.024819696 -0.049496986 0.032938171 0.997922421
1341846391.710022 0.038152352 0.093851902 0.269558072 -0.023985351 -0.050533906 0.034885477 0.997824609
1341846391.745846 0.036360372 0.092295527 0.268655449 -0.021505015 -0.052652627 0.034892250 0.997771382
1341846391.778020 0.038417347 0.091398582 0.266762763 -0.019592775 -0.052926149 0.032614749 0.997873366
1341846391.810026 0.035111122 0.083245568 0.268258244 -0.018941792 -0.052253716 0.033546787 0.997890472
1341846391.846013 0.035940118 0.079288073 0.269285411 -0.017214231 -0.053051848 0.035238285 0.997821331
1341846391.877984 0.035251468 0.078796618 0.264983833 -0.014209555 -0.052799001 0.036178529 0.997848392
1341846391.914033 0.034671210 0.077059887 0.265798211 -0.012907167 -0.052230999 0.037480857 0.997847974
1341846391.945996 0.034385316 0.079191111 0.262199908 -0.011110471 -0.052747056 0.037366789 0.997846723
1341846391.978037 0.034329388 0.078606464 0.259513080 -0.011059365 -0.052495848 0.034551978 0.997961938
1341846392.014187 0.034861073 0.076466061 0.258691907 -0.010662351 -0.052125562 0.033613633 0.998017728
1341846392.046054 0.034871921 0.076245502 0.255552351 -0.009396221 -0.052433617 0.034587029 0.997981012
1341846392.078061 0.034127459 0.079859510 0.261275738 -0.008448686 -0.053011943 0.035202920 0.997937441
1341846392.114010 0.034880575 0.081134498 0.262197435 -0.008579263 -0.052969385 0.033959292 0.997981668
1341846392.145989 0.034786597 0.078849874 0.259922028 -0.008655831 -0.052871641 0.033046607 0.998016834
1341846392.181959 0.030240390 0.082588255 0.256065071 -0.009542494 -0.054364670 0.033390783 0.997917056
1341846392.213917 0.035625629 0.081538036 0.261605799 -0.010739047 -0.057160016 0.030593811 0.997838378
1341846392.246105 0.039518770 0.082994349 0.258341581 -0.009098459 -0.055460129 0.025295991 0.998098969
1341846392.282032 0.038359780 0.080143847 0.258774728 -0.009734899 -0.054868612 0.026541945 0.998093307
1341846392.314025 0.039866094 0.077926949 0.261868954 -0.008678996 -0.057305418 0.028899275 0.997900605
1341846392.349981 0.046676226 0.082507066 0.258418441 -0.005903065 -0.057528056 0.028504645 0.997919440
1341846392.382103 0.047511924 0.083285354 0.258757055 -0.005260453 -0.056030985 0.030064987 0.997962415
1341846392.414056 0.046085361 0.081408717 0.259654462 -0.005287719 -0.056456249 0.031672101 0.997888565
1341846392.450136 0.050602946 0.077059425 0.254758507 -0.004524260 -0.057416957 0.035976041 0.997691631
1341846392.482091 0.051756155 0.076432876 0.254334241 -0.002068107 -0.057703312 0.037107754 0.997641742
1341846392.514096 0.049567707 0.080460280 0.247068211 -0.000401628 -0.057019223 0.035677914 0.997735322
1341846392.550030 0.049082369 0.074615836 0.251886636 -0.001369857 -0.057565954 0.036807410 0.997662008
1341846392.582053 0.052425690 0.069163285 0.249325052 -0.000355813 -0.059344444 0.039538372 0.997454166
1341846392.617983 0.053296342 0.069638878 0.247019917 0.001580804 -0.059673343 0.041416187 0.997357190
1341846392.649909 0.055138629 0.067771211 0.245954961 0.002529660 -0.059471339 0.039388098 0.997449398
1341846392.682128 0.053377450 0.064108878 0.244603157 0.002809549 -0.059564918 0.038169328 0.997490466
1341846392.718019 0.053798936 0.061100036 0.244355321 0.004246246 -0.061946839 0.040455543 0.997250199
1341846392.749829 0.054020368 0.063254237 0.244635105 0.006639181 -0.063298456 0.039757334 0.997180343
1341846392.782107 0.055410247 0.061068293 0.239441678 0.006859845 -0.063176416 0.039757114 0.997186601
1341846392.818251 0.053407565 0.059872478 0.242741704 0.007041000 -0.062404249 0.040026255 0.997223139
1341846392.852165 0.056420695 0.058678161 0.242671102 0.008901280 -0.063427806 0.040906601 0.997107983
1341846392.885913 0.061223008 0.057474036 0.238219202 0.009728797 -0.063390367 0.039120961 0.997174323
1341846392.917882 0.058636110 0.055021409 0.242403805 0.011206248 -0.061521705 0.039108422 0.997276306
1341846392.950023 0.058682490 0.052683707 0.245347008 0.012841980 -0.061075423 0.040031385 0.997247398
