1341846361.788774 0.000000000 0.000000000 0.000000000 0.000000000 0.000000000 0.000000000 1.000000000
1341846361.824112 -0.013224304 0.000808603 0.008871756 -0.002271857 0.003769924 -0.004865633 0.999978483
1341846361.856016 -0.032859430 0.013542309 -0.000450760 -0.007315872 0.005618555 -0.008735306 0.999919295
1341846361.887871 -0.028914481 0.003586205 0.016558630 -0.015682599 0.006692486 -0.012641922 0.999774694
1341846361.923930 -0.043505114 -0.013973352 0.024121737 -0.017532909 0.010484152 -0.010113966 0.999740183
1341846361.955927 -0.060163483 -0.009696102 0.026006892 -0.011096467 0.010017218 -0.003576912 0.999881864
1341846361.991999 -0.080439501 -0.021764237 0.027645273 -0.009702845 0.006786841 0.002184170 0.999927461
1341846362.023994 -0.076421082 -0.018230928 0.032169793 -0.005156241 0.003234782 0.004183205 0.999972701
1341846362.056118 -0.083921105 -0.009018637 0.027117083 -0.002594923 0.003932770 0.005630428 0.999973059
1341846362.091992 -0.101011887 -0.009331420 0.031803109 -0.003788771 0.004783920 0.005925622 0.999963820
1341846362.123929 -0.106572166 -0.023591809 0.037968870 -0.005304718 0.003553838 0.006856956 0.999956131
1341846362.156058 -0.113785356 -0.027460545 0.034600228 -0.002013761 0.003501717 0.009033539 0.999951065
1341846362.191987 -0.134323448 -0.023759037 0.035618525 0.001333679 0.004721082 0.010352166 0.999934375
1341846362.224138 -0.142634720 -0.030700143 0.043255046 0.004815858 0.003159367 0.013069459 0.999898016
1341846362.260011 -0.146016777 -0.025042299 0.036379751 0.010442010 0.004737646 0.012533124 0.999855697
1341846362.291979 -0.153360099 -0.028372327 0.035009101 0.012519339 0.008581378 0.012090451 0.999811709
1341846362.323947 -0.166017324 -0.024309242 0.048127953 0.015673840 0.011961348 0.009571385 0.999759793
1341846362.359889 -0.174238995 -0.025388883 0.042134028 0.017398553 0.015568496 0.007994785 0.999695420
1341846362.392021 -0.186275378 -0.027377397 0.043080606 0.018091287 0.020837134 0.008298389 0.999584734
1341846362.423868 -0.204978064 -0.032791622 0.053513836 0.018800421 0.024350893 0.009818579 0.999478459
1341846362.459968 -0.213499039 -0.033750225 0.056525208 0.021948902 0.025266958 0.010340806 0.999386251
1341846362.491924 -0.231994212 -0.034426063 0.052727006 0.023975829 0.025896899 0.012395704 0.999300182
1341846362.523976 -0.230020449 -0.034826215 0.051070187 0.025448270 0.024463130 0.015983159 0.999248981
1341846362.559933 -0.242587224 -0.035954092 0.050194047 0.027495734 0.026224744 0.016851477 0.999135792
1341846362.592338 -0.253865510 -0.035258532 0.051382776 0.028732440 0.026605198 0.018038163 0.999070168
1341846362.628177 -0.263133645 -0.032777637 0.052283838 0.028651081 0.025962727 0.017868299 0.999092460
1341846362.660128 -0.274487585 -0.033664308 0.052232120 0.028047349 0.026564492 0.016764166 0.999112904
1341846362.691901 -0.287658751 -0.031998314 0.052207448 0.026757672 0.025108587 0.015607647 0.999204695
1341846362.727993 -0.298954934 -0.037482511 0.046471678 0.024567187 0.022000367 0.014351585 0.999352992
1341846362.759942 -0.302607268 -0.041440330 0.048655841 0.023968078 0.019036949 0.013151121 0.999444962
1341846362.792002 -0.315087497 -0.034446184 0.048177034 0.024161736 0.018353302 0.010183305 0.999487698
1341846362.827965 -0.324194759 -0.039465930 0.048362620 0.022345424 0.016159788 0.008067307 0.999587178
1341846362.859959 -0.329098761 -0.041302297 0.053744860 0.021779714 0.014651240 0.005160210 0.999642134
1341846362.891861 -0.339678437 -0.039897978 0.057057977 0.022314826 0.014734833 0.004312673 0.999633074
1341846362.928098 -0.350575089 -0.043832589 0.056767486 0.022099469 0.013065364 0.005025363 0.999657750
1341846362.959894 -0.353951305 -0.051501952 0.061548766 0.024369638 0.012021728 0.007198421 0.999604821
1341846362.995909 -0.365351349 -0.049520399 0.062368371 0.028247913 0.010882690 0.010528630 0.999486268
1341846363.028072 -0.371025741 -0.054109491 0.057583973 0.030100703 0.008518563 0.012867793 0.999427736
1341846363.059896 -0.370305747 -0.059961122 0.063058309 0.034243897 0.008366509 0.011739347 0.999309540
1341846363.096102 -0.383431017 -0.048669435 0.053819899 0.038491070 0.011725881 0.007493159 0.999162078
1341846363.127992 -0.391932845 -0.050316896 0.056623563 0.037613831 0.013127477 0.004830819 0.999194443
1341846363.159870 -0.393021226 -0.055915471 0.055254363 0.038298141 0.015899170 0.001473018 0.999138772
1341846363.195966 -0.407219499 -0.054005694 0.074068457 0.041216813 0.020888682 0.003359574 0.998926163
1341846363.227902 -0.421829790 -0.055795442 0.079102173 0.043153867 0.019433631 0.007399857 0.998852015
1341846363.259977 -0.422651768 -0.059618454 0.078307211 0.045825120 0.017416861 0.011110574 0.998735845
1341846363.296031 -0.427350849 -0.055500720 0.078637153 0.050018359 0.019670008 0.013818197 0.998458982
1341846363.328065 -0.437205881 -0.055645332 0.081033848 0.050310358 0.019653296 0.017235607 0.998391509
1341846363.364023 -0.448733836 -0.057521738 0.085088320 0.048932642 0.016248886 0.018915208 0.998490751
1341846363.395985 -0.458357543 -0.061725195 0.081999607 0.047807548 0.011852785 0.019190246 0.998601854
1341846363.427955 -0.460587710 -0.051547155 0.092320614 0.048441637 0.008261750 0.016411202 0.998656988
1341846363.463979 -0.472220808 -0.049433451 0.090914525 0.046874899 0.005922112 0.016054040 0.998754203
1341846363.495986 -0.481933177 -0.049075194 0.091514081 0.044853240 0.002021392 0.019210164 0.998806834
1341846363.527941 -0.487120390 -0.047069058 0.088256627 0.042655330 -0.001358456 0.021706227 0.998853087
1341846363.564057 -0.503502846 -0.041184522 0.077467971 0.039352115 -0.002353176 0.024120424 0.998931468
1341846363.596025 -0.514943600 -0.047678180 0.083200477 0.035078295 -0.005903114 0.027153304 0.998998165
1341846363.632058 -0.513623834 -0.056616575 0.081170633 0.035398047 -0.013478300 0.030417521 0.998819351
1341846363.663931 -0.515434623 -0.052447386 0.087844439 0.037377115 -0.015726095 0.028920833 0.998758793
1341846363.695998 -0.513438940 -0.048273422 0.121422499 0.036635410 -0.018322818 0.025010278 0.998847604
1341846363.732007 -0.519739747 -0.053782139 0.113885619 0.033544298 -0.023277629 0.018121665 0.999001741
1341846363.794060 -0.517690003 -0.057551168 0.100956671 0.036268912 -0.036741551 0.021575866 0.998433292
1341846363.826406 -0.510076523 -0.050461318 0.103924260 0.037813328 -0.039436057 0.018598907 0.998333097
1341846363.861897 -0.500949860 -0.048117295 0.096922055 0.039129417 -0.039664652 0.017198142 0.998298466
1341846363.893984 -0.499574304 -0.044222884 0.092573099 0.039502319 -0.039049041 0.016508935 0.998319685
1341846363.926076 -0.487896264 -0.040682551 0.103321455 0.037571095 -0.039475091 0.016374348 0.998379707
1341846363.962090 -0.473965466 -0.037903298 0.100238822 0.036194611 -0.038898811 0.018633263 0.998413563
1341846363.994287 -0.474298835 -0.044821598 0.097357891 0.034823485 -0.037328910 0.021460537 0.998465478
1341846364.025993 -0.463953853 -0.046631359 0.094766818 0.034158390 -0.037198301 0.021420397 0.998494148
1341846364.061809 -0.454544008 -0.046366509 0.091344759 0.032755304 -0.034852345 0.020985132 0.998635054
1341846364.094209 -0.443595856 -0.056956939 0.090793625 0.032118570 -0.032593906 0.021148652 0.998728573
1341846364.130022 -0.435776681 -0.058023687 0.092597835 0.033810128 -0.032312393 0.020911515 0.998686910
1341846364.162231 -0.418380857 -0.067580290 0.090877995 0.036428839 -0.035039723 0.020385375 0.998513699
1341846364.194049 -0.403768063 -0.066530421 0.093566932 0.041452061 -0.036921933 0.017448254 0.998305619
1341846364.230023 -0.394824088 -0.063743539 0.093218237 0.044500280 -0.038174611 0.015094691 0.998165607
1341846364.262044 -0.371374071 -0.072830260 0.095978923 0.047879379 -0.039404992 0.013336434 0.997986436
1341846364.294059 -0.362840176 -0.056980904 0.073328160 0.053169776 -0.034508687 0.008817711 0.997950137
1341846364.330003 -0.348526835 -0.051398329 0.080518670 0.052867860 -0.031518888 0.006553535 0.998082459
1341846364.362052 -0.335741311 -0.058119163 0.078697771 0.051534384 -0.028559025 0.005883109 0.998245478
1341846364.397902 -0.313385129 -0.060103364 0.073929451 0.052330382 -0.023501534 0.004336229 0.998343825
1341846364.430108 -0.310197890 -0.057548188 0.074612156 0.052885808 -0.017798526 0.003353742 0.998436272
1341846364.462063 -0.294349343 -0.057795867 0.073627017 0.052380390 -0.014970713 0.001840157 0.998513281
1341846364.498091 -0.275342017 -0.064812779 0.073909804 0.051563796 -0.010690364 -0.000664077 0.998612285
1341846364.530058 -0.266811222 -0.066603780 0.076065324 0.050613593 -0.007409354 -0.002317939 0.998688102
1341846364.561952 -0.254517496 -0.064305849 0.070752710 0.051215298 -0.004237782 -0.006587468 0.998656929
1341846364.597928 -0.241751194 -0.065976098 0.067231797 0.049373779 -0.000955284 -0.008731644 0.998741746
1341846364.629950 -0.234896213 -0.072085097 0.078270093 0.048273254 0.001046749 -0.008300424 0.998799145
1341846364.665991 -0.226787046 -0.071142666 0.062627539 0.049728680 0.000881612 -0.006798548 0.998739243
1341846364.698004 -0.214653060 -0.070230827 0.061815999 0.049594499 -0.001644577 -0.005163478 0.998754740
1341846364.730097 -0.206051305 -0.072210006 0.064902052 0.050467476 -0.002100359 -0.005772101 0.998706818
1341846364.766057 -0.195183590 -0.068946816 0.057757664 0.052188288 -0.001003435 -0.005105263 0.998623669
1341846364.798632 -0.180592954 -0.063918903 0.051021956 0.051612165 -0.001948370 -0.004971622 0.998652935
1341846364.833901 -0.161803707 -0.072473347 0.043642405 0.050030682 -0.000393218 -0.007277350 0.998721123
1341846364.865923 -0.157396153 -0.070086621 0.044920485 0.051468749 0.003511030 -0.010570222 0.998612463
1341846364.897970 -0.155435070 -0.067751728 0.043531138 0.051375847 0.002617019 -0.008283306 0.998641610
1341846364.934019 -0.133154541 -0.072059371 0.036457229 0.050974105 -0.000753967 -0.006045089 0.998681366
1341846364.966047 -0.115955375 -0.064323388 0.028582614 0.052291680 0.001335508 -0.007862239 0.998600006
1341846364.998055 -0.110310480 -0.056863870 0.027856110 0.049127173 0.002947375 -0.008021128 0.998755991
1341846365.034125 -0.094094671 -0.057538796 0.022832267 0.042821169 0.000131502 -0.004614169 0.999072075
1341846365.066106 -0.082195103 -0.063361399 0.026549341 0.038127173 -0.002430734 -0.006402210 0.999249399
1341846365.101953 -0.056467678 -0.064761333 0.004486960 0.036768716 -0.000141028 -0.013904286 0.999227047
1341846365.133922 -0.044000905 -0.062300514 0.015911130 0.033894796 0.005625398 -0.020636966 0.999196470
1341846365.165953 -0.034637082 -0.069037989 0.015274901 0.030106569 0.008346860 -0.022104545 0.999267340
1341846365.201856 -0.022704186 -0.073078431 0.029815197 0.030056341 0.010276904 -0.024797689 0.999187708
1341846365.234093 -0.002365427 -0.073613517 0.048577044 0.031917706 0.014222019 -0.023035899 0.999123812
1341846365.266094 -0.003087197 -0.085974909 0.043065973 0.034690533 0.021478869 -0.019621382 0.998974562
1341846365.302078 0.009260502 -0.084715992 0.047003996 0.040703159 0.025133513 -0.014534991 0.998749375
1341846365.334027 0.024545448 -0.084203519 0.045415882 0.045458879 0.028537309 -0.013317444 0.998469710
1341846365.369945 0.051429056 -0.086497523 0.032444265 0.047361497 0.033384264 -0.010067266 0.998269022
1341846365.401963 0.049156405 -0.081253216 0.031439833 0.049703769 0.039929695 -0.010553814 0.997909665
1341846365.434082 0.067209825 -0.076678358 0.016457479 0.049859848 0.043205649 -0.012128523 0.997747540
1341846365.469939 0.079416238 -0.053486168 0.025231671 0.047836602 0.050587177 -0.017522661 0.997419417
1341846365.502100 0.081475407 -0.070834219 0.026664216 0.038699687 0.055435088 -0.015264425 0.997595251
1341846365.533844 0.085694514 -0.078383811 0.034038115 0.036902864 0.055196516 -0.011477311 0.997727275
1341846365.569876 0.097032048 -0.083406679 0.029796269 0.037525348 0.052865412 -0.006602747 0.997874498
1341846365.601930 0.108025208 -0.075722732 0.024461515 0.036979336 0.051793687 -0.001946708 0.997970998
1341846365.637899 0.125286773 -0.083286226 0.012606159 0.034649916 0.051222827 0.001943475 0.998084068
1341846365.669890 0.133197278 -0.075302653 0.014916885 0.034989424 0.052313071 0.003456071 0.998011589
1341846365.701977 0.148864985 -0.071782820 0.020285774 0.032209449 0.050672751 0.004552731 0.998185396
1341846365.738098 0.160567835 -0.083404802 0.018586742 0.030892108 0.053265277 0.002549467 0.998099208
1341846365.770026 0.163095057 -0.084745593 0.019684196 0.033104546 0.055853106 0.003259021 0.997884691
1341846365.805834 0.168104023 -0.083936334 0.018229462 0.035831913 0.054201856 0.006218304 0.997867465
1341846365.837937 0.180292517 -0.081705421 0.017538369 0.037716180 0.051000290 0.007227100 0.997960031
1341846365.869952 0.198271587 -0.076840803 0.012280290 0.039589141 0.050042450 0.008518016 0.997925758
1341846365.906411 0.207293421 -0.066960938 0.008702772 0.039094225 0.048997477 0.008108287 0.998000562
1341846365.938000 0.213958219 -0.074980952 0.018901831 0.035846669 0.048412494 0.011176090 0.998121381
1341846365.970022 0.226020738 -0.081758931 0.015515618 0.036851570 0.047126058 0.015813949 0.998083651
1341846366.006126 0.235981181 -0.076577321 0.010848671 0.039173864 0.046743263 0.020150268 0.997935057
1341846366.043876 0.238531992 -0.072949253 0.014323989 0.039395466 0.048249751 0.023717089 0.997776270
1341846366.076490 0.252810746 -0.060362846 0.003682712 0.039252784 0.049049538 0.026460364 0.997673929
1341846366.111888 0.266045392 -0.053453956 -0.001898157 0.036096752 0.052798763 0.027700068 0.997568071
1341846366.143907 0.272966146 -0.054977749 -0.004978719 0.030917590 0.058022201 0.029011557 0.997414589
1341846366.176044 0.273979902 -0.058696222 0.001876676 0.026440503 0.060690731 0.033905059 0.997230172
1341846366.212022 0.279846609 -0.058397077 0.002284887 0.024755692 0.060949907 0.038994916 0.997071564
1341846366.243981 0.296210706 -0.055289403 -0.004110205 0.024001898 0.061769210 0.040914588 0.996962667
1341846366.280032 0.297337472 -0.047019240 0.001226129 0.021648027 0.063695326 0.041352097 0.996877253
1341846366.344115 0.322906315 -0.045525644 0.001977292 0.013109403 0.062120639 0.042067301 0.997095525
1341846366.406057 0.335334331 -0.048084062 0.005753972 0.011529535 0.063513696 0.045283105 0.996886432
1341846366.442042 0.345458746 -0.042446446 0.003329102 0.012835552 0.062905066 0.045590948 0.996895015
1341846366.506117 0.355814427 -0.040050849 0.007904341 0.013368117 0.065035611 0.048377350 0.996619940
1341846366.542004 0.361390293 -0.034458768 0.002292576 0.013965624 0.064619906 0.047405303 0.996685505
1341846366.573848 0.371888906 -0.027996147 -0.000078477 0.013028536 0.065989204 0.046923682 0.996631265
1341846366.610058 0.368761867 -0.029486028 0.001972045 0.010818332 0.067990862 0.047702711 0.996486187
1341846366.642206 0.389681429 -0.024343081 -0.000778855 0.009902271 0.066830054 0.048612058 0.996530235
1341846366.674164 0.391273737 -0.020283362 0.001297810 0.009108306 0.069433197 0.048700742 0.996355534
1341846366.710207 0.393455416 -0.012805128 -0.001163889 0.007156539 0.069549561 0.050182078 0.996289849
1341846366.741976 0.401854277 -0.016998550 -0.004047415 0.003337983 0.069841877 0.049142152 0.996341288
1341846366.773916 0.413480818 -0.017850073 -0.002152580 0.002652356 0.072565980 0.048363008 0.996186793
1341846366.810122 0.405747801 -0.014590048 0.000497782 0.002852230 0.075652771 0.051635791 0.995792270
1341846366.841893 0.411007375 -0.017996952 -0.001174389 0.002774970 0.074481927 0.053814333 0.995765388
1341846366.878062 0.421831012 -0.011783341 -0.002382642 0.005026128 0.074148983 0.052725267 0.995839715
1341846366.909933 0.429777443 -0.008103322 -0.002829813 0.006197936 0.075177170 0.054716460 0.995648623
1341846366.941941 0.432209581 -0.006308740 -0.008281030 0.004638595 0.075216994 0.056186676 0.995572150
1341846366.977906 0.443910360 -0.008618867 -0.014932408 0.003326031 0.076137386 0.054768898 0.995586455
1341846367.009852 0.452391356 -0.004383196 -0.018255090 0.003422679 0.079870217 0.056390621 0.995203078
1341846367.045944 0.457309306 -0.007672085 -0.018725704 0.003320648 0.083873987 0.057518024 0.994809449
1341846367.077914 0.472055495 0.000487379 -0.009514952 0.005701730 0.089127563 0.055124406 0.994477272
1341846367.110077 0.477643102 0.004696799 -0.015804185 0.006762200 0.094364516 0.056570295 0.993906140
1341846367.145997 0.476556629 0.004979207 -0.002282351 0.006697042 0.098575346 0.059580933 0.993321776
1341846367.177894 0.480844915 0.003966489 -0.006256924 0.008840921 0.101528995 0.060201582 0.992969990
1341846367.209903 0.493749112 0.008006177 -0.025007803 0.011289502 0.105674639 0.060893267 0.992470384
1341846367.245970 0.494962871 0.015554721 -0.019113127 0.009986384 0.110502459 0.065385208 0.991672456
1341846367.277966 0.497825116 0.004402701 -0.015596424 0.007514815 0.112393133 0.069469444 0.991203964
1341846367.314058 0.511470318 0.009569030 -0.041779522 0.010366374 0.112669699 0.070765004 0.991055191
1341846367.346333 0.519146860 0.018172260 -0.054786813 0.011007366 0.116743222 0.071596034 0.990516961
1341846367.378615 0.515253901 0.016656121 -0.046748307 0.008080298 0.119665585 0.074682496 0.989968359
1341846367.413946 0.522576451 0.016567813 -0.051595092 0.006870283 0.119500041 0.075311877 0.989949822
1341846367.446060 0.529377341 0.025792100 -0.058151342 0.006999645 0.122179687 0.076415353 0.989537179
1341846367.478095 0.534282565 0.025595389 -0.048494257 0.004793147 0.124721169 0.079758532 0.988969266
1341846367.514115 0.539087653 0.017873695 -0.047955114 0.004506066 0.123781584 0.085013285 0.988650918
1341846367.546096 0.547832966 0.015849510 -0.052597057 0.008009786 0.122536235 0.088107415 0.988512933
1341846367.581982 0.555335581 0.029012494 -0.058997720 0.010522404 0.122641154 0.090710424 0.988240898
1341846367.613951 0.551264346 0.029066700 -0.058412142 0.008203915 0.122559741 0.093418233 0.988020658
1341846367.645894 0.563678145 0.029360833 -0.060668968 0.007274365 0.121041961 0.091504142 0.988394141
1341846367.682223 0.569673181 0.027739109 -0.062211722 0.007310763 0.123673931 0.091472715 0.988070846
1341846367.714019 0.573020637 0.026415164 -0.063679799 0.008105733 0.125213727 0.093688741 0.987663031
1341846367.745904 0.574124455 0.026553275 -0.068956539 0.009288347 0.126652956 0.094256833 0.987415016
1341846367.781973 0.580802262 0.026972821 -0.069505997 0.010093674 0.127728149 0.094844773 0.987212300
1341846367.813986 0.584215820 0.033783924 -0.079517886 0.010579577 0.129440740 0.095248736 0.986945212
1341846367.850189 0.584077299 0.033820998 -0.084589563 0.010137327 0.132270366 0.093848027 0.986708820
1341846367.881960 0.581953704 0.037104502 -0.085066520 0.009233749 0.133669049 0.093840890 0.986529887
1341846367.914064 0.583750665 0.041060645 -0.080221526 0.006439708 0.133046716 0.095412008 0.986485481
1341846367.950095 0.586414218 0.031738065 -0.075873919 0.003996945 0.134315506 0.095239885 0.986343086
1341846367.981916 0.588939011 0.033308174 -0.075409018 0.005588112 0.136714131 0.093490981 0.986173093
1341846368.017965 0.584420443 0.035461202 -0.076084539 0.005059199 0.137915030 0.095906593 0.985776722
1341846368.050897 0.579955220 0.031779587 -0.071179122 0.003926336 0.136724904 0.096457407 0.985893905
1341846368.082322 0.579666018 0.029771496 -0.075160339 0.003940394 0.136882722 0.094321527 0.986078620
1341846368.118029 0.575901866 0.034782425 -0.070551470 0.004251939 0.137101769 0.094450593 0.986034513
1341846368.150026 0.569620967 0.031661943 -0.063206851 0.002659174 0.135845587 0.096534669 0.986012161
1341846368.181952 0.565400183 0.023187140 -0.063397497 0.003847135 0.135319009 0.094342135 0.986292839
1341846368.217882 0.565580368 0.033353075 -0.068694673 0.005925115 0.135007948 0.093978904 0.986359835
1341846368.250223 0.560036898 0.032916784 -0.064497851 0.003572301 0.135069489 0.095654868 0.986201584
1341846368.286003 0.553925753 0.029465448 -0.056821618 0.002156484 0.135590315 0.094084434 0.986285329
1341846368.317994 0.546530366 0.032361988 -0.054540806 0.001892547 0.134636730 0.092379957 0.986577570
1341846368.350010 0.539709151 0.039778799 -0.042216450 -0.000739657 0.131636500 0.092384845 0.986983418
1341846368.385949 0.528241575 0.037343163 -0.034438167 -0.003724873 0.129189298 0.090034425 0.987517118
1341846368.417845 0.522896171 0.031693239 -0.041573897 -0.005116506 0.127063081 0.086407103 0.988110602
1341846368.450062 0.521652937 0.030229421 -0.029770194 -0.007479471 0.124125972 0.087720081 0.988353193
1341846368.485968 0.512575746 0.027189851 -0.024250496 -0.008609256 0.120816469 0.086386591 0.988871396
1341846368.517939 0.507991791 0.019287316 -0.025394475 -0.008585705 0.117888361 0.083681338 0.989457488
1341846368.554171 0.505995989 0.021695886 -0.020011378 -0.007036928 0.115201101 0.085010149 0.989672899
1341846368.618123 0.492912233 0.015495733 -0.028048784 -0.009359268 0.109376222 0.079684176 0.990757108
1341846368.654302 0.486301005 0.011892261 -0.018907661 -0.009693845 0.108862206 0.076185644 0.991085649
1341846368.685914 0.481210083 0.003348971 -0.014707926 -0.009333378 0.106200852 0.075206891 0.991452575
1341846368.717980 0.470393270 0.006087094 -0.012469475 -0.007388998 0.104064465 0.071590938 0.991963089
1341846368.786190 0.461536199 0.001819389 -0.007363276 -0.003703629 0.102004379 0.071886860 0.992176235
1341846368.821968 0.459249198 -0.002816454 -0.016925003 -0.003140206 0.098452702 0.071359508 0.992574930
1341846368.853991 0.454855859 0.000306684 -0.019188905 -0.003485296 0.098926954 0.067533337 0.992794335
1341846368.885978 0.440898776 -0.002527287 -0.010272699 -0.003737075 0.100512296 0.062530912 0.992961824
1341846368.923221 0.430587560 -0.008656172 -0.007137354 -0.001858986 0.099337801 0.061131414 0.993172467
1341846368.953942 0.422299385 -0.006517152 -0.009342674 0.001122712 0.097598687 0.058898915 0.993480861
1341846368.986016 0.426415414 -0.007029311 -0.011377420 0.001836826 0.094373226 0.059868000 0.993733466
1341846369.021938 0.417433739 -0.009146259 -0.011432057 0.001810173 0.093585715 0.058584061 0.993884504
1341846369.053927 0.412347734 -0.014316259 -0.017486615 0.001691822 0.094100960 0.053868994 0.994102716
1341846369.090047 0.404890209 -0.016137594 -0.008536522 0.002378074 0.095382102 0.050148815 0.994173884
1341846369.121845 0.389192432 -0.017139085 0.003602571 0.004954875 0.096040331 0.049313463 0.994142771
1341846369.154351 0.378605127 -0.025245717 -0.004142825 0.008581034 0.094923273 0.050376624 0.994172096
1341846369.189885 0.375562727 -0.012700642 -0.007822833 0.013035988 0.094278611 0.048046622 0.994300306
1341846369.222188 0.376790762 -0.017961923 -0.011490660 0.010958102 0.094802797 0.047454417 0.994304001
1341846369.257947 0.364753157 -0.028546518 -0.008014516 0.010197290 0.096536525 0.045449145 0.994238973
1341846369.289994 0.360286593 -0.034697566 -0.010216777 0.012058647 0.095998630 0.046422213 0.994225264
1341846369.322196 0.354546905 -0.031490002 -0.012889668 0.015083928 0.096206203 0.047058765 0.994133949
1341846369.357830 0.348237157 -0.028536502 -0.011328422 0.015767219 0.097575635 0.046163447 0.994031847
1341846369.390267 0.336396575 -0.032579586 -0.008110945 0.015414491 0.098991849 0.044461902 0.993974924
1341846369.422057 0.327647597 -0.035646915 -0.008350466 0.014847818 0.100098379 0.043462910 0.993916929
1341846369.457950 0.316842258 -0.036491502 -0.005600654 0.016003663 0.099806935 0.043516599 0.993925929
1341846369.490144 0.297729671 -0.044526387 -0.010785515 0.016731784 0.099641129 0.043318704 0.993939221
1341846369.526405 0.288780689 -0.037848167 -0.006280888 0.018799745 0.096996084 0.044233292 0.994123578
1341846369.557969 0.282163471 -0.035388142 -0.004778949 0.019917443 0.093602806 0.043847594 0.994444132
1341846369.590093 0.274085820 -0.039291698 -0.004949931 0.021221539 0.089900300 0.045643654 0.994677961
1341846369.625895 0.263467222 -0.034825023 -0.005117983 0.022971405 0.087632954 0.046106257 0.994820058
1341846369.657961 0.257393122 -0.033833750 -0.003777401 0.022538958 0.085759193 0.046265520 0.994985819
1341846369.690135 0.243250147 -0.038723927 -0.001666826 0.022531243 0.084552303 0.047243796 0.995043337
1341846369.726074 0.230271265 -0.039813351 -0.008446009 0.024504382 0.080954202 0.049658611 0.995178342
1341846369.757962 0.217745513 -0.034387417 -0.001897107 0.026477149 0.077973291 0.050469205 0.995325029
1341846369.793964 0.209289283 -0.031955048 -0.001561253 0.026596781 0.075963348 0.051278364 0.995435953
1341846369.826161 0.194391295 -0.032527238 0.000789638 0.025886422 0.073961228 0.051606767 0.995588422
1341846369.858015 0.185724035 -0.035536591 0.003804058 0.025743540 0.070172928 0.051335271 0.995880365
1341846369.893954 0.177676752 -0.033754785 0.006260611 0.026041476 0.067462355 0.052391648 0.996004879
1341846369.926051 0.162379429 -0.036254831 0.003597335 0.024983540 0.065759197 0.051657066 0.996184230
1341846369.958062 0.150884286 -0.038035188 0.002389380 0.024563359 0.061229914 0.050082114 0.996563733
1341846369.994037 0.145700052 -0.037372831 0.008475132 0.024529370 0.056967072 0.048425596 0.996899188
1341846370.026058 0.134912744 -0.039839193 0.009039079 0.025156666 0.055500768 0.048529968 0.996961176
1341846370.062000 0.116074085 -0.035810247 0.001723518 0.025575304 0.051457018 0.050855841 0.997051537
1341846370.094135 0.114926472 -0.031174691 0.012354074 0.024436895 0.046428695 0.051301539 0.997304022
1341846370.126153 0.112066001 -0.036735456 0.016236285 0.023911513 0.045927696 0.050057299 0.997403204
1341846370.162082 0.101049364 -0.033161715 0.016492387 0.025099894 0.046484113 0.052007023 0.997248471
1341846370.194044 0.091871515 -0.036886252 0.019317521 0.024388719 0.045095034 0.054667883 0.997187555
1341846370.230152 0.073492430 -0.045739561 0.023815449 0.025723929 0.047260094 0.053354498 0.997124910
1341846370.262175 0.068407752 -0.041297536 0.025401937 0.027218627 0.048117988 0.052080758 0.997111499
1341846370.294216 0.070584580 -0.036798459 0.020868082 0.028039359 0.046868816 0.050853297 0.997211635
1341846370.329892 0.042629436 -0.042871799 0.031742472 0.027627420 0.048211504 0.044321623 0.997470796
1341846370.361939 0.039194040 -0.047165189 0.030881254 0.028061328 0.046068549 0.040393695 0.997726679
1341846370.394073 0.037794076 -0.037249088 0.024573382 0.030079950 0.041296016 0.042136729 0.997804761
1341846370.429985 0.028390970 -0.031747922 0.023727629 0.030399485 0.035222616 0.040685512 0.998088121
1341846370.462095 0.008616166 -0.031509988 0.027064957 0.027830290 0.032432482 0.037064105 0.998398662
1341846370.498034 0.023836546 -0.023962278 0.023426104 0.024891770 0.024292488 0.040362388 0.998579562
1341846370.530176 0.012664320 -0.026550598 0.024845259 0.020830456 0.023710040 0.039737247 0.998711586
1341846370.561949 -0.005344394 -0.028128708 0.023001906 0.017371574 0.021085320 0.040281553 0.998814821
1341846370.597989 -0.010511416 -0.019470310 0.030489048 0.013069117 0.017922448 0.041430470 0.998895168
1341846370.629913 -0.007421183 -0.026678117 0.038641583 0.008121534 0.017044013 0.042529803 0.998916805
1341846370.662062 -0.016155114 -0.031889670 0.032973386 0.006696835 0.016783198 0.042255405 0.998943388
1341846370.697981 -0.023652676 -0.025682691 0.029531956 0.004841545 0.016562771 0.040664602 0.999023795
1341846370.730015 -0.011623775 -0.032484833 0.020113461 0.001757337 0.013809132 0.040246263 0.999092817
1341846370.766182 -0.025370032 -0.043011740 0.025468148 0.001962691 0.019343209 0.034984186 0.999198735
1341846370.797966 -0.029588943 -0.037759990 0.022973690 0.000221742 0.021821437 0.033599753 0.999197066
1341846370.830023 -0.032768968 -0.056707826 0.027102677 -0.003966793 0.022613863 0.031369735 0.999244094
1341846370.866186 -0.028951960 -0.067952663 0.023499461 -0.001690658 0.022735422 0.031400461 0.999246836
1341846370.897994 -0.032491598 -0.060911465 0.020298427 -0.001230620 0.025101686 0.032667577 0.999150217
1341846370.929983 -0.037195940 -0.082623124 0.020657524 -0.004106304 0.026253842 0.034493636 0.999051571
1341846370.971974 -0.030032661 -0.094862409 0.019397993 -0.000914294 0.026562128 0.035002977 0.999033749
1341846371.034127 -0.032903351 -0.108865052 0.014290460 0.004824613 0.033082988 0.036581174 0.998771250
1341846371.066883 -0.023620959 -0.103987798 0.004289350 0.006286123 0.034993917 0.036469944 0.998702109
1341846371.098209 -0.029756928 -0.111856170 -0.000467981 0.003562379 0.039290085 0.032350227 0.998697698
1341846371.134068 -0.031461615 -0.118263282 0.000276160 0.002064213 0.042797655 0.030819176 0.998606145
1341846371.165993 -0.032821808 -0.122401305 0.001474977 -0.000570774 0.045440271 0.031375729 0.998474061
1341846371.197951 -0.035542406 -0.134211481 0.002312229 -0.004024296 0.046344787 0.032348324 0.998393476
1341846371.233950 -0.029819937 -0.142452627 -0.005293457 -0.004869094 0.046896961 0.032923557 0.998345137
1341846371.266433 -0.031934880 -0.133341625 -0.010065647 -0.006876427 0.050459806 0.033069853 0.998154759
1341846371.302051 -0.034358207 -0.138405159 -0.009814117 -0.013690514 0.053458236 0.034200754 0.997890353
1341846371.334010 -0.025875526 -0.149582684 -0.016160762 -0.020426540 0.056167316 0.031792123 0.997705996
1341846371.366198 -0.024076620 -0.158315346 -0.017487371 -0.025538493 0.061679587 0.029006215 0.997347474
1341846371.402482 -0.034630112 -0.172197655 -0.008352790 -0.028660350 0.065590270 0.030173797 0.996978462
1341846371.434055 -0.035877954 -0.186978161 -0.012901381 -0.028130393 0.064701617 0.031838264 0.996999860
1341846371.469998 -0.027120009 -0.193350613 -0.016162498 -0.025772773 0.064187385 0.030799877 0.997129440
1341846371.501933 -0.033929449 -0.201415494 -0.018766772 -0.023940844 0.067145377 0.028230201 0.997056365
1341846371.534269 -0.037078962 -0.202977017 -0.020537412 -0.023253655 0.067534551 0.027869191 0.997056484
1341846371.570100 -0.037259120 -0.217238739 -0.013413277 -0.024441719 0.065076791 0.026537510 0.997227848
1341846371.602162 -0.030325551 -0.225185677 -0.017386528 -0.022305831 0.063511401 0.023825089 0.997447312
1341846371.634012 -0.035832837 -0.229185045 -0.017443476 -0.020749955 0.065125436 0.022482343 0.997407973
1341846371.669927 -0.043088999 -0.237780318 -0.017448373 -0.020786211 0.063144401 0.021481227 0.997556627
1341846371.702051 -0.035235178 -0.239954546 -0.024779290 -0.020492774 0.060669377 0.019199632 0.997762799
1341846371.737891 -0.035420973 -0.254382282 -0.021953424 -0.022136351 0.063420907 0.014885697 0.997630298
1341846371.769979 -0.042375889 -0.262132555 -0.020993508 -0.021703916 0.063294955 0.013858089 0.997662604
1341846371.802101 -0.040999625 -0.264353901 -0.021476660 -0.021610074 0.060229611 0.016464990 0.997814775
1341846371.837951 -0.035050318 -0.271078527 -0.022057261 -0.021964710 0.057573173 0.018351983 0.997930884
1341846371.870043 -0.028839432 -0.264159888 -0.029478483 -0.022101261 0.057140224 0.020155251 0.997918010
1341846371.902330 -0.030881250 -0.264382601 -0.032057803 -0.026636435 0.059570916 0.019882098 0.997670531
1341846371.938165 -0.028683873 -0.271243960 -0.030725747 -0.032144353 0.060694173 0.017345196 0.997487903
1341846371.969938 -0.023168027 -0.281124651 -0.057056446 -0.036388196 0.063974291 0.014972006 0.997175515
1341846372.005861 -0.026977543 -0.293689281 -0.042999089 -0.039315887 0.069160551 0.012678707 0.996749878
1341846372.038440 -0.034275007 -0.300947815 -0.040631507 -0.036224917 0.069783702 0.013877527 0.996807635
1341846372.070518 -0.027739853 -0.304302812 -0.044799145 -0.034001075 0.068110414 0.013348837 0.997008860
1341846372.111944 -0.028650405 -0.312714696 -0.044710085 -0.033568103 0.069251940 0.010542130 0.996978581
1341846372.143876 -0.017077411 -0.313724369 -0.027833641 -0.030238587 0.068836793 0.007340515 0.997142553
1341846372.179919 -0.017828725 -0.317114532 -0.029819751 -0.026873106 0.068368509 0.006027624 0.997279942
1341846372.212119 -0.033617347 -0.328925639 -0.029267929 -0.024846733 0.067457773 0.002453407 0.997409701
1341846372.244067 -0.030114150 -0.334614277 -0.024924684 -0.020343302 0.063816763 -0.001198719 0.997753561
1341846372.279961 -0.031320054 -0.346922219 -0.023733579 -0.014933486 0.061578613 -0.003480151 0.997984469
1341846372.312076 -0.027569095 -0.347880900 -0.023650011 -0.008729319 0.058656245 -0.006194571 0.998220861
1341846372.347910 -0.026942393 -0.350615144 -0.025498006 -0.004753567 0.056453824 -0.007953919 0.998362184
1341846372.379906 -0.030758791 -0.359887898 -0.030037422 -0.001836505 0.053326525 -0.009408041 0.998531103
1341846372.412137 -0.019698583 -0.360283375 -0.030494392 0.002014099 0.049605645 -0.010354716 0.998713195
1341846372.447783 -0.021110764 -0.369160622 -0.029073756 0.003746398 0.049073756 -0.009608011 0.998741925
1341846372.479920 -0.027059954 -0.377512842 -0.027807610 0.007420090 0.046344310 -0.005769129 0.998881280
1341846372.516195 -0.015349347 -0.372592509 -0.023412542 0.010994557 0.041343499 -0.002815691 0.999080539
1341846372.547915 -0.002904336 -0.366406769 -0.023529874 0.011173500 0.040748887 -0.003619976 0.999100387
1341846372.579923 -0.008055106 -0.378132522 -0.021251693 0.008684123 0.041930098 -0.006042612 0.999064565
1341846372.616037 -0.002269948 -0.379303366 -0.016975613 0.008359425 0.040156376 -0.003897047 0.999150872
1341846372.647968 0.002409159 -0.377176642 -0.015677428 0.007859670 0.039847516 -0.003970068 0.999167025
1341846372.679953 0.009593783 -0.381226182 -0.014405185 0.006099348 0.040480874 -0.006352656 0.999141514
1341846372.716073 0.011453475 -0.386957347 -0.013578270 0.005072915 0.042012829 -0.006132201 0.999085367
1341846372.747919 0.006273122 -0.391771644 -0.007824380 0.004898013 0.042687085 -0.004721377 0.999065340
1341846372.783912 0.015058205 -0.395739079 -0.011382893 0.006061403 0.040913027 -0.003045956 0.999139726
1341846372.816131 0.020057810 -0.394437939 -0.011338450 0.007080073 0.042814188 -0.001784788 0.999056399
1341846372.848115 0.016478760 -0.392733246 -0.006830873 0.007196665 0.045155991 0.001796475 0.998952448
1341846372.884003 0.020014862 -0.398763269 -0.014020846 0.006756620 0.045507871 0.000422428 0.998941064
1341846372.948016 0.021749508 -0.406694353 -0.005287749 0.007001772 0.051833313 -0.000057947 0.998631239
1341846373.010206 0.022917321 -0.429572076 -0.016518036 0.011098522 0.047597993 0.002608057 0.998801529
1341846373.041934 0.032403644 -0.429296136 -0.019550083 0.014041574 0.048849940 0.002140469 0.998705149
1341846373.078079 0.027346205 -0.434426516 -0.017644359 0.015103550 0.052168906 0.002569433 0.998520732
1341846373.110028 0.024947280 -0.436791658 -0.016116120 0.017827494 0.052842773 0.001574642 0.998442471
1341846373.142204 0.029713508 -0.443414241 -0.020233899 0.020085230 0.053037278 0.001632194 0.998389184
1341846373.178121 0.033110745 -0.445036978 -0.024442192 0.022375731 0.054119881 0.003091745 0.998278916
1341846373.210218 0.034868464 -0.452036828 -0.026410796 0.025083438 0.055526283 0.001489733 0.998140991
1341846373.246073 0.034194801 -0.459079593 -0.024212494 0.029227834 0.057228640 0.000527321 0.997933030
1341846373.277962 0.039465457 -0.460683078 -0.027846776 0.034595739 0.058220960 0.001809973 0.997702420
1341846373.310189 0.043725550 -0.459510148 -0.037844080 0.037908923 0.060443163 0.000962976 0.997451067
1341846373.346051 0.047541693 -0.459050506 -0.038687408 0.038274813 0.063819878 -0.001759561 0.997225642
1341846373.377993 0.040081266 -0.463615745 -0.033820111 0.037517909 0.067135729 -0.002312033 0.997035503
1341846373.410038 0.040090926 -0.468110383 -0.037482921 0.037480023 0.067838125 -0.001102626 0.996991456
1341846373.446109 0.040556837 -0.468976349 -0.037907127 0.037582614 0.068167858 -0.002501713 0.996962607
1341846373.478409 0.037810925 -0.476290435 -0.032484576 0.037696984 0.068336740 -0.001631720 0.996948540
1341846373.514006 0.034215134 -0.480340183 -0.035884831 0.039689071 0.067580126 0.001531097 0.996922910
1341846373.546097 0.039755352 -0.474108845 -0.034572531 0.041619830 0.064701356 0.001990577 0.997034371
1341846373.578079 0.048825312 -0.473350793 -0.039040390 0.041803405 0.065247923 0.001083622 0.996992469
1341846373.613978 0.038230199 -0.467507094 -0.034688033 0.042151824 0.067780152 -0.000193404 0.996809423
1341846373.646060 0.036575720 -0.462322235 -0.034128018 0.041563008 0.065983415 -0.000041940 0.996954679
1341846373.682101 0.047417063 -0.453624994 -0.042875454 0.040414713 0.065459065 -0.000160894 0.997036457
1341846373.713942 0.046226848 -0.444142580 -0.036531325 0.037621643 0.068620853 0.000193190 0.996933162
1341846373.746309 0.035128478 -0.437672347 -0.037361249 0.033761282 0.070561118 -0.000522236 0.996935785
1341846373.782079 0.031883992 -0.434940696 -0.026907358 0.030721717 0.069595329 -0.000904516 0.997101724
1341846373.814899 0.041112222 -0.433956355 -0.029801765 0.029529834 0.068956263 -0.002451322 0.997179508
1341846373.846131 0.030732216 -0.419962049 -0.025175858 0.029854624 0.071419246 -0.005344174 0.996985137
1341846373.882197 0.021835431 -0.410473257 -0.028649693 0.028628493 0.069666743 -0.007273215 0.997132897
1341846373.914066 0.017819002 -0.399444282 -0.026479226 0.026630936 0.066622704 -0.004025860 0.997414649
1341846373.949976 0.025156448 -0.390739083 -0.022195380 0.023957433 0.064317316 0.000177103 0.997641861
1341846373.982090 0.019253736 -0.381481141 -0.025126234 0.021237880 0.064482585 0.000943983 0.997692347
1341846374.014518 0.009758667 -0.375723392 -0.027333712 0.017475041 0.062672555 0.003102205 0.997876346
1341846374.050082 0.012261321 -0.366238743 -0.021767767 0.014354447 0.058931936 0.006237365 0.998139322
1341846374.082248 0.013633808 -0.364428937 -0.015278720 0.011256563 0.057156190 0.007449918 0.998273969
1341846374.114063 0.012334352 -0.351686835 -0.020217203 0.009476577 0.057748675 0.007989987 0.998254180
1341846374.150230 0.000050694 -0.355868369 -0.014737318 0.006532044 0.058076490 0.007910972 0.998259425
1341846374.181949 0.000066359 -0.351015598 -0.012882487 0.007662458 0.055389035 0.009018423 0.998394728
1341846374.217985 0.006709959 -0.343164116 -0.012950470 0.009407929 0.053516995 0.011582055 0.998455465
1341846374.250018 0.006287048 -0.324942470 -0.020127550 0.010452836 0.054363731 0.012480958 0.998388469
1341846374.281921 0.000836820 -0.310061812 -0.018607289 0.008306051 0.055516757 0.011008236 0.998362541
1341846374.318502 0.002603823 -0.306109250 -0.017933527 0.004876598 0.055653512 0.011096058 0.998376608
1341846374.350047 -0.000963577 -0.290231198 -0.017369708 0.002084270 0.057469387 0.011367801 0.998280346
1341846374.382011 -0.006029367 -0.290110856 -0.003241296 -0.002034980 0.057333704 0.011563469 0.998286068
1341846374.418020 -0.011346602 -0.281047314 -0.002347655 -0.003247693 0.055740763 0.011570090 0.998372972
1341846374.450160 -0.011331334 -0.273118317 -0.001192057 -0.005365948 0.053999234 0.012017335 0.998454213
1341846374.486170 -0.007173666 -0.261760592 -0.004366833 -0.007147554 0.053156897 0.012370187 0.998483956
1341846374.524087 -0.015673822 -0.253942996 0.002605873 -0.010130688 0.053654276 0.011612665 0.998440623
1341846374.586056 -0.022232220 -0.243400380 0.006518171 -0.015348494 0.049076967 0.010499505 0.998621881
1341846374.617848 -0.024591675 -0.240650415 0.012591877 -0.017130809 0.046569601 0.012845351 0.998685539
1341846374.654133 -0.027700577 -0.235079199 0.015958972 -0.016795352 0.043874618 0.014878478 0.998785079
1341846374.685940 -0.027497740 -0.222198173 0.015935726 -0.015502510 0.040994115 0.017357497 0.998888314
1341846374.718159 -0.031422578 -0.216827214 0.015361695 -0.015663084 0.039159052 0.020511899 0.998899639
1341846374.754050 -0.030656442 -0.207762077 0.018487763 -0.014328346 0.035773512 0.022431618 0.999005377
1341846374.786226 -0.030647485 -0.194648117 0.018141786 -0.013247314 0.033641614 0.023246260 0.999075770
1341846374.818164 -0.031819902 -0.196008027 0.018468635 -0.013277506 0.032753021 0.022782920 0.999115527
1341846374.854017 -0.039036911 -0.191153333 0.018432796 -0.010684648 0.031744108 0.021127002 0.999215603
1341846374.886253 -0.037753515 -0.180374950 0.018455829 -0.006982889 0.028201230 0.023405584 0.999303818
1341846374.921999 -0.035121977 -0.171764523 0.014721450 -0.004503985 0.025748044 0.023396192 0.999384522
1341846374.953860 -0.036174521 -0.164171010 0.016562421 -0.002656014 0.024318801 0.024550911 0.999399185
1341846374.985929 -0.041903898 -0.159778669 0.015179497 -0.002226637 0.022281907 0.024528984 0.999448299
1341846375.022029 -0.035386927 -0.159902945 0.019935584 -0.000281042 0.019433696 0.026766103 0.999452770
1341846375.053968 -0.034524247 -0.156331986 0.017196709 0.003980181 0.017531835 0.030849285 0.999362350
1341846375.085937 -0.037356898 -0.148196340 0.014941501 0.007503832 0.016936600 0.032580703 0.999297440
1341846375.122015 -0.037411153 -0.130492568 0.011669898 0.009080884 0.017048700 0.030466944 0.999349117
1341846375.190345 -0.037597157 -0.126245916 0.011409883 0.004538480 0.023048889 0.024577705 0.999421895
1341846375.222041 -0.042248633 -0.126871035 0.015138743 0.004889019 0.023335377 0.022405464 0.999464631
1341846375.254127 -0.034319177 -0.121606126 0.016123557 0.006988240 0.022412110 0.023496184 0.999448240
1341846375.289892 -0.046059947 -0.112238787 0.015805554 0.010812654 0.025693834 0.021735575 0.999375045
1341846375.322192 -0.052586257 -0.098962583 0.012273679 0.014510370 0.026262814 0.022446461 0.999297678
1341846375.354172 -0.052840505 -0.084390379 0.008460090 0.013664873 0.025567900 0.022665488 0.999322712
1341846375.390033 -0.045357600 -0.069580674 0.014791602 0.009366388 0.026602043 0.019777026 0.999406517
1341846375.422976 -0.055068746 -0.068990067 0.010940905 0.002927063 0.030065691 0.016286930 0.999410927
1341846375.458036 -0.057108551 -0.061712410 0.010719560 -0.002266843 0.028834105 0.015703820 0.999458253
1341846375.489941 -0.051290710 -0.065209851 0.018808868 -0.007128565 0.027743232 0.015825385 0.999464393
1341846375.521981 -0.053677376 -0.067970335 0.020201312 -0.007902586 0.028912354 0.016233474 0.999418855
1341846375.557947 -0.058911692 -0.062946424 0.033637390 -0.005487211 0.028381536 0.019817803 0.999385595
1341846375.590116 -0.054375518 -0.059683070 0.040493906 -0.003312897 0.024520289 0.024383023 0.999396443
1341846375.622399 -0.046844359 -0.053745229 0.040025797 0.000300475 0.023289230 0.026373241 0.999380767
1341846375.658264 -0.047390305 -0.048972189 0.039493658 0.003916590 0.025053607 0.028401386 0.999274909
1341846375.690116 -0.050816115 -0.042577375 0.042114630 0.008944619 0.024253329 0.032819629 0.999126911
1341846375.726080 -0.045676529 -0.037351944 0.044515055 0.016855983 0.022207640 0.038308576 0.998876929
1341846375.757947 -0.050340105 -0.027432345 0.044205822 0.025141621 0.022517757 0.041720115 0.998559117
1341846375.789914 -0.050400607 -0.018173497 0.045777146 0.031359132 0.020483311 0.044969499 0.998285949
1341846375.826111 -0.052408397 0.002065182 0.050130982 0.035468411 0.019059289 0.044300865 0.998206496
1341846375.858282 -0.053298935 0.032752492 0.035694789 0.034417044 0.017074803 0.040268112 0.998449981
1341846375.893889 -0.048510380 0.038888466 0.038770176 0.023167532 0.013438791 0.039892334 0.998844981
1341846375.926121 -0.047440354 0.047625579 0.057906739 0.016517749 0.013011394 0.037816089 0.999063432
1341846375.958089 -0.046799801 0.058301795 0.062025700 0.011532625 0.013339550 0.038755357 0.999093115
1341846375.994060 -0.043840617 0.066707104 0.071652688 0.007301506 0.013209565 0.040444225 0.999067783
1341846376.026115 -0.044021178 0.071196690 0.076849699 0.005702322 0.015416753 0.041673038 0.998996079
1341846376.057999 -0.047818162 0.079273008 0.075525738 0.007053579 0.017958967 0.042276897 0.998919606
1341846376.094015 -0.045236655 0.094616309 0.079643220 0.007341011 0.019761883 0.044535480 0.998785317
1341846376.126126 -0.044620022 0.105288483 0.087911278 0.007322914 0.022941453 0.044399295 0.998723567
1341846376.162125 -0.048472859 0.113719836 0.083408684 0.004587316 0.027428882 0.043279242 0.998675883
1341846376.194033 -0.052944105 0.121376373 0.089374468 0.001604550 0.029118923 0.043902628 0.998610079
1341846376.226110 -0.053861748 0.125340819 0.091553807 -0.001072220 0.028717570 0.046341676 0.998512208
1341846376.262088 -0.054305431 0.128028885 0.099326566 -0.001207341 0.027936351 0.047747109 0.998467982
1341846376.293911 -0.051620774 0.134521157 0.102078035 0.000975457 0.027930982 0.049437009 0.998386145
1341846376.326088 -0.054964308 0.142920449 0.104364850 0.003536318 0.028434440 0.051688638 0.998252094
1341846376.362076 -0.057533290 0.150822714 0.101161808 0.004266282 0.027031826 0.053391185 0.998198628
1341846376.393924 -0.051745873 0.154742166 0.104927920 0.003670002 0.025695872 0.051496182 0.998335838
1341846376.429909 -0.050910141 0.162872031 0.105603963 0.003921540 0.028068036 0.046848781 0.998499870
1341846376.462224 -0.055988643 0.169132218 0.110207878 0.002082182 0.029714566 0.043893844 0.998592019
1341846376.494092 -0.057723384 0.172320276 0.115372114 0.000983877 0.028996419 0.042619579 0.998669982
1341846376.529992 -0.055058897 0.180540502 0.115072407 0.001845396 0.028745899 0.042499114 0.998681188
1341846376.562034 -0.054438364 0.185949415 0.117139056 0.001070976 0.029990409 0.041476876 0.998688698
1341846376.594092 -0.057608858 0.194506586 0.119091429 0.000727577 0.031580854 0.040469088 0.998681307
1341846376.630016 -0.056613851 0.203550965 0.124540873 -0.000299093 0.031745829 0.039723478 0.998706222
1341846376.662132 -0.053696256 0.208426371 0.129948929 -0.001292505 0.033782776 0.037813991 0.998712718
1341846376.697981 -0.056336142 0.214165136 0.129330188 -0.002453568 0.035894237 0.038884897 0.998595834
1341846376.730128 -0.054615334 0.220167115 0.131471261 -0.002373401 0.036612213 0.039038062 0.998563945
1341846376.762061 -0.054351695 0.233220816 0.129304424 -0.002062089 0.037354466 0.039149523 0.998532772
1341846376.797939 -0.054790575 0.242898107 0.130330518 -0.004456205 0.037377212 0.037368324 0.998592377
1341846376.829920 -0.055281613 0.250582069 0.136920094 -0.007645268 0.038010515 0.039453521 0.998468935
1341846376.866170 -0.058372434 0.261714995 0.135293558 -0.009817903 0.038287837 0.042798553 0.998301506
1341846376.898026 -0.052240584 0.268885493 0.137658671 -0.014070492 0.036114164 0.043387491 0.998306215
1341846376.930139 -0.047647439 0.276360154 0.136546656 -0.019059196 0.037304323 0.039375134 0.998346031
1341846376.966511 -0.049459424 0.285330743 0.138618171 -0.025367586 0.040813025 0.038126558 0.998116791
1341846376.997919 -0.052097648 0.297798336 0.143147603 -0.029473759 0.042623367 0.040357977 0.997840583
1341846377.030079 -0.050306380 0.303170353 0.149769858 -0.032985423 0.043164950 0.040366542 0.997707009
1341846377.066212 -0.051244289 0.313865304 0.140393272 -0.035645358 0.044178423 0.040933661 0.997548103
1341846377.097918 -0.053007681 0.323757231 0.143545851 -0.039106347 0.043727968 0.040687907 0.997448325
1341846377.134079 -0.056707241 0.325830132 0.147952169 -0.042803470 0.042543013 0.040664259 0.997348726
1341846377.166160 -0.055017401 0.326839745 0.147456765 -0.046137992 0.037635013 0.042249605 0.997331381
1341846377.197925 -0.057159640 0.339261472 0.150103509 -0.045813080 0.033442352 0.041359581 0.997533083
1341846377.233952 -0.052499939 0.347944081 0.146736279 -0.048433233 0.030946840 0.039865687 0.997550666
1341846377.266486 -0.048852973 0.348724663 0.152087048 -0.052238427 0.032450724 0.038165480 0.997377336
1341846377.298068 -0.056411907 0.358046114 0.150764376 -0.054789994 0.033962104 0.041095566 0.997073650
1341846377.334109 -0.053559046 0.358430922 0.155121446 -0.058987118 0.032012712 0.042246237 0.996850550
1341846377.366029 -0.052261822 0.359467298 0.156254172 -0.060366821 0.032282587 0.039804403 0.996859729
1341846377.401870 -0.053963933 0.358885258 0.153566256 -0.062056366 0.033458598 0.037789702 0.996795654
1341846377.434052 -0.052571606 0.354750246 0.158403829 -0.063445561 0.032446936 0.038256235 0.996723831
1341846377.466127 -0.051328223 0.353124648 0.158129916 -0.061185610 0.032395508 0.038664576 0.996851027
1341846377.502027 -0.051365625 0.355919600 0.155211404 -0.058848634 0.032967295 0.034793936 0.997115552
1341846377.534114 -0.047014244 0.336308271 0.151555404 -0.061019707 0.035437517 0.030235993 0.997048974
1341846377.566085 -0.048459873 0.316857427 0.152027145 -0.061684687 0.037079252 0.031307820 0.996915221
1341846377.602113 -0.046019308 0.322337002 0.150192037 -0.057660025 0.036022987 0.033398300 0.997126997
1341846377.633912 -0.047667067 0.316726178 0.164399192 -0.051182140 0.036912639 0.031380773 0.997513473
1341846377.676329 -0.048117023 0.313785046 0.144402832 -0.046863422 0.038768753 0.029681820 0.997707307
1341846377.743964 -0.040305637 0.281940579 0.146888196 -0.041916989 0.035249002 0.027951865 0.998107851
1341846377.802535 -0.042275358 0.270663559 0.136223912 -0.040053889 0.034903094 0.027606163 0.998206079
1341846377.835932 -0.042000316 0.248761743 0.133392707 -0.035375025 0.036858529 0.027847899 0.998305857
1341846377.872063 -0.055858098 0.257151932 0.123532645 -0.030797163 0.035580255 0.035480384 0.998261869
1341846377.902201 -0.046486672 0.244350433 0.134807765 -0.032118328 0.028074924 0.036232125 0.998432517
1341846377.939383 -0.041373253 0.241187006 0.139929637 -0.027066052 0.031650346 0.027279593 0.998759985
1341846377.970635 -0.047926955 0.231800452 0.114800207 -0.030071557 0.034192629 0.029816408 0.998517692
1341846378.002401 -0.041047044 0.206107706 0.117768526 -0.035969019 0.026745766 0.031786311 0.998489141
1341846378.038883 -0.037816972 0.203494743 0.119180679 -0.031138290 0.027478395 0.028427143 0.998732865
1341846378.106524 -0.040866770 0.185743675 0.111893877 -0.034051869 0.027739797 0.026149385 0.998692751
1341846378.138114 -0.037794873 0.174083978 0.110346831 -0.032937359 0.028471740 0.021159803 0.998827696
1341846378.170157 -0.038874906 0.169557750 0.100437880 -0.031742312 0.030450137 0.013331235 0.998943210
1341846378.206045 -0.038910732 0.154215887 0.100068092 -0.034872476 0.031253453 0.009052359 0.998861969
1341846378.238081 -0.038131781 0.135433361 0.105603889 -0.035452459 0.031166377 0.008137194 0.998852134
1341846378.275916 -0.033467382 0.125259221 0.099573180 -0.032247126 0.031046523 0.006463757 0.998976767
1341846378.312389 -0.035118673 0.119974360 0.105546609 -0.030878261 0.033543345 0.004804825 0.998948574
1341846378.344267 -0.035631191 0.095467903 0.111987866 -0.030600822 0.036682174 0.001536141 0.998857200
1341846378.376036 -0.033398774 0.082532398 0.099001482 -0.026937218 0.037730090 0.001809246 0.998923182
1341846378.411936 -0.031654816 0.077776186 0.097436413 -0.025110751 0.038730897 0.000294150 0.998934090
1341846378.444079 -0.027625689 0.060628165 0.081052192 -0.025454501 0.040762488 -0.002915406 0.998840332
1341846378.480041 -0.035582591 0.056704082 0.081774242 -0.023294428 0.042370036 -0.006090006 0.998811841
1341846378.512023 -0.033840239 0.045946233 0.086037703 -0.023806261 0.040094119 -0.007017883 0.998887599
1341846378.543975 -0.033559568 0.037937064 0.084391348 -0.021368293 0.042323090 -0.011781611 0.998805940
1341846378.579973 -0.039431695 0.025256898 0.079548612 -0.020182511 0.045305997 -0.013343642 0.998680115
1341846378.612676 -0.038414024 0.018478943 0.083274901 -0.017520193 0.045283012 -0.014056857 0.998721659
1341846378.643945 -0.032934964 0.006223836 0.080689199 -0.014049290 0.047291193 -0.014501166 0.998677075
1341846378.679954 -0.037239827 -0.000539187 0.069867395 -0.010695170 0.049066033 -0.014331989 0.998635471
1341846378.742199 -0.022973200 -0.023946051 0.071387671 -0.006002836 0.051292855 -0.021018164 0.998444378
1341846378.774089 -0.031361856 -0.029071135 0.066790193 -0.000867445 0.056501005 -0.022410171 0.998150587
1341846378.805994 -0.032758020 -0.038409550 0.063262478 0.002147292 0.056896914 -0.021621291 0.998143554
1341846378.842121 -0.016011879 -0.042953733 0.046537392 0.004455952 0.056051787 -0.023318263 0.998145580
1341846378.874022 -0.017396066 -0.054707527 0.042799830 0.006535998 0.059015047 -0.026398851 0.997886598
1341846378.911788 -0.020438487 -0.060350087 0.050907716 0.009234279 0.060725223 -0.025222242 0.997793078
1341846378.974034 -0.013934681 -0.072783500 0.049716014 0.013130895 0.061229929 -0.026684690 0.997680485
1341846379.009977 -0.017173376 -0.075714715 0.049177680 0.015674345 0.064025208 -0.026037093 0.997485399
1341846379.041991 -0.014586481 -0.081742346 0.053499449 0.016773464 0.064730160 -0.026539098 0.997408807
1341846379.078155 -0.012126654 -0.094561592 0.040663712 0.017189991 0.066581674 -0.032187972 0.997113466
1341846379.109871 -0.016130878 -0.098960973 0.038740687 0.018466253 0.067540951 -0.031058758 0.997061968
1341846379.142034 -0.016810281 -0.117533796 0.035441142 0.016448366 0.067936920 -0.032448173 0.997026145
1341846379.178080 -0.019291827 -0.127642736 0.034968436 0.019562496 0.069823414 -0.037306380 0.996669531
1341846379.209979 -0.018712103 -0.139189094 0.032204557 0.025581868 0.070615955 -0.037469272 0.996471286
1341846379.242047 -0.028393032 -0.157868385 0.030268647 0.031010408 0.068913437 -0.035689622 0.996501684
1341846379.278304 -0.020823190 -0.167300731 0.025778430 0.036454000 0.066701487 -0.038610253 0.996358991
1341846379.310076 -0.008534391 -0.183175862 0.025987219 0.045202274 0.069929987 -0.042797461 0.995607793
1341846379.346166 -0.010565605 -0.192106143 0.026712682 0.051147778 0.071878128 -0.039597780 0.995313764
1341846379.377944 -0.007225827 -0.201709911 0.027539929 0.058353402 0.071400717 -0.037616123 0.995028555
1341846379.409974 -0.005849151 -0.209870577 0.018456239 0.066809803 0.073522843 -0.038927626 0.994291425
1341846379.446065 -0.006856786 -0.203564316 0.034797229 0.072865069 0.075202547 -0.036428645 0.993835092
1341846379.478631 -0.005192443 -0.202641785 0.029732093 0.073060393 0.074342862 -0.035517752 0.993918419
1341846379.511214 0.002820160 -0.213238075 0.026378544 0.071072817 0.075470194 -0.037931789 0.993888378
1341846379.546204 -0.011625612 -0.221662506 0.035137322 0.072435915 0.078361236 -0.037437711 0.993584871
1341846379.578217 -0.018961797 -0.208758295 0.040602900 0.074762009 0.074657038 -0.033756636 0.993829668
1341846379.614096 -0.003092239 -0.213387787 0.032329258 0.071974851 0.070724435 -0.032430261 0.994367123
1341846379.646030 -0.001878983 -0.211003110 0.033166762 0.070511028 0.072864003 -0.032728430 0.994307756
1341846379.678830 -0.012935829 -0.212123156 0.035331205 0.067976378 0.073074780 -0.030257175 0.994547069
1341846379.714071 -0.013966137 -0.211286709 0.032113411 0.065936364 0.069735900 -0.027632305 0.995000422
1341846379.746082 -0.002342400 -0.207994163 0.032999694 0.064358935 0.068852551 -0.026602246 0.995193243
1341846379.778087 -0.011636357 -0.198397890 0.033895899 0.062327784 0.071050219 -0.023981662 0.995234668
1341846379.813931 -0.015133266 -0.189681277 0.039026015 0.058107946 0.068296880 -0.020275738 0.995765030
1341846379.845927 -0.008014327 -0.186298326 0.038260907 0.053964391 0.066402830 -0.019323453 0.996145129
1341846379.881893 -0.010698202 -0.176688761 0.045477394 0.049585007 0.067131549 -0.017768484 0.996352792
1341846379.913954 -0.013131009 -0.162533492 0.045373939 0.043216906 0.065796413 -0.014504047 0.996791244
1341846379.946050 -0.014157721 -0.165026233 0.052242815 0.034880102 0.063770220 -0.012369105 0.997278154
1341846379.981969 -0.020793397 -0.165805697 0.056452248 0.029572453 0.062906876 -0.009990287 0.997531116
1341846380.013935 -0.023351513 -0.155646488 0.050768886 0.025310168 0.059704434 -0.005081099 0.997882247
1341846380.046124 -0.021044688 -0.140920892 0.061766196 0.019654000 0.056914277 -0.000483673 0.998185456
1341846380.082142 -0.018881062 -0.137927905 0.065808155 0.013744558 0.056823719 -0.001321782 0.998288751
1341846380.114330 -0.021402396 -0.134544045 0.070548818 0.009156506 0.057847757 0.000987930 0.998282909
1341846380.150278 -0.028698169 -0.135408312 0.073998921 0.006799378 0.056765735 0.004126592 0.998355806
1341846380.182030 -0.020374196 -0.118690439 0.061264776 0.009040968 0.054337911 0.006654703 0.998459518
1341846380.213908 -0.023451459 -0.107841872 0.070399001 0.007464800 0.054933071 0.005775735 0.998445451
1341846380.250090 -0.027075639 -0.080870338 0.068728626 0.000608754 0.056681085 0.000655055 0.998391926
1341846380.281996 -0.020622797 -0.074275844 0.078654326 -0.008168032 0.060578998 0.000835859 0.998129606
1341846380.318009 -0.020652361 -0.058777787 0.075184330 -0.011941334 0.064084709 0.002258741 0.997870445
1341846380.350031 -0.025096877 -0.054184400 0.087394990 -0.017734084 0.065593131 0.006446682 0.997668028
1341846380.382297 -0.017778367 -0.048232418 0.084902294 -0.022421291 0.065746561 0.009896453 0.997535288
1341846380.418020 -0.019228600 -0.033609945 0.087727882 -0.025251266 0.067054980 0.010407208 0.997375369
1341846380.450059 -0.033117048 -0.011955855 0.088686094 -0.030187044 0.065446369 0.016425535 0.997264087
1341846380.481987 -0.026247198 -0.005138104 0.091069102 -0.039345179 0.058318622 0.021286452 0.997295260
1341846380.518026 -0.012531669 -0.007898585 0.088280328 -0.045950543 0.053772289 0.021515960 0.997263372
1341846380.549973 -0.016063470 -0.005335437 0.093923353 -0.049047086 0.053210344 0.023629898 0.997098148
1341846380.585876 -0.017565709 -0.003492775 0.091558993 -0.049530149 0.049116503 0.022819849 0.997303128
1341846380.617833 -0.009549358 0.007775024 0.083407067 -0.047465235 0.044513941 0.024608390 0.997577071
1341846380.650010 -0.008670342 0.007831111 0.079838708 -0.044329923 0.043855678 0.022743292 0.997794747
1341846380.686058 -0.018777959 0.021710619 0.088163257 -0.040238928 0.043653741 0.021523513 0.998003960
1341846380.718154 -0.019192340 0.022186564 0.088145696 -0.038201164 0.042051028 0.021533361 0.998152673
1341846380.750063 -0.000914735 0.003649871 0.083177619 -0.035309788 0.039652281 0.020729084 0.998374283
1341846380.785897 -0.010039474 0.015979797 0.081651241 -0.028429624 0.041540261 0.022299174 0.998483300
1341846380.818263 -0.019018041 0.028767509 0.082933523 -0.026515905 0.038795654 0.023362940 0.998622060
1341846380.854055 -0.011932377 0.018789552 0.086360306 -0.026894202 0.035389323 0.019937929 0.998812675
1341846380.886150 -0.013562601 0.025472848 0.087071843 -0.022037981 0.035355072 0.019586299 0.998939812
1341846380.918124 -0.017045788 0.042233568 0.100125559 -0.019914610 0.031123945 0.022855239 0.999055743
1341846380.954125 -0.012056095 0.028184623 0.097703971 -0.022319181 0.025313789 0.021756416 0.999193549
1341846380.985985 -0.001918534 0.025485147 0.098866828 -0.021542698 0.025626102 0.018626414 0.999265850
1341846381.018098 -0.007223341 0.028777726 0.111208946 -0.020367814 0.027257465 0.019242620 0.999235690
1341846381.054072 -0.004837235 0.023054078 0.121452019 -0.019975303 0.023961382 0.020128090 0.999310613
1341846381.086074 0.006123623 0.017363893 0.123655818 -0.015237850 0.022748102 0.021087950 0.999402642
1341846381.122035 0.001112185 0.026625507 0.135708049 -0.012037423 0.024810774 0.022174651 0.999373674
1341846381.159808 0.004096745 0.023742732 0.144303277 -0.012963967 0.024145003 0.021886945 0.999384761
1341846381.222118 0.018291457 0.032704659 0.158938855 -0.011637323 0.026780626 0.023932463 0.999287069
1341846381.254198 0.028803864 0.026435014 0.167959064 -0.014942075 0.029413678 0.022279382 0.999207258
1341846381.289977 0.043643326 0.020813400 0.190453216 -0.014716168 0.035006847 0.023170236 0.999010086
1341846381.322365 0.034013119 0.037022907 0.203680247 -0.012287496 0.039360933 0.028456680 0.998744190
1341846381.353963 0.037177213 0.032869939 0.213370308 -0.015342953 0.040228065 0.032886155 0.998531342
1341846381.389983 0.058474585 0.042679798 0.214839682 -0.015612936 0.042107530 0.033884712 0.998416245
1341846381.421973 0.048833735 0.043089319 0.228218302 -0.020143053 0.049865425 0.037100900 0.997863352
1341846381.454108 0.051819295 0.038662508 0.252342641 -0.023549406 0.051199332 0.038184807 0.997680306
1341846381.489891 0.057114404 0.027580427 0.258195519 -0.022457918 0.054554675 0.039654501 0.997470260
1341846381.521988 0.061955977 0.030752096 0.270925134 -0.016678756 0.058148216 0.046054792 0.997105598
1341846381.558072 0.067691155 0.033644114 0.281079024 -0.013257656 0.060623337 0.049016710 0.996868312
1341846381.589879 0.075806007 0.034197543 0.290126622 -0.012061699 0.063485287 0.048052471 0.996752262
1341846381.622018 0.078855366 0.037311565 0.305627555 -0.012701485 0.067680225 0.045597970 0.996583581
1341846381.657894 0.079663977 0.029394325 0.314469725 -0.013959984 0.071359225 0.042994186 0.996425867
1341846381.689870 0.085213952 0.024062203 0.328760147 -0.009774303 0.074300781 0.041516524 0.996323347
1341846381.722338 0.088533863 0.031713154 0.346153170 -0.006400524 0.076437615 0.042403828 0.996151745
1341846381.758166 0.090588152 0.028177800 0.356512904 -0.006792825 0.078494884 0.041365147 0.996032774
1341846381.790889 0.095082738 0.025822364 0.366433412 -0.004998425 0.080076106 0.039561030 0.995990872
1341846381.826591 0.103658982 0.027499769 0.377310544 -0.002205359 0.082287028 0.039196439 0.995835125
1341846381.859589 0.096658789 0.025217360 0.392700523 -0.001457786 0.082735710 0.040240191 0.995757699
1341846381.890538 0.100843705 0.024876485 0.400912732 0.000167849 0.078039132 0.042358685 0.996050000
1341846381.926191 0.102762006 0.024322893 0.406675398 0.000543793 0.076290600 0.038192607 0.996353745
1341846381.958121 0.096884578 0.035314206 0.411481529 -0.001084441 0.074192159 0.036622189 0.996570706
1341846381.990050 0.094777159 0.029065687 0.427659303 -0.006897986 0.066879258 0.036388434 0.997073472
1341846382.026007 0.110338815 0.031135073 0.440688908 -0.009963824 0.060860876 0.032991927 0.997551143
1341846382.059217 0.113186233 0.033649709 0.443834513 -0.015352586 0.060239449 0.028924664 0.997646689
1341846382.094090 0.107940763 0.030595277 0.468826503 -0.020757031 0.059340123 0.028243789 0.997622311
1341846382.126195 0.120809756 0.017360955 0.481741577 -0.023728691 0.054953013 0.029908733 0.997758806
1341846382.158170 0.128356591 0.018461188 0.489445210 -0.023340594 0.055242941 0.031156210 0.997713804
1341846382.194097 0.126211017 0.019967528 0.502914608 -0.024020460 0.056667946 0.032739721 0.997566998
1341846382.226010 0.131838948 0.015258458 0.511962652 -0.024423115 0.055964869 0.034803949 0.997527063
1341846382.258172 0.135766760 0.014713602 0.517831206 -0.024081288 0.056279670 0.034413163 0.997531176
1341846382.294020 0.136444032 0.014128592 0.528134286 -0.024230246 0.058842178 0.032907281 0.997430503
1341846382.325957 0.130052969 0.015916375 0.540370166 -0.024991702 0.059445821 0.030195665 0.997461736
1341846382.361974 0.132899880 0.008649122 0.557934940 -0.026860964 0.057435870 0.029531175 0.997550786
1341846382.393888 0.132595077 0.006450868 0.570217907 -0.025702778 0.056196906 0.027636508 0.997706175
1341846382.425972 0.129593804 0.010171546 0.581687212 -0.024817584 0.055905364 0.023440080 0.997852325
1341846382.462037 0.124481425 0.016653253 0.597977042 -0.024478098 0.055212092 0.018686384 0.997999668
1341846382.494003 0.124295786 0.011781158 0.608875692 -0.027215252 0.052327439 0.014697851 0.998150885
1341846382.530148 0.124439605 0.004623495 0.618055642 -0.028376777 0.050363053 0.011345159 0.998263299
1341846382.562400 0.131071761 0.007231134 0.630945385 -0.026815452 0.048584729 0.010048006 0.998408496
1341846382.593981 0.124825887 -0.000748111 0.637478948 -0.027496325 0.049916081 0.010446990 0.998320222
1341846382.629905 0.126611501 -0.004909300 0.650016725 -0.024009200 0.050520141 0.013573267 0.998342156
1341846382.661966 0.130528554 0.007092571 0.655979514 -0.018826766 0.049677532 0.016733984 0.998447657
1341846382.693976 0.119206555 0.010001582 0.666979790 -0.018974010 0.051855166 0.017483277 0.998321295
1341846382.730021 0.127710566 0.002123818 0.670587003 -0.019872947 0.051132929 0.017591698 0.998339117
1341846382.762004 0.121064931 0.008914487 0.680306077 -0.018006613 0.053197686 0.017665774 0.998265386
1341846382.798112 0.117477931 0.012635293 0.685158789 -0.019905880 0.051916294 0.015354329 0.998335004
1341846382.829949 0.124293640 0.007232659 0.685741186 -0.022986235 0.051735010 0.008923491 0.998356462
1341846382.861875 0.126027197 0.008314827 0.696466088 -0.023554811 0.052511942 0.006998614 0.998317957
1341846382.897967 0.120955914 0.007053295 0.701111078 -0.023957450 0.054068118 0.007618369 0.998220801
1341846382.930017 0.127044111 0.006998030 0.700956225 -0.022090049 0.053937543 0.008798067 0.998261213
1341846382.962121 0.140762866 0.013131979 0.707889259 -0.019643936 0.054073606 0.008124889 0.998310685
1341846382.997950 0.123049997 0.009108719 0.707702816 -0.020125384 0.059002902 0.009572596 0.998009026
1341846383.029927 0.125062138 0.005848717 0.712288022 -0.019776810 0.058443204 0.010823513 0.998036146
1341846383.104184 0.132070929 0.008397209 0.712547362 -0.022643693 0.062228594 0.002560865 0.997801781
1341846383.172122 0.132455006 0.008640144 0.721337378 -0.024985811 0.061198302 0.002235477 0.997810364
1341846383.236935 0.136652857 0.015456272 0.726281345 -0.024586279 0.068616286 0.001973636 0.997338176
1341846383.272112 0.135079518 0.008078740 0.730031371 -0.024790891 0.067441911 0.005706462 0.997398913
1341846383.303955 0.144912079 0.009996718 0.723863661 -0.023796687 0.066714182 0.007917093 0.997456908
1341846383.336133 0.141934499 0.013787524 0.718539953 -0.026482016 0.068354703 0.007107446 0.997284234
1341846383.398119 0.144987300 0.005199718 0.719232202 -0.029210284 0.067020476 0.009428530 0.997279406
1341846383.433991 0.150894225 0.005325641 0.715835154 -0.029904816 0.067882180 0.011093522 0.997183383
1341846383.466087 0.148282647 0.007662556 0.716060877 -0.029079877 0.068200290 0.011642361 0.997179806
1341846383.501974 0.144056052 0.009747363 0.710961938 -0.027796037 0.067102291 0.014905787 0.997247458
1341846383.533975 0.143140450 0.000647707 0.702812850 -0.029154286 0.065086886 0.013717624 0.997359335
1341846383.565981 0.140206546 0.002497595 0.695092022 -0.029488847 0.064656571 0.011600679 0.997404337
1341846383.602253 0.132231280 0.003995688 0.688224733 -0.029141130 0.062821217 0.011909001 0.997528195
1341846383.634175 0.120815672 0.014747111 0.683526218 -0.026302220 0.059123565 0.012073322 0.997831106
1341846383.665988 0.110914595 0.020191193 0.674857557 -0.026085997 0.056395918 0.010307200 0.998014450
1341846383.702104 0.108698450 0.011270013 0.668192148 -0.028525999 0.053516116 0.007319258 0.998132646
1341846383.734131 0.104103260 0.015970439 0.663182855 -0.027487528 0.049057752 0.007247164 0.998391330
1341846383.770067 0.103936516 0.011701424 0.648110449 -0.028301388 0.043033004 0.011756632 0.998603523
1341846383.802027 0.099054955 0.006439259 0.641226530 -0.028762218 0.039707106 0.009581015 0.998751402
1341846383.870067 0.081371203 0.010833104 0.623365819 -0.028772488 0.035936799 0.011519426 0.998873413
1341846383.901854 0.080948912 0.010867313 0.609739125 -0.028794056 0.031997144 0.012980956 0.998988807
1341846383.934301 0.079587877 0.013177152 0.599458933 -0.031335820 0.030356199 0.011771156 0.998978555
1341846383.969997 0.074966371 0.010326263 0.590874493 -0.032523535 0.028522177 0.012115136 0.998990417
1341846384.001936 0.075122960 0.001002264 0.582722485 -0.032498781 0.024669521 0.015825244 0.999041975
1341846384.038092 0.062967032 0.018543893 0.569091678 -0.027798377 0.021192670 0.016541572 0.999252021
1341846384.070104 0.065530322 0.014074793 0.556164742 -0.030064849 0.019038035 0.013105385 0.999280751
1341846384.102008 0.059187286 0.009256870 0.543908894 -0.029371645 0.019816773 0.011732220 0.999303281
1341846384.138265 0.053557724 0.015337425 0.533743203 -0.026853640 0.016402176 0.014465844 0.999400139
1341846384.170093 0.053802636 0.015992090 0.521963179 -0.027686760 0.013821861 0.013574112 0.999428928
1341846384.202188 0.051606636 0.014746870 0.511542618 -0.027496852 0.015159810 0.011021872 0.999446213
1341846384.237844 0.045817144 0.018825514 0.500710189 -0.027056517 0.016111335 0.010792552 0.999445856
1341846384.269968 0.049231578 0.011929994 0.494013488 -0.027994862 0.013365667 0.012785959 0.999436975
1341846384.306015 0.054543015 0.024190128 0.476268739 -0.024272092 0.012081017 0.014255149 0.999530733
1341846384.337907 0.038675372 0.017593462 0.470918387 -0.026220085 0.015080506 0.012752510 0.999461114
1341846384.369865 0.047278095 0.027598750 0.452046633 -0.025499569 0.012311834 0.012813035 0.999516904
1341846384.406199 0.042493608 0.018355567 0.448926240 -0.026708819 0.013755699 0.009733516 0.999501169
1341846384.437788 0.032888688 0.024603752 0.436409026 -0.026188675 0.014930428 0.008730091 0.999507368
1341846384.469882 0.031114934 0.026927400 0.427193463 -0.028626731 0.013887831 0.006537196 0.999472320
1341846384.506115 0.033171952 0.023612022 0.418279320 -0.030203803 0.014760136 0.003392119 0.999429047
1341846384.537970 0.034809742 0.029222662 0.411272287 -0.030969320 0.016839899 0.002583801 0.999375105
1341846384.573994 0.026833391 0.026141260 0.404878408 -0.032559272 0.017758198 0.004929931 0.999299884
1341846384.606493 0.021926297 0.025115438 0.399207056 -0.030635154 0.016548950 0.009001817 0.999353111
1341846384.637999 0.025051752 0.030883981 0.387624919 -0.028203985 0.014732663 0.011983367 0.999421775
1341846384.674068 0.019847544 0.030623853 0.379171044 -0.029003728 0.013935952 0.010816589 0.999423623
1341846384.705921 0.015894296 0.030699499 0.371745408 -0.028129917 0.013527682 0.008673031 0.999475121
1341846384.742045 0.014724292 0.046032876 0.358898342 -0.026037689 0.010227947 0.009735550 0.999561191
1341846384.774082 0.013494166 0.049488500 0.347398281 -0.028694984 0.008024835 0.006271758 0.999536335
1341846384.805987 0.004713565 0.038922407 0.349464566 -0.031823695 0.008992591 -0.000951556 0.999452651
1341846384.842025 -0.001034726 0.041495867 0.337664008 -0.032376513 0.007757079 -0.001470042 0.999444544
1341846384.874081 -0.004986771 0.043401208 0.328099728 -0.033240177 0.006115627 0.000332483 0.999428630
1341846384.905998 -0.005451914 0.040885299 0.316932917 -0.031724133 0.005876258 0.003259064 0.999474049
1341846384.942014 -0.009780306 0.048141778 0.309322685 -0.030651361 0.006239417 0.006109001 0.999491990
1341846384.974049 -0.008794377 0.048848964 0.305593461 -0.031420905 0.005439475 0.009154734 0.999449551
1341846385.009917 -0.009356834 0.041169971 0.297952861 -0.030493757 0.005949506 0.012643347 0.999437273
1341846385.042211 -0.022485472 0.063128397 0.285952479 -0.026504824 0.008113277 0.016520670 0.999479234
1341846385.073967 -0.017878065 0.046572845 0.282479048 -0.030756682 0.008084800 0.014894612 0.999383211
1341846385.110157 -0.020863827 0.044149678 0.271347910 -0.029760456 0.009582411 0.014868484 0.999400496
1341846385.141931 -0.028636195 0.056004539 0.268495023 -0.026324945 0.010662600 0.018286994 0.999429286
1341846385.173929 -0.030987281 0.039908785 0.260963947 -0.027447645 0.009156398 0.015844217 0.999455750
1341846385.210052 -0.032372966 0.039295971 0.245831937 -0.026393939 0.008883506 0.010972247 0.999551952
1341846385.242941 -0.037967768 0.038234994 0.235219046 -0.025772531 0.010013505 0.004816280 0.999606073
1341846385.278001 -0.044200856 0.034242552 0.237733409 -0.025713954 0.009356223 0.001768331 0.999624014
1341846385.311234 -0.050074335 0.030023269 0.230799988 -0.023850746 0.009076589 0.000852811 0.999673963
1341846385.342936 -0.048817739 0.047678374 0.210634604 -0.017733226 0.006764360 0.000763316 0.999819577
1341846385.378101 -0.054376718 0.047360711 0.209148854 -0.017624095 0.006926632 -0.000198037 0.999820650
1341846385.410048 -0.062312752 0.044765204 0.200463533 -0.018149067 0.006453022 -0.001309894 0.999813616
1341846385.442088 -0.071980059 0.045110788 0.199243903 -0.017345699 0.004595682 -0.001289642 0.999838173
1341846385.477970 -0.084514029 0.041210279 0.195798621 -0.019135518 0.002325170 -0.003287086 0.999808788
1341846385.510109 -0.090106227 0.041052002 0.188900024 -0.019839650 0.000758044 -0.002710804 0.999799192
1341846385.545989 -0.102245800 0.039112173 0.182069987 -0.020596741 -0.000999711 -0.003144931 0.999782443
1341846385.577939 -0.111689307 0.043861572 0.173425674 -0.021473613 -0.005682734 -0.003557758 0.999746919
1341846385.609948 -0.115496159 0.041558035 0.166767135 -0.022580201 -0.008345123 -0.002573098 0.999706864
1341846385.646024 -0.125620365 0.047450759 0.162348211 -0.021802180 -0.010787502 -0.002286985 0.999701500
1341846385.678122 -0.134838045 0.051668618 0.155132681 -0.023266355 -0.017397134 0.000562754 0.999577761
1341846385.713966 -0.126635149 0.050615847 0.152095273 -0.023641514 -0.021354074 0.000675625 0.999492168
1341846385.745986 -0.136082828 0.053179186 0.145582557 -0.022382345 -0.020698586 0.001989356 0.999533236
1341846385.778024 -0.143867001 0.054056209 0.136617914 -0.022676878 -0.023114186 0.005319474 0.999461472
1341846385.814480 -0.141340971 0.058014106 0.136274114 -0.022625204 -0.024822138 0.003657294 0.999429166
1341846385.846594 -0.141629025 0.059528079 0.126228973 -0.023011951 -0.022379424 0.001128783 0.999484062
1341846385.884072 -0.158704236 0.059244636 0.110612616 -0.024355128 -0.018787602 0.003913505 0.999519169
1341846385.920282 -0.161108941 0.065353386 0.108034559 -0.024005951 -0.021000635 0.004872065 0.999479353
1341846385.951967 -0.151612163 0.063868605 0.102054171 -0.024057781 -0.020440901 0.002711329 0.999497890
1341846385.983828 -0.158974320 0.061550822 0.094180420 -0.024030527 -0.016110370 0.002698621 0.999577820
1341846386.019954 -0.167459831 0.061953105 0.083471097 -0.023843404 -0.015658738 0.005275123 0.999579191
1341846386.053153 -0.169311211 0.058842037 0.082313180 -0.022746997 -0.017332397 0.004462139 0.999581099
1341846386.087964 -0.165382236 0.063056089 0.067455240 -0.019280059 -0.015805999 -0.000085200 0.999689221
1341846386.120298 -0.174402699 0.061008401 0.061673358 -0.018468341 -0.012130054 -0.002606981 0.999752462
1341846386.152323 -0.183906645 0.056528307 0.056807198 -0.016564880 -0.011829460 -0.003089176 0.999788105
1341846386.187922 -0.182230979 0.058840089 0.049078573 -0.013493001 -0.013779345 -0.006090312 0.999795496
1341846386.220214 -0.178972617 0.057222135 0.040957086 -0.011613052 -0.013503821 -0.011136782 0.999779403
1341846386.251878 -0.181160063 0.049998417 0.027771363 -0.009363392 -0.012039220 -0.013371872 0.999794304
1341846386.287926 -0.193658426 0.048950508 0.013283764 -0.006597697 -0.012342738 -0.014651908 0.999794722
1341846386.320048 -0.187165305 0.053031493 0.001546411 -0.003815567 -0.014951542 -0.017151944 0.999733865
1341846386.351806 -0.182102293 0.052792240 -0.013379067 -0.002142158 -0.013159636 -0.022047952 0.999668062
1341846386.387904 -0.191595867 0.050554041 -0.029018702 -0.000544324 -0.011610256 -0.021868756 0.999693334
1341846386.420158 -0.196047112 0.049005397 -0.045178954 0.001096847 -0.013494379 -0.020127956 0.999705791
1341846386.488011 -0.185690656 0.064896718 -0.081984363 0.003772269 -0.018146619 -0.023254646 0.999557793
1341846386.550203 -0.200356454 0.061363023 -0.116078615 0.005460614 -0.017051714 -0.023537034 0.999562681
1341846386.582265 -0.198429763 0.068085827 -0.139038071 0.006383917 -0.020461261 -0.021351589 0.999542236
1341846386.618055 -0.190139219 0.073145777 -0.149913922 0.006175983 -0.021126188 -0.023578772 0.999479711
1341846386.651032 -0.191497341 0.080913223 -0.175679773 0.005324293 -0.019578353 -0.024853759 0.999485195
1341846386.682220 -0.193238586 0.083755128 -0.190302700 0.003017859 -0.021007158 -0.023193533 0.999505758
1341846386.718071 -0.186123312 0.074995935 -0.204449564 0.001381129 -0.022482827 -0.020632729 0.999533355
1341846386.750071 -0.179174602 0.080661356 -0.218945116 0.003973490 -0.020238597 -0.019537088 0.999596417
1341846386.786100 -0.185433492 0.085143901 -0.233853340 0.004761698 -0.017188331 -0.016620714 0.999702811
1341846386.817967 -0.188656121 0.083730578 -0.248056799 0.005563509 -0.017259859 -0.014681630 0.999727786
1341846386.850155 -0.181684926 0.089767434 -0.260831624 0.006943274 -0.016210621 -0.014629292 0.999737442
1341846386.886034 -0.178438395 0.092828289 -0.273026347 0.006758008 -0.013676967 -0.013055494 0.999798357
1341846386.918050 -0.180520847 0.094589666 -0.285542190 0.007221718 -0.011817493 -0.009808947 0.999855995
1341846386.954005 -0.182999462 0.098683722 -0.300368547 0.007955559 -0.010598956 -0.008093841 0.999879420
1341846386.986155 -0.174741402 0.099510640 -0.318662584 0.007733071 -0.009748939 -0.007564983 0.999893963
1341846387.018027 -0.174331933 0.096952669 -0.324725449 0.007292649 -0.005061859 -0.005739979 0.999944150
1341846387.054058 -0.182260841 0.097387508 -0.338997096 0.008737733 -0.002662288 -0.003758084 0.999951243
1341846387.086157 -0.179430097 0.101912394 -0.345853955 0.009820612 -0.002911234 -0.003033203 0.999942958
1341846387.118350 -0.172562435 0.098948158 -0.361208797 0.009955406 -0.000372108 -0.003997278 0.999942362
1341846387.153927 -0.181650832 0.099400662 -0.375568628 0.011369226 0.002628478 -0.004373014 0.999922335
1341846387.185953 -0.187446252 0.109405421 -0.387324154 0.011956323 0.001974539 -0.004006913 0.999918580
1341846387.222042 -0.179032594 0.116578981 -0.391261756 0.010316338 0.000234719 -0.005888964 0.999929428
1341846387.253968 -0.177109540 0.114286073 -0.404676944 0.009129014 0.002114186 -0.007993339 0.999924123
1341846387.286046 -0.185103372 0.113376632 -0.420963049 0.007697125 0.002863276 -0.005867931 0.999949038
1341846387.322002 -0.178382963 0.116468094 -0.431951791 0.006067864 0.001220891 -0.004966846 0.999968529
1341846387.353879 -0.169423938 0.113592803 -0.443216383 0.004719725 0.002144577 -0.005162247 0.999973238
1341846387.386177 -0.180985644 0.116110474 -0.453510940 0.004859021 0.003383208 -0.002585155 0.999979138
1341846387.422132 -0.173845455 0.118145593 -0.462283731 0.005440460 0.001305906 0.000119873 0.999984324
1341846387.454043 -0.166915208 0.122477576 -0.475064397 0.005810559 0.002281470 -0.001577788 0.999979258
1341846387.490166 -0.173357695 0.117103033 -0.485124260 0.004538100 0.003736335 -0.000812532 0.999982357
1341846387.522009 -0.174554870 0.114466362 -0.492735475 0.004554081 0.001727770 0.003704075 0.999981225
1341846387.554619 -0.166610464 0.123495884 -0.506255627 0.005533995 0.000255781 0.005088755 0.999971688
1341846387.590257 -0.166553661 0.135691315 -0.519463420 0.004718500 0.001345350 0.004256936 0.999978840
1341846387.622301 -0.167213872 0.132328868 -0.523937464 0.001197389 0.002755622 0.005128467 0.999982297
1341846387.654151 -0.173675895 0.131375283 -0.527103603 -0.000547612 0.002849389 0.005086467 0.999982834
1341846387.690110 -0.172551990 0.136884555 -0.538814545 -0.001287217 0.000585689 0.004305155 0.999989748
1341846387.722109 -0.170930475 0.138815314 -0.544140458 -0.003567216 -0.000492043 0.003746424 0.999986470
1341846387.758177 -0.172778159 0.131964982 -0.551037312 -0.005536188 -0.000976790 0.004706841 0.999973118
1341846387.790191 -0.177622035 0.135500386 -0.554503381 -0.004747481 -0.002369277 0.007735200 0.999956012
1341846387.822157 -0.175282866 0.144083336 -0.561784029 -0.003269846 -0.004654993 0.007869559 0.999952853
1341846387.858179 -0.176829651 0.147209257 -0.569247246 -0.003848807 -0.005504519 0.011115378 0.999915659
1341846387.890013 -0.179091379 0.146821022 -0.573983610 -0.003905558 -0.007987276 0.012344134 0.999884307
1341846387.926103 -0.173386380 0.151477814 -0.579664886 -0.003508860 -0.009530642 0.011687242 0.999880135
1341846387.958426 -0.178062081 0.145742431 -0.589585900 -0.005010859 -0.009749566 0.015163662 0.999824941
1341846387.990086 -0.181903258 0.146104768 -0.590667069 -0.005644727 -0.012143794 0.016889848 0.999767661
1341846388.026158 -0.177817747 0.133814633 -0.586179495 -0.005331493 -0.016072853 0.015780648 0.999732077
1341846388.058060 -0.172693104 0.133355170 -0.583518863 -0.000083991 -0.018517477 0.022712909 0.999570489
1341846388.089974 -0.177632526 0.133996844 -0.582674205 0.004760788 -0.020609429 0.026502484 0.999424934
1341846388.126088 -0.175165400 0.151427865 -0.592573762 0.008231233 -0.022395998 0.024757478 0.999408722
1341846388.158090 -0.160495311 0.166978627 -0.595672846 0.006017680 -0.021993203 0.021866499 0.999500811
1341846388.194068 -0.167191461 0.155173019 -0.577133656 0.000664739 -0.019024804 0.018533979 0.999646962
1341846388.225961 -0.169187114 0.150444537 -0.571432054 -0.000285415 -0.019525804 0.016609881 0.999671340
1341846388.257928 -0.165197104 0.159184292 -0.563324332 -0.000668611 -0.019919688 0.017888371 0.999641359
1341846388.294066 -0.168596983 0.148585558 -0.549010813 -0.002319847 -0.019787684 0.017610267 0.999646425
1341846388.325954 -0.161401182 0.155327201 -0.546679199 -0.000632722 -0.020718453 0.015944013 0.999658048
1341846388.357936 -0.163491160 0.156769052 -0.540431440 -0.002274648 -0.018906280 0.014521827 0.999713242
1341846388.394202 -0.166195258 0.143614382 -0.534239590 -0.004517441 -0.019297227 0.013233740 0.999715984
1341846388.425957 -0.159333900 0.142257988 -0.531459868 -0.005076986 -0.020493036 0.010523329 0.999721706
1341846388.462012 -0.161160454 0.141373187 -0.514810026 -0.005879139 -0.018297181 0.007746013 0.999785304
1341846388.493961 -0.166573122 0.136275053 -0.494523972 -0.005055399 -0.018866329 0.007207500 0.999783278
1341846388.526293 -0.161478579 0.134384185 -0.491085321 -0.003574090 -0.020941442 0.007288608 0.999747753
1341846388.562293 -0.154784232 0.134413972 -0.482871234 -0.001828647 -0.019623375 0.005348566 0.999791443
1341846388.594090 -0.157912105 0.135659084 -0.469707787 -0.000923031 -0.017704889 0.004580698 0.999832332
1341846388.626030 -0.159173369 0.132749617 -0.453196436 -0.001210180 -0.018262614 0.004133944 0.999823928
1341846388.662009 -0.151860371 0.117919847 -0.446491569 -0.000951683 -0.017973972 0.002559721 0.999834716
1341846388.694110 -0.155276045 0.129632011 -0.433442175 0.001716122 -0.016406270 0.001854757 0.999862194
1341846388.730239 -0.153486490 0.129940197 -0.413465917 0.000167880 -0.017413350 0.001077276 0.999847770
1341846388.762131 -0.144864097 0.115290999 -0.404079705 -0.000829471 -0.016792709 -0.001549238 0.999857426
1341846388.794087 -0.150173262 0.123636268 -0.394560099 0.000918609 -0.014284923 -0.001353331 0.999896646
1341846388.830117 -0.151816860 0.126540467 -0.366366953 -0.000965651 -0.015676523 0.000799533 0.999876320
1341846388.868548 -0.144866243 0.113175102 -0.362501830 -0.002162897 -0.016399130 0.000359457 0.999863148
1341846388.900942 -0.151355103 0.122965388 -0.348849982 -0.000851004 -0.014119028 0.000208598 0.999899924
1341846388.937157 -0.152915910 0.122090265 -0.329247028 -0.004187294 -0.015743755 0.001412223 0.999866307
1341846388.970712 -0.147399172 0.110135935 -0.304820776 -0.006808908 -0.016501460 0.000971243 0.999840200
1341846389.001153 -0.147974715 0.116981208 -0.293141633 -0.005706133 -0.016295981 -0.000601362 0.999850750
1341846389.036956 -0.153375253 0.126310512 -0.271817923 -0.007213235 -0.016038841 -0.001982103 0.999843419
1341846389.069208 -0.150136054 0.105344415 -0.263449937 -0.011685213 -0.016900543 -0.001954036 0.999786973
1341846389.168276 -0.148914754 0.090593383 -0.221717939 -0.012641357 -0.016231254 -0.001078449 0.999787748
1341846389.230639 -0.160229638 0.089079887 -0.188798413 -0.009282234 -0.014830284 0.000772497 0.999846637
1341846389.266034 -0.155476555 0.087011911 -0.175355524 -0.008235423 -0.016863033 -0.000576025 0.999823749
1341846389.298760 -0.151389226 0.087552182 -0.162901819 -0.006478324 -0.014360755 -0.002615942 0.999872506
1341846389.329980 -0.154348150 0.086470842 -0.145930558 -0.004985990 -0.012675394 -0.001569730 0.999906003
1341846389.366022 -0.150442839 0.086549543 -0.132488459 -0.004683187 -0.013227314 -0.001565572 0.999900341
1341846389.397969 -0.144003287 0.081344947 -0.115847014 -0.004234290 -0.010648123 -0.002212605 0.999931872
1341846389.433982 -0.141081199 0.083255440 -0.103902064 -0.000746959 -0.007095782 -0.002189301 0.999972165
1341846389.466033 -0.146212205 0.087939784 -0.095644429 -0.000812983 -0.005881676 0.000568018 0.999982238
1341846389.498030 -0.140564695 0.080572262 -0.085191011 -0.002303383 -0.006797710 0.000991868 0.999973714
1341846389.534085 -0.136400372 0.083704703 -0.075272836 -0.001490767 -0.004015168 -0.000637589 0.999990642
1341846389.565875 -0.138261884 0.091840014 -0.058597147 -0.002817771 -0.001967799 -0.000931998 0.999993622
1341846389.597960 -0.137115046 0.091135897 -0.040696390 -0.006811145 -0.003048341 -0.001088885 0.999971569
1341846389.634116 -0.132407874 0.088964440 -0.025003390 -0.007955893 -0.003857861 -0.002200575 0.999958515
1341846389.665950 -0.133070350 0.097617641 -0.023038682 -0.009911335 -0.002491491 -0.003703796 0.999940932
1341846389.702127 -0.132802159 0.088587269 -0.002855446 -0.015183092 -0.001528772 -0.006089689 0.999865055
1341846389.734086 -0.131414339 0.086195089 0.007252498 -0.014841066 -0.003269358 -0.004371434 0.999874949
1341846389.765898 -0.126465768 0.091617078 0.015564136 -0.014484103 -0.004472716 -0.003930264 0.999877393
1341846389.802126 -0.121369891 0.088972941 0.029341601 -0.015778251 -0.004718879 -0.005523139 0.999849141
1341846389.834063 -0.118811332 0.085482411 0.038989428 -0.014422176 -0.004491485 -0.004593461 0.999875367
1341846389.866260 -0.117312863 0.083408222 0.051818661 -0.012123090 -0.004895925 -0.000515959 0.999914408
1341846389.902002 -0.112650007 0.083473153 0.056214362 -0.010853952 -0.006369231 -0.000469837 0.999920726
1341846389.934117 -0.105218716 0.085505925 0.065828450 -0.009505230 -0.004876938 -0.002989623 0.999938488
1341846389.970116 -0.105350420 0.085953034 0.076644145 -0.009403327 -0.002441477 -0.003008089 0.999948263
1341846390.002129 -0.108431794 0.081961639 0.086373553 -0.010040438 -0.004180367 -0.000206012 0.999940813
1341846390.034099 -0.100387223 0.083825067 0.094379656 -0.008689768 -0.007387884 -0.001815855 0.999933302
1341846390.070024 -0.094564781 0.083736837 0.101784401 -0.008539130 -0.006857582 -0.004406253 0.999930322
1341846390.101910 -0.098131433 0.085161507 0.113534324 -0.009359844 -0.006342015 -0.005428816 0.999921322
1341846390.137924 -0.092419460 0.076868154 0.118786037 -0.009113397 -0.009063031 -0.004527310 0.999907136
1341846390.170038 -0.084413558 0.084503815 0.118195862 -0.006847946 -0.009236992 -0.005011830 0.999921322
1341846390.202115 -0.082726985 0.086252496 0.127501562 -0.009507814 -0.007897262 -0.007723053 0.999893785
1341846390.238117 -0.081299827 0.079768345 0.141634896 -0.010763155 -0.009011680 -0.006030947 0.999883294
1341846390.270052 -0.075981602 0.083555356 0.148336366 -0.009634257 -0.012261770 -0.000333392 0.999878347
1341846390.302085 -0.065194666 0.083700538 0.148542553 -0.011254250 -0.013568547 0.002176257 0.999842227
1341846390.338496 -0.060732037 0.078927681 0.160242766 -0.011825277 -0.012111960 0.004139232 0.999848127
1341846390.370105 -0.065214433 0.083504684 0.169771150 -0.011183480 -0.013095140 0.008946737 0.999811709
1341846390.438106 -0.050072707 0.084635049 0.186847582 -0.016126053 -0.020065790 0.006355575 0.999648392
1341846390.505984 -0.051458474 0.084449135 0.204561338 -0.021170095 -0.027530517 0.010194317 0.999344766
1341846390.538495 -0.033769049 0.081328906 0.205115959 -0.022604305 -0.031064052 0.006686646 0.999239385
1341846390.606055 -0.031615343 0.091931321 0.228812024 -0.024056269 -0.033388302 0.013440848 0.999062479
1341846390.638031 -0.018672660 0.091858730 0.227481633 -0.023810865 -0.036700331 0.014564091 0.998936474
1341846390.673954 -0.010777100 0.096956149 0.230921343 -0.023288049 -0.033880565 0.011674082 0.999086320
1341846390.705937 -0.013476692 0.105694644 0.242208168 -0.025404651 -0.032012634 0.011117503 0.999102712
1341846390.737965 -0.008075190 0.096858434 0.253372133 -0.028911851 -0.033548739 0.010009321 0.998968661
1341846390.774135 0.005177785 0.098096073 0.252781659 -0.026657727 -0.032878313 0.010282394 0.999050915
1341846390.806067 0.009339975 0.104965419 0.257461488 -0.026578931 -0.028474929 0.011024154 0.999180257
1341846390.838026 0.009044830 0.107815154 0.272124916 -0.027952062 -0.027641097 0.012444898 0.999149501
1341846390.874116 0.018616188 0.111008100 0.273751974 -0.028842594 -0.028388938 0.014930207 0.999069214
1341846390.906067 0.020131491 0.112043343 0.274946272 -0.030627221 -0.026784316 0.018735295 0.998996317
1341846390.942137 0.018125679 0.115158245 0.283551902 -0.032437656 -0.025923872 0.021526642 0.998905599
1341846390.974052 0.029789308 0.100394316 0.290964931 -0.033642113 -0.028934574 0.026635354 0.998659849
1341846391.006164 0.031556379 0.112268038 0.286584675 -0.030867686 -0.030569220 0.028338136 0.998653948
1341846391.042303 0.036986295 0.111717954 0.290579915 -0.033219606 -0.031975269 0.026062215 0.998596430
1341846391.074134 0.034600005 0.105744854 0.290252239 -0.034020685 -0.032437455 0.022298785 0.998645663
1341846391.106097 0.031688757 0.112386212 0.288961709 -0.032370597 -0.034058984 0.023352094 0.998622477
1341846391.142154 0.034831170 0.109668061 0.288899094 -0.033465259 -0.036534764 0.025482086 0.998446763
1341846391.174124 0.035259910 0.107758485 0.285165787 -0.033446066 -0.036811080 0.025578661 0.998434782
1341846391.209961 0.036482345 0.111356243 0.287613809 -0.032493681 -0.036535114 0.026628695 0.998448908
1341846391.241977 0.033041459 0.101133183 0.286531478 -0.033580266 -0.037603550 0.029387115 0.998295903
1341846391.273984 0.036507599 0.102404952 0.284687161 -0.031385541 -0.039626356 0.028709738 0.998308778
1341846391.309946 0.034494597 0.105338246 0.280563861 -0.030033510 -0.038356632 0.026382642 0.998464167
1341846391.342018 0.028551040 0.100033768 0.277735174 -0.030910790 -0.039025836 0.026019508 0.998421013
1341846391.378060 0.030540321 0.099502683 0.280507892 -0.030532392 -0.042693652 0.023499280 0.998345017
1341846391.410037 0.034081437 0.101935647 0.278152555 -0.030029314 -0.043303911 0.020791598 0.998394072
1341846391.442052 0.032288961 0.097658768 0.280951887 -0.029659132 -0.042132739 0.022060014 0.998428047
1341846391.478040 0.026983306 0.098617241 0.278748661 -0.027905870 -0.043059640 0.027315000 0.998309076
1341846391.510072 0.029200392 0.105225340 0.271754473 -0.027186662 -0.045367774 0.028886177 0.998182476
1341846391.542159 0.028514016 0.106319524 0.273449391 -0.027825547 -0.044359475 0.027836874 0.998239994
1341846391.578010 0.029005505 0.103027664 0.276029199 -0.028004313 -0.043905221 0.028614653 0.998233080
1341846391.610169 0.030735213 0.095055141 0.271277994 -0.028239053 -0.045943383 0.031916440 0.998034596
1341846391.645942 0.028732229 0.094856031 0.268834054 -0.026998689 -0.047618050 0.032927565 0.997957587
1341846391.677959 0.027735656 0.097219102 0.264496207 -0.025361458 -0.047578838 0.031259626 0.998056054
1341846391.710022 0.026623329 0.090940602 0.255978137 -0.024679491 -0.048269209 0.033100184 0.997980654
1341846391.745846 0.023363903 0.093282588 0.257428408 -0.021818204 -0.050230294 0.032072559 0.997984052
1341846391.778020 0.024199199 0.089369841 0.255804718 -0.020458575 -0.050377965 0.030357830 0.998059094
1341846391.810026 0.023368081 0.081432849 0.257233441 -0.019596500 -0.050024830 0.031453863 0.998060167
1341846391.846013 0.025373466 0.078330517 0.256459683 -0.017749542 -0.051211003 0.033698913 0.997961342
1341846391.877984 0.022971187 0.081661582 0.257780164 -0.014062962 -0.050320555 0.033841960 0.998060524
1341846391.914033 0.025811428 0.077262975 0.263196230 -0.013100361 -0.050218601 0.035287973 0.998028696
1341846391.945996 0.022010576 0.078205787 0.255151898 -0.011452883 -0.050407171 0.035517607 0.998031259
1341846391.978037 0.023436856 0.079567142 0.253700256 -0.010996898 -0.050450984 0.032748356 0.998128891
1341846392.014187 0.022755660 0.076740295 0.256338835 -0.010766572 -0.049673781 0.031361368 0.998214900
1341846392.046054 0.022585267 0.073709726 0.254095018 -0.009913533 -0.050169516 0.033088155 0.998143196
1341846392.078061 0.020723244 0.078930460 0.257590771 -0.008716553 -0.050444189 0.033492938 0.998127043
1341846392.114010 0.023246547 0.079702266 0.259205967 -0.008943393 -0.051017035 0.032904956 0.998115480
1341846392.145989 0.023631716 0.078908950 0.252168268 -0.008870024 -0.050810758 0.031253286 0.998179734
1341846392.181959 0.019885039 0.080103569 0.252142042 -0.010012318 -0.052476216 0.032043878 0.998057723
1341846392.213917 0.022290463 0.082409710 0.249896839 -0.010853221 -0.054975193 0.028944083 0.998009086
1341846392.246105 0.024255900 0.084503800 0.245477542 -0.009187446 -0.052649319 0.023492595 0.998294413
1341846392.282032 0.025465999 0.082248107 0.249007583 -0.009815063 -0.052473247 0.024005007 0.998285532
1341846392.314025 0.024445415 0.078106277 0.251215458 -0.009151467 -0.054594614 0.026566466 0.998113155
1341846392.349981 0.033674024 0.082823701 0.246621236 -0.006296797 -0.055372890 0.026903091 0.998083413
1341846392.382103 0.031894054 0.082554042 0.249268577 -0.005670055 -0.053186961 0.027979169 0.998176396
1341846392.414056 0.034672089 0.078227647 0.245459586 -0.006083957 -0.054413944 0.030564429 0.998032033
1341846392.450136 0.036621589 0.077907294 0.250357330 -0.004499173 -0.054867756 0.034418814 0.997890055
1341846392.482091 0.037827838 0.075077370 0.248048022 -0.002434886 -0.055363998 0.035610832 0.997828007
1341846392.514096 0.039024230 0.077495500 0.240699336 -0.001143853 -0.055184536 0.034769345 0.997869968
1341846392.550030 0.038322039 0.072461136 0.244771764 -0.001978870 -0.055557992 0.035612892 0.997818172
1341846392.582053 0.038365714 0.068459913 0.241165251 -0.000712548 -0.056832518 0.038129818 0.997655094
1341846392.617983 0.039461687 0.068466894 0.240433753 0.001211558 -0.057205282 0.039363623 0.997585356
1341846392.649909 0.039742138 0.066322543 0.236562997 0.002039188 -0.056684200 0.037370000 0.997690439
1341846392.682128 0.046380553 0.065627143 0.247855738 0.002977924 -0.058061797 0.035874162 0.997663736
1341846392.718019 0.043235809 0.061141822 0.246174783 0.004142138 -0.059690978 0.037936691 0.997487187
1341846392.749829 0.047540255 0.061691448 0.245289415 0.006249027 -0.061906390 0.038440488 0.997321844
1341846392.782107 0.044183929 0.062529385 0.239658281 0.006820795 -0.061103985 0.037578914 0.997400403
1341846392.818251 0.045027703 0.059291627 0.239742801 0.006793349 -0.060775537 0.038447231 0.997387588
1341846392.852165 0.046753399 0.056235220 0.241636276 0.008416747 -0.061621964 0.039379541 0.997286916
1341846392.885913 0.047844689 0.055947397 0.235691726 0.009590617 -0.061038733 0.037613753 0.997380316
1341846392.917882 0.047711983 0.055141173 0.237007007 0.011042772 -0.059437122 0.037334427 0.997472525
1341846392.950023 0.047276322 0.052848842 0.240855023 0.012701655 -0.059030525 0.037919819 0.997454882
