1341846361.788774 0.000000000 0.000000000 0.000000000 0.000000000 0.000000000 0.000000000 1.000000000
1341846361.824112 -0.013218516 0.000939202 0.008845325 -0.002231181 0.003761469 -0.004882558 0.999978483
1341846361.856016 -0.021843078 0.019040812 0.009567095 -0.006545051 0.004366022 -0.006018063 0.999950945
1341846361.887871 -0.028783955 -0.006024218 0.019629542 -0.017523751 0.006852962 -0.012133845 0.999749303
1341846361.923930 -0.047028285 -0.025429031 0.028442621 -0.019688273 0.011158977 -0.009496426 0.999698758
1341846361.955927 -0.060393564 -0.023733897 0.022993213 -0.013589707 0.010186194 -0.002727306 0.999852061
1341846361.991999 -0.076542042 -0.030840712 0.024944082 -0.010666737 0.005768657 0.003220330 0.999921262
1341846362.023994 -0.071005836 -0.029706193 0.027089749 -0.006574479 0.002024579 0.004866598 0.999964476
1341846362.056118 -0.078006484 -0.018762806 0.026524132 -0.003583854 0.002652122 0.006673788 0.999967813
1341846362.091992 -0.092766993 -0.018548576 0.029450005 -0.004762659 0.003134798 0.006726599 0.999961078
1341846362.123929 -0.099410757 -0.031022485 0.036393389 -0.006115525 0.001974957 0.008008805 0.999947250
1341846362.156058 -0.107710361 -0.037100691 0.034418661 -0.003158473 0.002062329 0.010380272 0.999939024
1341846362.191987 -0.126943678 -0.032854911 0.043495715 0.000250746 0.002951070 0.012403786 0.999918699
1341846362.224138 -0.136994004 -0.033961713 0.048000623 0.004599338 0.001990213 0.014662221 0.999879956
1341846362.260011 -0.138387486 -0.022048540 0.045426562 0.011207023 0.003319996 0.013694217 0.999837875
1341846362.291979 -0.147906557 -0.023625106 0.046699390 0.013662152 0.007290296 0.014475754 0.999775290
1341846362.323947 -0.159175068 -0.026294179 0.052580036 0.015603771 0.010563720 0.011539537 0.999755859
1341846362.359889 -0.166866034 -0.026208308 0.052477274 0.017552666 0.014050057 0.010535247 0.999691665
1341846362.392021 -0.182520285 -0.028531771 0.050063409 0.018304661 0.020073095 0.010330265 0.999577522
1341846362.423868 -0.197446078 -0.033056702 0.059319191 0.019093137 0.022991285 0.011316803 0.999489248
1341846362.459968 -0.208098456 -0.034897637 0.065039307 0.022296421 0.024291350 0.012137848 0.999382496
1341846362.491924 -0.221067771 -0.037705529 0.063714102 0.023790991 0.024034336 0.014517289 0.999322534
1341846362.523976 -0.226062655 -0.039141774 0.066370443 0.025243551 0.023553513 0.016582821 0.999266207
1341846362.559933 -0.236037269 -0.042181179 0.064972371 0.026958780 0.024896331 0.017647279 0.999170661
1341846362.592338 -0.248298988 -0.038845822 0.065826043 0.028662600 0.025419928 0.018012412 0.999103546
1341846362.628177 -0.257527024 -0.036033049 0.070017859 0.028687730 0.024760066 0.017872602 0.999121904
1341846362.660128 -0.269102603 -0.039043110 0.068089813 0.027658731 0.025566619 0.016587682 0.999152720
1341846362.691901 -0.276749760 -0.029521037 0.068173043 0.027553162 0.024037482 0.015482714 0.999211371
1341846362.727993 -0.288777620 -0.033022650 0.064098798 0.025577005 0.021049080 0.014131163 0.999351323
1341846362.759942 -0.293783784 -0.037045877 0.064582124 0.024916917 0.018350136 0.012334681 0.999444962
1341846362.792002 -0.305868089 -0.035327759 0.060072236 0.024420626 0.017114688 0.010187830 0.999503374
1341846362.827965 -0.314220518 -0.038313340 0.065543368 0.022736255 0.014986644 0.007587279 0.999600410
1341846362.859959 -0.322471350 -0.039602228 0.061095126 0.022312902 0.013996313 0.004557474 0.999642730
1341846362.891861 -0.328270823 -0.037411839 0.080919310 0.023023682 0.013834364 0.004000533 0.999631166
1341846362.928098 -0.338894904 -0.042385627 0.078447834 0.022561960 0.012074039 0.004582377 0.999662042
1341846362.959894 -0.347160608 -0.052080870 0.081494614 0.024627626 0.011316275 0.006656356 0.999610484
1341846362.995909 -0.357737452 -0.050354607 0.085048378 0.028502982 0.010228835 0.010031529 0.999491036
1341846363.028072 -0.365849674 -0.055766914 0.077852719 0.030238518 0.008144625 0.011701111 0.999441028
1341846363.059896 -0.364435196 -0.061358944 0.081526518 0.034294818 0.007895421 0.010803824 0.999322176
1341846363.096102 -0.375370711 -0.050092690 0.074165508 0.038771439 0.010831621 0.007146394 0.999163866
1341846363.127992 -0.383069277 -0.050629240 0.074275501 0.038006365 0.012156653 0.004368776 0.999194026
1341846363.159870 -0.384558231 -0.057870105 0.074163511 0.038554635 0.014879692 0.001210448 0.999144971
1341846363.195966 -0.399058372 -0.057902150 0.075600885 0.041039590 0.019505301 0.004023388 0.998959005
1341846363.227902 -0.412132889 -0.059873465 0.088499151 0.042954486 0.018088290 0.007937452 0.998881698
1341846363.259977 -0.410825342 -0.063329130 0.072571486 0.045233645 0.015502946 0.013099176 0.998770237
1341846363.296031 -0.416080236 -0.058470771 0.072763905 0.049559202 0.017760146 0.015791876 0.998488367
1341846363.328065 -0.432147294 -0.056928866 0.068768196 0.049900506 0.018585090 0.019072045 0.998399138
1341846363.364023 -0.445799708 -0.055505741 0.072855055 0.048947703 0.015594966 0.019907409 0.998481154
1341846363.395985 -0.454730123 -0.060390446 0.074155897 0.047800872 0.011239572 0.020539645 0.998582423
1341846363.427955 -0.455142587 -0.053542983 0.084340729 0.047949996 0.007560920 0.018058844 0.998657882
1341846363.463979 -0.467444360 -0.052851859 0.081185870 0.046230450 0.005286980 0.018027728 0.998754144
1341846363.495986 -0.474125534 -0.050101873 0.083219990 0.044749264 0.001180855 0.019210227 0.998812854
1341846363.527941 -0.479638994 -0.052712902 0.081212297 0.042254753 -0.002095533 0.021520939 0.998872876
1341846363.564057 -0.486848652 -0.049360745 0.078236096 0.038671691 -0.004075417 0.024942817 0.998932302
1341846363.596025 -0.498523951 -0.054665223 0.097885199 0.034364726 -0.007921750 0.028887680 0.998960376
1341846363.632058 -0.500898123 -0.063117102 0.101435721 0.034764819 -0.015206582 0.032363087 0.998755634
1341846363.663931 -0.503257692 -0.061281208 0.079877391 0.036376268 -0.017086752 0.030175660 0.998736322
1341846363.695998 -0.509094059 -0.058451127 0.079888381 0.035160683 -0.018864468 0.024690252 0.998898506
1341846363.732007 -0.508680761 -0.046165235 0.094551474 0.033594314 -0.024405295 0.018410776 0.998967886
1341846363.794060 -0.510079145 -0.060358774 0.089362681 0.036003664 -0.037697699 0.021868166 0.998400927
1341846363.826406 -0.495398104 -0.042683251 0.093423404 0.038324989 -0.040911883 0.020097341 0.998225152
1341846363.861897 -0.489962608 -0.041529398 0.090594940 0.039481692 -0.040838286 0.018337205 0.998216987
1341846363.893984 -0.486691862 -0.035095036 0.089850865 0.040005255 -0.040341720 0.017586835 0.998229802
1341846363.926076 -0.475562811 -0.032101464 0.090469763 0.038125921 -0.040826045 0.017914647 0.998277843
1341846363.962090 -0.467470378 -0.032391563 0.086653583 0.036575962 -0.039378971 0.019626737 0.998361766
1341846363.994287 -0.460746139 -0.034973029 0.086296536 0.035459120 -0.038700726 0.022348279 0.998371422
1341846364.025993 -0.451978743 -0.038453627 0.087484889 0.034446768 -0.038286481 0.022293773 0.998424053
1341846364.061809 -0.442383885 -0.039506517 0.083318911 0.032923348 -0.035836406 0.021562394 0.998582423
1341846364.094209 -0.429908186 -0.052423589 0.084916562 0.032294285 -0.034146976 0.022114510 0.998650074
1341846364.130022 -0.421859831 -0.054814529 0.087552525 0.033730038 -0.034087613 0.022624169 0.998593271
1341846364.162231 -0.409095407 -0.067762643 0.086138301 0.035819098 -0.036426961 0.022230212 0.998446703
1341846364.194049 -0.396096110 -0.065811016 0.080064848 0.041148800 -0.037808031 0.018754857 0.998261273
1341846364.230023 -0.382251889 -0.064645283 0.085842468 0.044067334 -0.039510977 0.016620209 0.998108566
1341846364.262044 -0.368081838 -0.067817159 0.085357547 0.048371032 -0.039628662 0.013562964 0.997950852
1341846364.294059 -0.354772598 -0.062061571 0.069066092 0.052142564 -0.035586812 0.009854546 0.997956693
1341846364.330003 -0.343247205 -0.055422869 0.067611299 0.051951669 -0.032342121 0.008064264 0.998093128
1341846364.362052 -0.324475497 -0.065119036 0.073917866 0.050455742 -0.030009290 0.007635859 0.998246193
1341846364.397902 -0.304952919 -0.061006710 0.073873341 0.052289154 -0.023862310 0.005047714 0.998334110
1341846364.430108 -0.299982190 -0.059826531 0.071050666 0.052550238 -0.019063236 0.004449176 0.998426378
1341846364.462063 -0.282569826 -0.061164860 0.065606371 0.051700227 -0.016309539 0.002975720 0.998525023
1341846364.498091 -0.267443746 -0.056774609 0.078149505 0.051781651 -0.011858132 0.000672151 0.998587787
1341846364.530058 -0.256675571 -0.059875622 0.082708381 0.050881017 -0.008831955 -0.001075902 0.998665094
1341846364.561952 -0.246604577 -0.055710569 0.074389592 0.051864173 -0.005604764 -0.005303510 0.998624325
1341846364.597928 -0.233229280 -0.054983925 0.069655724 0.050290886 -0.002389437 -0.007557163 0.998703182
1341846364.629950 -0.221336409 -0.062961645 0.075451776 0.049031321 -0.000432611 -0.007382746 0.998769879
1341846364.665991 -0.225070342 -0.067624383 0.060581703 0.049824953 0.000378862 -0.005945291 0.998740196
1341846364.698004 -0.215859130 -0.062077064 0.063265875 0.050735448 -0.001507467 -0.005328296 0.998696804
1341846364.730097 -0.202495724 -0.063068971 0.060211886 0.050944861 -0.002719572 -0.004156784 0.998689055
1341846364.766057 -0.198282361 -0.060420342 0.057627179 0.052728526 -0.001036197 -0.003738442 0.998601377
1341846364.798632 -0.176883012 -0.058867410 0.054288182 0.051524851 -0.002923451 -0.002915535 0.998663187
1341846364.833901 -0.156751886 -0.062598422 0.047070831 0.050294258 -0.001624595 -0.004934876 0.998720944
1341846364.865923 -0.147975668 -0.065534122 0.043467030 0.051203586 0.001887054 -0.007639047 0.998657227
1341846364.897970 -0.144766763 -0.068020761 0.048037346 0.050314497 0.000702297 -0.004446456 0.998723269
1341846364.934019 -0.125831410 -0.066167720 0.040328406 0.050733756 -0.002445220 -0.002622428 0.998705745
1341846364.966047 -0.111560054 -0.057497934 0.035823841 0.052018985 -0.000107559 -0.004678681 0.998635113
1341846364.998055 -0.100771613 -0.052196857 0.035505358 0.049235046 0.001428442 -0.005218056 0.998772562
1341846365.034125 -0.090166144 -0.055487800 0.023346292 0.042210475 -0.000915501 -0.002081574 0.999106109
1341846365.066106 -0.086097673 -0.064154178 0.033793420 0.038235836 -0.002605148 -0.004954463 0.999253035
1341846365.101953 -0.058118898 -0.055560980 0.027712893 0.037330788 -0.000767848 -0.010884439 0.999243379
1341846365.133922 -0.049201846 -0.055419359 0.019586124 0.034740936 0.005423218 -0.020820387 0.999164760
1341846365.165953 -0.039961573 -0.058079563 0.024675217 0.031537097 0.008121320 -0.022470398 0.999216974
1341846365.201856 -0.022103626 -0.065669283 0.019656111 0.030550200 0.010120743 -0.024452550 0.999182820
1341846365.234093 0.001422999 -0.070468694 0.026024610 0.031881489 0.013975888 -0.022778168 0.999134362
1341846365.266094 0.000229557 -0.080448151 0.032811999 0.034709223 0.020742755 -0.017794913 0.999023676
1341846365.302078 0.009947746 -0.076662749 0.039070643 0.040986702 0.024314517 -0.012381088 0.998787045
1341846365.334027 0.029752560 -0.078119509 0.031567123 0.044974327 0.027452989 -0.009825246 0.998562515
1341846365.369945 0.052985881 -0.080952398 0.015651498 0.047910437 0.032929879 -0.009874698 0.998259842
1341846365.401963 0.051472940 -0.074771740 0.027002636 0.049727138 0.039105013 -0.007945823 0.997965395
1341846365.434082 0.079623945 -0.067653313 0.009075905 0.049870238 0.041653164 -0.009522028 0.997841358
1341846365.469939 0.104770154 -0.049319264 0.005028298 0.046394717 0.047259130 -0.010754016 0.997746706
1341846365.502100 0.101775996 -0.056515224 0.020078013 0.038690079 0.053422235 -0.009826956 0.997773826
1341846365.533844 0.091807276 -0.076040439 0.040412504 0.035501078 0.053988345 -0.006238266 0.997890770
1341846365.569876 0.113946825 -0.074373834 0.016178193 0.037183620 0.050998226 -0.003586632 0.997999847
1341846365.601930 0.127932534 -0.070099436 0.009314836 0.036186505 0.049588274 0.000827859 0.998113692
1341846365.637899 0.146362588 -0.074043810 0.012023232 0.034434237 0.048713520 0.004754597 0.998207748
1341846365.669890 0.145285621 -0.066767246 0.002774045 0.034929536 0.050794996 0.004975623 0.998085678
1341846365.701977 0.157234460 -0.063952520 0.015633989 0.032064345 0.049649794 0.006029908 0.998233676
1341846365.738098 0.174475119 -0.074992180 0.007562397 0.030390730 0.051429909 0.005827848 0.998197079
1341846365.770026 0.175293788 -0.078399256 0.007207660 0.032597985 0.054217350 0.005453967 0.997982025
1341846365.805834 0.182084799 -0.076488987 0.010647244 0.035336804 0.052230861 0.008068680 0.997977018
1341846365.837937 0.190232396 -0.071809344 0.009582045 0.037865777 0.049768317 0.009445895 0.997998059
1341846365.869952 0.202078491 -0.067996666 0.003532119 0.039935078 0.049695265 0.008756110 0.997927308
1341846365.906411 0.212086275 -0.057717904 -0.001342993 0.039778765 0.048684284 0.007572054 0.997993052
1341846365.938000 0.220334008 -0.066192530 0.004180761 0.036164586 0.047884185 0.011174885 0.998135448
1341846365.970022 0.228770360 -0.069864109 0.006611998 0.037487306 0.047250412 0.016150719 0.998048723
1341846366.006126 0.241437897 -0.062634259 0.004488560 0.039888654 0.046233159 0.021918675 0.997893274
1341846366.043876 0.250312537 -0.058403380 0.003155078 0.039970234 0.046883471 0.025797786 0.997766912
1341846366.076490 0.266069651 -0.056009851 -0.007313389 0.038836766 0.048066109 0.028094128 0.997693360
1341846366.111888 0.281659722 -0.048305120 -0.015560830 0.035663679 0.051527258 0.029254491 0.997605741
1341846366.143907 0.284668386 -0.042563811 -0.004347174 0.031431261 0.056596376 0.031742416 0.997397304
1341846366.176044 0.293720484 -0.044845551 0.001281886 0.027122643 0.058297712 0.036604859 0.997259140
1341846366.212022 0.298724622 -0.044687908 0.000420683 0.025525326 0.058761612 0.041147139 0.997097015
1341846366.243981 0.314213008 -0.038863514 -0.006311620 0.024553433 0.059441559 0.044169631 0.996951818
1341846366.280032 0.309283376 -0.035216436 0.003756166 0.022017958 0.062331282 0.044004999 0.996841788
1341846366.344115 0.326706290 -0.035660855 0.003221733 0.013803034 0.061430164 0.043146476 0.997082829
1341846366.406057 0.342060536 -0.038388129 0.012175851 0.012339366 0.062088776 0.046410881 0.996914625
1341846366.442042 0.350735784 -0.031739544 0.008021499 0.013576336 0.061823029 0.046939600 0.996890306
1341846366.506117 0.361510634 -0.035518952 0.004039155 0.012997057 0.064407222 0.050051954 0.996582925
1341846366.542004 0.369444281 -0.030399347 0.002615268 0.013461707 0.063582219 0.049373589 0.996663570
1341846366.573848 0.379484475 -0.020871017 0.001157004 0.013033593 0.065115303 0.048601426 0.996608257
1341846366.610058 0.374070406 -0.019950554 0.003287354 0.011054791 0.067470029 0.049040589 0.996454000
1341846366.642206 0.388921857 -0.021742623 0.000231212 0.009069701 0.066901572 0.050104864 0.996459424
1341846366.674164 0.395097166 -0.017236112 0.001372924 0.008518012 0.068772405 0.050183263 0.996333003
1341846366.710207 0.387235224 -0.012482525 -0.004137698 0.006379760 0.070215598 0.051333386 0.996189713
1341846366.741976 0.395683885 -0.016867958 -0.008882265 0.002619969 0.070489600 0.050180968 0.996246040
1341846366.773916 0.403725386 -0.019013442 -0.010634796 0.001678984 0.073882997 0.049130794 0.996054530
1341846366.810122 0.400002331 -0.016481850 -0.002431446 0.001860230 0.076014280 0.052713998 0.995710552
1341846366.841893 0.407897413 -0.019725645 -0.005244256 0.001790353 0.074670434 0.054529961 0.995714605
1341846366.878062 0.414859891 -0.013207969 -0.007936847 0.004046359 0.074911088 0.053472489 0.995747268
1341846366.909933 0.421966970 -0.010921545 -0.011466603 0.005139440 0.075985476 0.055356782 0.995557845
1341846366.941941 0.421413869 -0.007400031 -0.012471613 0.004084704 0.076909497 0.056161772 0.995446682
1341846366.977906 0.442686141 -0.003860455 -0.014731254 0.003312551 0.076695047 0.055479299 0.995504379
1341846367.009852 0.452798277 -0.003427427 -0.023212926 0.002681781 0.079890244 0.057069264 0.995165050
1341846367.045944 0.458679616 -0.009267921 -0.026455706 0.002092221 0.083747216 0.058525141 0.994764686
1341846367.077914 0.470745862 -0.004609684 -0.024178216 0.004788877 0.088824764 0.057622887 0.994367540
1341846367.110077 0.476601660 0.001847789 -0.029183419 0.006295478 0.093741678 0.059598830 0.993791163
1341846367.145997 0.474597126 -0.000843727 -0.021708835 0.005676928 0.098489746 0.061817773 0.993199944
1341846367.177894 0.480664581 -0.002662721 -0.023805887 0.007524853 0.100874856 0.062154844 0.992927194
1341846367.209903 0.501682520 0.007404256 -0.030131508 0.011458695 0.104189642 0.063994214 0.992430329
1341846367.245970 0.497364730 0.018896628 -0.026139164 0.010746906 0.110111870 0.067398667 0.991573155
1341846367.277966 0.504054606 0.009280035 -0.021935729 0.008579043 0.111933984 0.071002513 0.991138637
1341846367.314058 0.511310220 0.011565478 -0.030981213 0.010714117 0.113481797 0.072680637 0.990820169
1341846367.346333 0.516351342 0.017692059 -0.059112221 0.010569448 0.117381729 0.073100030 0.990336418
1341846367.378615 0.510833979 0.016451633 -0.058682695 0.007600088 0.120656744 0.077212662 0.989657700
1341846367.413946 0.514728665 0.012639279 -0.062251586 0.005827189 0.121118180 0.077830791 0.989564955
1341846367.446060 0.522982538 0.023053870 -0.067293331 0.006194741 0.123027146 0.077879645 0.989323378
1341846367.478095 0.519259930 0.020036975 -0.062290713 0.003441752 0.126792490 0.082171269 0.988513887
1341846367.514115 0.524705291 0.010328122 -0.055927582 0.003036954 0.125875428 0.085838996 0.988320649
1341846367.546096 0.528815687 0.014422799 -0.064407006 0.007380825 0.125612482 0.087040111 0.988226235
1341846367.581982 0.536562443 0.024915652 -0.070193984 0.009436214 0.125596732 0.089945070 0.987950563
1341846367.613951 0.530855000 0.025675427 -0.075536698 0.007408087 0.125651076 0.092524506 0.987722695
1341846367.645894 0.556152225 0.028255263 -0.071119487 0.006227559 0.122443438 0.092498839 0.988135993
1341846367.682223 0.561983109 0.025858814 -0.072474070 0.005945415 0.125181451 0.092246175 0.987818241
1341846367.714019 0.564680636 0.026198512 -0.073626794 0.007179010 0.126787975 0.094220705 0.987418711
1341846367.745904 0.567863405 0.024863556 -0.077300102 0.007769242 0.127925605 0.095874161 0.987108290
1341846367.781973 0.570501268 0.029894672 -0.079503156 0.009668343 0.129668131 0.095613867 0.986889422
1341846367.813986 0.575553596 0.030298704 -0.085056372 0.009046623 0.131059378 0.096640147 0.986611545
1341846367.850189 0.572683930 0.030106200 -0.089326873 0.008809005 0.134295538 0.094984017 0.986339271
1341846367.881960 0.582479477 0.034709457 -0.087350667 0.007831419 0.134059772 0.095417902 0.986337662
1341846367.914064 0.583468199 0.037477005 -0.088440143 0.004826675 0.133528724 0.096786633 0.986295640
1341846367.950095 0.584153414 0.027271558 -0.088470250 0.002285241 0.135112524 0.096114084 0.986154914
1341846367.981916 0.589312434 0.029751465 -0.083169773 0.004088491 0.137281165 0.094839662 0.985972881
1341846368.017965 0.583517849 0.028717350 -0.083361559 0.002881476 0.138543248 0.097905166 0.985500932
1341846368.050897 0.578121960 0.027952751 -0.080407746 0.002465192 0.137716383 0.098062702 0.985602260
1341846368.082322 0.578347445 0.027823469 -0.079889253 0.002634389 0.137701958 0.095171787 0.985887170
1341846368.118029 0.574505925 0.032787111 -0.077733912 0.002952203 0.137790754 0.096250914 0.985769093
1341846368.150026 0.564479709 0.029336089 -0.069218270 0.001353660 0.137384981 0.097484224 0.985708058
1341846368.181952 0.563526154 0.019201571 -0.069300331 0.002134848 0.136216491 0.095324978 0.986079931
1341846368.217882 0.564235151 0.027794881 -0.074958362 0.003999038 0.135778055 0.095772959 0.986091197
1341846368.250223 0.557453513 0.031921029 -0.071202002 0.002253657 0.135935962 0.096698761 0.985984623
1341846368.286003 0.548167169 0.023111138 -0.067525834 0.000249444 0.137207910 0.094807424 0.985994637
1341846368.317994 0.541155398 0.031175578 -0.059962083 0.000468816 0.135943115 0.094164066 0.986231387
1341846368.350010 0.529397070 0.040508341 -0.051243443 -0.001525754 0.133362010 0.094105050 0.986588299
1341846368.385949 0.518554211 0.035438243 -0.044294611 -0.004893987 0.130878195 0.091778912 0.987128973
1341846368.417845 0.518351376 0.027334239 -0.047680732 -0.006735886 0.127983913 0.088064715 0.987835705
1341846368.450062 0.515549660 0.029859031 -0.039489105 -0.008403195 0.125320181 0.089142397 0.988067746
1341846368.485968 0.506936967 0.024663936 -0.030873541 -0.010058327 0.121733308 0.088612281 0.988548279
1341846368.517939 0.502076864 0.019253928 -0.027952146 -0.009612875 0.118939437 0.085831873 0.989137948
1341846368.554171 0.498060048 0.021198861 -0.026504185 -0.007923299 0.116580077 0.086038411 0.989415824
1341846368.618123 0.487054527 0.013976580 -0.039026685 -0.010707342 0.111022487 0.080503032 0.990494132
1341846368.654302 0.480374277 0.005234686 -0.029778734 -0.011777499 0.110250868 0.078534603 0.990726173
1341846368.685914 0.468957067 0.001911437 -0.020791028 -0.010538325 0.108372062 0.076885022 0.991076767
1341846368.717980 0.462309062 -0.000303634 -0.023738721 -0.009355382 0.105654344 0.073909938 0.991608262
1341846368.786190 0.453997314 -0.003148925 -0.019688422 -0.005286154 0.103265576 0.072658151 0.991982400
1341846368.821968 0.448955506 -0.000344767 -0.024041891 -0.003554629 0.100189872 0.070865870 0.992435098
1341846368.853991 0.446426004 0.002843378 -0.033272006 -0.004117845 0.100752570 0.067440465 0.992614627
1341846368.885978 0.434962332 -0.008962528 -0.020248713 -0.005783914 0.101816416 0.064648554 0.992683530
1341846368.923221 0.424844235 -0.015045946 -0.019445948 -0.004044461 0.100728020 0.063855536 0.992854476
1341846368.953942 0.415378153 -0.013837503 -0.021304863 -0.001175512 0.099163271 0.061519563 0.993166924
1341846368.986016 0.412986010 -0.006230019 -0.016012816 0.001202482 0.096641451 0.059537757 0.993536234
1341846369.021938 0.407802343 -0.011424049 -0.022474412 0.000353518 0.095856838 0.059804279 0.993596911
1341846369.053927 0.398577541 -0.013257062 -0.021548221 0.000922670 0.096635774 0.054896574 0.993804336
1341846369.090047 0.393658042 -0.015140365 -0.017044768 0.001436440 0.097629279 0.051160246 0.993905962
1341846369.121845 0.384823143 -0.023668762 -0.010123814 0.002782623 0.097378336 0.051910087 0.993888855
1341846369.154351 0.378415167 -0.032436669 -0.012295285 0.006062769 0.095629185 0.052782223 0.993998170
1341846369.189885 0.373677075 -0.022444973 -0.022028696 0.010233811 0.095395550 0.050146069 0.994122922
1341846369.222188 0.366171896 -0.018477771 -0.020346085 0.009936100 0.097236052 0.047589768 0.994073272
1341846369.257947 0.354842424 -0.029372793 -0.012095891 0.008858220 0.098696940 0.046483383 0.993991852
1341846369.289994 0.348021001 -0.035341825 -0.011162974 0.010894876 0.098387681 0.047052208 0.993975461
1341846369.322196 0.344813168 -0.032414529 -0.015204066 0.013846514 0.098369732 0.047716152 0.993908882
1341846369.357830 0.337396830 -0.030387705 -0.018991724 0.014368846 0.099760219 0.047289535 0.993783236
1341846369.390267 0.327351063 -0.031888425 -0.012869786 0.014402330 0.100900061 0.045145709 0.993767381
1341846369.422057 0.320134610 -0.032994661 -0.014917864 0.014579670 0.101101406 0.044589557 0.993769467
1341846369.457950 0.316409558 -0.032074846 -0.009291991 0.015188874 0.100686334 0.044165164 0.993821383
1341846369.490144 0.299964488 -0.037970271 -0.007114587 0.016652390 0.099343561 0.044734940 0.993907630
1341846369.526405 0.294084072 -0.029596202 -0.006741136 0.019063234 0.096421242 0.045205273 0.994130790
1341846369.557969 0.276544034 -0.036588259 -0.005742777 0.018927556 0.094628513 0.045432031 0.994295299
1341846369.590093 0.267315358 -0.041234102 -0.003394521 0.020114422 0.091088645 0.047099456 0.994525015
1341846369.625895 0.255087197 -0.034741476 -0.003343335 0.022179371 0.089003883 0.047323775 0.994659185
1341846369.657961 0.248987198 -0.032971684 -0.001174792 0.021929245 0.087111764 0.047765210 0.994811118
1341846369.690135 0.240758821 -0.039442822 0.003558853 0.021671416 0.085009165 0.049215779 0.994927943
1341846369.726074 0.225212902 -0.040219687 -0.003429527 0.023608286 0.082026608 0.051062848 0.995041132
1341846369.757962 0.214568347 -0.036314692 0.000285225 0.025331274 0.078743502 0.051658254 0.995233238
1341846369.793964 0.205506265 -0.032958560 0.001746741 0.025657887 0.076788202 0.052761152 0.995319843
1341846369.826161 0.190241858 -0.035023086 0.003394996 0.024779212 0.074536934 0.053484675 0.995474577
1341846369.858015 0.183310837 -0.036218226 0.005414407 0.024757471 0.070689574 0.053127762 0.995774865
1341846369.893954 0.174719945 -0.035345718 0.010118816 0.025001550 0.068196356 0.054191668 0.995885253
1341846369.926051 0.160012245 -0.035637829 0.006312494 0.024254911 0.066413261 0.053230204 0.996076107
1341846369.958062 0.143238664 -0.037506666 0.003612007 0.023783244 0.062439170 0.050912164 0.996465564
1341846369.994037 0.140151933 -0.038903832 0.015777869 0.023703152 0.057797670 0.049927574 0.996797323
1341846370.026058 0.129721627 -0.041511700 0.012541714 0.024290584 0.056470178 0.049690004 0.996871114
1341846370.062000 0.106571428 -0.034678191 0.000910796 0.025169378 0.053013690 0.050903186 0.996977925
1341846370.094135 0.108270541 -0.030261530 0.014074237 0.023888348 0.047961440 0.052142255 0.997201204
1341846370.126153 0.110088661 -0.034812756 0.017645895 0.023357080 0.046693563 0.051840868 0.997289658
1341846370.162082 0.095552117 -0.033459000 0.014308370 0.024476847 0.047810081 0.053349152 0.997130394
1341846370.194044 0.090061702 -0.037574500 0.023919102 0.023696529 0.045821287 0.055400535 0.997130752
1341846370.230152 0.084207177 -0.038465936 0.023631886 0.025674405 0.045278504 0.055951655 0.997075796
1341846370.262175 0.079146825 -0.035706095 0.021488156 0.027024731 0.046156991 0.054438420 0.997083604
1341846370.294216 0.067884080 -0.037101600 0.022636682 0.027441338 0.047849562 0.050912879 0.997178674
1341846370.329892 0.054617651 -0.037285075 0.022435809 0.027349941 0.046315376 0.046602275 0.997464359
1341846370.361939 0.048369881 -0.040717974 0.026176484 0.027950918 0.044604346 0.042382833 0.997713864
1341846370.394073 0.031905305 -0.040051810 0.016113354 0.029021822 0.042405259 0.042142794 0.997789323
1341846370.429985 0.024195209 -0.033748005 0.018003935 0.029353106 0.035970546 0.041320965 0.998066723
1341846370.462095 0.016682768 -0.025027378 0.018900730 0.027861819 0.031008387 0.040343143 0.998315930
1341846370.498034 0.014599282 -0.022489171 0.022256019 0.024497319 0.026187232 0.040369269 0.998541176
1341846370.530176 0.008752957 -0.021808766 0.024025146 0.021093963 0.023534222 0.041118465 0.998654366
1341846370.561949 0.000537614 -0.019675033 0.019952791 0.017739300 0.019810680 0.042201672 0.998755157
1341846370.597989 -0.000290696 -0.013483757 0.021774968 0.012887307 0.016229523 0.043889567 0.998821437
1341846370.629913 -0.001926285 -0.020016054 0.028444454 0.008258236 0.016337715 0.043590292 0.998881757
1341846370.662062 -0.011062977 -0.024211604 0.021025226 0.006879341 0.015985006 0.043254189 0.998912573
1341846370.697981 -0.011936636 -0.020135269 0.020828562 0.004596781 0.014414311 0.043027665 0.998959363
1341846370.730015 -0.016102167 -0.031660225 0.018224526 0.001145722 0.014948772 0.040802449 0.999054790
1341846370.766182 -0.014606671 -0.036161229 0.015286872 0.001919430 0.017679362 0.037260137 0.999147415
1341846370.797966 -0.021315435 -0.031492379 0.010539354 0.000190152 0.020301770 0.035592321 0.999160171
1341846370.830023 -0.025497150 -0.049767308 0.013626858 -0.003819373 0.021380866 0.033212561 0.999212325
1341846370.866186 -0.019392790 -0.061666746 0.010228047 -0.001850081 0.021166470 0.033791043 0.999203086
1341846370.897994 -0.021087741 -0.056858156 0.007401293 -0.001646259 0.023301609 0.035137426 0.999109447
1341846370.929983 -0.025296411 -0.075480737 0.008894058 -0.004237410 0.024401490 0.036787633 0.999016225
1341846370.971974 -0.020830901 -0.088657655 0.002055356 -0.000967491 0.024970500 0.037272185 0.998992682
1341846371.034127 -0.023863157 -0.102684632 0.002445067 0.004622833 0.031509515 0.038803831 0.998739243
1341846371.066883 -0.022792641 -0.099394076 -0.001192701 0.006309857 0.034157626 0.038152050 0.998668075
1341846371.098209 -0.024949739 -0.107810602 -0.008111769 0.003619365 0.038341518 0.034877926 0.998649299
1341846371.134068 -0.022903066 -0.115629762 -0.007892482 0.001951664 0.041527916 0.032824662 0.998596132
1341846371.165993 -0.025136292 -0.121869430 -0.008921382 -0.001111972 0.044326253 0.033892646 0.998441458
1341846371.197951 -0.028515670 -0.129775062 -0.005948409 -0.003774229 0.045155082 0.034623548 0.998372674
1341846371.233950 -0.021054598 -0.136479393 -0.009864835 -0.004401019 0.045433011 0.035235517 0.998336136
1341846371.266433 -0.023084112 -0.128302887 -0.013901051 -0.006844667 0.049005780 0.035968687 0.998127162
1341846371.302051 -0.019011220 -0.136863634 -0.017725995 -0.013676747 0.051181972 0.036973670 0.997910976
1341846371.334010 -0.016008606 -0.144119263 -0.023305234 -0.019553959 0.054601852 0.033550438 0.997752845
1341846371.366198 -0.013558613 -0.154681966 -0.021770289 -0.024773255 0.060197633 0.031203555 0.997391045
1341846371.402482 -0.023523334 -0.174553514 -0.019038575 -0.028950291 0.063836999 0.032484852 0.997011304
1341846371.434055 -0.021056613 -0.184043720 -0.016304027 -0.027722375 0.062471535 0.034959365 0.997048974
1341846371.469998 -0.016560037 -0.192395896 -0.020023063 -0.025756337 0.062432777 0.033776037 0.997144878
1341846371.501933 -0.017641520 -0.197506279 -0.025928270 -0.023560049 0.064823464 0.031279337 0.997128069
1341846371.534269 -0.025430804 -0.198891684 -0.028876914 -0.022523321 0.065963961 0.030255245 0.997108877
1341846371.570100 -0.025815608 -0.213417441 -0.027562940 -0.023988876 0.063617587 0.027985845 0.997293413
1341846371.602162 -0.018464247 -0.224638060 -0.032628346 -0.022183962 0.062112279 0.025541179 0.997495651
1341846371.634012 -0.024322422 -0.225164488 -0.033680730 -0.020108094 0.063896298 0.024051575 0.997464001
1341846371.669927 -0.040884145 -0.233357921 -0.039112166 -0.020744188 0.062827066 0.022962512 0.997544527
1341846371.702051 -0.029033523 -0.236629665 -0.045910899 -0.020671327 0.059871551 0.021232719 0.997766137
1341846371.737891 -0.030301569 -0.248429254 -0.046425968 -0.022023315 0.062726945 0.016227566 0.997655749
1341846371.769979 -0.037099645 -0.251403093 -0.041368101 -0.020596476 0.062552929 0.016071359 0.997699678
1341846371.802101 -0.039235737 -0.253724843 -0.041489128 -0.020581752 0.059911378 0.018250817 0.997824609
1341846371.837951 -0.036603846 -0.260442734 -0.043737084 -0.020828154 0.057595208 0.020397196 0.997914314
1341846371.870043 -0.026697628 -0.253397107 -0.053105090 -0.020946180 0.056819420 0.022958804 0.997900605
1341846371.902330 -0.026822595 -0.254530251 -0.052094307 -0.025425576 0.058921739 0.022993410 0.997673810
1341846371.938165 -0.027725190 -0.260011882 -0.049725991 -0.030892536 0.060365122 0.020100949 0.997495711
1341846371.969938 -0.015041664 -0.275377929 -0.056723021 -0.036216494 0.062699981 0.016150136 0.997244298
1341846372.005861 -0.019826414 -0.290161788 -0.043067399 -0.039382201 0.067907602 0.014122833 0.996814013
1341846372.038440 -0.023382211 -0.300410062 -0.043399092 -0.036913246 0.067883298 0.014319528 0.996907353
1341846372.070518 -0.018182211 -0.298992604 -0.049526252 -0.034049723 0.066481434 0.013918350 0.997109354
1341846372.111944 -0.019312451 -0.304991156 -0.036411729 -0.033573125 0.068157651 0.011484639 0.997043371
1341846372.143876 -0.019627651 -0.311548561 -0.029941451 -0.030893257 0.068886325 0.008046566 0.997113585
1341846372.179919 -0.020891907 -0.314497143 -0.029692609 -0.027546668 0.068555191 0.006437893 0.997246146
1341846372.212119 -0.023001423 -0.323562115 -0.038687546 -0.024058465 0.065679073 0.006012671 0.997532606
1341846372.244067 -0.019632157 -0.326796263 -0.036484160 -0.019139584 0.062043343 0.003006246 0.997885406
1341846372.279961 -0.018207131 -0.337529391 -0.038345326 -0.013537298 0.059517995 0.001123984 0.998134792
1341846372.312076 -0.016897254 -0.339421839 -0.033333354 -0.007711513 0.057053566 -0.003181947 0.998336256
1341846372.347910 -0.016250437 -0.339914322 -0.035224915 -0.003288987 0.054804470 -0.004993941 0.998479187
1341846372.379906 -0.027263120 -0.356875598 -0.031711966 -0.001692509 0.052804168 -0.007670109 0.998574018
1341846372.412137 -0.019871429 -0.356395930 -0.028501827 0.002133376 0.049580928 -0.009079450 0.998726547
1341846372.447783 -0.017608197 -0.363989472 -0.029619884 0.004128261 0.048335809 -0.007945347 0.998790979
1341846372.479920 -0.022225779 -0.375846088 -0.031330928 0.007429432 0.045656700 -0.004091364 0.998921156
1341846372.516195 -0.009062056 -0.370820165 -0.027009003 0.011028094 0.040600196 -0.001040537 0.999114096
1341846372.547915 0.003579067 -0.365009427 -0.027973937 0.011186142 0.039895847 -0.001551908 0.999140024
1341846372.579923 -0.001754157 -0.372356176 -0.021364382 0.009010862 0.041165061 -0.004431579 0.999101877
1341846372.616037 -0.001304390 -0.379015118 -0.020657426 0.008065688 0.039859165 -0.002871790 0.999168634
1341846372.647968 0.004685908 -0.378169835 -0.021343496 0.007272162 0.039446641 -0.001987906 0.999193251
1341846372.679953 0.010305844 -0.382419676 -0.018833255 0.005703941 0.040214952 -0.005220949 0.999161124
1341846372.716073 0.013200600 -0.388374239 -0.016243482 0.004557570 0.041686498 -0.005070821 0.999107480
1341846372.747919 0.012641091 -0.388083965 -0.024400903 0.004836946 0.042217094 -0.004345392 0.999087334
1341846372.783912 0.021724526 -0.390930891 -0.027833261 0.006021367 0.040298659 -0.001988656 0.999167621
1341846372.816131 0.026745668 -0.387896687 -0.025262421 0.007316562 0.042088166 -0.001372677 0.999086201
1341846372.848115 0.025438625 -0.388981402 -0.025743427 0.007053389 0.044252485 0.002895946 0.998991311
1341846372.884003 0.025101626 -0.392424852 -0.027575850 0.006906967 0.045123335 0.000834670 0.998957217
1341846372.948016 0.031337138 -0.402935266 -0.017097315 0.006554873 0.050783586 0.001137531 0.998687565
1341846373.010206 0.031448100 -0.415965497 -0.027483255 0.012126500 0.047071368 0.004105966 0.998809516
1341846373.041934 0.041099895 -0.412665904 -0.023793140 0.015361668 0.048347931 0.004070070 0.998704135
1341846373.078079 0.039013993 -0.424223959 -0.028212102 0.015740804 0.051297233 0.004825706 0.998547733
1341846373.110028 0.035938691 -0.427715808 -0.028844107 0.018326979 0.052044220 0.003447731 0.998470724
1341846373.142204 0.041732658 -0.430776656 -0.028925380 0.021044482 0.052045442 0.003966463 0.998415112
1341846373.178121 0.041433804 -0.433108091 -0.028757276 0.023123458 0.053500600 0.004688474 0.998289049
1341846373.210218 0.049120720 -0.450167775 -0.027327230 0.025566487 0.053948671 0.004805626 0.998204768
1341846373.246073 0.050434422 -0.458658606 -0.026111767 0.029659970 0.055319369 0.004486340 0.998018026
1341846373.277962 0.054095097 -0.459323496 -0.030041151 0.035070557 0.056562807 0.005195724 0.997769356
1341846373.310189 0.055162672 -0.456900716 -0.036686327 0.038634386 0.058993716 0.003539161 0.997504175
1341846373.346051 0.061655506 -0.456865579 -0.041622665 0.038925000 0.062270962 0.001054986 0.997299373
1341846373.377993 0.055569120 -0.461262941 -0.036744040 0.038202073 0.065448068 0.000417622 0.997124374
1341846373.410038 0.056117699 -0.464758962 -0.038721066 0.038357168 0.065974265 0.001072651 0.997083247
1341846373.446109 0.054865602 -0.465211779 -0.037100222 0.038430341 0.066386640 -0.000255737 0.997053564
1341846373.478409 0.053037558 -0.472817749 -0.033276167 0.038521323 0.066490956 0.000590606 0.997043014
1341846373.514006 0.048344061 -0.478699207 -0.038098574 0.040400587 0.065903626 0.003666511 0.997001052
1341846373.546097 0.055333521 -0.474387586 -0.040190268 0.042231593 0.062936485 0.004342198 0.997114182
1341846373.578079 0.065751113 -0.469717473 -0.040636864 0.042742815 0.063313141 0.003713493 0.997071087
1341846373.613978 0.054185729 -0.465853035 -0.040486414 0.042811841 0.066061333 0.002224182 0.996894181
1341846373.646060 0.053315602 -0.458688349 -0.036417820 0.042430665 0.064110518 0.002676589 0.997036755
1341846373.682101 0.063613079 -0.450490296 -0.038724460 0.041279957 0.063484922 0.002427938 0.997125745
1341846373.713942 0.063152842 -0.440720290 -0.037916433 0.038279738 0.066612475 0.003501805 0.997038186
1341846373.746309 0.052704785 -0.431315601 -0.036894396 0.034893844 0.068482600 0.003405412 0.997036099
1341846373.782079 0.048856776 -0.433203250 -0.034342911 0.031355876 0.067702495 0.002699951 0.997209072
1341846373.814899 0.057154763 -0.431468576 -0.035451539 0.030201545 0.067180268 0.000805570 0.997283340
1341846373.846131 0.049082257 -0.418258935 -0.029998679 0.030400980 0.069376625 -0.001757011 0.997125626
1341846373.882197 0.035933662 -0.406830966 -0.030126834 0.029467216 0.068108626 -0.003930497 0.997234881
1341846373.914066 0.035655122 -0.398609102 -0.030005038 0.027201444 0.064486250 -0.000326086 0.997547746
1341846373.949976 0.039303895 -0.387309164 -0.022918910 0.024842637 0.062599443 0.002051899 0.997727394
1341846373.982090 0.035515696 -0.379436761 -0.026185868 0.021940406 0.062482093 0.002944553 0.997800529
1341846374.014518 0.024462586 -0.371179014 -0.026234254 0.018325068 0.060860075 0.006258408 0.997958481
1341846374.050082 0.024383873 -0.362320065 -0.020419501 0.015090584 0.057324488 0.009340548 0.998197854
1341846374.082248 0.028322555 -0.363449514 -0.019332586 0.011853618 0.055414055 0.010142926 0.998341560
1341846374.114063 0.028321529 -0.351145744 -0.021984762 0.010140923 0.055823270 0.011054358 0.998327971
1341846374.150230 0.017159922 -0.351910621 -0.014621626 0.007397285 0.055825699 0.010326990 0.998359680
1341846374.181949 0.015406946 -0.350475788 -0.015706414 0.008276395 0.053596653 0.011736206 0.998459399
1341846374.217985 0.019904841 -0.340688944 -0.015190044 0.010217183 0.051880211 0.015019063 0.998488069
1341846374.250018 0.020343091 -0.323926717 -0.021133037 0.010884126 0.052632820 0.015958561 0.998427093
1341846374.281921 0.014763434 -0.309073329 -0.021345023 0.008737647 0.053732723 0.015209624 0.998401284
1341846374.318502 0.016476318 -0.302980483 -0.021652125 0.005542101 0.053855442 0.014762777 0.998424232
1341846374.350047 0.012753048 -0.289351046 -0.018649779 0.002697905 0.055671908 0.015292545 0.998328328
1341846374.382011 0.002115966 -0.287826717 -0.013622059 -0.001181839 0.056237154 0.014457706 0.998312056
1341846374.418020 -0.010106496 -0.270987988 -0.017987441 -0.002289090 0.055655453 0.013644342 0.998354197
1341846374.450160 -0.010236802 -0.263228357 -0.013950711 -0.004250341 0.053787000 0.014288420 0.998441160
1341846374.486170 -0.000446197 -0.254153877 -0.013407813 -0.005619375 0.052132841 0.013528918 0.998532712
1341846374.524087 -0.006022482 -0.250148118 -0.011266199 -0.009444231 0.052373961 0.012993758 0.998498321
1341846374.586056 -0.015256517 -0.237602875 -0.004667646 -0.014115341 0.048010193 0.011932896 0.998675823
1341846374.617848 -0.018146561 -0.239690647 -0.000543431 -0.016298674 0.045750070 0.014613220 0.998713017
1341846374.654133 -0.028256714 -0.224474594 -0.000829393 -0.015549378 0.043848921 0.016339457 0.998783529
1341846374.685940 -0.026094174 -0.211484402 -0.001765297 -0.014346662 0.040638190 0.019268587 0.998885095
1341846374.718159 -0.028565183 -0.204169512 0.002576255 -0.014212924 0.038669180 0.022621062 0.998894870
1341846374.754050 -0.030440532 -0.196828440 0.003542904 -0.013143444 0.035682198 0.023875784 0.998991489
1341846374.786226 -0.028562795 -0.184131458 0.002814399 -0.011988076 0.033117145 0.025161952 0.999062777
1341846374.818164 -0.030760217 -0.185790330 0.005233417 -0.012126318 0.032494582 0.025146237 0.999081910
1341846374.854017 -0.035959426 -0.179973722 0.003558127 -0.009573842 0.031220302 0.023610976 0.999187708
1341846374.886253 -0.034608632 -0.179344893 0.012557142 -0.007353782 0.027330512 0.026233124 0.999255121
1341846374.921999 -0.031134918 -0.170522094 0.009925262 -0.004691817 0.024756290 0.026539251 0.999330163
1341846374.953860 -0.034092680 -0.162523702 0.010473290 -0.002861984 0.023515495 0.027355192 0.999345064
1341846374.985929 -0.039335981 -0.156586424 0.011257082 -0.002124455 0.021594612 0.027886359 0.999375582
1341846375.022029 -0.033906698 -0.157681704 0.014176629 -0.000347013 0.018856572 0.029882280 0.999375522
1341846375.053968 -0.032073949 -0.155104294 0.007643234 0.003766214 0.016607722 0.033897188 0.999280274
1341846375.085937 -0.036487889 -0.145111263 0.006690590 0.007468511 0.016340196 0.035364069 0.999212980
1341846375.122015 -0.035741683 -0.130984396 0.003790218 0.008587484 0.016222134 0.033678666 0.999264181
1341846375.190345 -0.036746401 -0.128390744 0.005504300 0.003928265 0.022252928 0.028133482 0.999348760
1341846375.222041 -0.041613977 -0.129200488 0.005193292 0.004300161 0.022605073 0.025893435 0.999399841
1341846375.254127 -0.033055976 -0.120963328 0.007006621 0.006756128 0.021573517 0.026849063 0.999383867
1341846375.289892 -0.034091894 -0.120058842 0.009946794 0.009631259 0.023814535 0.027139857 0.999301493
1341846375.322192 -0.041241918 -0.107470483 0.003187980 0.013172512 0.024455087 0.028296914 0.999213576
1341846375.354172 -0.040610276 -0.077869505 0.001120275 0.014173874 0.024322120 0.025375666 0.999281526
1341846375.390033 -0.034427203 -0.067688882 0.003923487 0.009454862 0.025529547 0.022310959 0.999380350
1341846375.422976 -0.041893929 -0.062146768 0.005992447 0.003791788 0.028628334 0.019002510 0.999402285
1341846375.458036 -0.047072247 -0.063487798 0.002867979 -0.001854605 0.027756875 0.018370967 0.999444187
1341846375.489941 -0.041164797 -0.065841153 0.008544339 -0.006699646 0.026705820 0.019033933 0.999439657
1341846375.521981 -0.041046407 -0.069919080 0.012290900 -0.007897985 0.027589804 0.019369435 0.999400437
1341846375.557947 -0.047762785 -0.067787960 0.008467245 -0.006073815 0.026777405 0.023112666 0.999355733
1341846375.590116 -0.045708526 -0.065570854 0.018574135 -0.003820826 0.023280766 0.027735410 0.999336839
1341846375.622399 -0.036976006 -0.056701131 0.017515780 -0.000086365 0.022021040 0.029662855 0.999317348
1341846375.658264 -0.038197137 -0.051854353 0.022837617 0.003635001 0.023940943 0.031197848 0.999219835
1341846375.690116 -0.038588684 -0.048776705 0.025590336 0.008056961 0.022909824 0.036286093 0.999046326
1341846375.726080 -0.034134086 -0.031322375 0.030507017 0.016834149 0.020630481 0.040352877 0.998830616
1341846375.757947 -0.039412092 -0.019523373 0.031992208 0.025064798 0.021041224 0.043616280 0.998512208
1341846375.789914 -0.040941570 -0.010198720 0.033504151 0.031382412 0.019209228 0.046862323 0.998223484
1341846375.826111 -0.043892518 0.011974025 0.037547760 0.035610870 0.017939012 0.045507543 0.998167872
1341846375.858282 -0.052604776 0.038616519 0.029657027 0.034548786 0.016682705 0.042138182 0.998374879
1341846375.893889 -0.049855612 0.055523835 0.036135260 0.025790840 0.013312279 0.039806917 0.998785794
1341846375.926121 -0.039709002 0.050461903 0.045712054 0.016985005 0.011810690 0.039820146 0.998992682
1341846375.958089 -0.039429843 0.057012301 0.047197610 0.011532946 0.012259467 0.040110573 0.999053478
1341846375.994060 -0.037444957 0.061527535 0.055105951 0.006812326 0.012234352 0.041373540 0.999045610
1341846376.026115 -0.033975463 0.066411838 0.060149241 0.005014861 0.013980119 0.042591859 0.998982131
1341846376.057999 -0.039973058 0.079533264 0.064219080 0.007054605 0.016673505 0.044085249 0.998863697
1341846376.094015 -0.037815537 0.087113112 0.065966867 0.005804371 0.018727534 0.045946423 0.998751462
1341846376.126126 -0.036505084 0.098882124 0.066948794 0.005723866 0.022209700 0.045084458 0.998719871
1341846376.162125 -0.039714988 0.110960357 0.067618683 0.003617804 0.026135754 0.044889227 0.998643517
1341846376.194033 -0.045711633 0.118625291 0.074521132 0.000630870 0.028083110 0.045452300 0.998571515
1341846376.226110 -0.045888297 0.123283714 0.077348217 -0.002087067 0.027560249 0.047808718 0.998474061
1341846376.262088 -0.046697259 0.125259325 0.084136359 -0.003042459 0.026451014 0.051379975 0.998324156
1341846376.293911 -0.043958500 0.131446123 0.087587848 -0.000890303 0.026446814 0.053122416 0.998237312
1341846376.326088 -0.044917028 0.138095289 0.086812794 0.001466032 0.026769772 0.055482905 0.998099625
1341846376.362076 -0.046396650 0.148572192 0.087128974 0.002455893 0.025093952 0.057249643 0.998041451
1341846376.393924 -0.045275129 0.152075946 0.090538628 0.001873181 0.024371408 0.055297676 0.998170674
1341846376.429909 -0.045836043 0.163051724 0.093263254 0.002630891 0.026932059 0.050343573 0.998365283
1341846376.462224 -0.049133506 0.168712914 0.096682608 0.000566025 0.028339297 0.047430228 0.998472333
1341846376.494092 -0.049845304 0.169470623 0.100481108 -0.000861712 0.027446149 0.046358734 0.998547375
1341846376.529992 -0.050184797 0.177378982 0.103776790 0.000258955 0.027450515 0.046157457 0.998556912
1341846376.562034 -0.050020084 0.183728755 0.105479456 -0.000402575 0.028953917 0.044699345 0.998580694
1341846376.594092 -0.051563218 0.190614223 0.106572665 -0.001051731 0.030111743 0.044071168 0.998573899
1341846376.630016 -0.049504153 0.197377160 0.109439887 -0.002337355 0.030301502 0.043408833 0.998594999
1341846376.662132 -0.046375986 0.202478260 0.114540935 -0.003201539 0.032426979 0.041027594 0.998626530
1341846376.697981 -0.051164109 0.210737139 0.114526361 -0.003346845 0.034890618 0.041227195 0.998534799
1341846376.730128 -0.049244612 0.214954466 0.118776754 -0.003590185 0.035511032 0.041503310 0.998500645
1341846376.762061 -0.051047161 0.227251366 0.116019733 -0.003437564 0.036571901 0.041551068 0.998460948
1341846376.797939 -0.049630169 0.238850340 0.115140572 -0.005569786 0.036275044 0.039820809 0.998532653
1341846376.829920 -0.049580082 0.244520068 0.121435329 -0.008925946 0.037059799 0.041485518 0.998411655
1341846376.866170 -0.052584387 0.253121346 0.120704874 -0.011403061 0.037118629 0.044815529 0.998240352
1341846376.898026 -0.049343139 0.262331098 0.125487700 -0.015097465 0.035475396 0.045569371 0.998216927
1341846376.930139 -0.044644881 0.278027236 0.124164537 -0.018825766 0.036410093 0.043113746 0.998228967
1341846376.966511 -0.046821028 0.286855906 0.125020623 -0.025091497 0.039678447 0.041456282 0.998036802
1341846376.997919 -0.049466252 0.288063288 0.129192114 -0.031615324 0.041566383 0.043507718 0.997687221
1341846377.030079 -0.045810342 0.297524095 0.134251714 -0.034294996 0.041913800 0.043636426 0.997578561
1341846377.066212 -0.050000109 0.301393896 0.135564521 -0.037835065 0.043426644 0.044980265 0.997326136
1341846377.097918 -0.050328273 0.307283908 0.141277805 -0.042071357 0.042296395 0.045406830 0.997185647
1341846377.134079 -0.056013003 0.312413245 0.142248154 -0.045147065 0.041637544 0.044733293 0.997109294
1341846377.166160 -0.054456469 0.311339527 0.141414613 -0.049010761 0.036790747 0.045524769 0.997081697
1341846377.197925 -0.055245399 0.322617322 0.147719145 -0.048839148 0.032340601 0.045556050 0.997242928
1341846377.233952 -0.049455084 0.338717401 0.137338817 -0.050057925 0.029890276 0.043783508 0.997338355
1341846377.266486 -0.050860312 0.340031892 0.150471061 -0.053943660 0.031723134 0.042643417 0.997128487
1341846377.298068 -0.054543920 0.347668916 0.144426376 -0.056731056 0.032733306 0.045301497 0.996823907
1341846377.334109 -0.052131996 0.346612155 0.148050591 -0.061092552 0.031063667 0.046074472 0.996584117
1341846377.366029 -0.053186148 0.355184287 0.147343501 -0.060674608 0.031538926 0.043376748 0.996715784
1341846377.401870 -0.052489117 0.358343273 0.145714954 -0.061600108 0.032226067 0.041135192 0.996732056
1341846377.434052 -0.054382887 0.351609975 0.149931878 -0.063361377 0.031863112 0.040920842 0.996642113
1341846377.466127 -0.050572384 0.342768818 0.147146761 -0.062428396 0.031531580 0.041033309 0.996706903
1341846377.502027 -0.050071787 0.348095447 0.144974619 -0.059847414 0.032031126 0.037603799 0.996984541
1341846377.534114 -0.044411264 0.343294322 0.145730153 -0.059457924 0.033834327 0.034415245 0.997063518
1341846377.566085 -0.046237309 0.326453120 0.146967396 -0.059499126 0.035422575 0.036114361 0.996945739
1341846377.602113 -0.046173654 0.323043883 0.143030792 -0.057079062 0.035059195 0.036857579 0.997072875
1341846377.633912 -0.049283888 0.311986148 0.153318122 -0.052190661 0.036328878 0.035184857 0.997355700
1341846377.676329 -0.043106198 0.309894472 0.138801411 -0.047176532 0.036854535 0.033617057 0.997640193
1341846377.743964 -0.043020781 0.279952139 0.142231405 -0.042391784 0.034417208 0.030588968 0.998039424
1341846377.802535 -0.044491675 0.268872559 0.129836455 -0.039791472 0.034543708 0.030227456 0.998153150
1341846377.835932 -0.044347815 0.248837665 0.127990812 -0.035315838 0.036302477 0.031694639 0.998213589
1341846377.872063 -0.054718185 0.243687570 0.113569796 -0.032908231 0.034928404 0.039181866 0.998079062
1341846377.902201 -0.040769350 0.239483073 0.120049641 -0.032625239 0.026761563 0.040223680 0.998299301
1341846377.939383 -0.035238560 0.232880116 0.118160918 -0.028126908 0.030501908 0.030919859 0.998660326
1341846377.970635 -0.045115069 0.223655924 0.102129035 -0.031102832 0.033058800 0.033458374 0.998408854
1341846378.002401 -0.036326881 0.202264458 0.112492882 -0.036401521 0.025116941 0.036407340 0.998357952
1341846378.038883 -0.033933830 0.195853248 0.119144343 -0.032465473 0.026217042 0.033173628 0.998578072
1341846378.106524 -0.037872043 0.175224066 0.106859393 -0.035694372 0.026715046 0.029533841 0.998568952
1341846378.138114 -0.035911310 0.167514518 0.107315555 -0.033759411 0.027595516 0.024509534 0.998748243
1341846378.170157 -0.035011113 0.161752909 0.099110216 -0.032734055 0.029327685 0.016425978 0.998898685
1341846378.206045 -0.035387330 0.146484450 0.097673237 -0.035988718 0.030205568 0.012553076 0.998816729
1341846378.238081 -0.034096252 0.124808662 0.104090862 -0.037203260 0.029853145 0.012250030 0.998786569
1341846378.275916 -0.031693939 0.120490372 0.098788276 -0.033035126 0.030093810 0.010570462 0.998945117
1341846378.312389 -0.027084926 0.112083353 0.094099678 -0.032350056 0.032008886 0.007490543 0.998935819
1341846378.344267 -0.027275570 0.093497388 0.094863810 -0.032528471 0.034815043 0.006129780 0.998845458
1341846378.376036 -0.026609374 0.082266234 0.089815125 -0.028237512 0.036037020 0.005992508 0.998933434
1341846378.411936 -0.024523927 0.076887801 0.083354592 -0.026403584 0.037027646 0.003924650 0.998957634
1341846378.444079 -0.025168583 0.061707191 0.081578717 -0.026062060 0.040078666 -0.000058755 0.998856544
1341846378.480041 -0.024774667 0.049405951 0.068305828 -0.025925672 0.040259678 -0.001593563 0.998851597
1341846378.512023 -0.026894860 0.042378869 0.076895833 -0.025668385 0.038405895 -0.003196710 0.998927355
1341846378.543975 -0.017267348 0.035376854 0.074827567 -0.022718253 0.039525587 -0.008262334 0.998926103
1341846378.579973 -0.022051757 0.021793202 0.066825092 -0.021374390 0.042583074 -0.010885401 0.998804927
1341846378.612676 -0.022698980 0.017757565 0.071606718 -0.017802371 0.042757962 -0.011624894 0.998859167
1341846378.643945 -0.018824600 0.002141107 0.065836139 -0.015270736 0.045175951 -0.012427099 0.998785019
1341846378.679954 -0.024280693 -0.001751813 0.063750111 -0.011292604 0.046903186 -0.013099618 0.998749733
1341846378.742199 -0.030870751 -0.022138612 0.051126901 -0.005768875 0.053479780 -0.023006191 0.998287201
1341846378.774089 -0.039228596 -0.030326899 0.056288291 -0.000922445 0.058279097 -0.024671732 0.997995019
1341846378.805994 -0.041968785 -0.039306264 0.057399582 0.002125075 0.058685180 -0.023150114 0.998005807
1341846378.842121 -0.032088671 -0.043366216 0.045046557 0.004556100 0.058839992 -0.026205171 0.997913003
1341846378.874022 -0.033205897 -0.056173775 0.048285637 0.006497550 0.061529096 -0.029877385 0.997636855
1341846378.911788 -0.034763321 -0.061994251 0.040561952 0.008720286 0.063488863 -0.027600270 0.997562706
1341846378.974034 -0.033034127 -0.077158771 0.036087710 0.011975884 0.064588450 -0.028511833 0.997432709
1341846379.009977 -0.033979755 -0.076272041 0.034537625 0.014795587 0.067306913 -0.028071202 0.997227609
1341846379.041991 -0.030631743 -0.081991166 0.032044638 0.016013404 0.067983091 -0.028353075 0.997154951
1341846379.078155 -0.027999870 -0.091601819 0.035489164 0.017190509 0.069804281 -0.033109464 0.996862888
1341846379.109871 -0.032119498 -0.098145403 0.031819552 0.017799783 0.070664234 -0.033726752 0.996770918
1341846379.142034 -0.010069402 -0.111993656 0.038021028 0.017157234 0.067111827 -0.029939728 0.997148514
1341846379.178080 -0.009312102 -0.136024877 0.031495411 0.018628763 0.068784073 -0.035448048 0.996827543
1341846379.209979 -0.003909897 -0.150756374 0.032691564 0.024251847 0.069140777 -0.035303786 0.996687055
1341846379.242047 -0.017731959 -0.155208021 0.033935893 0.030581106 0.067973226 -0.034447867 0.996623158
1341846379.278304 -0.010493172 -0.166124389 0.031033587 0.036123138 0.065743446 -0.037237305 0.996487021
1341846379.310076 -0.007207017 -0.181922451 0.017267693 0.044413324 0.069543406 -0.041045297 0.995744169
1341846379.346166 -0.009715193 -0.189189598 0.024435133 0.050716218 0.071811832 -0.038626052 0.995378792
1341846379.377944 -0.007436753 -0.195971563 0.028747287 0.058370613 0.071668759 -0.036480404 0.995050609
1341846379.409974 -0.002013624 -0.206933379 0.016475325 0.066774830 0.072982639 -0.037553478 0.994386435
1341846379.446065 -0.003212309 -0.198030889 0.023872076 0.072703496 0.074664608 -0.036143944 0.993897855
1341846379.478631 0.000255378 -0.197494790 0.017188368 0.072991595 0.073488213 -0.034183741 0.994033754
1341846379.511214 0.007822289 -0.208228484 0.013127254 0.071083963 0.074712880 -0.037126761 0.993975163
1341846379.546204 -0.004526914 -0.216515958 0.021721659 0.072161667 0.077464238 -0.036829084 0.993697941
1341846379.578217 -0.011105129 -0.205678776 0.035390083 0.074459471 0.073607013 -0.032278959 0.993979812
1341846379.614096 0.003111780 -0.208646372 0.025148796 0.072205856 0.069883406 -0.031224294 0.994448423
1341846379.646030 0.004360423 -0.208318114 0.023205902 0.070532776 0.072159998 -0.031546235 0.994395733
1341846379.678830 -0.007467235 -0.208922356 0.023836849 0.067935139 0.072298080 -0.029298952 0.994635284
1341846379.714071 -0.006257002 -0.205614358 0.028927889 0.066271566 0.068711348 -0.026275756 0.995086133
1341846379.746082 0.005418010 -0.205445826 0.022654461 0.064308316 0.067880318 -0.025149392 0.995301068
1341846379.778087 -0.004503161 -0.192502245 0.030806692 0.062673531 0.070078976 -0.022214264 0.995322764
1341846379.813931 -0.009947794 -0.183922470 0.036768217 0.058620628 0.067597091 -0.019213319 0.995803773
1341846379.845927 -0.002609588 -0.182062551 0.031597104 0.054096308 0.065727159 -0.018053984 0.996206582
1341846379.881893 0.000902399 -0.164909080 0.031290289 0.050673272 0.065584920 -0.014053160 0.996460378
1341846379.913954 -0.006567962 -0.150353044 0.034633249 0.044296604 0.064706318 -0.010789943 0.996862352
1341846379.946050 -0.004628083 -0.152812466 0.036345102 0.036016077 0.062419485 -0.008648929 0.997362435
1341846379.981969 -0.009352308 -0.153690189 0.042204283 0.031009361 0.061344884 -0.006665541 0.997612536
1341846380.013935 -0.016036903 -0.140417784 0.041060355 0.026906734 0.058445599 -0.001868594 0.997926176
1341846380.046124 -0.010671683 -0.130869612 0.044389036 0.020886336 0.055350889 0.002223365 0.998246014
1341846380.082142 -0.005287148 -0.124587096 0.050581370 0.015400676 0.054951921 0.001789624 0.998368621
1341846380.114330 -0.009328295 -0.126013130 0.050001096 0.010371174 0.056060094 0.003474223 0.998367488
1341846380.150278 -0.015052393 -0.128121376 0.054600600 0.007995553 0.054695707 0.006863525 0.998447478
1341846380.182030 -0.011247883 -0.118933588 0.059796769 0.009145447 0.052944001 0.008853971 0.998516381
1341846380.213908 -0.010729939 -0.096019998 0.049312599 0.008690555 0.052908063 0.008933362 0.998521626
1341846380.250090 -0.008823562 -0.062408131 0.057450593 0.003350916 0.053775929 0.008175540 0.998513937
1341846380.281996 -0.003918832 -0.064010642 0.065317594 -0.005930884 0.058060117 0.006481705 0.998274446
1341846380.318009 -0.005331776 -0.054675531 0.067601092 -0.010751132 0.061733618 0.008056444 0.998002231
1341846380.350031 -0.010141486 -0.046598833 0.074039452 -0.016957467 0.063218370 0.011946445 0.997784138
1341846380.382297 -0.006357646 -0.039129626 0.075828359 -0.020944374 0.063768134 0.014579366 0.997638404
1341846380.418020 -0.005476037 -0.025488386 0.075721964 -0.024433434 0.064660430 0.016540747 0.997471035
1341846380.450059 -0.016220501 -0.007162404 0.089124493 -0.030457452 0.062341236 0.023011938 0.997324586
1341846380.481987 -0.013819593 0.002888618 0.090130277 -0.038542174 0.056027021 0.026706247 0.997327566
1341846380.518026 -0.007132967 0.001059899 0.090100326 -0.044840850 0.052983597 0.024999753 0.997274816
1341846380.549973 -0.005064058 -0.001640501 0.094238736 -0.048716377 0.051426549 0.026697537 0.997130513
1341846380.585876 -0.005392629 0.003254191 0.097367041 -0.048915971 0.046973094 0.027388027 0.997321725
1341846380.617833 -0.002226809 0.007099641 0.095936432 -0.047586605 0.043814290 0.027198615 0.997534990
1341846380.650010 -0.001936126 0.006878949 0.094108947 -0.044507753 0.043264929 0.024309589 0.997775614
1341846380.686058 -0.002971639 0.015767399 0.088403836 -0.040833160 0.041590687 0.023547800 0.998022258
1341846380.718154 -0.003057161 0.010371577 0.075728878 -0.039667446 0.039740149 0.022126008 0.998177171
1341846380.750063 0.005188764 0.010791202 0.086080723 -0.034411453 0.038971618 0.022457132 0.998395085
1341846380.785897 0.001917867 0.025310306 0.090099998 -0.027383910 0.039771557 0.025714522 0.998502433
1341846380.818263 -0.002311111 0.033320159 0.087808631 -0.025664520 0.036483765 0.027088225 0.998637319
1341846380.854055 -0.001063683 0.019661402 0.086201675 -0.026480477 0.034091733 0.023048766 0.998801887
1341846380.886150 0.000634954 0.029690986 0.082644075 -0.021026956 0.033068594 0.023027759 0.998966515
1341846380.918124 -0.017812638 0.046102077 0.093564264 -0.019540153 0.031439707 0.023804810 0.999031067
1341846380.954125 -0.001713374 0.041623421 0.107849360 -0.020442942 0.024513917 0.022428926 0.999238729
1341846380.985985 -0.003713268 0.022498634 0.097795792 -0.022466592 0.026523763 0.020106493 0.999193430
1341846381.018098 -0.008364164 0.038592380 0.106071964 -0.019154474 0.027945599 0.021028142 0.999204636
1341846381.054072 -0.005246594 0.028560882 0.115672000 -0.019508326 0.024644136 0.021308824 0.999278724
1341846381.086074 0.008300371 0.025629153 0.119343154 -0.014596586 0.022967465 0.021977820 0.999388039
1341846381.122035 0.000880215 0.031482376 0.129517838 -0.011832715 0.025314478 0.023260435 0.999338806
1341846381.159808 0.003190764 0.028763959 0.136760458 -0.012700452 0.025038593 0.022406448 0.999354661
1341846381.222118 0.015773337 0.036700495 0.153836474 -0.011382935 0.027865723 0.024963288 0.999235094
1341846381.254198 0.028925275 0.028635448 0.160064057 -0.015163592 0.029688861 0.024128914 0.999152839
1341846381.289977 0.043717213 0.029481517 0.178598389 -0.013953097 0.035187047 0.024151515 0.998991430
1341846381.322365 0.030287880 0.045207839 0.198156625 -0.011485900 0.040578250 0.029851053 0.998664320
1341846381.353963 0.035189919 0.041871045 0.207500771 -0.014345982 0.041028123 0.034736786 0.998450935
1341846381.389983 0.051333226 0.034408268 0.204196572 -0.017631663 0.044162855 0.033973776 0.998290777
1341846381.421973 0.042356439 0.046832092 0.224642262 -0.019770902 0.051794227 0.036732901 0.997786105
1341846381.454108 0.048090637 0.042830739 0.241369411 -0.023478163 0.052502401 0.038921934 0.997585773
1341846381.489891 0.066085912 0.031183029 0.251198202 -0.022584002 0.053358562 0.040096350 0.997514486
1341846381.521988 0.061934579 0.031720556 0.261223286 -0.017003259 0.058649741 0.045997538 0.997073352
1341846381.558072 0.064762346 0.032691520 0.270768523 -0.013844981 0.061749727 0.048976511 0.996793151
1341846381.589879 0.067888834 0.030991640 0.285014540 -0.013086407 0.065857492 0.047558479 0.996609092
1341846381.622018 0.073887974 0.033731069 0.299945176 -0.013918412 0.069472015 0.046176452 0.996417403
1341846381.657894 0.073508233 0.029268218 0.313639849 -0.014718304 0.073281795 0.042941809 0.996277630
1341846381.689870 0.078722589 0.020568734 0.325016797 -0.010859022 0.076270290 0.040474083 0.996206164
1341846381.722338 0.080847867 0.029376976 0.340977520 -0.007315529 0.078820780 0.041838102 0.995983601
1341846381.758166 0.085241407 0.028093960 0.351588905 -0.007417012 0.080532663 0.040929615 0.995883644
1341846381.790889 0.094620667 0.026182963 0.359831452 -0.005584952 0.081195384 0.039619468 0.995894790
1341846381.826591 0.100036390 0.028065635 0.373122275 -0.002824774 0.084002987 0.038982745 0.995698690
1341846381.859589 0.096359931 0.032318838 0.386369050 -0.000754192 0.083391026 0.041443940 0.995654464
1341846381.890538 0.100919768 0.036193021 0.395727634 0.001776431 0.077868417 0.043277513 0.996022284
1341846381.926191 0.104367189 0.038773134 0.404021412 0.002608542 0.075930417 0.039754361 0.996316850
1341846381.958121 0.100807697 0.050483346 0.405013442 0.000921038 0.073207200 0.038946450 0.996555567
1341846381.990050 0.095465399 0.044813726 0.422875732 -0.004209129 0.066292301 0.039260928 0.997018635
1341846382.026007 0.111356735 0.045158263 0.433387816 -0.008106706 0.060212150 0.035741676 0.997512519
1341846382.059217 0.111847028 0.047476601 0.443121195 -0.013600647 0.060643017 0.030493181 0.997600913
1341846382.094090 0.112130776 0.038570762 0.460614353 -0.019965790 0.058274813 0.031071885 0.997617126
1341846382.126195 0.125726297 0.035989501 0.473032773 -0.020761710 0.053701371 0.033418827 0.997781634
1341846382.158170 0.128202721 0.035189245 0.488159060 -0.020724099 0.055083372 0.033574279 0.997701883
1341846382.194097 0.130174965 0.036206670 0.497831881 -0.021314468 0.055739962 0.035475917 0.997587144
1341846382.226010 0.132112205 0.032430932 0.511921108 -0.021683121 0.055651665 0.037545152 0.997508407
1341846382.258172 0.135194644 0.028424256 0.519209981 -0.022166260 0.056141876 0.036619157 0.997504771
1341846382.294020 0.137594089 0.029531801 0.528708339 -0.021895045 0.058513205 0.034727421 0.997442126
1341846382.325957 0.130122960 0.033101454 0.541704893 -0.022132404 0.059245292 0.033036944 0.997451067
1341846382.361974 0.133565098 0.023231477 0.559851706 -0.024680544 0.057407700 0.031701852 0.997542083
1341846382.393888 0.134694844 0.022886006 0.569107831 -0.022839563 0.055427060 0.029313192 0.997770965
1341846382.425972 0.133063182 0.027391072 0.580513000 -0.021929314 0.054803878 0.026194913 0.997912526
1341846382.462037 0.126253366 0.032013848 0.595239341 -0.021973647 0.054617330 0.020819535 0.998048425
1341846382.494003 0.124083057 0.029250318 0.605581164 -0.024238044 0.052089535 0.017498976 0.998194814
1341846382.530148 0.129488304 0.023155829 0.616008162 -0.025094239 0.048881117 0.015045062 0.998375952
1341846382.562400 0.129594997 0.021268718 0.627406299 -0.024425285 0.048685879 0.012809969 0.998433232
1341846382.593981 0.131335959 0.020805879 0.638171136 -0.023287782 0.048403852 0.013428080 0.998466015
1341846382.629905 0.131655276 0.010493170 0.646612883 -0.021146912 0.049187228 0.016204525 0.998434186
1341846382.661966 0.126207843 0.021328246 0.653891921 -0.016281417 0.050511148 0.018393435 0.998421311
1341846382.693976 0.124498449 0.020170990 0.659834325 -0.017356815 0.050405189 0.019238623 0.998392642
1341846382.730021 0.129236773 0.018293398 0.665764332 -0.016859910 0.050522029 0.019162992 0.998396695
1341846382.762004 0.120695025 0.016514841 0.670016944 -0.017220685 0.053019989 0.021031784 0.998223364
1341846382.798112 0.123185724 0.026976734 0.676539004 -0.017495714 0.050393634 0.017565615 0.998421669
1341846382.829949 0.124721780 0.021021767 0.681887388 -0.020755881 0.051461890 0.011895966 0.998388350
1341846382.861875 0.120819487 0.021544330 0.685028434 -0.021057125 0.053807884 0.009498336 0.998284042
1341846382.897967 0.123097621 0.018196734 0.693979144 -0.022392653 0.053434741 0.011208309 0.998257279
1341846382.930017 0.130316794 0.014858567 0.694216847 -0.021323912 0.053235304 0.012242788 0.998279214
1341846382.962121 0.129761070 0.027172189 0.702004194 -0.016972264 0.056380484 0.010213559 0.998212814
1341846382.997950 0.125208065 0.025145670 0.707140088 -0.017128667 0.058295451 0.012276623 0.998076916
1341846383.029927 0.129400805 0.014354625 0.708589017 -0.018820060 0.057382155 0.012913438 0.998091340
1341846383.104184 0.127223730 0.025209896 0.707285285 -0.019577837 0.063319042 0.004226166 0.997792304
1341846383.172122 0.132190883 0.028443698 0.709389806 -0.021113295 0.060845587 0.003904511 0.997916222
1341846383.236935 0.132565156 0.023843387 0.715085149 -0.023422632 0.069121063 0.003810694 0.997325957
1341846383.272112 0.139825717 0.018902056 0.721532941 -0.023108834 0.066090517 0.008157252 0.997512639
1341846383.303955 0.144733012 0.021163734 0.710520744 -0.022022652 0.066523284 0.010297921 0.997488618
1341846383.336133 0.144092724 0.031032218 0.708849251 -0.023199648 0.067717031 0.010376361 0.997380793
1341846383.398119 0.147846103 0.021876607 0.707494497 -0.026319453 0.066187091 0.012768412 0.997378290
1341846383.433991 0.150262848 0.015761804 0.701454520 -0.028332172 0.067560658 0.013524303 0.997221112
1341846383.466087 0.144839346 0.018059326 0.700800121 -0.027353236 0.068733178 0.013962585 0.997162223
1341846383.501974 0.142260909 0.013666005 0.700457931 -0.027913798 0.067116477 0.016971422 0.997210145
1341846383.533975 0.143826768 0.015681515 0.688803196 -0.026837837 0.064190611 0.016236925 0.997444510
1341846383.565981 0.137909099 0.021418020 0.681704938 -0.026204899 0.064505257 0.014456702 0.997468472
1341846383.602253 0.120719597 0.016982125 0.682582974 -0.027138794 0.065091759 0.013884190 0.997413516
1341846383.634175 0.115887746 0.018985385 0.677051127 -0.026246149 0.059798311 0.013944816 0.997767925
1341846383.665988 0.113978907 0.024285568 0.667088807 -0.025770379 0.055529613 0.012460479 0.998046577
1341846383.702104 0.109182514 0.015425064 0.659518659 -0.028428314 0.053211208 0.010152079 0.998126924
1341846383.734131 0.106039383 0.019235749 0.654993594 -0.027664639 0.048164636 0.009461285 0.998411357
1341846383.770067 0.094716847 0.023215735 0.648131907 -0.025974004 0.044797409 0.012486442 0.998580277
1341846383.802027 0.098909780 0.026131747 0.633921325 -0.025067760 0.039657582 0.012338616 0.998822570
1341846383.870067 0.083772495 0.027954791 0.618364692 -0.025552683 0.034970962 0.013889175 0.998965025
1341846383.901854 0.087053418 0.028205637 0.605226040 -0.025711739 0.030532524 0.014714788 0.999094605
1341846383.934301 0.078992754 0.032423835 0.592497647 -0.027929248 0.030320903 0.013980866 0.999052107
1341846383.969997 0.076408692 0.022410307 0.582900345 -0.030764792 0.028143227 0.014143428 0.999030232
1341846384.001936 0.070638083 0.023334615 0.574855685 -0.028231500 0.025474541 0.017337551 0.999126315
1341846384.038092 0.065555371 0.035297483 0.565793455 -0.024873035 0.020481059 0.018171530 0.999315560
1341846384.070104 0.071129672 0.033395056 0.552617431 -0.026507357 0.017960439 0.014945260 0.999375522
1341846384.102008 0.065058812 0.026855120 0.541203022 -0.026007839 0.018326644 0.014554080 0.999387741
1341846384.138265 0.057740062 0.024890337 0.530021310 -0.025494078 0.015196698 0.017143562 0.999412417
1341846384.170093 0.064035423 0.031470116 0.520014465 -0.025014622 0.011742761 0.015774487 0.999493599
1341846384.202188 0.060825314 0.031608365 0.508595943 -0.024383778 0.013326315 0.013672804 0.999520302
1341846384.237844 0.052721236 0.033648424 0.499433070 -0.024440669 0.014637027 0.013392461 0.999504387
1341846384.269968 0.052166045 0.026597934 0.489849746 -0.025662033 0.012760564 0.015774235 0.999464750
1341846384.306015 0.053553026 0.032399014 0.476676971 -0.023122711 0.012312558 0.015067257 0.999543190
1341846384.337907 0.047420926 0.035478231 0.466105521 -0.023042852 0.013349371 0.014855453 0.999534965
1341846384.369865 0.044975501 0.038584646 0.457441658 -0.023805548 0.012525124 0.013470463 0.999547362
1341846384.406199 0.047061227 0.036018159 0.442847759 -0.023671897 0.012809008 0.011593301 0.999570489
1341846384.437788 0.038910087 0.040670127 0.429993331 -0.023538975 0.013606881 0.010915508 0.999570668
1341846384.469882 0.038862329 0.041954968 0.423891634 -0.026025318 0.012113043 0.008817746 0.999548972
1341846384.506115 0.040146578 0.040926691 0.414882869 -0.027291663 0.013258136 0.005367466 0.999525130
1341846384.537970 0.038304351 0.045927349 0.406368285 -0.028227014 0.015797371 0.004775528 0.999465227
1341846384.573994 0.031991508 0.035037678 0.396075964 -0.031260882 0.016385917 0.008316831 0.999342322
1341846384.606493 0.030582150 0.035372362 0.391192883 -0.029188963 0.014617341 0.012344530 0.999390781
1341846384.637999 0.027527191 0.048579000 0.383917779 -0.025242526 0.013995955 0.013660816 0.999489963
1341846384.674068 0.022487083 0.048499092 0.377004236 -0.025931142 0.013125358 0.012235017 0.999502659
1341846384.705921 0.017032137 0.045492191 0.366170943 -0.025865814 0.012995694 0.011103639 0.999519229
1341846384.742045 0.014705927 0.056017585 0.358954847 -0.024820125 0.009964978 0.010313762 0.999589026
1341846384.774082 0.009640925 0.060239177 0.347429425 -0.027015354 0.008570265 0.005929045 0.999580681
1341846384.805987 0.008750189 0.058452103 0.341871500 -0.028731659 0.008247424 0.001290282 0.999552250
1341846384.842025 0.000921854 0.060214996 0.331440479 -0.029372256 0.007379465 0.000234100 0.999541223
1341846384.874081 0.001656864 0.054562446 0.314159274 -0.031424213 0.005050581 0.002263670 0.999490798
1341846384.905998 0.000188608 0.056541231 0.309329599 -0.029392868 0.004764842 0.005288062 0.999542534
1341846384.942014 -0.005415473 0.063905105 0.298459321 -0.028129429 0.005397894 0.008118974 0.999556720
1341846384.974049 -0.003716807 0.058137186 0.295049191 -0.030080488 0.004294844 0.011585890 0.999471068
1341846385.009917 -0.004623609 0.056953840 0.288922012 -0.028005751 0.004786317 0.015709709 0.999472797
1341846385.042211 -0.014657525 0.062864505 0.276139528 -0.026399126 0.006756138 0.017431118 0.999476612
1341846385.073967 -0.015334397 0.063829504 0.270896494 -0.027988452 0.007723593 0.016588381 0.999440730
1341846385.110157 -0.015731318 0.057781316 0.266588688 -0.027472565 0.008588506 0.017091181 0.999439538
1341846385.141931 -0.024427628 0.056585107 0.259211361 -0.026000600 0.009947342 0.018957248 0.999432623
1341846385.173929 -0.030535016 0.053283144 0.252574652 -0.025451912 0.008878898 0.017710309 0.999479711
1341846385.210052 -0.029798318 0.054852746 0.241431594 -0.023886940 0.008079160 0.013081385 0.999596417
1341846385.242941 -0.036510710 0.053856477 0.236479446 -0.022943916 0.009306723 0.006887904 0.999669671
1341846385.278001 -0.039314341 0.055304948 0.230371356 -0.022374252 0.008296491 0.003086877 0.999710441
1341846385.311234 -0.044595286 0.046330154 0.221867979 -0.021237768 0.008091395 0.002794302 0.999737799
1341846385.342936 -0.049395099 0.050386999 0.215890944 -0.017302906 0.006536896 0.001899875 0.999827087
1341846385.378101 -0.054482084 0.055448148 0.207714632 -0.016585665 0.007019468 -0.000952886 0.999837339
1341846385.410048 -0.066972241 0.053387325 0.202772275 -0.017097775 0.007168543 -0.001939082 0.999826193
1341846385.442088 -0.072977297 0.051457688 0.195180297 -0.016692519 0.004654419 -0.001414970 0.999848783
1341846385.477970 -0.077709652 0.057648312 0.191429049 -0.016544128 0.001024202 -0.001277280 0.999861777
1341846385.510109 -0.084904037 0.056519173 0.186401591 -0.017260242 -0.000354050 -0.000944015 0.999850512
1341846385.545989 -0.096791618 0.060125731 0.172287285 -0.017349899 -0.001847307 -0.000907174 0.999847353
1341846385.577939 -0.103118621 0.064572573 0.166348696 -0.018306473 -0.006561592 -0.000958456 0.999810398
1341846385.609948 -0.106605992 0.059506681 0.160938606 -0.019686839 -0.009311605 -0.000792938 0.999762475
1341846385.646024 -0.115124114 0.062942006 0.152007177 -0.019657087 -0.012912737 0.000212686 0.999723375
1341846385.678122 -0.123779722 0.061757628 0.144687057 -0.021834269 -0.018749993 0.002206955 0.999583304
1341846385.713966 -0.127001479 0.064206332 0.133898452 -0.021600341 -0.021116357 0.001887205 0.999541879
1341846385.745986 -0.131478071 0.064583577 0.133607909 -0.020728553 -0.021151194 0.003233635 0.999556124
1341846385.778024 -0.141399443 0.071584180 0.126257151 -0.019937498 -0.023151875 0.006436934 0.999512374
1341846385.814480 -0.140097752 0.075554162 0.118903793 -0.020066943 -0.024884108 0.005505837 0.999473751
1341846385.846594 -0.142055511 0.077690251 0.105235748 -0.020317934 -0.022100758 0.002317032 0.999546587
1341846385.884072 -0.151021689 0.077342555 0.101059884 -0.021503510 -0.019554516 0.003963979 0.999569654
1341846385.920282 -0.157592282 0.074722059 0.100668676 -0.022610961 -0.021471141 0.006331316 0.999493659
1341846385.951967 -0.150223359 0.077185839 0.079551496 -0.022359880 -0.020154653 0.004086238 0.999538481
1341846385.983828 -0.153096661 0.078464597 0.079594985 -0.021612743 -0.016725369 0.003867175 0.999619007
1341846386.019954 -0.165770784 0.074481010 0.073704906 -0.022033593 -0.015561813 0.005757086 0.999619544
1341846386.053153 -0.165896848 0.072590284 0.066659920 -0.020873647 -0.017500294 0.005251446 0.999615133
1341846386.087964 -0.162912175 0.077311322 0.053121354 -0.017241489 -0.015824657 0.001495311 0.999724984
1341846386.120298 -0.170247182 0.072556779 0.050568532 -0.016937407 -0.012618622 -0.001655108 0.999775529
1341846386.152323 -0.177938804 0.069508620 0.043591075 -0.014811515 -0.012360564 -0.002067939 0.999811709
1341846386.187922 -0.179157570 0.064197451 0.029631225 -0.012398235 -0.013969176 -0.004113300 0.999817073
1341846386.220214 -0.177597374 0.061655153 0.020625455 -0.010777096 -0.013425010 -0.009167458 0.999809742
1341846386.251878 -0.184472591 0.059633810 0.008953972 -0.007596857 -0.011171049 -0.012308273 0.999832988
1341846386.287926 -0.189826891 0.055148941 -0.002083391 -0.005258580 -0.012631346 -0.011819169 0.999836504
1341846386.320048 -0.183716267 0.064953327 -0.011219779 -0.001602557 -0.015007084 -0.015500867 0.999765933
1341846386.351806 -0.182894155 0.064528443 -0.024778172 -0.000023739 -0.012770996 -0.020472936 0.999708831
1341846386.387904 -0.189309657 0.059718415 -0.044135813 0.001184022 -0.011444893 -0.020353951 0.999726593
1341846386.420158 -0.194015980 0.057324074 -0.065758809 0.002479398 -0.013446931 -0.018424813 0.999736726
1341846386.488011 -0.182570145 0.071750365 -0.092496276 0.005020778 -0.018298222 -0.022222068 0.999572933
1341846386.550203 -0.194749787 0.060952041 -0.128204867 0.005648035 -0.017461641 -0.021440944 0.999601603
1341846386.582265 -0.191175878 0.074351683 -0.144266829 0.007468526 -0.021032007 -0.019599795 0.999558747
1341846386.618055 -0.185344636 0.082682133 -0.162628010 0.007862741 -0.021407338 -0.021818116 0.999501824
1341846386.651032 -0.189695135 0.087598301 -0.191264182 0.006472638 -0.019561453 -0.023813030 0.999504030
1341846386.682220 -0.192233399 0.089840159 -0.205506414 0.004004727 -0.020959472 -0.021831248 0.999533892
1341846386.718071 -0.184955448 0.080773607 -0.219425097 0.002317904 -0.022461263 -0.018891748 0.999566495
1341846386.750071 -0.176985070 0.085060708 -0.233606637 0.004777112 -0.020370176 -0.018777324 0.999604702
1341846386.786100 -0.183012590 0.090665966 -0.250410467 0.005535499 -0.017298993 -0.014923268 0.999723613
1341846386.817967 -0.180226400 0.089057446 -0.270062804 0.005708022 -0.018897818 -0.011844403 0.999734998
1341846386.850155 -0.174281195 0.097804569 -0.284410506 0.007318063 -0.017862082 -0.011847955 0.999743462
1341846386.886034 -0.174077749 0.095839612 -0.301373124 0.006591338 -0.014800332 -0.009963937 0.999819100
1341846386.918050 -0.174820587 0.099062100 -0.312586725 0.007318978 -0.013081636 -0.006627052 0.999865711
1341846386.954005 -0.176777005 0.101922475 -0.325938582 0.007974740 -0.012070898 -0.004518040 0.999885142
1341846386.986155 -0.164930642 0.102671772 -0.343564063 0.007650301 -0.011359007 -0.004243073 0.999897242
1341846387.018027 -0.164870307 0.099641211 -0.352155864 0.007084780 -0.006561973 -0.003073236 0.999948621
1341846387.054058 -0.177341491 0.102844290 -0.365923882 0.008868411 -0.003577231 -0.001225520 0.999953508
1341846387.086157 -0.172207430 0.106163420 -0.375049800 0.009689881 -0.004099351 -0.000888533 0.999944270
1341846387.118350 -0.165643170 0.104799576 -0.388246387 0.010180307 -0.001556632 -0.001809798 0.999945343
1341846387.153927 -0.178331047 0.104864188 -0.399974883 0.011563283 0.001759634 -0.002160067 0.999929249
1341846387.185953 -0.181184843 0.114109159 -0.413165957 0.011869912 0.000930983 -0.001683799 0.999927700
1341846387.222042 -0.177241042 0.116332695 -0.418948829 0.009797587 -0.000031810 -0.004012989 0.999943972
1341846387.253968 -0.171460673 0.111705422 -0.431373894 0.008364108 0.001232821 -0.005478003 0.999949276
1341846387.286046 -0.179891184 0.114816494 -0.447086036 0.007376114 0.002096857 -0.003858573 0.999963164
1341846387.322002 -0.175790325 0.118406132 -0.454073370 0.005791749 0.000677378 -0.003011684 0.999978423
1341846387.353879 -0.167202666 0.111993082 -0.461869925 0.004161525 0.001572414 -0.003484793 0.999984026
1341846387.386177 -0.177006766 0.110306203 -0.474037707 0.003801319 0.002632546 -0.001110210 0.999988675
1341846387.422132 -0.169267446 0.112515494 -0.483058035 0.004372623 0.000538321 0.001731479 0.999988794
1341846387.454043 -0.163151383 0.118736967 -0.493857205 0.005068554 0.001733885 -0.000508198 0.999985516
1341846387.490166 -0.169467852 0.117481008 -0.505479217 0.004136510 0.002859663 0.000587111 0.999987185
1341846387.522009 -0.168590456 0.114849754 -0.515376627 0.004070664 0.000495572 0.005654754 0.999975622
1341846387.554619 -0.163348660 0.123309292 -0.528538108 0.005175838 -0.000350176 0.006554308 0.999965012
1341846387.590257 -0.159801036 0.133488461 -0.538378954 0.003903791 0.000355631 0.005873030 0.999975085
1341846387.622301 -0.165120199 0.130481333 -0.535941541 0.000771254 0.002398094 0.006620117 0.999974906
1341846387.654151 -0.169709772 0.127321988 -0.542337537 -0.001198982 0.002373402 0.006951928 0.999972284
1341846387.690110 -0.169527933 0.134010494 -0.551451981 -0.001804316 0.000200291 0.005818185 0.999981403
1341846387.722109 -0.168852434 0.135375604 -0.558851182 -0.004108570 -0.000904247 0.005646301 0.999975204
1341846387.758177 -0.169566929 0.128694788 -0.566920042 -0.006159289 -0.001483858 0.007074759 0.999954879
1341846387.790191 -0.176171213 0.126928404 -0.571373224 -0.005766256 -0.002746320 0.010208297 0.999927521
1341846387.822157 -0.173262715 0.134116843 -0.578777850 -0.004432553 -0.005133720 0.010468924 0.999922216
1341846387.858179 -0.174733192 0.138059750 -0.586349070 -0.004956036 -0.006045946 0.013609136 0.999876797
1341846387.890013 -0.176262423 0.138770372 -0.590023518 -0.004938946 -0.008599347 0.014408357 0.999846995
1341846387.926103 -0.169567630 0.142394811 -0.599620163 -0.004647571 -0.010296037 0.014341835 0.999833345
1341846387.958426 -0.175700709 0.143226638 -0.600273669 -0.005475276 -0.010495128 0.017204382 0.999781907
1341846387.990086 -0.181699947 0.147224620 -0.600843370 -0.005883982 -0.012222657 0.017920420 0.999747396
1341846388.026158 -0.175711915 0.137800127 -0.588930547 -0.005292465 -0.016425490 0.016695956 0.999711692
1341846388.058060 -0.171859503 0.136843920 -0.586496532 -0.000385685 -0.018282864 0.022758244 0.999573767
1341846388.089974 -0.171088159 0.138799354 -0.590758443 0.004688021 -0.021396225 0.027731681 0.999375403
1341846388.126088 -0.165794656 0.155554295 -0.596003890 0.008220612 -0.023501128 0.026165772 0.999347508
1341846388.158090 -0.153136611 0.171755373 -0.601339281 0.006016772 -0.022724286 0.023469897 0.999448121
1341846388.194068 -0.161081597 0.158849224 -0.584345400 0.000573012 -0.019792354 0.020338792 0.999597073
1341846388.225961 -0.159949213 0.154243708 -0.577118933 -0.000462822 -0.020611117 0.018777613 0.999611139
1341846388.257928 -0.160467535 0.156953499 -0.581711948 -0.001293008 -0.020757055 0.020300729 0.999577582
1341846388.294066 -0.165513232 0.144550741 -0.568141758 -0.003103940 -0.020429345 0.019875096 0.999588907
1341846388.325954 -0.158308521 0.149878234 -0.571029782 -0.001679870 -0.021420794 0.018785680 0.999592602
1341846388.357936 -0.156568527 0.152731672 -0.562843382 -0.003033032 -0.019941894 0.017222021 0.999648154
1341846388.394202 -0.163662165 0.146271870 -0.541855335 -0.004384503 -0.019702399 0.014721772 0.999687850
1341846388.425957 -0.153049186 0.147306681 -0.542668760 -0.004617129 -0.021352245 0.012295508 0.999685705
1341846388.462012 -0.151534826 0.141071171 -0.526040733 -0.006115285 -0.019458055 0.010143576 0.999740481
1341846388.493961 -0.158348069 0.133852273 -0.507967114 -0.005532621 -0.019925393 0.009666236 0.999739408
1341846388.526293 -0.153916508 0.130614132 -0.505584419 -0.004253675 -0.022013392 0.009589799 0.999702632
1341846388.562293 -0.145335764 0.130760014 -0.495345354 -0.002520639 -0.020888861 0.007668986 0.999749184
1341846388.594090 -0.151049897 0.132942900 -0.482058048 -0.001469231 -0.018763728 0.007193881 0.999796987
1341846388.626030 -0.149877593 0.128111094 -0.465733349 -0.002074345 -0.019742414 0.007160833 0.999777317
1341846388.662009 -0.145433262 0.123655260 -0.449740887 -0.000634434 -0.018750258 0.004211469 0.999815106
1341846388.694110 -0.147842839 0.127366334 -0.444317549 0.001176920 -0.017466301 0.003982341 0.999838829
1341846388.730239 -0.146620154 0.124402188 -0.428589761 -0.000655232 -0.018540379 0.003616152 0.999821365
1341846388.762131 -0.138885930 0.115209103 -0.411845535 -0.001006896 -0.017763732 0.000436737 0.999841630
1341846388.794087 -0.142832518 0.120749831 -0.404545933 0.000436383 -0.015409481 0.000893203 0.999880791
1341846388.830117 -0.148729160 0.119735807 -0.383465201 -0.001963083 -0.016205795 0.002750353 0.999862969
1341846388.868548 -0.139696479 0.108807236 -0.375438362 -0.002835274 -0.017229484 0.002860703 0.999843478
1341846388.900942 -0.144031867 0.119140871 -0.362448990 -0.001544231 -0.015355485 0.003048482 0.999876261
1341846388.937157 -0.147880822 0.122285850 -0.337345570 -0.004350104 -0.016442116 0.003138038 0.999850452
1341846388.970712 -0.140690997 0.112516910 -0.316370070 -0.006564867 -0.017459957 0.002607961 0.999822617
1341846389.001153 -0.143330902 0.113521658 -0.306350350 -0.006313081 -0.017078612 0.001542304 0.999833047
1341846389.036956 -0.145107210 0.119523250 -0.291477799 -0.008443048 -0.017240673 0.000306112 0.999815643
1341846389.069208 -0.142245784 0.100936249 -0.275097072 -0.012431335 -0.018102560 0.000407955 0.999758780
1341846389.168276 -0.142642304 0.088913150 -0.232784837 -0.013091114 -0.017408667 0.001787714 0.999761164
1341846389.230639 -0.150907397 0.089386627 -0.196376994 -0.009418672 -0.016191868 0.002610444 0.999821126
1341846389.266034 -0.148488343 0.087176666 -0.188353315 -0.008512013 -0.017913647 0.001176090 0.999802589
1341846389.298760 -0.142003760 0.082909390 -0.177730888 -0.007432383 -0.015641106 -0.000417641 0.999849916
1341846389.329980 -0.146034986 0.082106933 -0.161820605 -0.005805644 -0.013982169 0.001330810 0.999884486
1341846389.366022 -0.143241718 0.085862093 -0.146543339 -0.005065617 -0.014242590 0.000838902 0.999885380
1341846389.397969 -0.135690898 0.081191823 -0.128882855 -0.004551829 -0.011888780 -0.000267815 0.999918938
1341846389.433982 -0.136752084 0.080677532 -0.123265572 -0.001499664 -0.007724635 -0.000263881 0.999969006
1341846389.466033 -0.137902707 0.085057124 -0.104773484 -0.001563686 -0.007172122 0.003277724 0.999967694
1341846389.498030 -0.131759569 0.079769775 -0.084809899 -0.002661255 -0.007962001 0.003220063 0.999959588
1341846389.534085 -0.126520097 0.083041295 -0.079805911 -0.001935013 -0.005356412 0.001896483 0.999981999
1341846389.565875 -0.133075401 0.089992464 -0.067949377 -0.003230700 -0.002882862 0.001273550 0.999989808
1341846389.597960 -0.131195530 0.087400004 -0.057282418 -0.007656416 -0.004176451 0.001464672 0.999960899
1341846389.634116 -0.126885787 0.085243694 -0.043623291 -0.008808807 -0.005040138 0.000583648 0.999948323
1341846389.665950 -0.126496240 0.097952627 -0.038037885 -0.010178309 -0.003621769 -0.001481497 0.999940515
1341846389.702127 -0.125747100 0.087065227 -0.019945132 -0.015788084 -0.002751436 -0.003614171 0.999865055
1341846389.734086 -0.123762958 0.084650502 -0.005634661 -0.015347314 -0.004387477 -0.002768091 0.999868751
1341846389.765898 -0.119681858 0.089807242 0.001407768 -0.014989930 -0.005691339 -0.001618649 0.999870121
1341846389.802126 -0.115948446 0.087553672 0.012629836 -0.016403345 -0.005871154 -0.002700601 0.999844551
1341846389.834063 -0.113342836 0.080737248 0.025126792 -0.015450238 -0.005571176 -0.002371530 0.999862313
1341846389.866260 -0.110753216 0.081569381 0.037383974 -0.012647617 -0.006122546 0.001776781 0.999899685
1341846389.902002 -0.104501098 0.080054156 0.042970713 -0.011686571 -0.007795277 0.002206489 0.999898851
1341846389.934117 -0.099189706 0.083810516 0.049102347 -0.010235639 -0.006107545 -0.000159587 0.999928951
1341846389.970116 -0.098655984 0.081399642 0.062769361 -0.010322127 -0.003675795 -0.000352280 0.999939859
1341846390.002129 -0.102698907 0.079979181 0.077731825 -0.010550610 -0.005131980 0.001672794 0.999929786
1341846390.034099 -0.094913453 0.081499696 0.089207649 -0.009322319 -0.008508215 0.001180928 0.999919653
1341846390.070024 -0.088563286 0.084092170 0.090097003 -0.008847884 -0.007825118 -0.002348413 0.999927461
1341846390.101910 -0.090907477 0.082777306 0.104410477 -0.009979554 -0.007424521 -0.003952126 0.999914825
1341846390.137924 -0.083792970 0.075851202 0.109861523 -0.009623688 -0.010495351 -0.002138827 0.999896288
1341846390.170038 -0.077695660 0.082520984 0.107140295 -0.007446914 -0.010395315 -0.003035047 0.999913633
1341846390.202115 -0.075387008 0.083499707 0.117162071 -0.010211531 -0.009205464 -0.005558233 0.999890029
1341846390.238117 -0.073748946 0.078468516 0.127839759 -0.011319032 -0.010334462 -0.003694968 0.999875665
1341846390.270052 -0.069122426 0.081219494 0.136529192 -0.010303291 -0.013599209 0.002140037 0.999852121
1341846390.302085 -0.058244545 0.083537795 0.142093956 -0.011513961 -0.014824100 0.004477792 0.999813795
1341846390.338496 -0.052669339 0.078367628 0.154429853 -0.012134755 -0.013627970 0.006871833 0.999809861
1341846390.370105 -0.057321075 0.081505783 0.157667011 -0.011771550 -0.014564579 0.011858804 0.999754310
1341846390.438106 -0.043024499 0.082044721 0.173643425 -0.016972076 -0.021457752 0.009288872 0.999582529
1341846390.505984 -0.043877367 0.086306646 0.191858694 -0.021287244 -0.028936632 0.012443821 0.999277055
1341846390.538495 -0.026500832 0.086970158 0.194788456 -0.021960702 -0.032303482 0.008281619 0.999202490
1341846390.606055 -0.025636276 0.090623640 0.216367126 -0.024659108 -0.034497257 0.016018614 0.998972118
1341846390.638031 -0.009941135 0.091492884 0.215835735 -0.024226582 -0.038233027 0.017106967 0.998828650
1341846390.673954 -0.003619544 0.098337188 0.215803266 -0.023385096 -0.035013765 0.014022404 0.999014795
1341846390.705937 -0.004536632 0.103664629 0.228930861 -0.026121201 -0.033594619 0.013800752 0.998998821
1341846390.737965 0.000738595 0.096457288 0.241024166 -0.029320810 -0.035290163 0.013046202 0.998861730
1341846390.774135 0.013117491 0.095241703 0.239231095 -0.027652809 -0.034176324 0.012725673 0.998952150
1341846390.806067 0.015607334 0.107362643 0.246626794 -0.026498446 -0.029810365 0.013764974 0.999109447
1341846390.838026 0.015328241 0.109814897 0.259183288 -0.027973246 -0.028942496 0.015702179 0.999066174
1341846390.874116 0.023816647 0.118364632 0.263037354 -0.027864801 -0.029359957 0.016415456 0.999045551
1341846390.906067 0.027703963 0.115164794 0.259607881 -0.030544719 -0.028313208 0.021072900 0.998910069
1341846390.942137 0.024643816 0.115852557 0.270950615 -0.032651916 -0.027192699 0.024182267 0.998804092
1341846390.974052 0.027692551 0.109545350 0.277160496 -0.032262240 -0.028871993 0.029343242 0.998631358
1341846391.006164 0.032853656 0.111273155 0.271710455 -0.031368777 -0.031161765 0.032317359 0.998499155
1341846391.042303 0.041068967 0.100125112 0.270773411 -0.036091730 -0.033003446 0.029197650 0.998376489
1341846391.074134 0.041838802 0.081073247 0.266372919 -0.039406326 -0.034317050 0.027961951 0.998242259
1341846391.106097 0.044212475 0.107007943 0.272180945 -0.034139890 -0.036709875 0.026528925 0.998390257
1341846391.142154 0.042422753 0.101149030 0.271013558 -0.035550099 -0.038352840 0.029539058 0.998194695
1341846391.174124 0.042521182 0.108326621 0.267930686 -0.033811592 -0.038451821 0.028964644 0.998268127
1341846391.209961 0.040809367 0.111260235 0.267449498 -0.033071339 -0.037520964 0.029761327 0.998304904
1341846391.241977 0.040324036 0.093096524 0.267414540 -0.035617813 -0.039210025 0.033532463 0.998032808
1341846391.273984 0.040614527 0.106216542 0.266250432 -0.031018578 -0.040792245 0.032161891 0.998168051
1341846391.309946 0.043068148 0.101664931 0.263877839 -0.031155432 -0.040237717 0.030609783 0.998235047
1341846391.342018 0.033531506 0.104710571 0.263311177 -0.030457631 -0.040247809 0.028798822 0.998310089
1341846391.378060 0.037367463 0.100597285 0.264257163 -0.030696454 -0.044091921 0.026987132 0.998191059
1341846391.410037 0.039027430 0.103141479 0.259333819 -0.030380538 -0.044545915 0.023732349 0.998263240
1341846391.442052 0.037280079 0.101242416 0.262346298 -0.029393790 -0.043185417 0.025064468 0.998319983
1341846391.478040 0.034436110 0.099885769 0.257582366 -0.028150447 -0.044624295 0.030100515 0.998153389
1341846391.510072 0.035929125 0.104805842 0.254097074 -0.027714742 -0.046934225 0.032603621 0.997981012
1341846391.542159 0.035239834 0.104443923 0.253727496 -0.028413845 -0.045872610 0.031879216 0.998034120
1341846391.578010 0.035472456 0.105091237 0.258182704 -0.028110910 -0.045197636 0.031811073 0.998075664
1341846391.610169 0.035711542 0.097363681 0.255935401 -0.028318889 -0.046984453 0.035212416 0.997873008
1341846391.645942 0.035684373 0.095761791 0.249990091 -0.027205480 -0.048965119 0.035853274 0.997785926
1341846391.677959 0.033407371 0.097294815 0.252157837 -0.025653902 -0.048670206 0.034746375 0.997880638
1341846391.710022 0.029420743 0.092953362 0.254528254 -0.024523592 -0.048607767 0.035680488 0.997879148
1341846391.745846 0.030619176 0.090600722 0.254258990 -0.022180213 -0.051315598 0.035775173 0.997794986
1341846391.778020 0.031112164 0.090691581 0.250751674 -0.020246141 -0.051372726 0.032963995 0.997929990
1341846391.810026 0.026506450 0.083517335 0.247646675 -0.019343570 -0.050393835 0.033638362 0.997975290
1341846391.846013 0.028733376 0.078729875 0.248478636 -0.017900236 -0.051522706 0.035309166 0.997886896
1341846391.877984 0.028179007 0.077913731 0.243256465 -0.014950603 -0.051257536 0.037367787 0.997874141
1341846391.914033 0.028714133 0.079001144 0.248004809 -0.013112208 -0.050773907 0.038060226 0.997898519
1341846391.945996 0.025491256 0.078592606 0.238790348 -0.011817358 -0.050935928 0.038161930 0.997902572
1341846391.978037 0.024395669 0.077889420 0.239145577 -0.011638870 -0.050713159 0.036160834 0.997990489
1341846392.014187 0.025072178 0.073965400 0.238612801 -0.011587160 -0.050081335 0.034609355 0.998078048
1341846392.046054 0.031972934 0.072547585 0.244533196 -0.010484913 -0.051636074 0.035218649 0.997989714
1341846392.078061 0.031236909 0.077345975 0.245257035 -0.009444181 -0.052055687 0.035761736 0.997958958
1341846392.114010 0.034904744 0.075709648 0.245481491 -0.010039862 -0.052723899 0.035130017 0.997940540
1341846392.145989 0.031570654 0.076663047 0.242308065 -0.009628222 -0.051973078 0.033566486 0.998037755
1341846392.181959 0.026066190 0.080476090 0.236353755 -0.010523530 -0.053412795 0.033955932 0.997939587
1341846392.213917 0.033901010 0.078621000 0.244297460 -0.011811666 -0.056706838 0.031407952 0.997826815
1341846392.246105 0.035210863 0.081639297 0.242282972 -0.010041736 -0.054410644 0.025724515 0.998136699
1341846392.282032 0.034728106 0.080178082 0.240744665 -0.010441188 -0.053812116 0.025978651 0.998158455
1341846392.314025 0.037106752 0.076210029 0.245179757 -0.009774875 -0.056604680 0.028942971 0.997929215
1341846392.349981 0.042991214 0.080541983 0.239333838 -0.006908649 -0.056796860 0.029070504 0.997938514
1341846392.382103 0.042077821 0.082146645 0.239426255 -0.006087068 -0.054866400 0.030180814 0.998018920
1341846392.414056 0.040444698 0.078776613 0.236410409 -0.006338157 -0.055293448 0.032028258 0.997936189
1341846392.450136 0.044352148 0.077163540 0.236401647 -0.005024105 -0.056115624 0.036281180 0.997752249
1341846392.482091 0.046408791 0.071680672 0.233648986 -0.003308767 -0.056716263 0.038326692 0.997648954
1341846392.514096 0.048283476 0.073760740 0.226749420 -0.002091297 -0.056454051 0.036955733 0.997718811
1341846392.550030 0.046680685 0.071413651 0.230611742 -0.002433711 -0.056911632 0.037979752 0.997653604
1341846392.582053 0.048760906 0.065352693 0.230436385 -0.001538380 -0.058499549 0.040599234 0.997460365
1341846392.617983 0.049554467 0.064788543 0.229642659 0.000254807 -0.058825023 0.042124800 0.997379124
1341846392.649909 0.052165288 0.064099208 0.226196781 0.001313680 -0.058730144 0.040198509 0.997463346
1341846392.682128 0.048515696 0.064295687 0.229061022 0.002277459 -0.058384959 0.037819844 0.997574925
1341846392.718019 0.048856966 0.058724623 0.227209896 0.003392654 -0.060613837 0.040308591 0.997341275
1341846392.749829 0.051246513 0.059420347 0.225558758 0.005432148 -0.062520556 0.040556483 0.997204542
1341846392.782107 0.052820764 0.059121639 0.224355921 0.005972189 -0.062500663 0.040688477 0.997197270
1341846392.818251 0.050279312 0.056012407 0.223598659 0.005856456 -0.061730422 0.040984958 0.997233868
1341846392.852165 0.050517157 0.053503666 0.224870965 0.007609491 -0.062232476 0.041756488 0.997158766
1341846392.885913 0.053357922 0.053164400 0.218742371 0.008624659 -0.061877195 0.040072519 0.997241676
1341846392.917882 0.056222770 0.051426686 0.222187102 0.009965046 -0.060829647 0.040259019 0.997286141
1341846392.950023 0.056579247 0.051119559 0.226137862 0.011980754 -0.060537748 0.040230129 0.997282922
