1341845688.561749 0.000000000 0.000000000 0.000000000 0.000000000 0.000000000 0.000000000 1.000000000
1341845688.593654 -0.005082904 -0.003649024 -0.000418511 0.000349517 -0.002558205 0.003964772 0.999988794
1341845688.629688 -0.002896749 0.002720212 -0.005490923 0.002572089 -0.008067152 0.008453207 0.999928415
1341845688.663680 -0.003550893 -0.005180186 -0.005182608 0.003256718 -0.013552317 0.013294308 0.999814451
1341845688.697719 -0.006839579 -0.010345860 -0.016125605 0.005488917 -0.018276347 0.019544292 0.999626875
1341845688.729899 -0.014732183 -0.007511964 -0.020977231 0.010134947 -0.023462379 0.021200264 0.999448538
1341845688.761762 -0.005171430 -0.002553488 -0.020248802 0.013338785 -0.028036091 0.020337043 0.999310970
1341845688.797687 -0.001353870 -0.004945073 -0.031355467 0.013710511 -0.027305931 0.018835999 0.999355614
1341845688.829892 -0.004160226 0.003438343 -0.028849831 0.014992220 -0.024921561 0.017332017 0.999426723
1341845688.865774 -0.010646291 0.004922080 -0.035029452 0.014539639 -0.023671666 0.017432632 0.999462008
1341845688.929779 -0.019788578 0.012425276 -0.043714795 0.015765596 -0.028963089 0.020734020 0.999241054
1341845688.965631 -0.010344041 0.013532415 -0.037834343 0.015641464 -0.033787541 0.020659029 0.999093056
1341845688.997750 -0.013010473 0.022870004 -0.046565164 0.015384123 -0.032442719 0.014299744 0.999252856
1341845689.029751 -0.003504364 0.028794687 -0.056865312 0.012114545 -0.031363439 0.008619972 0.999397457
1341845689.065755 -0.012284343 0.028867129 -0.057316162 0.008156312 -0.028216757 0.006835955 0.999545157
1341845689.097725 -0.018850444 0.028158262 -0.053517666 0.004327674 -0.026566481 0.008836132 0.999598622
1341845689.133718 -0.011770902 0.032259431 -0.051047798 0.002446363 -0.026736552 0.012419873 0.999562383
1341845689.165884 -0.013822634 0.039228581 -0.057445265 0.000639342 -0.025736200 0.016178928 0.999537647
1341845689.198264 -0.014533293 0.035868216 -0.052378543 -0.003584296 -0.025541412 0.018216720 0.999501348
1341845689.234322 -0.010690343 0.029383004 -0.058650762 -0.007024864 -0.024936017 0.020052437 0.999463201
1341845689.265745 -0.013205225 0.028565306 -0.057861079 -0.008362405 -0.024225025 0.022152951 0.999426067
1341845689.297769 -0.016300378 0.030011086 -0.058284756 -0.009556515 -0.024150303 0.022892525 0.999400496
1341845689.333650 -0.014684262 0.031779673 -0.059007291 -0.010238990 -0.023389446 0.023213878 0.999404430
1341845689.365881 -0.016635463 0.027139366 -0.059421513 -0.010637766 -0.022647588 0.023040380 0.999421358
1341845689.401592 -0.014391083 0.030665586 -0.065118879 -0.008903008 -0.023808144 0.021562088 0.999444366
1341845689.433744 -0.015488585 0.032640968 -0.062786892 -0.008050973 -0.024690833 0.022288768 0.999414206
1341845689.465651 -0.021871464 0.020936910 -0.064078480 -0.006988815 -0.024961876 0.022973383 0.999399960
1341845689.501840 -0.024488570 0.032365847 -0.066030763 -0.001481429 -0.028116290 0.021233555 0.999378026
1341845689.533687 -0.018173598 0.027086621 -0.065389059 -0.000253002 -0.030769749 0.015455585 0.999406934
1341845689.565814 -0.021066519 0.025656736 -0.066075474 0.001863638 -0.030150246 0.011445177 0.999478102
1341845689.601682 -0.026814394 0.024937512 -0.068751566 0.004562999 -0.031189732 0.009264855 0.999460101
1341845689.633591 -0.025631962 0.034784108 -0.067802705 0.008183637 -0.034351993 0.004555707 0.999365926
1341845689.669672 -0.027317423 0.027770342 -0.067569681 0.007797444 -0.035783086 0.004234037 0.999320149
1341845689.701700 -0.029981015 0.033642773 -0.066798493 0.009929241 -0.037965145 0.002974159 0.999225318
1341845689.733773 -0.028806925 0.031579893 -0.070704386 0.009907260 -0.040788323 0.001761109 0.999117136
1341845689.769822 -0.033865962 0.033134170 -0.067688622 0.010374606 -0.041442875 -0.000423595 0.999086916
1341845689.802003 -0.036838371 0.031052737 -0.071785577 0.010197684 -0.042813361 -0.000841103 0.999030650
1341845689.833757 -0.037496805 0.031294834 -0.068106137 0.011210416 -0.045678359 -0.003080270 0.998888552
1341845689.869861 -0.036189012 0.032302327 -0.069028914 0.012196615 -0.048202183 -0.004209165 0.998754263
1341845689.901825 -0.034567326 0.035161380 -0.059441801 0.012861538 -0.050182957 -0.002678171 0.998653650
1341845689.937674 -0.032590222 0.035149761 -0.075989358 0.013710268 -0.052589837 -0.002615895 0.998518646
1341845689.969679 -0.026403544 0.030762156 -0.077469654 0.013192439 -0.054843061 -0.002870488 0.998403728
1341845690.003830 -0.026118232 0.032647491 -0.075486213 0.013382781 -0.054806691 -0.003703740 0.998400450
1341845690.037686 -0.033237636 0.032354526 -0.075788394 0.013326088 -0.054047506 -0.004952278 0.998437166
1341845690.069636 -0.027773814 0.033037275 -0.079380356 0.013783145 -0.054541167 -0.003510949 0.998410225
1341845690.106587 -0.032759555 0.029342208 -0.081964776 0.013071915 -0.053874221 -0.004745047 0.998450875
1341845690.138859 -0.029878499 0.028080394 -0.081737213 0.012451734 -0.054966364 -0.004899216 0.998398542
1341845690.169919 -0.024789270 0.031494044 -0.082767181 0.013200543 -0.055091131 -0.003692950 0.998387277
1341845690.206103 -0.033356082 0.033862930 -0.079214379 0.013271710 -0.053780496 -0.004719253 0.998453438
1341845690.237700 -0.034226846 0.027821647 -0.072838120 0.011560366 -0.054410506 -0.004879415 0.998439789
1341845690.269981 -0.033452924 0.029029632 -0.076953575 0.012525752 -0.055739190 -0.005413076 0.998352110
1341845690.306143 -0.031728838 0.032362197 -0.076330990 0.013432696 -0.057319567 -0.005845588 0.998248398
1341845690.338646 -0.029725550 0.036744285 -0.074172236 0.013376120 -0.057662044 -0.004931654 0.998234332
1341845690.373833 -0.026404979 0.032582544 -0.077494100 0.011576572 -0.058748178 -0.005499923 0.998190582
1341845690.405976 -0.030552100 0.036742952 -0.078454033 0.012319569 -0.058088642 -0.006576025 0.998213768
1341845690.437908 -0.030848995 0.032508217 -0.079541638 0.011694766 -0.057557091 -0.006811691 0.998250484
1341845690.473654 -0.031753920 0.035352893 -0.079343870 0.012023585 -0.057997301 -0.005839643 0.998227239
1341845690.505978 -0.030354591 0.029981432 -0.081010111 0.011823877 -0.059969507 -0.005117531 0.998117089
1341845690.537884 -0.025852561 0.038385872 -0.076639853 0.013544836 -0.060585514 -0.008751364 0.998032749
1341845690.573708 -0.028885119 0.038135167 -0.074205473 0.012822143 -0.058873750 -0.006727771 0.998160422
1341845690.605848 -0.032848053 0.039380837 -0.071435936 0.012994424 -0.057812732 -0.005905653 0.998225391
1341845690.641747 -0.030317811 0.035831057 -0.078358918 0.012989914 -0.058704287 -0.006065900 0.998172462
1341845690.673751 -0.026389731 0.032104861 -0.075275004 0.012573227 -0.058355860 -0.006548850 0.998195171
1341845690.706003 -0.024302715 0.029513756 -0.072835766 0.012366279 -0.057488974 -0.006010437 0.998251438
1341845690.741684 -0.025597377 0.035229925 -0.075331502 0.014164240 -0.056608163 -0.007463634 0.998268068
1341845690.773770 -0.018616052 0.039687812 -0.072411090 0.014916901 -0.057052530 -0.006048545 0.998241425
1341845690.805715 -0.022590676 0.036598746 -0.075927891 0.014875944 -0.055283625 -0.005637268 0.998343945
1341845690.841674 -0.020031456 0.036747571 -0.073365368 0.015105006 -0.055200707 -0.005613764 0.998345256
1341845690.873770 -0.020441668 0.039512962 -0.070997082 0.015467945 -0.054334156 -0.006567794 0.998381376
1341845690.909837 -0.022976650 0.034578633 -0.066765092 0.014206768 -0.053232975 -0.004313164 0.998471737
1341845690.941576 -0.019288927 0.036802407 -0.060496993 0.014615860 -0.053769078 -0.004399277 0.998436749
1341845690.973879 -0.023939345 0.039428674 -0.059906065 0.015105892 -0.052480489 -0.005390911 0.998493135
1341845691.011558 -0.021643745 0.033510890 -0.065660059 0.013865470 -0.051894035 -0.004099990 0.998547912
1341845691.077986 -0.024606843 0.031976122 -0.068716973 0.013947057 -0.051579300 -0.005175457 0.998558104
1341845691.109685 -0.012921812 0.035277810 -0.067083485 0.015014783 -0.052542623 -0.004784281 0.998494327
1341845691.141759 -0.016081490 0.041353736 -0.067683034 0.016362322 -0.051025297 -0.003926198 0.998555601
1341845691.177729 -0.024955982 0.038917556 -0.064874366 0.016858269 -0.050078917 -0.006125013 0.998584211
1341845691.209644 -0.018432556 0.038735501 -0.070137776 0.016619099 -0.051184680 -0.007622001 0.998521805
1341845691.241757 -0.017976265 0.037011035 -0.068457119 0.016311694 -0.049761452 -0.007684075 0.998598337
1341845691.277595 -0.022117099 0.036490101 -0.065234832 0.017338928 -0.049306702 -0.005968201 0.998615324
1341845691.310138 -0.026064185 0.030138971 -0.068601519 0.016630834 -0.050666206 -0.009027533 0.998536348
1341845691.345620 -0.012090550 0.035251770 -0.068863831 0.017374303 -0.052083038 -0.009343542 0.998447895
1341845691.378062 -0.013231526 0.039219931 -0.072194852 0.018230515 -0.049709953 -0.009770971 0.998549461
1341845691.451922 -0.015004446 0.040892877 -0.064445987 0.019342270 -0.049179774 -0.012045741 0.998529971
1341845691.509739 -0.019845372 0.038855653 -0.063071705 0.018102607 -0.046948798 -0.011518089 0.998666823
1341845691.545833 -0.011734691 0.042349309 -0.070140257 0.018759469 -0.048429564 -0.012352542 0.998574018
1341845691.578399 -0.010912214 0.039501365 -0.069755219 0.017306695 -0.047158845 -0.016139794 0.998607039
1341845691.613857 -0.007788830 0.034545891 -0.065287761 0.016893486 -0.044595160 -0.020192277 0.998658180
1341845691.645632 -0.011861707 0.032680769 -0.068327494 0.017811945 -0.041182004 -0.022529429 0.998738766
1341845691.677793 -0.016145300 0.035178035 -0.064479984 0.019154949 -0.040605657 -0.019385293 0.998803496
1341845691.713727 -0.017884254 0.037732732 -0.067011960 0.019873781 -0.042135272 -0.016158568 0.998783529
1341845691.746050 -0.014476067 0.034925375 -0.068369456 0.020003593 -0.042489231 -0.019137556 0.998713315
1341845691.778411 -0.012571771 0.041068882 -0.072613128 0.019567804 -0.040016770 -0.021030748 0.998785973
1341845691.813646 -0.011933192 0.034104943 -0.068542771 0.017064299 -0.039227214 -0.018504333 0.998913229
1341845691.845603 -0.012877215 0.032727621 -0.076988220 0.017207025 -0.040011082 -0.018111808 0.998886883
1341845691.881595 -0.010442758 0.039069537 -0.068126947 0.018166218 -0.041453525 -0.018847259 0.998797476
1341845691.913600 -0.007542151 0.037290514 -0.064651206 0.018196765 -0.040949263 -0.019195979 0.998811066
1341845691.945997 -0.016453288 0.035752501 -0.069142185 0.018408710 -0.040144227 -0.015170831 0.998909116
1341845691.981657 -0.017573323 0.036058236 -0.071967378 0.020649774 -0.044699270 -0.013207834 0.998699665
1341845692.013904 -0.018080426 0.036882631 -0.067462847 0.022406580 -0.048356775 -0.011391469 0.998513818
1341845692.049676 -0.005814380 0.042763684 -0.067786612 0.023912592 -0.051030252 -0.010186087 0.998358846
1341845692.081862 -0.010502927 0.037861045 -0.067677446 0.023664964 -0.051196057 -0.010131351 0.998356760
1341845692.113695 -0.000447245 0.038382061 -0.071604393 0.024055725 -0.053972434 -0.009798839 0.998204529
1341845692.149736 -0.007813840 0.042735636 -0.060971074 0.024988841 -0.052059039 -0.012043701 0.998258650
1341845692.182123 0.002877343 0.032250497 -0.077859379 0.023890421 -0.052583344 -0.010693105 0.998273432
1341845692.213661 -0.000229753 0.037360054 -0.069348305 0.025885848 -0.052529808 -0.010068432 0.998233020
1341845692.249828 0.002184001 0.039397754 -0.069735877 0.026024608 -0.052511103 -0.010213302 0.998228908
1341845692.282146 -0.000345267 0.036919676 -0.068402536 0.025127480 -0.051464617 -0.011029647 0.998297751
1341845692.317711 -0.004136226 0.037584387 -0.068200797 0.024971316 -0.051599942 -0.011186942 0.998292923
1341845692.349688 -0.003561169 0.036713917 -0.064146928 0.025594773 -0.052907895 -0.010801789 0.998212874
1341845692.381560 0.002204700 0.034157638 -0.066052496 0.026364567 -0.053779539 -0.011931764 0.998133421
1341845692.417776 0.000108628 0.035091732 -0.068821482 0.027394122 -0.053019464 -0.013294924 0.998129129
1341845692.449672 -0.000256209 0.034358852 -0.070778191 0.027801126 -0.052920401 -0.014362827 0.998108327
1341845692.481594 0.000533144 0.036149971 -0.070093893 0.029280664 -0.053397451 -0.014990836 0.998031378
1341845692.517778 0.004613324 0.030758834 -0.070104770 0.029668685 -0.054389589 -0.015284406 0.997961879
1341845692.549744 0.005384031 0.032441605 -0.073818080 0.031225381 -0.054508891 -0.015254059 0.997908354
1341845692.585822 0.003030630 0.033603538 -0.074616864 0.031619720 -0.054209415 -0.016943453 0.997884989
1341845692.617836 0.005011715 0.033944000 -0.069493830 0.032188032 -0.053575229 -0.016323626 0.997911394
1341845692.649770 0.003466329 0.031222966 -0.078894287 0.032239597 -0.053304888 -0.015658801 0.997934878
1341845692.685749 -0.000143445 0.034257416 -0.082469471 0.032977808 -0.053738914 -0.014772722 0.997900963
1341845692.717676 0.006603669 0.038183793 -0.081432872 0.033752896 -0.054349165 -0.014931168 0.997839630
1341845692.749897 0.004083470 0.036462154 -0.084478222 0.033574119 -0.052551635 -0.014587592 0.997947037
1341845692.785833 0.001761720 0.035511885 -0.089117259 0.034367625 -0.052904718 -0.014833908 0.997897744
1341845692.817657 0.003320373 0.036246069 -0.085886084 0.035700493 -0.053967107 -0.018879503 0.997725725
1341845692.853833 0.005436954 0.033584200 -0.084270567 0.036261182 -0.052949633 -0.020221723 0.997733712
1341845692.885614 0.001224816 0.034970533 -0.085572168 0.038029019 -0.052268110 -0.019888602 0.997710526
1341845692.917728 0.003416491 0.037178978 -0.086122878 0.039252464 -0.053359587 -0.020998266 0.997582614
1341845692.953573 0.004052232 0.033600241 -0.088354446 0.039570488 -0.052626736 -0.022171337 0.997583628
1341845692.985667 0.003197840 0.035604928 -0.091763191 0.040955137 -0.051982827 -0.020894919 0.997589052
1341845693.017585 0.000811416 0.038818829 -0.094094291 0.041317169 -0.051699184 -0.022283884 0.997558773
1341845693.053684 0.004035451 0.035930924 -0.091112554 0.040855471 -0.051506743 -0.022217313 0.997589231
1341845693.086059 0.001155026 0.035026573 -0.093295172 0.041750211 -0.051051624 -0.021487935 0.997591555
1341845693.121690 0.000104187 0.037820198 -0.096911460 0.042223472 -0.052033387 -0.019517459 0.997561395
1341845693.153852 0.000167054 0.040804077 -0.099100426 0.041688103 -0.052970789 -0.020394575 0.997517049
1341845693.185655 0.005861741 0.038039118 -0.091047898 0.040677074 -0.052049641 -0.020678127 0.997601449
1341845693.221687 0.001265771 0.038186245 -0.095331229 0.040746626 -0.051021352 -0.018425476 0.997695863
1341845693.254518 -0.003795107 0.037298534 -0.097400591 0.041306872 -0.053356592 -0.016527690 0.997583926
1341845693.289735 0.007529289 0.041319024 -0.092343703 0.041986551 -0.055255190 -0.017962059 0.997427404
1341845693.321741 0.017821431 0.040777527 -0.094381154 0.041424744 -0.051999077 -0.017961564 0.997625947
1341845693.353715 0.006527011 0.036780130 -0.088465601 0.041130032 -0.047099981 -0.016311068 0.997909725
1341845693.421993 0.008462712 0.036942765 -0.091803655 0.041379355 -0.044401258 -0.017074790 0.998010397
1341845693.453700 0.006067311 0.034721691 -0.090597011 0.041261952 -0.042370137 -0.019250095 0.998063982
1341845693.489783 0.008285085 0.034657214 -0.087166786 0.042453188 -0.041198112 -0.019749906 0.998053312
1341845693.522084 0.002859209 0.033354547 -0.091342293 0.044082787 -0.041120093 -0.018165108 0.998015940
1341845693.557666 0.005270742 0.037168887 -0.088146202 0.046460416 -0.042925075 -0.019478589 0.997807324
1341845693.589792 0.009070806 0.039876260 -0.091829851 0.047830638 -0.043927874 -0.021259813 0.997662544
1341845693.622158 0.012280433 0.039502967 -0.086260132 0.047830056 -0.043452121 -0.021538140 0.997677445
1341845693.689929 0.012011901 0.042199377 -0.089570962 0.047021884 -0.042033222 -0.020213148 0.997804403
1341845693.721602 0.013393029 0.044002499 -0.096360058 0.044891227 -0.040642411 -0.021432066 0.997934699
1341845693.757636 0.010897453 0.042451914 -0.094880648 0.043000717 -0.039611448 -0.021663459 0.998054385
1341845693.789776 0.007209602 0.043743316 -0.092088446 0.042436041 -0.040028408 -0.020821737 0.998079836
1341845693.825637 0.006797140 0.044774722 -0.089053042 0.040976685 -0.040180147 -0.021930130 0.998111010
1341845693.857724 0.006927481 0.037908819 -0.086486951 0.039240498 -0.040260110 -0.021051729 0.998196423
1341845693.889741 0.007569662 0.042046580 -0.087861679 0.040300686 -0.040045485 -0.019684015 0.998190761
1341845693.925573 0.005158887 0.043172695 -0.083801329 0.040000707 -0.039495092 -0.018667486 0.998244286
1341845693.957722 0.006253038 0.040095892 -0.086425848 0.039937597 -0.039162520 -0.017372143 0.998283267
1341845693.990410 0.008894106 0.039467588 -0.087936059 0.040802512 -0.038524490 -0.017238848 0.998275459
1341845694.025740 0.011838780 0.043899484 -0.087232292 0.041815042 -0.037633050 -0.018015537 0.998253822
1341845694.057728 0.007821830 0.038756553 -0.082965106 0.041719388 -0.036180194 -0.018347478 0.998305500
1341845694.093631 0.007700427 0.037791371 -0.086279921 0.043107405 -0.036374737 -0.018198168 0.998242199
1341845694.125598 0.007832537 0.038210120 -0.083302505 0.044586845 -0.036493786 -0.018080665 0.998174965
1341845694.157890 0.007826822 0.039730966 -0.084216468 0.045387749 -0.035736181 -0.018826675 0.998152494
1341845694.193528 0.008309235 0.036870096 -0.085849009 0.045971580 -0.035387017 -0.018925082 0.998136342
1341845694.226254 0.009433971 0.037441637 -0.088875301 0.047259100 -0.035636738 -0.018640703 0.998072684
1341845694.261793 0.010951685 0.039456144 -0.088193037 0.048108257 -0.035445575 -0.018249098 0.998046160
1341845694.293655 0.007834683 0.038680911 -0.084890120 0.048563752 -0.035097323 -0.016480915 0.998067200
1341845694.325844 0.005492590 0.033366945 -0.091021396 0.048947129 -0.036339503 -0.014719844 0.998031557
1341845694.361761 0.004343065 0.035211105 -0.091054507 0.050741188 -0.038424790 -0.012683718 0.997891784
1341845694.393754 0.007909736 0.038186740 -0.089473329 0.052167047 -0.040989041 -0.011590731 0.997729480
1341845694.425809 0.007015009 0.040298425 -0.090179756 0.052202553 -0.042272396 -0.012110614 0.997667909
1341845694.461731 0.009387732 0.039641496 -0.089501649 0.052101456 -0.043849353 -0.012436661 0.997601151
1341845694.493931 0.010375568 0.043976638 -0.091509715 0.051038209 -0.043759894 -0.013936499 0.997640193
1341845694.529694 0.009450126 0.044118460 -0.092159756 0.049765565 -0.043242581 -0.014613334 0.997717381
1341845694.561652 0.006120648 0.040685475 -0.085775517 0.049395967 -0.044095933 -0.015077861 0.997691453
1341845694.595586 0.006499240 0.034211814 -0.085842252 0.049494762 -0.045600526 -0.014331233 0.997629941
1341845694.629850 0.007106896 0.034374565 -0.088376440 0.050680950 -0.047589343 -0.013221201 0.997492850
1341845694.661659 0.014714558 0.037431654 -0.085373141 0.052699257 -0.049192544 -0.012034847 0.997325480
1341845694.693720 0.032753237 0.041540522 -0.098307081 0.052256577 -0.047408894 -0.009954086 0.997458041
1341845694.735664 0.038415864 0.043389037 -0.093662739 0.050866820 -0.041338909 -0.009429600 0.997804940
1341845694.767988 0.036436152 0.043733839 -0.094107904 0.049074639 -0.035392907 -0.007657832 0.998138428
1341845694.803611 0.031442765 0.041914754 -0.087145895 0.046861235 -0.029286472 -0.007389058 0.998444676
1341845694.835585 0.024930242 0.037548039 -0.086515874 0.045402236 -0.024468258 -0.006515047 0.998647869
1341845694.867728 0.026277101 0.044762049 -0.082761064 0.045810342 -0.021960722 -0.005487917 0.998693645
1341845694.903566 0.028910996 0.044365898 -0.081840269 0.043903280 -0.019726967 -0.004444955 0.998831153
1341845694.935679 0.020971721 0.043106355 -0.086191840 0.043741979 -0.016424295 -0.004225415 0.998898923
1341845694.967669 0.024218280 0.041859690 -0.080784470 0.044040974 -0.016067717 -0.002556775 0.998897195
1341845695.003730 0.028352892 0.040743481 -0.085577302 0.043905277 -0.014343454 -0.001817393 0.998931050
1341845695.035689 0.035497166 0.040176123 -0.077540345 0.043817304 -0.012344420 -0.001819670 0.998961627
1341845695.072465 0.029064981 0.037809249 -0.080452442 0.043417279 -0.009549843 -0.000394440 0.999011338
1341845695.103895 0.023089150 0.040791430 -0.080492742 0.044123553 -0.010187774 0.000320206 0.998974085
1341845695.135680 0.025176564 0.032852776 -0.076135918 0.044101629 -0.013981764 0.000752894 0.998928905
1341845695.172193 0.024712676 0.030282641 -0.094767302 0.046635486 -0.019568125 0.000354736 0.998720229
1341845695.203618 0.022309924 0.028703015 -0.093213774 0.048954852 -0.027064538 0.002257399 0.998431683
1341845695.235612 0.021631353 0.027764777 -0.086957097 0.052817523 -0.034226518 0.001881866 0.998015702
1341845695.271738 0.023219341 0.029065264 -0.088043675 0.055668227 -0.040041551 0.001530399 0.997644901
1341845695.303569 0.031649556 0.035527822 -0.085324332 0.058228407 -0.045514099 0.000566048 0.997265041
1341845695.335657 0.028956084 0.036993027 -0.083319373 0.059198357 -0.048238248 -0.002288435 0.997077405
1341845695.371706 0.026233250 0.036486458 -0.087572105 0.059271563 -0.050806254 -0.005283684 0.996934175
1341845695.403745 0.027295159 0.035350960 -0.089005440 0.059617165 -0.053854413 -0.007542371 0.996738970
1341845695.435657 0.021382030 0.030189721 -0.091514468 0.060291838 -0.056478225 -0.008507347 0.996545434
1341845695.471720 0.023089478 0.034001175 -0.090945087 0.062339727 -0.060954813 -0.008531210 0.996155381
1341845695.503710 0.021566903 0.036892012 -0.088170566 0.062704496 -0.064012885 -0.009123526 0.995935380
1341845695.539693 0.024901604 0.038837016 -0.087758102 0.062627681 -0.066945001 -0.009977080 0.995739222
1341845695.603908 0.022852642 0.038450819 -0.089725293 0.063173451 -0.069100723 -0.012301428 0.995531440
1341845695.665980 0.019790538 0.041827675 -0.090381786 0.063003898 -0.071445279 -0.014118032 0.995352566
1341845695.701693 0.022620719 0.039141156 -0.091062307 0.062658146 -0.073029876 -0.013365426 0.995269775
1341845695.733686 0.024712034 0.039477166 -0.093120269 0.062240649 -0.074076027 -0.012073069 0.995235205
1341845695.769679 0.026749615 0.039954994 -0.092333823 0.062006593 -0.074519329 -0.012343270 0.995213389
1341845695.801697 0.024652636 0.043463990 -0.092120558 0.061198343 -0.073830396 -0.012427421 0.995313704
1341845695.833635 0.025690369 0.039835162 -0.089353569 0.059723236 -0.073997371 -0.011514264 0.995401919
1341845695.869766 0.029420413 0.037714068 -0.091431238 0.059154823 -0.074082352 -0.010524952 0.995440483
1341845695.901827 0.024504364 0.042929094 -0.094290078 0.058866844 -0.073053718 -0.009954256 0.995539427
1341845695.933900 0.024334328 0.041231863 -0.095144555 0.057134319 -0.073130839 -0.009581948 0.995638371
1341845695.969774 0.026577407 0.041723251 -0.083661400 0.056549538 -0.073044740 -0.008389059 0.995688796
1341845696.001940 0.028830215 0.040472925 -0.087752752 0.055780847 -0.072508119 -0.008206029 0.995772958
1341845696.037778 0.025601957 0.040662397 -0.093650512 0.054614112 -0.071006499 -0.006386510 0.995959103
1341845696.069962 0.027552897 0.041225288 -0.089814536 0.053800430 -0.071613640 -0.003881108 0.995972872
1341845696.102048 0.025091499 0.038574837 -0.084620088 0.053457584 -0.071995117 -0.002241950 0.995968819
1341845696.137759 0.027222507 0.042980205 -0.085300185 0.053505022 -0.072779462 -0.001701683 0.995910347
1341845696.169934 0.024919042 0.040033005 -0.084908277 0.052361738 -0.072694786 -0.001992704 0.995976806
1341845696.201602 0.026962455 0.040903062 -0.093560576 0.051518764 -0.073080778 -0.002342849 0.995991707
1341845696.237582 0.027503554 0.044765934 -0.093623139 0.050157286 -0.072892807 -0.003781280 0.996070564
1341845696.269654 0.022947881 0.041565791 -0.091092139 0.048632644 -0.073050298 -0.004419711 0.996132016
1341845696.305713 0.026916608 0.040874027 -0.093605541 0.048136517 -0.074516550 -0.003875934 0.996049762
1341845696.337790 0.026009137 0.040669639 -0.085620373 0.047853880 -0.074967578 -0.002994003 0.996032596
1341845696.369780 0.025315555 0.041056123 -0.090419106 0.047566846 -0.075432353 -0.002076010 0.996013582
1341845696.406019 0.029691603 0.043345630 -0.098230578 0.046383426 -0.076475114 -0.001763380 0.995990515
1341845696.437910 0.029512765 0.043134432 -0.094922230 0.044611514 -0.076495409 -0.001836393 0.996069729
1341845696.473667 0.034216885 0.043142516 -0.092448093 0.043404229 -0.076485068 -0.000992919 0.996125102
1341845696.505801 0.032403678 0.043518081 -0.092326008 0.041664153 -0.075439505 -0.002027062 0.996277511
1341845696.537879 0.028650943 0.041593898 -0.094439603 0.040677574 -0.074874744 -0.000308537 0.996362865
1341845696.573790 0.030374521 0.043718807 -0.086801030 0.040826861 -0.076154597 0.000978664 0.996259332
1341845696.611644 0.028166091 0.041025877 -0.091792017 0.040259320 -0.076461405 0.000578243 0.996259272
1341845696.648592 0.032250132 0.041845214 -0.092235193 0.039779458 -0.077489838 0.001337284 0.996198356
1341845696.705640 0.031226486 0.044805955 -0.091581017 0.037802428 -0.076242313 0.000534029 0.996372342
1341845696.741801 0.033278614 0.042396534 -0.088374235 0.037059512 -0.075387619 0.000676602 0.996465147
1341845696.773765 0.034693845 0.044037327 -0.089620806 0.036952700 -0.074611783 0.001378800 0.996526837
1341845696.805698 0.032901362 0.047700766 -0.091658920 0.036181618 -0.074075893 0.001946018 0.996594131
1341845696.841908 0.032946404 0.040579069 -0.091075800 0.034557406 -0.073765695 0.003525201 0.996670485
1341845696.873637 0.036106959 0.046587948 -0.088730432 0.034679931 -0.072959021 0.003645872 0.996725142
1341845696.905693 0.033870142 0.046459325 -0.088179626 0.033312757 -0.071931578 0.003601289 0.996846616
1341845696.941841 0.035505459 0.047064930 -0.085558899 0.032082047 -0.071361847 0.004957955 0.996922076
1341845696.973560 0.033813737 0.043968905 -0.086825632 0.030795064 -0.070743971 0.006465881 0.996998072
1341845697.009723 0.038112361 0.049497116 -0.089597732 0.030665865 -0.071151428 0.007211824 0.996967912
1341845697.041678 0.038906969 0.046299618 -0.080061547 0.029113350 -0.069929354 0.007610858 0.997097969
1341845697.073636 0.035606768 0.043589897 -0.081257440 0.028983746 -0.068432190 0.007057641 0.997209668
1341845697.109770 0.037914325 0.046523761 -0.084782064 0.029510958 -0.067954920 0.006347065 0.997231603
1341845697.141787 0.038609270 0.046155188 -0.081680015 0.028925559 -0.067770511 0.006297756 0.997261643
1341845697.173791 0.038681146 0.044494081 -0.080409944 0.028750744 -0.067759700 0.007423249 0.997259676
1341845697.209803 0.036579303 0.044744227 -0.083781004 0.029104207 -0.067155458 0.007433477 0.997290254
1341845697.241685 0.037300203 0.046213418 -0.079561658 0.028892836 -0.066830873 0.007119996 0.997320473
1341845697.277780 0.037080776 0.045460232 -0.082211718 0.028252535 -0.066593826 0.008513120 0.997343779
1341845697.309575 0.036911219 0.046096716 -0.082681589 0.028302483 -0.066716820 0.007788162 0.997340024
1341845697.342252 0.037422795 0.046152852 -0.085997783 0.028003449 -0.067124441 0.008770972 0.997312963
1341845697.377604 0.037178569 0.042768292 -0.086130649 0.027867597 -0.066896372 0.007605965 0.997341692
1341845697.409528 0.039427619 0.046277408 -0.081758909 0.028217716 -0.067098960 0.007140265 0.997321665
1341845697.441666 0.034097753 0.041476928 -0.082619831 0.027629863 -0.066094451 0.006988580 0.997406304
1341845697.477718 0.034840494 0.044099636 -0.079770714 0.029097645 -0.066552907 0.007181934 0.997332692
1341845697.509822 0.037836075 0.045189247 -0.081868961 0.029148979 -0.066937074 0.007091960 0.997306108
1341845697.545892 0.035566095 0.044136476 -0.084322445 0.028842242 -0.066867582 0.007177148 0.997319043
1341845697.577742 0.038596258 0.043065939 -0.085283563 0.029342370 -0.068152778 0.007668637 0.997213840
1341845697.609653 0.037238240 0.045672376 -0.084635898 0.029715057 -0.068485595 0.007848676 0.997178614
1341845697.645769 0.040125590 0.046333414 -0.081301562 0.029403079 -0.069475614 0.008285518 0.997115791
1341845697.677795 0.042459909 0.047153991 -0.077766083 0.029317372 -0.069820501 0.008690204 0.997090816
1341845697.713520 0.039761130 0.046152111 -0.081150524 0.028676532 -0.068958066 0.008075653 0.997174621
1341845697.745975 0.038554084 0.046140265 -0.081804320 0.028239019 -0.069241218 0.008682869 0.997162342
1341845697.777683 0.040050417 0.047245156 -0.079382583 0.028099675 -0.069698028 0.008947192 0.997132123
1341845697.813673 0.042768680 0.049737521 -0.079575323 0.027656084 -0.070113011 0.009368635 0.997111619
1341845697.845793 0.043610808 0.048917014 -0.083649941 0.026343653 -0.069665134 0.008868862 0.997183084
1341845697.877887 0.042435899 0.051207706 -0.078616269 0.025381509 -0.069629930 0.009493596 0.997204781
1341845697.913637 0.043589871 0.051287938 -0.078563586 0.025103638 -0.070243284 0.010032352 0.997163475
1341845697.945734 0.042255964 0.048694737 -0.078599200 0.024519725 -0.069754273 0.007926202 0.997231305
1341845697.981763 0.042368364 0.047170348 -0.077611491 0.023863394 -0.069796473 0.007892409 0.997244537
1341845698.013639 0.042620011 0.047096591 -0.075401694 0.024124201 -0.069645539 0.007451183 0.997252226
1341845698.045700 0.041325331 0.047671266 -0.084199511 0.024438677 -0.069335535 0.006915137 0.997270048
1341845698.081804 0.037473030 0.047665212 -0.083225369 0.024171688 -0.069500133 0.007298202 0.997262359
1341845698.113733 0.043501269 0.048459858 -0.080732636 0.024412841 -0.070681587 0.006727285 0.997177422
1341845698.145605 0.038632303 0.045175385 -0.083690420 0.024451140 -0.070316613 0.006337089 0.997204840
1341845698.181637 0.039753884 0.047316115 -0.076219447 0.024954213 -0.070623241 0.005768199 0.997174203
1341845698.213981 0.036835946 0.045424543 -0.082124516 0.024807416 -0.070975266 0.005688266 0.997153342
1341845698.249641 0.042015210 0.050727189 -0.082538486 0.026073035 -0.072689600 0.005555770 0.996998250
1341845698.281737 0.042650826 0.050045118 -0.083430909 0.024832798 -0.073117562 0.005110648 0.997000992
1341845698.313940 0.044061728 0.046208758 -0.080134958 0.024024881 -0.073595338 0.004545131 0.996988416
1341845698.349629 0.041688133 0.046927512 -0.078759737 0.024512555 -0.073188618 0.003585727 0.997010350
1341845698.381667 0.040915940 0.046377856 -0.084833100 0.024473986 -0.073658004 0.003768508 0.996976078
1341845698.413724 0.040119000 0.047303561 -0.081482098 0.024896266 -0.074871041 0.004004950 0.996874332
1341845698.449543 0.039943989 0.048972782 -0.081536934 0.025587397 -0.076274537 0.005109441 0.996745408
1341845698.481693 0.041832302 0.050786208 -0.082904719 0.025756009 -0.077716000 0.004895433 0.996630728
1341845698.517644 0.040573090 0.048534244 -0.084885150 0.025489895 -0.078317545 0.004883204 0.996590555
1341845698.549633 0.038582407 0.050896961 -0.077518299 0.026521426 -0.078808852 0.002471279 0.996533811
1341845698.581773 0.039753143 0.048900444 -0.082996160 0.026988775 -0.079275087 0.000598219 0.996487200
1341845698.617608 0.039384197 0.048901670 -0.081247889 0.027212601 -0.079527222 0.000386652 0.996461093
1341845698.649887 0.041650761 0.044081219 -0.083760187 0.027117176 -0.080116056 -0.000410465 0.996416509
1341845698.685838 0.044088777 0.045439254 -0.080852687 0.028522613 -0.080972679 0.000101219 0.996308148
1341845698.717744 0.047622647 0.051800117 -0.086969331 0.028823417 -0.081057101 -0.000532289 0.996292472
1341845698.749680 0.045867130 0.045011770 -0.084269039 0.027526280 -0.080669448 0.000443301 0.996360660
1341845698.785826 0.044944219 0.049858052 -0.086325981 0.027974447 -0.080475986 0.000718512 0.996363640
1341845698.817603 0.044411011 0.048526306 -0.086508051 0.027038123 -0.080193639 0.000047345 0.996412516
1341845698.849705 0.047402810 0.052007187 -0.083665185 0.026488403 -0.080735654 0.000703070 0.996383309
1341845698.885714 0.044364866 0.051094729 -0.082246855 0.026225530 -0.080399290 -0.000055640 0.996417642
1341845698.917723 0.044387922 0.051252503 -0.081600942 0.025539547 -0.080073230 -0.000445547 0.996461630
1341845698.953706 0.050116550 0.050162312 -0.080601253 0.024781862 -0.080496781 -0.000093540 0.996446729
1341845698.985694 0.052205078 0.051553424 -0.078033239 0.024519129 -0.080723532 -0.000443691 0.996434808
1341845699.017571 0.044703033 0.051609818 -0.085163578 0.023533173 -0.079950951 0.000200869 0.996520936
1341845699.053593 0.044754442 0.051754467 -0.083920546 0.022350989 -0.080183819 0.000125302 0.996529460
1341845699.086340 0.047149602 0.056264397 -0.087232515 0.021105682 -0.079936452 -0.000789707 0.996576190
1341845699.117688 0.045198943 0.054878194 -0.081147566 0.019312693 -0.079813927 -0.000163740 0.996622622
1341845699.153695 0.045412257 0.053590745 -0.083101384 0.017534377 -0.079650216 -0.000530341 0.996668518
1341845699.185845 0.045447014 0.055819880 -0.079901300 0.016941875 -0.079206854 -0.000880418 0.996713817
1341845699.221973 0.046793167 0.054059692 -0.077944152 0.015569925 -0.079045676 -0.000558905 0.996749222
1341845699.253571 0.043438382 0.053317305 -0.077183850 0.015344113 -0.079071112 -0.000123207 0.996750832
1341845699.285622 0.045968149 0.048531134 -0.083555818 0.015473058 -0.080537304 0.000583836 0.996631324
1341845699.321906 0.045541376 0.051770665 -0.083304413 0.016635485 -0.081455931 0.001328026 0.996537209
1341845699.354916 0.043889020 0.053125501 -0.079682007 0.016783470 -0.082105272 0.001338562 0.996481419
1341845699.385859 0.047869373 0.053981598 -0.080249414 0.017198024 -0.082712047 0.001578943 0.996423841
1341845699.421535 0.048184454 0.052045513 -0.078772373 0.017526481 -0.082226828 0.000155966 0.996459484
1341845699.454093 0.049272805 0.056149095 -0.078953989 0.017968021 -0.081638314 -0.001020000 0.996499538
1341845699.489836 0.050247267 0.055733819 -0.076884985 0.017535362 -0.081258938 -0.000493541 0.996538639
1341845699.522001 0.046687234 0.051165193 -0.079801708 0.017178077 -0.081200324 0.000354498 0.996549666
1341845699.556281 0.046459317 0.050387714 -0.075239673 0.017965011 -0.081519522 0.000669271 0.996509612
1341845699.595416 0.047925852 0.053286035 -0.071604773 0.018758593 -0.081591919 0.001130660 0.996488631
1341845699.628631 0.054312594 0.054897245 -0.078997120 0.018634297 -0.081333973 0.000529572 0.996512532
1341845699.663810 0.049624387 0.048901036 -0.076064132 0.017715231 -0.079854243 0.000464066 0.996649027
1341845699.696113 0.050083879 0.053761747 -0.077941820 0.019299805 -0.079510294 0.001705112 0.996645749
1341845699.727683 0.047561321 0.058739588 -0.079771511 0.018616920 -0.078902796 0.001761106 0.996706903
1341845699.789808 0.046782836 0.052100480 -0.074836366 0.016015032 -0.077762716 0.001169876 0.996842563
1341845699.821737 0.046574071 0.052416660 -0.078598693 0.016029187 -0.076899976 0.000656116 0.996909738
1341845699.857825 0.047748540 0.054286875 -0.079450794 0.015998792 -0.077222385 0.001783210 0.996883929
1341845699.889686 0.048114207 0.049422108 -0.079373553 0.015577690 -0.077583998 0.000535257 0.996863961
1341845699.925749 0.048581336 0.052227225 -0.080798268 0.016157897 -0.077104107 0.000584902 0.996891916
1341845699.957536 0.046828616 0.048793040 -0.081098981 0.016529381 -0.076484263 0.000617865 0.996933579
1341845699.989671 0.047239702 0.049597945 -0.078415513 0.017620802 -0.077039994 0.002299426 0.996869624
1341845700.025810 0.052161191 0.050518390 -0.078198493 0.018821057 -0.077948995 0.002261647 0.996777117
1341845700.058133 0.050563674 0.050103065 -0.077276342 0.019308679 -0.077039644 0.001657703 0.996839643
1341845700.090754 0.051698454 0.051702533 -0.072157405 0.019910133 -0.076788411 0.000423635 0.996848464
1341845700.125852 0.050684888 0.050481204 -0.072439648 0.019869270 -0.076857626 0.000791761 0.996843755
1341845700.157773 0.050781835 0.051842660 -0.071055189 0.020697374 -0.076961532 0.000493083 0.996819079
1341845700.193533 0.052657921 0.053518299 -0.069208458 0.021147417 -0.076469578 -0.000322786 0.996847570
1341845700.225771 0.053160399 0.053101886 -0.074042901 0.020923629 -0.075521961 -0.000905712 0.996924162
1341845700.257669 0.053430062 0.052837249 -0.073611327 0.021133186 -0.075324342 0.000195257 0.996935070
1341845700.293641 0.052488476 0.051489621 -0.072893336 0.020963075 -0.074736126 0.000795255 0.996982634
1341845700.325714 0.053040877 0.050047327 -0.079019934 0.020679198 -0.074751422 0.002036114 0.996985674
1341845700.357742 0.054023728 0.051426768 -0.072982512 0.021221044 -0.074441828 0.001450014 0.996998489
1341845700.393681 0.056811836 0.050306305 -0.071518563 0.020688524 -0.073927909 0.000372422 0.997048855
1341845700.425997 0.055840049 0.052833311 -0.074763119 0.020589923 -0.073240787 -0.000112009 0.997101724
1341845700.461682 0.059160184 0.052133888 -0.075486079 0.020390378 -0.073619902 0.000208038 0.997077882
1341845700.493808 0.057607118 0.052738279 -0.074602149 0.020337438 -0.073105589 -0.000727216 0.997116566
1341845700.526106 0.058638059 0.053247705 -0.072217703 0.019952606 -0.073401332 -0.000259560 0.997102857
1341845700.562458 0.058324449 0.054926060 -0.070431665 0.019897357 -0.073170222 0.000892356 0.997120559
1341845700.626137 0.057638083 0.057284553 -0.069930419 0.019883927 -0.073328264 0.000575482 0.997109473
1341845700.661872 0.057302572 0.055433612 -0.069261663 0.019456770 -0.072573707 -0.000533169 0.997173131
1341845700.693861 0.056398042 0.054338001 -0.071490385 0.018778156 -0.071850292 -0.000910061 0.997238219
1341845700.732394 0.054183844 0.052549567 -0.070954107 0.018522626 -0.072245337 -0.000457198 0.997214794
1341845700.767794 0.055179767 0.054968383 -0.070517473 0.019286081 -0.072749011 0.000581868 0.997163653
1341845700.799058 0.056906793 0.049388651 -0.074094713 0.018867623 -0.072398007 -0.000683039 0.997197092
1341845700.867749 0.058910765 0.053748954 -0.070530273 0.019668030 -0.072567612 -0.000526252 0.997169375
1341845700.930007 0.055132579 0.053638980 -0.067514777 0.020690903 -0.072874203 -0.000237968 0.997126460
1341845700.961797 0.059710663 0.056211129 -0.069917671 0.020942021 -0.073169246 -0.000341264 0.997099578
1341845700.997752 0.057843875 0.053066418 -0.072337285 0.020286232 -0.072868027 -0.001258700 0.997134447
1341845701.029597 0.059659693 0.054984719 -0.072145104 0.020778976 -0.073596269 -0.001752319 0.997070074
1341845701.061618 0.059529200 0.051410347 -0.072791196 0.020597467 -0.073948443 -0.002318055 0.997046649
1341845701.097561 0.059519898 0.052761555 -0.071947120 0.021075387 -0.074165232 -0.001319447 0.997022331
1341845701.129741 0.060431741 0.053392250 -0.072727814 0.021208823 -0.073898338 -0.001947102 0.997038305
1341845701.165734 0.059785817 0.054485373 -0.073385790 0.021035511 -0.073712476 -0.000946156 0.997057199
1341845701.197714 0.055736821 0.051731903 -0.073769905 0.021199677 -0.073680431 -0.001099291 0.997055948
1341845701.230497 0.055939525 0.053433679 -0.072814241 0.021721870 -0.073874630 -0.002013530 0.997028887
1341845701.265852 0.054691158 0.049299005 -0.074115761 0.021279870 -0.074141234 -0.001307629 0.997019827
1341845701.297730 0.053342611 0.052210227 -0.072790235 0.022701424 -0.074924439 -0.001817846 0.996929109
1341845701.329611 0.059135541 0.055145003 -0.073189497 0.023061754 -0.075300716 -0.002842124 0.996890128
1341845701.365791 0.058118559 0.052656446 -0.070119508 0.022304656 -0.075081289 -0.002425324 0.996924996
1341845701.397757 0.058831714 0.060495716 -0.066225871 0.023005798 -0.075221129 -0.002759125 0.996897638
1341845701.433542 0.056423433 0.054803126 -0.066275440 0.022037243 -0.074177690 -0.002901358 0.996997297
1341845701.465617 0.058271762 0.052522182 -0.075701877 0.021538625 -0.074250713 -0.001643892 0.997005641
1341845701.497704 0.053275455 0.052320026 -0.071997002 0.021499395 -0.073737994 -0.001589527 0.997044623
1341845701.533597 0.054181710 0.057116915 -0.066839390 0.021920681 -0.074148640 -0.001374981 0.997005284
1341845701.597762 0.060396958 0.056013778 -0.072725408 0.021361044 -0.074036673 -0.001823373 0.997025073
1341845701.633825 0.054827128 0.053868879 -0.072514504 0.021776866 -0.073475108 -0.001940447 0.997057378
1341845701.665709 0.060810439 0.054954845 -0.070533566 0.022536365 -0.074257210 -0.001459707 0.996983409
1341845701.701676 0.060419187 0.050039768 -0.072417885 0.022531698 -0.073738910 -0.002507401 0.997019887
1341845701.733527 0.056644682 0.050289277 -0.076472156 0.023093030 -0.072993852 -0.002973429 0.997060537
1341845701.765764 0.058841866 0.047186840 -0.077690944 0.022389034 -0.073396787 -0.002809639 0.997047544
1341845701.801701 0.059973735 0.051808339 -0.071489744 0.023249095 -0.073491238 -0.002325481 0.997022092
1341845701.833700 0.062429909 0.049542066 -0.072383434 0.022989709 -0.073756538 -0.001890066 0.997009456
1341845701.865775 0.061538354 0.053550571 -0.072121665 0.023964955 -0.073645510 -0.001503449 0.996995389
1341845701.901711 0.062958553 0.052702639 -0.074310988 0.023659788 -0.073600851 -0.001992288 0.997005105
1341845701.933585 0.062284671 0.051700842 -0.076437339 0.023342649 -0.072927803 -0.002694968 0.997060359
1341845701.969726 0.061302043 0.051929064 -0.074218854 0.022896515 -0.072996058 -0.002515874 0.997066200
1341845702.002544 0.061680451 0.052141227 -0.074095219 0.022969021 -0.072808944 -0.002521396 0.997078180
1341845702.034379 0.060301397 0.051314358 -0.072079286 0.023108907 -0.072286017 -0.003079485 0.997111440
1341845702.101809 0.060142871 0.048473451 -0.073673151 0.023167524 -0.072627403 -0.003609111 0.997083485
1341845702.137663 0.059837006 0.049594626 -0.073196270 0.023591496 -0.073187537 -0.003332947 0.997033536
1341845702.169629 0.059543181 0.049090896 -0.073755570 0.024101961 -0.073259510 -0.003907240 0.997013986
1341845702.201769 0.061838202 0.050214365 -0.074341483 0.024692414 -0.073063470 -0.004979470 0.997009099
1341845702.237691 0.060543902 0.049337029 -0.073180266 0.024560876 -0.072513558 -0.005391173 0.997050405
1341845702.269760 0.062643483 0.050246038 -0.072496943 0.024918670 -0.073119134 -0.004589830 0.997001290
1341845702.301761 0.068108059 0.051315639 -0.067800373 0.025260821 -0.073512845 -0.005537039 0.996958911
1341845702.337713 0.061064456 0.050688837 -0.069006197 0.024869101 -0.072006755 -0.005931549 0.997076392
1341845702.369720 0.059105717 0.051438380 -0.072552092 0.024526486 -0.072217755 -0.004148636 0.997078657
1341845702.405655 0.061795983 0.050405324 -0.072047204 0.024579572 -0.072512545 -0.004852334 0.997052789
1341845702.469691 0.065093242 0.051029280 -0.069827892 0.024847532 -0.072046906 -0.005510286 0.997076452
1341845702.506265 0.062087476 0.049936809 -0.071166560 0.024726102 -0.071632519 -0.004956362 0.997112215
1341845702.569753 0.064726256 0.050759722 -0.068663202 0.024644639 -0.072299786 -0.003334220 0.997072816
1341845702.605685 0.063667297 0.053180370 -0.070107810 0.024609184 -0.072328568 -0.002823918 0.997073233
1341845702.637718 0.064155646 0.049105890 -0.070403025 0.023566462 -0.072360143 -0.003698141 0.997093260
1341845702.673733 0.061598722 0.049827546 -0.073914662 0.023412086 -0.071631365 -0.004356371 0.997146845
1341845702.705735 0.062922731 0.051622003 -0.073684894 0.023133760 -0.071368486 -0.004420405 0.997171938
1341845702.737648 0.060018703 0.050952256 -0.070984825 0.022277581 -0.070274301 -0.005869984 0.997261643
1341845702.773644 0.061407477 0.055741839 -0.072277777 0.021056894 -0.069665596 -0.006493207 0.997327030
1341845702.805893 0.060201421 0.047473826 -0.074749492 0.018742314 -0.068818785 -0.007219791 0.997426987
1341845702.837969 0.061343089 0.052884381 -0.072954558 0.018408224 -0.068384320 -0.008640675 0.997451782
1341845702.874009 0.062414370 0.051543303 -0.075102456 0.016228637 -0.067812800 -0.008165344 0.997532666
1341845702.908704 0.057698179 0.051565692 -0.070303433 0.015950738 -0.066865548 -0.008939018 0.997594416
1341845702.941673 0.060812797 0.045076195 -0.073045686 0.015693873 -0.067609280 -0.007267019 0.997561991
1341845702.973595 0.057339258 0.043743823 -0.071800888 0.017778477 -0.068210155 -0.006898419 0.997488737
1341845703.005769 0.058814138 0.048578672 -0.070967764 0.020107124 -0.069967963 -0.004824088 0.997334898
1341845703.041648 0.058711387 0.048485558 -0.074146099 0.021271089 -0.070758604 -0.004028624 0.997258484
1341845703.073714 0.063025780 0.056929719 -0.075151198 0.021590803 -0.071051650 -0.004687229 0.997227907
1341845703.109699 0.063542150 0.052932687 -0.074394062 0.018669728 -0.069399647 -0.006886156 0.997390449
1341845703.142006 0.064801745 0.052708447 -0.073749200 0.017351765 -0.068251759 -0.008149755 0.997483909
1341845703.173706 0.062060513 0.053111903 -0.074400887 0.016227260 -0.067272961 -0.008858652 0.997563303
1341845703.209732 0.059365548 0.052920066 -0.071596123 0.016077403 -0.067014664 -0.009505800 0.997577131
1341845703.242050 0.061628345 0.047541920 -0.075178020 0.016195642 -0.067565493 -0.008415302 0.997547865
1341845703.273874 0.059293035 0.048502963 -0.077348933 0.017129434 -0.067866288 -0.007343710 0.997520328
1341845703.309758 0.059607863 0.049166370 -0.073470898 0.018041600 -0.068845570 -0.007027445 0.997439444
1341845703.341850 0.064424910 0.050913442 -0.070127890 0.018874398 -0.069732003 -0.006423392 0.997366488
1341845703.377702 0.061298110 0.050330922 -0.069374427 0.019498995 -0.068532273 -0.007237236 0.997432053
1341845703.409585 0.063513666 0.052236270 -0.073835999 0.019985454 -0.068659842 -0.007972247 0.997408092
1341845703.441629 0.061427061 0.054397970 -0.072035424 0.020054353 -0.068697341 -0.008107956 0.997403026
1341845703.477741 0.061103713 0.051420651 -0.071746536 0.019636014 -0.068667732 -0.008770853 0.997407734
1341845703.509995 0.062365215 0.051417086 -0.067829944 0.020086233 -0.068765350 -0.009150072 0.997388661
1341845703.541800 0.061813626 0.055899058 -0.068564579 0.021341689 -0.068711676 -0.009403258 0.997363925
1341845703.577765 0.060109835 0.051109061 -0.068780325 0.020779783 -0.068525255 -0.010683022 0.997375727
1341845703.609650 0.061190747 0.051798731 -0.069151439 0.021366566 -0.068990663 -0.010597644 0.997332156
1341845703.651761 0.059707720 0.051182073 -0.074656770 0.021531945 -0.068824634 -0.010865095 0.997337222
1341845703.709916 0.065147139 0.055449035 -0.072929770 0.022161469 -0.070956066 -0.009105150 0.997191668
1341845703.745719 0.063713759 0.058411449 -0.069974422 0.021612842 -0.070624538 -0.010405334 0.997214496
1341845703.777733 0.063951626 0.054422386 -0.070446551 0.019548506 -0.069360472 -0.011287660 0.997336209
1341845703.809711 0.062428236 0.051057775 -0.071212277 0.018805392 -0.068569005 -0.011657342 0.997400999
1341845703.845769 0.065743752 0.052951846 -0.069377951 0.019051412 -0.069426805 -0.010965605 0.997344851
1341845703.877728 0.065340333 0.053289540 -0.070683099 0.018972438 -0.069186524 -0.011473327 0.997357309
1341845703.913808 0.064029925 0.053714812 -0.067833729 0.018560555 -0.069029950 -0.010788155 0.997383535
1341845703.945653 0.065306261 0.052013852 -0.069468930 0.018470634 -0.068732329 -0.011331499 0.997399747
1341845703.977870 0.064320281 0.051293738 -0.069287136 0.018966351 -0.068285137 -0.011599937 0.997418106
1341845704.013637 0.063311249 0.051665049 -0.068473011 0.019678786 -0.068406872 -0.011317267 0.997399211
1341845704.045703 0.067179516 0.048339546 -0.068126336 0.020300437 -0.069242783 -0.011219526 0.997330129
1341845704.077666 0.061470456 0.048194706 -0.069219835 0.020637065 -0.068539247 -0.010787854 0.997376621
1341845704.113706 0.062522031 0.050034877 -0.069536895 0.020904033 -0.068368062 -0.010486803 0.997386038
1341845704.145681 0.062936276 0.049413893 -0.069685318 0.020376880 -0.068014078 -0.011008839 0.997415483
1341845704.181785 0.066013150 0.052221105 -0.066545658 0.020526566 -0.068035521 -0.010864462 0.997412562
1341845704.213778 0.063991621 0.049631543 -0.067990802 0.019909903 -0.067575172 -0.011089314 0.997453868
1341845704.245863 0.065339550 0.048932020 -0.068133272 0.019682039 -0.067755066 -0.010632372 0.997451186
1341845704.281578 0.065850906 0.054428127 -0.067164630 0.020288931 -0.067573056 -0.010278572 0.997455060
1341845704.313707 0.068701297 0.053791199 -0.067198329 0.019490203 -0.067413203 -0.010234526 0.997482240
1341845704.349873 0.072117642 0.051496916 -0.068539985 0.018585209 -0.066472620 -0.010651972 0.997558296
1341845704.381729 0.067569919 0.053943757 -0.063862853 0.018117087 -0.064244814 -0.011081177 0.997708142
1341845704.413817 0.068872467 0.053076170 -0.067861959 0.018007925 -0.062954940 -0.010203972 0.997801721
1341845704.449837 0.073710829 0.056075703 -0.066134490 0.018508201 -0.062304292 -0.010320235 0.997832239
1341845704.481600 0.070507854 0.058781803 -0.063312285 0.017791329 -0.060262937 -0.010907114 0.997964382
1341845704.513671 0.068021134 0.047555853 -0.062010720 0.017124178 -0.059210453 -0.010440627 0.998044014
1341845704.549869 0.064665221 0.044058964 -0.074038588 0.020964961 -0.059708562 -0.008505793 0.997959435
1341845704.581901 0.060613953 0.047279574 -0.067324400 0.025486836 -0.061276972 -0.005881582 0.997777998
1341845704.617838 0.062721059 0.052706432 -0.063805640 0.028084699 -0.062354449 -0.006228624 0.997639418
1341845704.650477 0.063375227 0.051125918 -0.069160022 0.028257692 -0.062394362 -0.007817199 0.997620821
1341845704.681708 0.059883766 0.046996478 -0.066816173 0.029045923 -0.062449452 -0.008403719 0.997590005
1341845704.717704 0.059962388 0.051290032 -0.066095755 0.030741837 -0.063743345 -0.008098789 0.997459829
1341845704.749702 0.061511073 0.052477777 -0.071558900 0.031149905 -0.064176299 -0.009612693 0.997405946
1341845704.781791 0.061362669 0.052712861 -0.068541266 0.030368023 -0.063625187 -0.012080158 0.997438550
1341845704.817744 0.056650601 0.045089811 -0.070803687 0.029820673 -0.063453339 -0.012715933 0.997458100
1341845704.849705 0.057451788 0.048166133 -0.074523531 0.031725928 -0.065289907 -0.013007146 0.997277021
1341845704.885675 0.059937444 0.050799545 -0.071137778 0.032273345 -0.066667587 -0.012797497 0.997171044
1341845704.917742 0.057308704 0.053208262 -0.069642074 0.032170597 -0.067028381 -0.013077005 0.997146547
1341845704.949746 0.059682090 0.054425936 -0.073443472 0.031609736 -0.067763545 -0.014306121 0.997097909
1341845704.985761 0.059101958 0.055629756 -0.066789545 0.030932458 -0.068099998 -0.015215228 0.997082770
1341845705.017537 0.056678671 0.054499455 -0.067654520 0.030222761 -0.068162903 -0.016131451 0.997085810
1341845705.049660 0.062362511 0.056901090 -0.071379110 0.029674664 -0.069225498 -0.015807502 0.997034252
1341845705.085710 0.060749013 0.053274583 -0.069158241 0.028747095 -0.069609277 -0.016710075 0.997020006
1341845705.117831 0.058993828 0.054591030 -0.069003522 0.028900547 -0.070085958 -0.017050521 0.996976435
1341845705.154005 0.061055306 0.060105763 -0.071477048 0.028313249 -0.070418611 -0.017593471 0.996960402
1341845705.185648 0.059292689 0.054628808 -0.067073002 0.027036820 -0.070043370 -0.018107841 0.997013032
1341845705.217695 0.063392006 0.057716493 -0.066831067 0.027153406 -0.070147626 -0.017232638 0.997018099
1341845705.253735 0.059067752 0.058529194 -0.072665960 0.026612172 -0.068990059 -0.017284786 0.997112513
1341845705.285554 0.062039956 0.054643113 -0.068567574 0.025818709 -0.069930546 -0.016922630 0.997074068
1341845705.321646 0.060544506 0.055921391 -0.069539435 0.026494078 -0.069809116 -0.016457014 0.997072697
1341845705.353674 0.059314564 0.054365110 -0.068332516 0.026381446 -0.070187673 -0.015451325 0.997065187
1341845705.385774 0.059439305 0.054475296 -0.067024596 0.026876541 -0.070451751 -0.015983727 0.997024953
1341845705.421801 0.062082533 0.053848349 -0.059912197 0.027869646 -0.070378199 -0.016310170 0.996997595
1341845705.453568 0.061105315 0.053356286 -0.065499283 0.029909216 -0.070307374 -0.014848323 0.996966302
1341845705.485749 0.062087681 0.053111121 -0.068133563 0.031772349 -0.071627438 -0.013759811 0.996830344
1341845705.521655 0.064978123 0.054682650 -0.067073449 0.033291224 -0.072434217 -0.012806236 0.996735156
1341845705.553548 0.064009950 0.057496838 -0.066142105 0.034498185 -0.072577611 -0.012224588 0.996690989
1341845705.589775 0.062348358 0.058809515 -0.066041924 0.034049649 -0.072086439 -0.012558819 0.996737897
1341845705.621894 0.061366726 0.056952119 -0.071319267 0.033931430 -0.071883984 -0.012196586 0.996761024
1341845705.653569 0.056544479 0.054700632 -0.071804881 0.033725027 -0.073660396 -0.010510273 0.996657550
1341845705.689868 0.062977582 0.054709822 -0.064112402 0.034407187 -0.076056898 -0.011527979 0.996442974
1341845705.721810 0.060647134 0.055538759 -0.067588106 0.034338530 -0.074835636 -0.012448723 0.996526718
1341845705.753738 0.063774019 0.052909859 -0.066393353 0.033856183 -0.074713469 -0.013297752 0.996541440
1341845705.789861 0.063170597 0.055169974 -0.066986561 0.034252618 -0.073663995 -0.013336653 0.996605515
1341845705.821704 0.060419124 0.056114789 -0.064789355 0.034012020 -0.072496362 -0.012514401 0.996710002
1341845705.863629 0.059398729 0.050195139 -0.066967919 0.033803467 -0.073334716 -0.011710330 0.996665537
1341845705.895623 0.058374584 0.046448529 -0.068494290 0.034917008 -0.074846148 -0.010425636 0.996529043
1341845705.931726 0.056603208 0.052233130 -0.071020626 0.037146792 -0.077061683 -0.008764431 0.996295571
1341845705.963641 0.059583016 0.060274351 -0.069189370 0.038193703 -0.079117663 -0.010575829 0.996077240
1341845705.995677 0.062577464 0.062199257 -0.065556057 0.036883544 -0.078873396 -0.014861728 0.996091247
1341845706.031837 0.066464782 0.069776483 -0.060591299 0.035605878 -0.077576227 -0.015936667 0.996222973
1341845706.063631 0.057038702 0.059847139 -0.061920598 0.033439759 -0.077089973 -0.015560283 0.996341705
1341845706.095737 0.054894533 0.059827000 -0.062517889 0.033641133 -0.078276433 -0.017423380 0.996211588
1341845706.131716 0.063353501 0.065710247 -0.060728192 0.033287462 -0.078748867 -0.018071553 0.996174693
1341845706.163718 0.061137058 0.056596972 -0.058380771 0.031458154 -0.077268496 -0.016839279 0.996371627
1341845706.195662 0.061227597 0.059317213 -0.061035924 0.032668822 -0.077742688 -0.016369618 0.996303618
1341845706.231610 0.063509285 0.064415872 -0.057849251 0.032159381 -0.077509217 -0.016239485 0.996340454
1341845706.263724 0.064154901 0.064530976 -0.053329900 0.031146243 -0.075773604 -0.015167166 0.996523023
1341845706.299838 0.062215883 0.064181134 -0.059981536 0.030096734 -0.075072058 -0.013797329 0.996628344
1341845706.331753 0.064687945 0.066020474 -0.054556299 0.029912136 -0.076152869 -0.015226217 0.996531069
1341845706.363574 0.061973207 0.060090151 -0.050013352 0.028623819 -0.075597793 -0.014850476 0.996616840
1341845706.399690 0.060811516 0.064382009 -0.048502974 0.029555641 -0.075921349 -0.014109528 0.996575773
1341845706.431735 0.063830636 0.061802503 -0.053442072 0.029398572 -0.075832576 -0.014575279 0.996580482
1341845706.463612 0.062089499 0.063593119 -0.048058473 0.029739453 -0.074759826 -0.013468863 0.996667027
1341845706.499655 0.062811896 0.053358737 -0.055311088 0.028754255 -0.075481206 -0.011122796 0.996670485
1341845706.531782 0.066131532 0.058420714 -0.052479077 0.030388417 -0.076735176 -0.011105230 0.996526420
1341845706.563559 0.077262528 0.060624171 -0.044978082 0.031105638 -0.076128989 -0.011253015 0.996549129
1341845706.599529 0.064085543 0.057326406 -0.049559340 0.031574711 -0.072884485 -0.011615745 0.996772766
1341845706.631786 0.063257635 0.055762660 -0.047270324 0.033202130 -0.074107155 -0.012098654 0.996623993
1341845706.667647 0.072386794 0.052811395 -0.049130399 0.033225153 -0.074432991 -0.011837971 0.996602058
1341845706.700732 0.072066255 0.059342578 -0.047239427 0.034572754 -0.072183914 -0.011105348 0.996730089
1341845706.732115 0.069563627 0.051437709 -0.047037683 0.034043387 -0.071529001 -0.011099366 0.996795595
1341845706.768143 0.072194569 0.051915489 -0.046771165 0.034705423 -0.071540788 -0.009688195 0.996786594
1341845706.800357 0.068331093 0.049071621 -0.051821906 0.034770120 -0.069983281 -0.008728320 0.996903777
1341845706.832602 0.071490809 0.054325193 -0.055825651 0.035685889 -0.070557721 -0.008705440 0.996831179
1341845706.869449 0.070484981 0.053595658 -0.054437354 0.034756437 -0.070201583 -0.008689969 0.996889293
1341845706.933651 0.070337988 0.053319167 -0.048965909 0.034016814 -0.070987001 -0.007742989 0.996867001
1341845706.994021 0.073939048 0.058131825 -0.050496791 0.033632234 -0.071190216 -0.005136883 0.996882379
1341845707.029674 0.072937638 0.054027420 -0.049429350 0.033558343 -0.071330145 -0.004623360 0.996877372
1341845707.061864 0.073627479 0.052868403 -0.050562270 0.034085095 -0.070927516 -0.004802854 0.996887386
1341845707.097704 0.074425586 0.050084725 -0.049268652 0.033927538 -0.069988362 -0.004339794 0.996961236
1341845707.129770 0.074992806 0.048865855 -0.048241727 0.035900678 -0.070081964 -0.002848136 0.996890903
1341845707.161817 0.073525138 0.048238773 -0.053489752 0.038192995 -0.070309512 -0.003252872 0.996788502
1341845707.197721 0.080130368 0.050907124 -0.047366183 0.039541300 -0.070193976 -0.002663538 0.996745825
1341845707.229795 0.076009788 0.046198338 -0.051130593 0.039342687 -0.068504460 -0.003675072 0.996868014
1341845707.261851 0.076463617 0.047915235 -0.050276499 0.040090896 -0.068407290 -0.002593179 0.996848285
1341845707.297710 0.077477485 0.046465341 -0.052001491 0.039853815 -0.067612164 -0.003370305 0.996909678
1341845707.329761 0.081291601 0.044040840 -0.047267016 0.039004605 -0.066531919 -0.004572268 0.997011185
1341845707.365850 0.079005025 0.039641619 -0.048908386 0.038809907 -0.064529069 -0.002950057 0.997156501
1341845707.397796 0.080191649 0.045386992 -0.040739313 0.040926576 -0.065037169 0.000578279 0.997043073
1341845707.429752 0.079415880 0.039068047 -0.048561152 0.040996443 -0.064772151 0.000881006 0.997057199
1341845707.465767 0.089590520 0.041228425 -0.043806549 0.042473953 -0.064451672 0.000262548 0.997016490
1341845707.497642 0.088159464 0.040376414 -0.051602952 0.042712633 -0.062486220 0.000239401 0.997131407
1341845707.533665 0.088554122 0.037076119 -0.049993381 0.043165445 -0.061499968 0.001272228 0.997172415
1341845707.565754 0.090405554 0.039847940 -0.041209247 0.044555221 -0.059808642 0.000377473 0.997214913
1341845707.597603 0.092755310 0.041283723 -0.041588616 0.045125708 -0.058148623 0.000542777 0.997287393
1341845707.633748 0.088572606 0.041812882 -0.037712570 0.045713354 -0.057411548 0.001036800 0.997302949
1341845707.665870 0.092901126 0.042598158 -0.040287189 0.046388660 -0.058042165 0.002205499 0.997233331
1341845707.698455 0.097623557 0.046143781 -0.043582663 0.046009477 -0.058069713 0.002740965 0.997247994
1341845707.734303 0.093837477 0.046181485 -0.042911083 0.045498438 -0.056956835 0.001409494 0.997338355
1341845707.766259 0.093623027 0.041048523 -0.044089559 0.044822887 -0.057217851 0.001501707 0.997353911
1341845707.836344 0.094260789 0.041484993 -0.045830764 0.046483357 -0.057155147 0.001483526 0.997281492
1341845707.866230 0.096293472 0.045415923 -0.036150485 0.047092941 -0.058245115 0.000519662 0.997190773
1341845707.901694 0.096838214 0.042494811 -0.039213460 0.046099663 -0.058397930 0.001186269 0.997227728
1341845707.933640 0.095274277 0.039700221 -0.037126243 0.046003267 -0.058869936 0.001600732 0.997203827
1341845707.965831 0.096980192 0.040205259 -0.042174753 0.046350449 -0.059156902 0.000730567 0.997171760
1341845708.001954 0.097257182 0.041787706 -0.037186008 0.046432067 -0.058596402 0.002213062 0.997198880
1341845708.034393 0.094694324 0.042784102 -0.040178362 0.046841871 -0.059171498 0.001224990 0.997147441
1341845708.069946 0.093949325 0.042882491 -0.037177753 0.046411157 -0.059007663 0.000935800 0.997177660
1341845708.101700 0.099794745 0.041613765 -0.038057685 0.045796655 -0.059973054 0.001840750 0.997147143
1341845708.133697 0.099382184 0.040369283 -0.041963480 0.046070062 -0.060677227 0.001845195 0.997092009
1341845708.169675 0.097154818 0.038691226 -0.044188928 0.045685198 -0.060632393 0.001173722 0.997113407
1341845708.201793 0.097066976 0.039245497 -0.044490695 0.045511939 -0.060491275 0.000025494 0.997130632
1341845708.233744 0.096572667 0.040276140 -0.042760428 0.046078067 -0.061347779 0.000003740 0.997052252
1341845708.269711 0.099327601 0.040112998 -0.039181840 0.046740860 -0.062724039 0.000435258 0.996935725
1341845708.301629 0.094736867 0.043198489 -0.044400349 0.047233999 -0.062363647 -0.000253721 0.996935129
1341845708.337612 0.098969378 0.042211123 -0.042422161 0.046678051 -0.062757991 -0.001981531 0.996934652
1341845708.369900 0.093850777 0.042406905 -0.042265199 0.046193309 -0.061626147 -0.002959209 0.997025371
1341845708.401883 0.097930901 0.041790243 -0.043744013 0.046208300 -0.063046679 -0.002943250 0.996935904
1341845708.443610 0.100022130 0.044960070 -0.042673510 0.047089409 -0.063415766 -0.003174542 0.996870577
1341845708.501776 0.097546823 0.044448055 -0.043069158 0.046247806 -0.064487368 -0.002491080 0.996843159
1341845708.543852 0.099268496 0.045140427 -0.042103175 0.046771441 -0.066594921 -0.001316564 0.996682405
1341845708.605675 0.095609367 0.046353977 -0.042253390 0.046105955 -0.067451924 -0.004454486 0.996646702
1341845708.637641 0.093663596 0.047395132 -0.042989485 0.046388898 -0.069073744 -0.005020033 0.996519804
1341845708.669692 0.101021208 0.049436267 -0.042260725 0.046655510 -0.071849920 -0.005957602 0.996305883
1341845708.705736 0.096397489 0.051293351 -0.042951059 0.046033047 -0.070734210 -0.007475498 0.996404409
1341845708.738027 0.088870555 0.046688527 -0.045996871 0.044972986 -0.070285812 -0.008488279 0.996476412
1341845708.773829 0.096807577 0.051289368 -0.044792604 0.045665212 -0.073537827 -0.008051583 0.996213853
1341845708.805763 0.099217065 0.052229419 -0.046484057 0.044802241 -0.074154340 -0.008866095 0.996200442
1341845708.838653 0.093963228 0.048984438 -0.046500534 0.044083200 -0.073986948 -0.010206322 0.996232092
1341845708.873912 0.093817428 0.050866418 -0.050768588 0.044457301 -0.075021885 -0.012171103 0.996116042
1341845708.905735 0.092672601 0.051975798 -0.046088308 0.044246841 -0.075220719 -0.011981236 0.996112704
1341845708.938426 0.092963450 0.054530933 -0.051878415 0.044539116 -0.075595722 -0.014363783 0.996039808
1341845708.973642 0.092429914 0.052565128 -0.047065206 0.044360887 -0.076855712 -0.013632581 0.995961607
1341845709.005742 0.093454510 0.053223658 -0.048479013 0.044004831 -0.077872135 -0.014433862 0.995887101
1341845709.041686 0.093176886 0.055565104 -0.049685489 0.044468470 -0.078279078 -0.014889171 0.995827913
1341845709.073656 0.094149254 0.054118779 -0.050920453 0.043847617 -0.078939751 -0.016149508 0.995783627
1341845709.105658 0.092217796 0.054662801 -0.051583044 0.043791160 -0.079551674 -0.016140340 0.995737612
1341845709.141741 0.092558354 0.055151924 -0.052340984 0.043801662 -0.081089437 -0.017143026 0.995596349
1341845709.173646 0.089484431 0.053721294 -0.050990932 0.042924069 -0.080336906 -0.016776806 0.995701790
1341845709.205765 0.088227659 0.054823138 -0.052494664 0.042591572 -0.080269068 -0.017012065 0.995717585
1341845709.241765 0.091234557 0.055892799 -0.052666713 0.042099737 -0.080716081 -0.016766563 0.995706439
1341845709.273754 0.085422240 0.052767400 -0.053622186 0.041284598 -0.079446763 -0.017294975 0.995833695
1341845709.309890 0.089744806 0.050067458 -0.053868763 0.040820360 -0.080357440 -0.015544431 0.995808601
1341845709.341728 0.090614051 0.054848060 -0.052775502 0.041041255 -0.080716886 -0.014826435 0.995781362
1341845709.373776 0.088774219 0.059445027 -0.056109272 0.040435880 -0.080189601 -0.014775761 0.995849490
1341845709.409657 0.090280950 0.061004385 -0.058148574 0.038861450 -0.080404252 -0.013486219 0.995913208
1341845709.442072 0.088654354 0.059642244 -0.059390724 0.036445133 -0.080623999 -0.011106899 0.996016145
1341845709.473660 0.092078410 0.059911367 -0.054975215 0.035013475 -0.081711002 -0.010401113 0.995986521
1341845709.509632 0.092092089 0.064274788 -0.055509564 0.033762284 -0.081509851 -0.010229362 0.996047974
1341845709.541673 0.082382776 0.063007943 -0.059838206 0.031511463 -0.080951922 -0.009752700 0.996172011
1341845709.578645 0.085070416 0.061257850 -0.056331761 0.030353308 -0.082584769 -0.010394662 0.996067464
1341845709.609672 0.086988032 0.062571153 -0.052861363 0.030331742 -0.084349498 -0.011125071 0.995912313
1341845709.642057 0.081993207 0.057367682 -0.057130471 0.029196665 -0.084468447 -0.011129552 0.995936155
1341845709.709730 0.089071348 0.066938251 -0.049587533 0.029711356 -0.087061383 -0.011676514 0.995691299
1341845709.745593 0.089192197 0.063943796 -0.056196265 0.028566916 -0.086628661 -0.011429476 0.995765388
1341845709.777709 0.085540168 0.064445548 -0.053701460 0.028211879 -0.086565576 -0.010665773 0.995789528
1341845709.809687 0.083550788 0.062406503 -0.057113912 0.028002447 -0.086184844 -0.011905061 0.995814383
1341845709.845686 0.088988185 0.064303793 -0.056381073 0.028196350 -0.085363537 -0.013556764 0.995858550
1341845709.878752 0.087596096 0.061311945 -0.057289392 0.027591066 -0.083252430 -0.014591513 0.996039569
1341845709.909693 0.083484806 0.058582772 -0.058529120 0.028122205 -0.082382165 -0.013253239 0.996115804
1341845709.945663 0.084064730 0.059390776 -0.054878373 0.030126652 -0.083584838 -0.013147259 0.995958388
1341845709.977698 0.088676564 0.062253479 -0.055866122 0.031857815 -0.084506758 -0.012175785 0.995839059
1341845710.013739 0.088390566 0.058115013 -0.057467576 0.031839527 -0.083744891 -0.013200885 0.995890915
1341845710.045754 0.083158009 0.053955186 -0.061694846 0.031787723 -0.082150117 -0.014276483 0.996010602
1341845710.077705 0.085154742 0.057190347 -0.063297994 0.032321293 -0.082933359 -0.014505195 0.995925188
1341845710.113730 0.087068103 0.056175496 -0.060485821 0.032236613 -0.082982108 -0.014330297 0.995926440
1341845710.145759 0.083697319 0.057642356 -0.063048728 0.032586038 -0.082554765 -0.013907477 0.995956540
1341845710.177824 0.084551483 0.056898538 -0.057302576 0.033151686 -0.083623447 -0.013777548 0.995850503
1341845710.213581 0.085984565 0.058008410 -0.057896215 0.033742726 -0.083734505 -0.014117124 0.995816588
1341845710.245636 0.081160046 0.054692049 -0.059671205 0.033841275 -0.083369374 -0.014309742 0.995841146
1341845710.281582 0.080367342 0.055461194 -0.061226297 0.036137439 -0.084896855 -0.015997048 0.995605707
1341845710.313617 0.084368549 0.056744520 -0.063806355 0.036662970 -0.085890174 -0.016410619 0.995494545
1341845710.345643 0.080826230 0.055209264 -0.063446246 0.036348153 -0.084869146 -0.015608960 0.995606542
1341845710.381860 0.076716177 0.054238394 -0.063935623 0.036994774 -0.084803134 -0.015629105 0.995588064
1341845710.413817 0.083234221 0.059517253 -0.062178958 0.038096476 -0.086157233 -0.015311860 0.995435119
1341845710.445824 0.081672050 0.053996056 -0.063946083 0.036616683 -0.085083373 -0.014881656 0.995589554
1341845710.481794 0.081096232 0.056302462 -0.063798718 0.036902603 -0.085948952 -0.014981879 0.995503128
1341845710.513650 0.083897822 0.053333562 -0.063444614 0.036462523 -0.086437508 -0.014939715 0.995477676
1341845710.549635 0.080262460 0.056236092 -0.060736831 0.037626497 -0.086148903 -0.013257990 0.995483220
1341845710.581654 0.084830739 0.057305776 -0.063455649 0.038844652 -0.087186702 -0.013221684 0.995346546
1341845710.613694 0.082512468 0.055395000 -0.062582731 0.038459204 -0.086314574 -0.012900471 0.995441735
1341845710.649564 0.080144249 0.051129859 -0.064130999 0.038006820 -0.085963838 -0.012533321 0.995494127
1341845710.681648 0.082825452 0.051935386 -0.065068670 0.039115809 -0.086358294 -0.012790363 0.995413780
1341845710.713728 0.084820002 0.052082855 -0.061224338 0.039240044 -0.086094178 -0.012570061 0.995434582
1341845710.749785 0.084760822 0.051851276 -0.061284922 0.039591130 -0.085533358 -0.012055587 0.995475352
1341845710.781816 0.082148343 0.053123444 -0.062826395 0.040269833 -0.085210994 -0.012039661 0.995476007
1341845710.817567 0.084342673 0.054989707 -0.061614502 0.040538736 -0.084986441 -0.012344033 0.995480597
1341845710.850205 0.087353200 0.054609004 -0.064499386 0.040013019 -0.084563524 -0.011512493 0.995547771
1341845710.882136 0.083487459 0.052494816 -0.062174618 0.039458338 -0.084608614 -0.010621094 0.995576024
1341845710.917631 0.086092532 0.054970443 -0.062654376 0.039868165 -0.085016713 -0.011088836 0.995519817
1341845710.950281 0.085388035 0.054127168 -0.059250508 0.039614547 -0.084064946 -0.010740026 0.995614588
1341845710.985647 0.081977904 0.048273958 -0.064648218 0.039846268 -0.084260464 -0.010404787 0.995592415
1341845711.017722 0.085840210 0.055765077 -0.062154416 0.042571533 -0.086335123 -0.012234314 0.995280981
1341845711.049965 0.096578166 0.059935331 -0.063806072 0.041698746 -0.086137280 -0.013566689 0.995317817
1341845711.085583 0.087740690 0.049909927 -0.059785735 0.039343402 -0.082441390 -0.013734404 0.995724320
1341845711.117670 0.081796192 0.051066563 -0.065709464 0.040274549 -0.082515322 -0.013337524 0.995686352
1341845711.149770 0.090483837 0.055361979 -0.061301738 0.040974952 -0.084457837 -0.012013310 0.995511711
1341845711.191691 0.092336684 0.053868052 -0.059008256 0.039648645 -0.083068043 -0.012297529 0.995678902
1341845711.253627 0.084922068 0.056239743 -0.063108213 0.041149013 -0.084341712 -0.011903442 0.995515704
1341845711.285627 0.090733580 0.055658162 -0.059971798 0.040100172 -0.085381344 -0.012489385 0.995462716
1341845711.317874 0.088449225 0.055471379 -0.059630528 0.039241299 -0.084175967 -0.013200064 0.995590448
1341845711.353756 0.095092885 0.060778517 -0.058323372 0.038936950 -0.084567659 -0.014168109 0.995555878
1341845711.385687 0.089712940 0.058792643 -0.059317261 0.036973789 -0.081763335 -0.015135794 0.995850682
1341845711.417635 0.085345104 0.052893557 -0.059044469 0.035714816 -0.080662228 -0.014026463 0.996002674
1341845711.485895 0.089771256 0.056095216 -0.057502139 0.038036585 -0.083736204 -0.012079030 0.995688498
1341845711.521704 0.088603936 0.053770002 -0.057919621 0.038119178 -0.082675338 -0.012131771 0.995773315
1341845711.553696 0.088511489 0.055936273 -0.058383260 0.038928736 -0.082445376 -0.011929397 0.995763540
1341845711.585708 0.092831865 0.059848599 -0.057938233 0.038594242 -0.082270376 -0.011990023 0.995790303
1341845711.621659 0.091949277 0.057019807 -0.055453219 0.037625935 -0.080956645 -0.012391716 0.995930076
1341845711.653731 0.087682948 0.055378560 -0.058462929 0.037559386 -0.080630615 -0.011978886 0.995964110
1341845711.685758 0.088681817 0.053890381 -0.055374943 0.037284873 -0.080959983 -0.011495965 0.995953381
1341845711.721850 0.091397211 0.055064339 -0.057830974 0.037985343 -0.081067033 -0.011172812 0.995921910
1341845711.754323 0.086220026 0.055375636 -0.060385615 0.038317155 -0.081308447 -0.009855398 0.995903432
1341845711.789716 0.089508317 0.053084005 -0.059777789 0.038128857 -0.082480401 -0.010561288 0.995807052
1341845711.821820 0.087382697 0.052632108 -0.056751393 0.038188558 -0.081982344 -0.010594742 0.995845497
1341845711.854173 0.090309247 0.057810046 -0.056205209 0.039424375 -0.082317039 -0.011220435 0.995762885
1341845711.889875 0.095887475 0.059328325 -0.057177179 0.038977213 -0.081642181 -0.012159327 0.995824993
1341845711.923959 0.089974664 0.056794353 -0.060357757 0.037571177 -0.078566134 -0.012161933 0.996126413
1341845711.957595 0.088450179 0.057711147 -0.056247279 0.037290223 -0.078232974 -0.013514628 0.996145785
1341845711.989820 0.094292931 0.059945498 -0.053011909 0.036834944 -0.078361712 -0.015041261 0.996130705
1341845712.057899 0.089292184 0.057723444 -0.057922613 0.035387099 -0.077230580 -0.012101629 0.996311605
1341845712.090038 0.094873875 0.058064770 -0.057851650 0.034446519 -0.076932475 -0.015440500 0.996321440
1341845712.127587 0.093357377 0.060595758 -0.055204693 0.033550765 -0.074495807 -0.015863489 0.996530533
1341845712.195638 0.086666107 0.062959172 -0.053616256 0.036127832 -0.078563415 -0.013652798 0.996160686
1341845712.257830 0.091535784 0.054192442 -0.057386842 0.032994535 -0.075641938 -0.016573772 0.996451199
1341845712.289935 0.084679976 0.055652667 -0.061536666 0.033599030 -0.075176522 -0.016337553 0.996470094
