1341846361.788774 0.000000000 0.000000000 0.000000000 0.000000000 0.000000000 0.000000000 1.000000000
1341846361.824112 -0.012903528 0.000756917 0.009134338 -0.002289406 0.003701607 -0.004866953 0.999978662
1341846361.856016 -0.026007926 0.019710839 0.009113330 -0.006582290 0.005126818 -0.007562587 0.999936581
1341846361.887871 -0.043157466 0.007345669 0.023125691 -0.015754081 0.009386296 -0.015087735 0.999718010
1341846361.923930 -0.062836558 -0.010179721 0.030850140 -0.017701507 0.013961795 -0.012912888 0.999662459
1341846361.955927 -0.077887036 -0.008343157 0.025115162 -0.011485609 0.013203858 -0.005409010 0.999832213
1341846361.991999 -0.084629253 -0.016756201 0.044827130 -0.009181460 0.007297628 0.002768375 0.999927402
1341846362.023994 -0.080069259 -0.013792057 0.049669713 -0.004719172 0.003657953 0.004009645 0.999974132
1341846362.056118 -0.085471608 -0.001678363 0.042847756 -0.001709887 0.004012421 0.006402425 0.999969959
1341846362.091992 -0.100766830 -0.004240856 0.048155718 -0.003225492 0.004575000 0.006078736 0.999965847
1341846362.123929 -0.107047908 -0.015955804 0.055483006 -0.004559328 0.003374017 0.007579842 0.999955177
1341846362.156058 -0.115702547 -0.021383248 0.054895543 -0.001425863 0.003489746 0.009996799 0.999942958
1341846362.191987 -0.134311736 -0.016512901 0.047308214 0.002503420 0.004539016 0.011499446 0.999920428
1341846362.224138 -0.141737685 -0.023666618 0.053342823 0.005931200 0.002966086 0.014423158 0.999873996
1341846362.260011 -0.145059377 -0.021055944 0.045404021 0.011056680 0.004426258 0.013748450 0.999834597
1341846362.291979 -0.151285499 -0.021948583 0.046486881 0.013476980 0.008121758 0.014115029 0.999776542
1341846362.323947 -0.167693451 -0.020749496 0.051880728 0.016129272 0.012159676 0.011735398 0.999727070
1341846362.359889 -0.174807221 -0.020133182 0.051993519 0.018212507 0.015573018 0.009124851 0.999671221
1341846362.392021 -0.178403452 -0.021044681 0.055429641 0.018960895 0.019990418 0.010908269 0.999560833
1341846362.423868 -0.195309311 -0.021657255 0.062629126 0.020329461 0.023265390 0.011693998 0.999454200
1341846362.459968 -0.207444966 -0.022716882 0.067175440 0.023503039 0.024850501 0.012252271 0.999339759
1341846362.491924 -0.221146479 -0.022983853 0.064862132 0.025545776 0.024711411 0.014905488 0.999257028
1341846362.523976 -0.225634396 -0.022915369 0.069906726 0.027213287 0.024126472 0.017014226 0.999193609
1341846362.559933 -0.235145137 -0.026560348 0.067565158 0.028843217 0.025381712 0.018303063 0.999094009
1341846362.592338 -0.250716299 -0.026487634 0.063222386 0.029794304 0.026367215 0.018616505 0.999034762
1341846362.628177 -0.259190500 -0.026701678 0.059481859 0.029332662 0.025639780 0.019010546 0.999059975
1341846362.660128 -0.267393887 -0.027724603 0.061815321 0.028758945 0.025816459 0.018036025 0.999090195
1341846362.691901 -0.283808619 -0.024339948 0.065866739 0.027732674 0.024895478 0.016731691 0.999165237
1341846362.727993 -0.291099995 -0.032173205 0.067453273 0.025715461 0.021475567 0.015487878 0.999318600
1341846362.759942 -0.296082139 -0.035031158 0.069130823 0.025190575 0.018759729 0.014153299 0.999406457
1341846362.792002 -0.307770908 -0.032187849 0.066331714 0.024925288 0.017924761 0.011117762 0.999466777
1341846362.827965 -0.315498441 -0.034365445 0.071932003 0.023417408 0.015675422 0.008770943 0.999564409
1341846362.859959 -0.321091205 -0.035858843 0.070130587 0.022670815 0.014265422 0.004919722 0.999629080
1341846362.891861 -0.331850618 -0.033627741 0.075601824 0.023389248 0.014363335 0.004660005 0.999612391
1341846362.928098 -0.342225462 -0.038466308 0.076027058 0.023093143 0.012676051 0.004841280 0.999641240
1341846362.959894 -0.345183641 -0.047784325 0.073842414 0.025043072 0.011525660 0.007062719 0.999594986
1341846362.995909 -0.355846375 -0.046698809 0.074590825 0.028879428 0.010326607 0.010836299 0.999470830
1341846363.028072 -0.362815678 -0.051534012 0.066626504 0.030712362 0.008078400 0.012804422 0.999413610
1341846363.059896 -0.360380292 -0.056324080 0.075483009 0.034995995 0.007834558 0.011858847 0.999286413
1341846363.096102 -0.374075949 -0.043254882 0.071385749 0.039456330 0.011184460 0.007452802 0.999130905
1341846363.127992 -0.382924527 -0.043340676 0.074203417 0.038711499 0.012721159 0.004468068 0.999159455
1341846363.159870 -0.383594900 -0.049758557 0.073801406 0.039414570 0.015387497 0.001153683 0.999103844
1341846363.195966 -0.398624867 -0.051502120 0.076967761 0.041576624 0.019987574 0.003893847 0.998927832
1341846363.227902 -0.412921578 -0.054743007 0.081075639 0.043313958 0.018552145 0.007674476 0.998859763
1341846363.259977 -0.418032020 -0.055691972 0.078524396 0.046398599 0.016534895 0.011564556 0.998719215
1341846363.296031 -0.424088866 -0.052197654 0.080017507 0.050543334 0.018996172 0.014560627 0.998435020
1341846363.328065 -0.438605160 -0.049002159 0.078496315 0.051341172 0.019798974 0.017546516 0.998330712
1341846363.364023 -0.450394243 -0.053703323 0.069471397 0.049145307 0.015899051 0.020034056 0.998464108
1341846363.395985 -0.459932894 -0.057796009 0.072186768 0.048035495 0.011683474 0.020344084 0.998570085
1341846363.427955 -0.459997356 -0.053247217 0.075323127 0.048020754 0.008059167 0.017906962 0.998653293
1341846363.463979 -0.470059335 -0.052291371 0.075351864 0.046359792 0.005632507 0.017760722 0.998751044
1341846363.495986 -0.484059960 -0.050409991 0.077423096 0.044587441 0.001905965 0.019288559 0.998817444
1341846363.527941 -0.490235150 -0.046360441 0.078098066 0.042492960 -0.001288450 0.021285001 0.998869181
1341846363.564057 -0.496528000 -0.043337923 0.074950971 0.038948685 -0.003286609 0.025165413 0.998918891
1341846363.596025 -0.503988981 -0.052195609 0.089388140 0.034390587 -0.007186490 0.029167851 0.998956919
1341846363.632058 -0.502014160 -0.063463204 0.090369090 0.034425139 -0.014949924 0.032903358 0.998753607
1341846363.663931 -0.507245958 -0.052973878 0.098531730 0.037192177 -0.016762972 0.030373530 0.998705745
1341846363.695998 -0.514669836 -0.047242671 0.093504995 0.036022145 -0.017894115 0.024951693 0.998879194
1341846363.732007 -0.517954826 -0.051047828 0.089958467 0.033188444 -0.023651199 0.017294340 0.999019504
1341846363.794060 -0.519875288 -0.050622396 0.095545530 0.036695469 -0.036767080 0.021709587 0.998413920
1341846363.826406 -0.506307602 -0.043475319 0.089287251 0.038355574 -0.040113110 0.019316392 0.998271823
1341846363.861897 -0.499222696 -0.041989457 0.088201031 0.039534982 -0.040154338 0.017674156 0.998254597
1341846363.893984 -0.496384919 -0.036381118 0.082470290 0.039962050 -0.039501883 0.016989477 0.998275518
1341846363.926076 -0.485560000 -0.033290766 0.093701228 0.038216878 -0.040093079 0.017156493 0.998317420
1341846363.962090 -0.474965900 -0.037569501 0.080269732 0.036191527 -0.038745232 0.019402418 0.998404980
1341846363.994287 -0.475899845 -0.040179916 0.073586501 0.034812018 -0.037503798 0.021842761 0.998451054
1341846364.025993 -0.454303652 -0.037227575 0.090766057 0.034352440 -0.037836365 0.022652969 0.998436391
1341846364.061809 -0.445024639 -0.037819918 0.084676199 0.032714058 -0.035414178 0.021914266 0.998596728
1341846364.094209 -0.432820439 -0.048498690 0.089780316 0.032266352 -0.033506136 0.022290086 0.998668849
1341846364.130022 -0.425988615 -0.051040236 0.088483304 0.033763655 -0.033109929 0.022370432 0.998630762
1341846364.162231 -0.410600632 -0.064632826 0.087684587 0.035996404 -0.035685550 0.021770764 0.998477280
1341846364.194049 -0.397966087 -0.059082728 0.082382739 0.041394904 -0.037278805 0.018565670 0.998274624
1341846364.230023 -0.390866548 -0.068690605 0.066007674 0.043645795 -0.038308855 0.016774325 0.998171389
1341846364.262044 -0.368416220 -0.067854673 0.084408656 0.048292596 -0.039569117 0.013632970 0.997956038
1341846364.294059 -0.358704120 -0.058655113 0.074275143 0.052588794 -0.035344079 0.009506678 0.997945309
1341846364.330003 -0.344702035 -0.055328753 0.073341168 0.052212242 -0.032143470 0.007503483 0.998090386
1341846364.362052 -0.327395916 -0.060072772 0.079328887 0.051172722 -0.029642120 0.007052371 0.998224914
1341846364.397902 -0.310469896 -0.060785107 0.068984367 0.052285928 -0.023232151 0.005293530 0.998347819
1341846364.430108 -0.308313757 -0.056855679 0.067796364 0.052690800 -0.018333552 0.003784447 0.998435378
1341846364.462063 -0.295482963 -0.060159322 0.055413447 0.051681675 -0.015184118 0.002624888 0.998544753
1341846364.498091 -0.280189246 -0.049043681 0.081623740 0.052710436 -0.010765508 0.000049301 0.998551846
1341846364.530058 -0.270816356 -0.061083518 0.059073761 0.051126607 -0.007495623 -0.001628393 0.998662710
1341846364.561952 -0.267858744 -0.038433548 0.084497310 0.052918442 -0.004025299 -0.005960170 0.998572946
1341846364.597928 -0.253917187 -0.039159689 0.084963813 0.051123198 -0.000907729 -0.007631262 0.998662770
1341846364.629950 -0.244549304 -0.044102818 0.093509816 0.050119318 0.001042090 -0.007083426 0.998717546
1341846364.665991 -0.241198286 -0.047498103 0.075363219 0.051167000 0.001321667 -0.005681129 0.998673081
1341846364.698004 -0.228433803 -0.046752837 0.067892499 0.051246658 -0.000959757 -0.004686179 0.998674572
1341846364.730097 -0.209091887 -0.064148143 0.073434487 0.050891887 -0.002491872 -0.004140493 0.998692453
1341846364.766057 -0.202415600 -0.061257992 0.069840960 0.052633688 -0.001296592 -0.003761162 0.998605967
1341846364.798632 -0.185742080 -0.061433740 0.042567044 0.051728141 -0.001508645 -0.004441411 0.998650193
1341846364.833901 -0.164926767 -0.066573948 0.040249299 0.050269041 -0.000506449 -0.006086292 0.998717010
1341846364.865923 -0.161831647 -0.066816673 0.049933314 0.051373016 0.003461712 -0.008353607 0.998638570
1341846364.897970 -0.155985937 -0.066485122 0.049363371 0.050883248 0.002151398 -0.005464902 0.998687327
1341846364.934019 -0.139026344 -0.069861285 0.041462012 0.050631121 -0.000824491 -0.003620282 0.998710513
1341846364.966047 -0.126030475 -0.058861837 0.039237019 0.052350339 0.001563857 -0.006303234 0.998607695
1341846364.998055 -0.115516007 -0.052939840 0.039906289 0.049524549 0.002911489 -0.006083370 0.998750150
1341846365.034125 -0.096515678 -0.060433585 -0.002928834 0.042122684 0.000832985 -0.003370885 0.999106407
1341846365.066106 -0.086457714 -0.061115086 0.015197050 0.038066391 -0.001961845 -0.005392968 0.999258697
1341846365.101953 -0.064637959 -0.057335112 0.010174745 0.037219461 -0.000012362 -0.012416301 0.999229968
1341846365.133922 -0.055709757 -0.054064885 0.007689825 0.035066903 0.006280837 -0.021369662 0.999136686
1341846365.165953 -0.045924511 -0.060201608 0.005269505 0.031655669 0.009007311 -0.023337940 0.999185741
1341846365.201856 -0.027137583 -0.068858124 0.003335650 0.030856578 0.010917607 -0.025618646 0.999135792
1341846365.234093 -0.000111080 -0.073231407 0.000002670 0.031339783 0.015174141 -0.022923242 0.999130666
1341846365.266094 0.004625500 -0.080761522 0.005914223 0.034594823 0.021379197 -0.018420665 0.999002934
1341846365.302078 0.015197004 -0.075286962 0.008165671 0.041368742 0.024829881 -0.014529576 0.998729706
1341846365.334027 0.031921647 -0.074091271 0.013057480 0.045828931 0.027949382 -0.011467258 0.998492360
1341846365.369945 0.060198545 -0.079103246 0.011739088 0.047582440 0.032674171 -0.010041432 0.998282254
1341846365.401963 0.056959670 -0.071448989 0.020132855 0.049624618 0.039564297 -0.007653686 0.997954667
1341846365.434082 0.070714444 -0.068883091 0.002496150 0.049875837 0.042733762 -0.010235065 0.997788250
1341846365.469939 0.101019308 -0.047006711 -0.007273474 0.047041867 0.047596693 -0.012509840 0.997679830
1341846365.502100 0.093507171 -0.058528539 0.034673348 0.038505029 0.052931268 -0.011358423 0.997790873
1341846365.533844 0.093645647 -0.078839578 0.011682613 0.035396747 0.054534741 -0.008028291 0.997851968
1341846365.569876 0.106274523 -0.076931529 0.001797522 0.037381243 0.052549485 -0.005706500 0.997902095
1341846365.601930 0.116346993 -0.068527743 -0.000767784 0.037143040 0.051400520 -0.001886825 0.997985363
1341846365.637899 0.131868988 -0.074084081 0.010572248 0.035091076 0.050935701 0.002553433 0.998081982
1341846365.669890 0.137302801 -0.068732664 0.001454850 0.035131045 0.052019697 0.003608180 0.998021424
1341846365.701977 0.149618462 -0.063453339 0.010028420 0.032574810 0.050942786 0.004595414 0.998159587
1341846365.738098 0.167116538 -0.076653101 0.009878592 0.030724814 0.052326724 0.004277251 0.998148084
1341846365.770026 0.171755582 -0.079835542 -0.001208739 0.032883961 0.055091050 0.004046715 0.997931480
1341846365.805834 0.174728081 -0.076299563 0.008271924 0.035843767 0.053378325 0.007401335 0.997903407
1341846365.837937 0.187408432 -0.075572625 0.006269905 0.037676908 0.050324820 0.008862361 0.997982621
1341846365.869952 0.193567693 -0.070415318 0.002859434 0.040133096 0.050969064 0.007719296 0.997863710
1341846365.906411 0.204334989 -0.061215073 0.000801115 0.039869774 0.049834102 0.006294698 0.997941554
1341846365.938000 0.214238644 -0.070276000 0.009472236 0.036416039 0.048731294 0.009625810 0.998101473
1341846365.970022 0.221622840 -0.073670179 0.012251838 0.037714079 0.047885697 0.015559295 0.998019278
1341846366.006126 0.231814966 -0.066831507 0.007988192 0.040228169 0.047273722 0.020287890 0.997865379
1341846366.043876 0.241587162 -0.062726021 0.007699607 0.040256526 0.047768146 0.024348730 0.997749865
1341846366.076490 0.257118404 -0.051526889 0.006297014 0.040077616 0.048650354 0.027148975 0.997642159
1341846366.111888 0.273827910 -0.042369369 -0.001150715 0.037075795 0.051879782 0.028307177 0.997563303
1341846366.143907 0.280751169 -0.044854645 0.004449597 0.031831890 0.057390686 0.029715179 0.997401655
1341846366.176044 0.287141621 -0.049217593 0.013665429 0.027348354 0.059645317 0.034734961 0.997240186
1341846366.212022 0.291837752 -0.050382324 0.012111779 0.025680067 0.060068067 0.038848311 0.997107387
1341846366.243981 0.305828899 -0.044588186 0.005890159 0.024896823 0.061032109 0.041236799 0.996972799
1341846366.280032 0.304318190 -0.039398465 0.010749757 0.022084104 0.063183814 0.041817699 0.996880829
1341846366.344115 0.320616364 -0.039743546 0.010930894 0.013889767 0.062388148 0.041052409 0.997110546
1341846366.406057 0.333662480 -0.042401850 0.011980442 0.012239070 0.063408554 0.045176405 0.996889472
1341846366.442042 0.340649039 -0.037875902 0.008024894 0.013167222 0.063446060 0.045663491 0.996853054
1341846366.506117 0.350594729 -0.034929268 0.011292442 0.013782659 0.065697111 0.048156150 0.996581614
1341846366.542004 0.360115319 -0.029178139 0.009250143 0.014470288 0.064563707 0.047686290 0.996668518
1341846366.573848 0.366335720 -0.022209000 0.004111369 0.013743517 0.066606306 0.047113240 0.996571660
1341846366.610058 0.365663916 -0.023512553 0.009874640 0.011256366 0.068201125 0.048268113 0.996439695
1341846366.642206 0.382086933 -0.021235114 0.002882559 0.009992760 0.067578614 0.049059927 0.996456921
1341846366.674164 0.388012230 -0.018140921 0.003896783 0.009034966 0.069447815 0.049584232 0.996311605
1341846366.710207 0.385614812 -0.009295669 0.001855992 0.007279691 0.070408337 0.050709251 0.996201932
1341846366.741976 0.392287135 -0.011552917 -0.001666732 0.003965898 0.070895508 0.049489830 0.996247411
1341846366.773916 0.403062552 -0.015930774 -0.002046649 0.002457444 0.073751375 0.048747681 0.996081531
1341846366.810122 0.403751135 -0.014433006 0.004134070 0.002452582 0.075691484 0.052062102 0.995768249
1341846366.841893 0.406274736 -0.016527565 0.000238756 0.002422741 0.074740700 0.054413196 0.995714426
1341846366.878062 0.418699503 -0.011732309 -0.005702306 0.004545293 0.074400529 0.053342301 0.995790362
1341846366.909933 0.423620462 -0.004612380 -0.008979362 0.006272043 0.075753234 0.054709185 0.995604813
1341846366.941941 0.420519739 -0.000719559 -0.006923273 0.005399546 0.077352040 0.054888640 0.995477140
1341846366.977906 0.431759149 -0.003678642 -0.018052332 0.003982886 0.078162245 0.053646512 0.995488226
1341846367.009852 0.453441650 0.000860447 -0.018110842 0.004127340 0.079631023 0.056308627 0.995224178
1341846367.045944 0.459883690 0.000190939 -0.022914950 0.004342369 0.083170943 0.056973323 0.994895875
1341846367.077914 0.474433750 0.002568243 -0.017355071 0.006457790 0.088353299 0.057031851 0.994434178
1341846367.110077 0.477709651 0.007421610 -0.026515564 0.007662659 0.093989149 0.057231877 0.993897259
1341846367.145997 0.474629521 0.004766210 -0.018923877 0.007253550 0.098241828 0.060546316 0.993292511
1341846367.177894 0.482332438 0.003162362 -0.020663217 0.009220057 0.100577630 0.061552782 0.992980540
1341846367.209903 0.495305061 0.009784887 -0.039996918 0.012063430 0.104513124 0.062518708 0.992483199
1341846367.245970 0.500986099 0.024847915 -0.042813890 0.011666766 0.108749501 0.067182966 0.991727710
1341846367.277966 0.505655289 0.013453399 -0.035177406 0.009112308 0.110665463 0.070766382 0.991293252
1341846367.314058 0.514656186 0.015155483 -0.047165498 0.010935287 0.112169176 0.072311401 0.990994215
1341846367.346333 0.523275614 0.028077448 -0.055035967 0.012304948 0.116333939 0.072458416 0.990487099
1341846367.378615 0.509045184 0.028979128 -0.053490140 0.009895483 0.120891996 0.074942254 0.989783227
1341846367.413946 0.523186445 0.022725074 -0.057865556 0.007640523 0.119610943 0.076930717 0.989806294
1341846367.446060 0.535382986 0.036057610 -0.058254890 0.008338465 0.121282943 0.077683568 0.989538372
1341846367.478095 0.535699368 0.030950611 -0.057911810 0.005398577 0.124531969 0.080706805 0.988913059
1341846367.514115 0.540469050 0.016224548 -0.048724059 0.004237144 0.124094665 0.085432947 0.988576651
1341846367.546096 0.545688093 0.018951610 -0.053696230 0.008182483 0.123573214 0.087195322 0.988463283
1341846367.581982 0.549858510 0.032410286 -0.057694204 0.010684440 0.124082476 0.089307852 0.988186955
1341846367.613951 0.548087716 0.031752877 -0.059770033 0.008389468 0.123620473 0.092034139 0.988016844
1341846367.645894 0.558141649 0.031264838 -0.068761893 0.007475686 0.122479916 0.090471454 0.988310516
1341846367.682223 0.566515625 0.029507015 -0.067293555 0.007223448 0.124826349 0.090224631 0.988041341
1341846367.714019 0.567662418 0.028351320 -0.068820752 0.008407162 0.126484364 0.092169657 0.987641513
1341846367.745904 0.569384515 0.031153826 -0.071201421 0.009614404 0.127975374 0.092870921 0.987372696
1341846367.781973 0.573952794 0.031466834 -0.073369227 0.010570994 0.129468545 0.093460940 0.987112522
1341846367.813986 0.580638707 0.032313474 -0.081426486 0.010024631 0.130681857 0.094961859 0.986815095
1341846367.850189 0.583203614 0.031057570 -0.082181074 0.009422008 0.133072272 0.093459316 0.986644983
1341846367.881960 0.574630260 0.038335718 -0.074915819 0.009310121 0.135416314 0.092767179 0.986392379
1341846367.914064 0.574985743 0.041311834 -0.076606475 0.006320785 0.134976014 0.094170608 0.986343443
1341846367.950095 0.579904258 0.032330059 -0.074152149 0.004029096 0.135996222 0.093913846 0.986239791
1341846367.981916 0.582461476 0.032934010 -0.075175762 0.005402258 0.138339609 0.092686422 0.986023426
1341846368.017965 0.574158311 0.032727532 -0.072911769 0.004460407 0.139940172 0.095342986 0.985548854
1341846368.050897 0.571884215 0.031962544 -0.067035072 0.003897983 0.138708085 0.095535778 0.985706747
1341846368.082322 0.573260903 0.030300772 -0.070910536 0.003728359 0.138640881 0.093146995 0.985945463
1341846368.118029 0.570825994 0.037093740 -0.068584606 0.004335939 0.138626620 0.093718275 0.985890806
1341846368.150026 0.562276363 0.032813206 -0.060831655 0.002821702 0.137758508 0.094859198 0.985908866
1341846368.181952 0.559870720 0.024259174 -0.060173165 0.003715239 0.136866257 0.093384072 0.986171007
1341846368.217882 0.558581173 0.033772770 -0.064778931 0.005751283 0.136833087 0.093337193 0.986170232
1341846368.250223 0.551816642 0.033249322 -0.065023035 0.003409236 0.137033433 0.094575427 0.986035347
1341846368.286003 0.548696756 0.027234104 -0.055389129 0.001388778 0.137057379 0.093388602 0.986150026
1341846368.317994 0.541657090 0.032667395 -0.049379960 0.001556928 0.136163935 0.092404202 0.986366272
1341846368.350010 0.530211747 0.048104037 -0.048988689 0.000336779 0.133315489 0.092007577 0.986793578
1341846368.385949 0.519723654 0.039849702 -0.044287208 -0.003850900 0.131070569 0.090042174 0.987268031
1341846368.417845 0.518045902 0.031958185 -0.048341643 -0.005720846 0.128148139 0.086832203 0.987929881
1341846368.450062 0.514602900 0.034973480 -0.036171924 -0.007193628 0.125651106 0.088369124 0.988104761
1341846368.485968 0.508642912 0.030524189 -0.025365649 -0.008629494 0.121605262 0.087405026 0.988685012
1341846368.517939 0.504341006 0.021526130 -0.029170239 -0.008872820 0.118792608 0.085050054 0.989230037
1341846368.554171 0.498016328 0.024020046 -0.026489504 -0.007054486 0.116767116 0.084809504 0.989506483
1341846368.618123 0.487093925 0.021832284 -0.030801617 -0.008884941 0.110413708 0.079354651 0.990672886
1341846368.654302 0.482046902 0.012348060 -0.024739936 -0.010080065 0.109940290 0.076105751 0.990968943
1341846368.685914 0.469699085 0.010061716 -0.016065320 -0.008543078 0.108167663 0.074403740 0.991307676
1341846368.717980 0.465509653 0.006212289 -0.017415648 -0.007723053 0.104927279 0.072261512 0.991820991
1341846368.786190 0.460226357 -0.002946093 -0.015859814 -0.004765334 0.103166312 0.071299531 0.992093980
1341846368.821968 0.444688767 0.000501613 -0.019509751 -0.002862438 0.101364069 0.070220113 0.992363989
1341846368.853991 0.442057520 0.000855146 -0.024523530 -0.003841858 0.101709068 0.065665871 0.992637157
1341846368.885978 0.433649570 -0.007683671 -0.016017243 -0.005038976 0.102344260 0.063231498 0.992724538
1341846368.923221 0.427030921 -0.011757008 -0.011899699 -0.002981968 0.100618958 0.062569797 0.992951155
1341846368.953942 0.424116969 -0.007022539 -0.019370841 0.000421108 0.098077953 0.059764035 0.993382514
1341846368.986016 0.417637438 -0.005384116 -0.018085029 0.001710289 0.096387319 0.058899391 0.993598223
1341846369.021938 0.408733964 -0.000642678 -0.010940913 0.002718646 0.095249668 0.057692755 0.993776441
1341846369.053927 0.404182076 -0.006254936 -0.014025371 0.002476002 0.095511377 0.053352363 0.993994474
1341846369.090047 0.408450067 -0.003532613 -0.016241020 0.003601534 0.095398046 0.051062960 0.994122148
1341846369.121845 0.385840446 -0.014541999 -0.006229982 0.004903355 0.096878760 0.049858965 0.994034469
1341846369.154351 0.379081368 -0.020437740 -0.006319540 0.008797143 0.095136747 0.050805315 0.994127989
1341846369.189885 0.373713940 -0.010122409 -0.013155251 0.012909965 0.094729625 0.048258506 0.994248807
1341846369.222188 0.371767968 -0.013523312 -0.020146638 0.011115170 0.096178606 0.045898855 0.994243145
1341846369.257947 0.354230583 -0.027633583 -0.008020052 0.009703129 0.098906048 0.044788856 0.994040906
1341846369.289994 0.358592570 -0.029969836 -0.017776283 0.012151420 0.096978441 0.045333408 0.994179249
1341846369.322196 0.350183487 -0.027488681 -0.016741732 0.014977196 0.097567342 0.045772258 0.994062960
1341846369.357830 0.341989517 -0.024951342 -0.019182347 0.015549537 0.099238314 0.045019820 0.993923128
1341846369.390267 0.331454545 -0.027401997 -0.012712367 0.015389481 0.100409940 0.043690968 0.993867218
1341846369.422057 0.325373620 -0.029159792 -0.015682647 0.015449601 0.100297153 0.042917639 0.993911386
1341846369.457950 0.316232085 -0.033324514 -0.010174755 0.015725637 0.100640059 0.043097336 0.993864596
1341846369.490144 0.300951838 -0.036626440 -0.009098830 0.017595805 0.099214524 0.044017106 0.993936300
1341846369.526405 0.293371022 -0.029851165 -0.008051530 0.019519102 0.096447133 0.044742677 0.994140387
1341846369.557969 0.280690551 -0.035316214 -0.004924869 0.019204903 0.094509311 0.045219716 0.994311035
1341846369.590093 0.270915687 -0.038796689 -0.007204882 0.020634545 0.090898208 0.046619125 0.994554400
1341846369.625895 0.260491550 -0.032660134 -0.005652374 0.022659875 0.088562734 0.047388617 0.994684637
1341846369.657961 0.254102916 -0.032840274 -0.005053426 0.022052089 0.086752944 0.047060382 0.994873345
1341846369.690135 0.240960330 -0.038584478 -0.004446252 0.021973712 0.085385270 0.048322808 0.994932890
1341846369.726074 0.225311488 -0.037516210 -0.002888829 0.024247998 0.082256258 0.050511360 0.995034933
1341846369.757962 0.215663433 -0.035079151 -0.003234543 0.025634427 0.079058945 0.051201295 0.995224118
1341846369.793964 0.204806775 -0.033010796 -0.000390558 0.025873190 0.077315353 0.051852100 0.995321214
1341846369.826161 0.192088306 -0.034275435 -0.002528377 0.024976829 0.074743822 0.052992791 0.995480478
1341846369.858015 0.180430114 -0.036916904 0.002800596 0.024858048 0.071347363 0.052070085 0.995781302
1341846369.893954 0.173541367 -0.032863673 0.003932300 0.025363557 0.068748929 0.053254530 0.995888650
1341846369.926051 0.160762638 -0.036751207 0.004397954 0.024369568 0.066775210 0.052533571 0.996086061
1341846369.958062 0.135242045 -0.039392944 -0.008590631 0.024116779 0.064322703 0.048851538 0.996440947
1341846369.994037 0.136431292 -0.038456868 0.003423224 0.024190431 0.059162077 0.047546692 0.996821940
1341846370.026058 0.127388105 -0.043067314 -0.002434961 0.024523541 0.057507336 0.047270481 0.996923804
1341846370.062000 0.105677627 -0.039605666 -0.015172288 0.025098272 0.053963080 0.048537806 0.997046769
1341846370.094135 0.107035473 -0.031597465 0.008181203 0.024118910 0.048755538 0.049998585 0.997266948
1341846370.126153 0.106287077 -0.037287522 0.011003888 0.023395402 0.047921155 0.049342614 0.997357309
1341846370.162082 0.092568539 -0.035485908 0.009287179 0.024633955 0.048844501 0.050715700 0.997213781
1341846370.194044 0.088007614 -0.038650323 0.012961057 0.023950133 0.046666138 0.053200133 0.997205317
1341846370.230152 0.082975440 -0.038943097 0.009844979 0.025956450 0.046192300 0.053769831 0.997146606
1341846370.262175 0.076402724 -0.036990687 0.012807128 0.027087245 0.047115408 0.052683786 0.997131288
1341846370.294216 0.065649830 -0.038953152 0.015000868 0.027519688 0.048707850 0.049115665 0.997225106
1341846370.329892 0.052801576 -0.038308531 0.011599718 0.027411832 0.047047932 0.044911139 0.997505963
1341846370.361939 0.047543645 -0.040267624 0.018981418 0.028126063 0.045132425 0.041305840 0.997730315
1341846370.394073 0.031177297 -0.036178805 0.016840462 0.029819749 0.042847093 0.041572187 0.997770846
1341846370.429985 0.020288706 -0.029439034 0.008716759 0.030186633 0.036885623 0.039981846 0.998062968
1341846370.462095 0.014908382 -0.022484776 0.018143138 0.028270597 0.031461932 0.039161652 0.998337269
1341846370.498034 0.012314831 -0.021962218 0.015280178 0.024823194 0.026556185 0.039187167 0.998570442
1341846370.530176 0.006539224 -0.020567127 0.023070304 0.021583693 0.024105338 0.039526358 0.998694539
1341846370.561949 -0.002606059 -0.017865894 0.014640782 0.018317325 0.020472899 0.040597446 0.998797894
1341846370.597989 -0.005329057 -0.012214927 0.020643182 0.013356430 0.017172465 0.042129084 0.998875320
1341846370.629913 -0.005980971 -0.019328179 0.026108438 0.008765214 0.017060701 0.041919995 0.998936832
1341846370.662062 -0.015855009 -0.025794651 0.016480310 0.006975740 0.016899806 0.041934092 0.998953104
1341846370.697981 -0.018525012 -0.020341987 0.023508642 0.005015827 0.015592770 0.041582588 0.999000788
1341846370.730015 -0.017128129 -0.030429317 0.023693705 0.001604392 0.015308440 0.038992319 0.999120951
1341846370.766182 -0.018906912 -0.036110315 0.016352212 0.002131667 0.018360512 0.035928167 0.999183416
1341846370.797966 -0.023013031 -0.031098492 0.014232307 0.000594281 0.020774556 0.033983424 0.999206305
1341846370.830023 -0.028204141 -0.051916469 0.012518170 -0.003841163 0.021982566 0.032156799 0.999233723
1341846370.866186 -0.023325345 -0.060769670 0.010464459 -0.001481544 0.021916235 0.032200851 0.999239981
1341846370.897994 -0.026805853 -0.055860136 0.009484774 -0.001259513 0.024168929 0.033799380 0.999135554
1341846370.929983 -0.029591227 -0.074191771 0.007626404 -0.003653381 0.025116967 0.035633814 0.999042571
1341846370.971974 -0.022578290 -0.090231210 0.003210014 -0.000968408 0.025446616 0.035701878 0.999037981
1341846371.034127 -0.026973814 -0.103423730 0.005251118 0.004787781 0.032214645 0.037744120 0.998756588
1341846371.066883 -0.024831805 -0.101424187 -0.002827329 0.006441662 0.034782890 0.036932226 0.998691499
1341846371.098209 -0.028107775 -0.108012207 -0.007763162 0.004005870 0.039014652 0.033802718 0.998658717
1341846371.134068 -0.024803029 -0.116245493 -0.004344116 0.002235946 0.041805468 0.032303266 0.998600900
1341846371.165993 -0.028494757 -0.120386846 -0.005177234 -0.000574166 0.044831794 0.033081155 0.998446524
1341846371.197951 -0.032991353 -0.130197734 -0.002921767 -0.003529511 0.046058819 0.033479497 0.998371303
1341846371.233950 -0.023991860 -0.139750391 -0.012628533 -0.004756676 0.046060987 0.034334015 0.998337090
1341846371.266433 -0.025173053 -0.131938860 -0.018126395 -0.006814963 0.049470656 0.034713529 0.998148918
1341846371.302051 -0.026773570 -0.134602994 -0.015374430 -0.013407190 0.052256927 0.035713404 0.997904837
1341846371.334010 -0.024636609 -0.146918967 -0.016490832 -0.020272380 0.055692565 0.033607788 0.997676253
1341846371.366198 -0.017921463 -0.152163997 -0.018652888 -0.024864502 0.060778696 0.030216455 0.997383952
1341846371.402482 -0.029649213 -0.168833852 -0.010791057 -0.028411422 0.064631514 0.031552218 0.997005522
1341846371.434055 -0.029618716 -0.180871055 -0.015097271 -0.027444154 0.063639544 0.033323471 0.997038782
1341846371.469998 -0.021434430 -0.189177737 -0.020473069 -0.025266934 0.062999196 0.031524874 0.997195482
1341846371.501933 -0.025171384 -0.194934681 -0.024589190 -0.023451781 0.065748394 0.030351270 0.997098804
1341846371.534269 -0.033351623 -0.196605474 -0.027667455 -0.022693239 0.066872984 0.030251496 0.997044563
1341846371.570100 -0.033376988 -0.208655104 -0.027020492 -0.023614557 0.064696960 0.027545899 0.997245133
1341846371.602162 -0.027841514 -0.220195785 -0.030971663 -0.021813182 0.063401043 0.024576049 0.997447014
1341846371.634012 -0.032916222 -0.225238353 -0.032561649 -0.020428242 0.064891562 0.022905052 0.997420251
1341846371.669927 -0.039392099 -0.232072726 -0.032816716 -0.020083729 0.062655963 0.021858083 0.997593641
1341846371.702051 -0.028623441 -0.235182956 -0.039174046 -0.020205339 0.059911538 0.019964414 0.997799456
1341846371.737891 -0.031513136 -0.247622684 -0.037523154 -0.021450788 0.063064836 0.015241263 0.997662485
1341846371.769979 -0.038131855 -0.251981944 -0.033536837 -0.020340910 0.062821925 0.014489586 0.997712255
1341846371.802101 -0.039074108 -0.255617648 -0.035972565 -0.020536700 0.060011957 0.016816126 0.997844696
1341846371.837951 -0.035932235 -0.260836601 -0.035741176 -0.020395011 0.057543661 0.018723814 0.997959018
1341846371.870043 -0.029317146 -0.256307393 -0.046206377 -0.020792043 0.057291780 0.020776268 0.997924685
1341846371.902330 -0.029966986 -0.257666409 -0.047109161 -0.025351614 0.059467465 0.020482652 0.997698009
1341846371.938165 -0.026443632 -0.259317875 -0.044468474 -0.030318698 0.060367949 0.017915001 0.997554779
1341846371.969938 -0.024355650 -0.276043683 -0.053353906 -0.035496932 0.063603476 0.014301916 0.997241199
1341846372.005861 -0.030271072 -0.292165995 -0.039226014 -0.038862471 0.069031440 0.012034808 0.996784627
1341846372.038440 -0.035631035 -0.298296094 -0.036572035 -0.035662793 0.069423608 0.012861430 0.996866643
1341846372.070518 -0.025500914 -0.298897713 -0.044540919 -0.033564340 0.067782901 0.013439659 0.997044802
1341846372.111944 -0.023360085 -0.303184777 -0.043271851 -0.032643422 0.068689421 0.010385689 0.997049809
1341846372.143876 -0.024157098 -0.314346641 -0.038909148 -0.030598663 0.069219306 0.006827638 0.997108757
1341846372.179919 -0.025760010 -0.305642784 -0.027822539 -0.025714550 0.069404349 0.005840703 0.997240067
1341846372.212119 -0.029351531 -0.317759633 -0.027945843 -0.023460992 0.067188010 0.004033246 0.997456312
1341846372.244067 -0.032857493 -0.326251477 -0.031283926 -0.019145586 0.064314224 0.000881694 0.997745633
1341846372.279961 -0.036646485 -0.339335442 -0.042401165 -0.014075901 0.061932586 -0.002836793 0.997977018
1341846372.312076 -0.033316359 -0.338513792 -0.040128052 -0.007617801 0.059085652 -0.006291186 0.998204052
1341846372.347910 -0.033363551 -0.343760729 -0.039886802 -0.003940460 0.056951117 -0.007893897 0.998337984
1341846372.379906 -0.033722177 -0.350553840 -0.040594395 -0.000546043 0.053529020 -0.009046568 0.998525143
1341846372.412137 -0.023008108 -0.350249827 -0.036136314 0.003426614 0.049995806 -0.009210113 0.998701096
1341846372.447783 -0.021367405 -0.360763788 -0.027801232 0.004791193 0.048680730 -0.008037290 0.998770535
1341846372.479920 -0.029079137 -0.370108873 -0.028228806 0.007965836 0.046381045 -0.005285365 0.998878062
1341846372.516195 -0.015502947 -0.364840418 -0.024824725 0.011795277 0.041210238 -0.002304988 0.999078214
1341846372.547915 -0.005595700 -0.361326128 -0.027078493 0.011768365 0.040904660 -0.003311548 0.999088287
1341846372.579923 -0.009720621 -0.369242191 -0.021317368 0.009345965 0.042055413 -0.005837978 0.999054492
1341846372.616037 -0.007498105 -0.375999033 -0.019725081 0.008296854 0.040287439 -0.004038725 0.999145508
1341846372.647968 -0.001613643 -0.373823553 -0.019201512 0.007911582 0.039863732 -0.003991954 0.999165833
1341846372.679953 0.003628866 -0.379688680 -0.018827898 0.005909419 0.040692829 -0.006678562 0.999131918
1341846372.716073 0.004760449 -0.383662403 -0.014916657 0.005021686 0.042416167 -0.006882386 0.999063671
1341846372.747919 0.001297503 -0.390213639 -0.010952784 0.004752479 0.042849258 -0.005541947 0.999054849
1341846372.783912 0.009605560 -0.393842340 -0.016695287 0.005850184 0.041125458 -0.003417533 0.999131024
1341846372.816131 0.016085930 -0.391207308 -0.013008959 0.007149188 0.042836837 -0.002048931 0.999054372
1341846372.848115 0.010075240 -0.392945558 -0.012201145 0.006825283 0.045548487 0.001219538 0.998938024
1341846372.884003 0.013661629 -0.397039324 -0.016628418 0.006483106 0.045764908 0.000151287 0.998931170
1341846372.948016 0.018027710 -0.405075818 -0.010195687 0.006639145 0.051813010 -0.000121956 0.998634696
1341846373.010206 0.019878583 -0.417623192 -0.012382810 0.012233563 0.047596663 0.003155559 0.998786747
1341846373.041934 0.033119362 -0.417416811 -0.016726395 0.014996622 0.048487604 0.003350377 0.998705566
1341846373.078079 0.026074717 -0.424619198 -0.015939383 0.015966730 0.052015539 0.003546383 0.998512328
1341846373.110028 0.023531565 -0.427821040 -0.016510295 0.018678719 0.052670244 0.002283183 0.998434603
1341846373.142204 0.035892539 -0.436021835 -0.021713438 0.020947130 0.052267570 0.003370299 0.998407722
1341846373.178121 0.038052935 -0.438983083 -0.025148425 0.022990374 0.053337187 0.004455018 0.998301923
1341846373.210218 0.039784029 -0.445375502 -0.027834378 0.025724104 0.054991663 0.002984459 0.998150945
1341846373.246073 0.041605964 -0.454651594 -0.026896544 0.029607430 0.056451134 0.002309647 0.997963607
1341846373.277962 0.046141282 -0.454930365 -0.032379556 0.035158653 0.057557192 0.003484281 0.997716844
1341846373.310189 0.049879681 -0.451221764 -0.040026713 0.038835831 0.059739195 0.002073966 0.997456074
1341846373.346051 0.044155631 -0.461917222 -0.047751304 0.038250130 0.063636221 -0.001944672 0.997237980
1341846373.377993 0.037926178 -0.465108067 -0.042935457 0.037649482 0.066773675 -0.002236113 0.997055054
1341846373.410038 0.037459262 -0.469577134 -0.043769378 0.037752360 0.067467049 -0.001090447 0.997006416
1341846373.446109 0.036503658 -0.472800821 -0.044559874 0.037545945 0.067918211 -0.003158548 0.996979177
1341846373.478409 0.035788644 -0.479476541 -0.041602883 0.037791204 0.067872986 -0.001972646 0.996976018
1341846373.514006 0.031322390 -0.483469188 -0.042124249 0.039793730 0.067314990 0.000857283 0.996937513
1341846373.546097 0.037288394 -0.477480531 -0.043618418 0.041792285 0.064281441 0.001798678 0.997054696
1341846373.578079 0.048650958 -0.474988520 -0.048927840 0.042067226 0.064684235 0.001317241 0.997017860
1341846373.613978 0.036088932 -0.471170396 -0.044271097 0.042094857 0.067483984 -0.000558191 0.996831834
1341846373.646060 0.034428269 -0.462675691 -0.040779758 0.041962035 0.065548442 -0.000267828 0.996966660
1341846373.682101 0.046460919 -0.454805702 -0.047564350 0.040695611 0.064933062 -0.000271174 0.997059405
1341846373.713942 0.043929208 -0.444753677 -0.045702823 0.037930913 0.068245620 -0.000239235 0.996947169
1341846373.746309 0.032241195 -0.437702715 -0.040850841 0.034104593 0.070316687 -0.000525057 0.996941388
1341846373.782079 0.028180771 -0.435421705 -0.035083439 0.030998593 0.069276676 -0.001168187 0.997115076
1341846373.814899 0.045914255 -0.425579965 -0.031391695 0.030464934 0.068327546 -0.001873363 0.997195899
1341846373.846131 0.027828755 -0.421349496 -0.032249395 0.030017782 0.071081564 -0.005645484 0.997002721
1341846373.882197 0.028660633 -0.403482556 -0.030761601 0.029288966 0.068856291 -0.006139200 0.997177660
1341846373.914066 0.024377592 -0.391463310 -0.027739860 0.027590245 0.065816410 -0.003106476 0.997445405
1341846373.949976 0.032393884 -0.383378416 -0.027409259 0.024958014 0.063496530 0.000443775 0.997669816
1341846373.982090 0.025594002 -0.375044763 -0.027389910 0.022074057 0.063595876 0.000877299 0.997731209
1341846374.014518 0.014203268 -0.365591258 -0.024552820 0.018498020 0.061824512 0.004630067 0.997904837
1341846374.050082 0.016582523 -0.358436257 -0.020096170 0.015081833 0.058223769 0.007571615 0.998160899
1341846374.082248 0.018968629 -0.358834237 -0.020387074 0.011868667 0.056482010 0.007993398 0.998301029
1341846374.114063 0.018441867 -0.345230013 -0.022044603 0.010288792 0.056777097 0.008593954 0.998296857
1341846374.150230 0.008674141 -0.350496858 -0.018793575 0.007089997 0.056936532 0.008776773 0.998314023
1341846374.181949 0.006836233 -0.343585044 -0.016005797 0.008474364 0.054539092 0.009788007 0.998427689
1341846374.217985 0.011489931 -0.335666031 -0.018063806 0.010205056 0.052820861 0.012979493 0.998467505
1341846374.250018 0.010229734 -0.319163293 -0.020821221 0.010994702 0.053805325 0.013766827 0.998395979
1341846374.281921 0.005455331 -0.302402705 -0.019349435 0.009205028 0.054761674 0.013072154 0.998371482
1341846374.318502 0.005890887 -0.299282789 -0.017538076 0.005595373 0.055056643 0.012207410 0.998392940
1341846374.350047 0.003657649 -0.284038037 -0.018636784 0.002825907 0.056715295 0.013008788 0.998301625
1341846374.382011 -0.004984444 -0.282889903 -0.014031244 -0.000994507 0.057050653 0.012179992 0.998296499
1341846374.418020 -0.009008138 -0.273664206 -0.011747441 -0.002189544 0.055434912 0.012424605 0.998382568
1341846374.450160 -0.009487799 -0.265620381 -0.008318780 -0.004256964 0.053665642 0.012559823 0.998470902
1341846374.486170 -0.007464588 -0.253483623 -0.015064507 -0.005878040 0.053145718 0.012836282 0.998486936
1341846374.524087 -0.014267665 -0.248156443 -0.011490719 -0.009600395 0.053412389 0.011903165 0.998455405
1341846374.586056 -0.018450111 -0.232623905 -0.006698037 -0.013682385 0.048430771 0.011756831 0.998663604
1341846374.617848 -0.023892496 -0.231706426 -0.000915644 -0.015636586 0.046478070 0.013465895 0.998706162
1341846374.654133 -0.024724558 -0.225010291 0.003889023 -0.015148433 0.043425564 0.015489005 0.998821676
1341846374.685940 -0.023501724 -0.216761544 0.000108587 -0.014548485 0.040546186 0.017864499 0.998912036
1341846374.718159 -0.026439844 -0.208093405 0.001688987 -0.014291089 0.038520399 0.021668611 0.998920619
1341846374.754050 -0.029452445 -0.201071903 0.005397508 -0.013264847 0.035621535 0.022961553 0.999013484
1341846374.786226 -0.028191615 -0.187047929 0.006127281 -0.012077635 0.033211168 0.023995677 0.999087274
1341846374.818164 -0.030634105 -0.186436862 0.006523743 -0.011876717 0.032502551 0.023222629 0.999131203
1341846374.854017 -0.034560654 -0.180014089 0.008359409 -0.009035771 0.031078881 0.022070913 0.999232352
1341846374.886253 -0.038088098 -0.173194870 0.011378316 -0.006156643 0.028077543 0.022946797 0.999323368
1341846374.921999 -0.039944611 -0.163313106 0.018281238 -0.003281564 0.026493017 0.022756506 0.999384522
1341846374.953860 -0.043098770 -0.157198876 0.015178001 -0.001681024 0.025269158 0.023646774 0.999399543
1341846374.985929 -0.046051849 -0.149126932 0.015721751 -0.000529242 0.022940367 0.024820536 0.999428511
1341846375.022029 -0.041159201 -0.148712710 0.021655057 0.001429778 0.020271363 0.026731964 0.999436021
1341846375.053968 -0.041143421 -0.146258116 0.017436704 0.005628615 0.018485712 0.031113755 0.999329031
1341846375.085937 -0.042694971 -0.137748197 0.015247829 0.009045617 0.017645514 0.032539461 0.999273717
1341846375.122015 -0.043047596 -0.122500002 0.010492253 0.010171864 0.017658321 0.030004403 0.999341965
1341846375.190345 -0.040262651 -0.118955523 0.012073033 0.005776115 0.023274880 0.025177324 0.999395311
1341846375.222041 -0.044679336 -0.118166044 0.017007355 0.006260630 0.023655919 0.022877105 0.999438763
1341846375.254127 -0.038667839 -0.114183515 0.015222805 0.008181521 0.022977902 0.023525789 0.999425650
1341846375.289892 -0.039016899 -0.111468598 0.018305087 0.011381941 0.025134223 0.023878401 0.999334037
1341846375.322192 -0.046396833 -0.098995842 0.014287681 0.015012322 0.025768494 0.025026834 0.999241829
1341846375.354172 -0.052215260 -0.078790344 0.007637409 0.014626347 0.025844257 0.024095446 0.999268532
1341846375.390033 -0.046572901 -0.071729675 0.006852674 0.009396427 0.027203660 0.021023912 0.999364614
1341846375.422976 -0.054000445 -0.065120995 0.009852265 0.004010583 0.030158617 0.017922075 0.999376416
1341846375.458036 -0.074963823 -0.052990139 -0.017193021 -0.000962331 0.030846024 0.014501290 0.999418497
1341846375.489941 -0.068591833 -0.055719357 -0.008365248 -0.005861370 0.029733969 0.015297221 0.999423623
1341846375.521981 -0.068884633 -0.060249716 -0.005663380 -0.007090951 0.030661488 0.015816806 0.999379516
1341846375.557947 -0.074709333 -0.056011271 -0.009955065 -0.005038986 0.029974459 0.019110434 0.999355257
1341846375.590116 -0.072331265 -0.054953359 -0.003016864 -0.002979850 0.026258301 0.024339298 0.999354422
1341846375.622399 -0.063201249 -0.045838755 -0.000983818 0.001033696 0.024967618 0.026324958 0.999341071
1341846375.658264 -0.064333230 -0.041141003 0.000664080 0.004677160 0.026622260 0.027685028 0.999251187
1341846375.690116 -0.067766145 -0.034331143 0.005560441 0.009667297 0.026041316 0.032309324 0.999091804
1341846375.726080 -0.060727604 -0.030517993 0.009068381 0.017001577 0.023805022 0.037030507 0.998885870
1341846375.757947 -0.047338661 -0.021497572 0.032287966 0.025417507 0.022363927 0.041818865 0.998551428
1341846375.789914 -0.049723007 -0.012974150 0.033142604 0.031590432 0.020671835 0.045322306 0.998258770
1341846375.826111 -0.052537665 0.007354433 0.036838192 0.035630047 0.019441389 0.044155974 0.998199761
1341846375.858282 -0.053100694 0.035270195 0.032130644 0.034162592 0.016862104 0.041276447 0.998421192
1341846375.893889 -0.050946236 0.047623169 0.039434064 0.024389448 0.013866988 0.039575618 0.998822629
1341846375.926121 -0.046592914 0.051610757 0.035657354 0.016561475 0.012683967 0.037356112 0.999084234
1341846375.958089 -0.048386078 0.058437426 0.038384274 0.011220129 0.013399903 0.037495911 0.999143898
1341846375.994060 -0.045474228 0.062978245 0.048022166 0.006465875 0.013251363 0.038896766 0.999134421
1341846376.026115 -0.045111634 0.068588860 0.052922342 0.005248642 0.015567000 0.040042117 0.999062896
1341846376.057999 -0.046092711 0.080081917 0.053488158 0.006697556 0.017659731 0.041761160 0.998949111
1341846376.094015 -0.043376595 0.096577339 0.059569731 0.007359768 0.019376474 0.043349668 0.998844922
1341846376.126126 -0.046311673 0.104593307 0.066637293 0.006867284 0.023508899 0.043579575 0.998749733
1341846376.162125 -0.051162608 0.117997892 0.068181477 0.004926176 0.027693927 0.042777613 0.998688579
1341846376.194033 -0.055183455 0.124276325 0.072087675 0.001943965 0.029396232 0.043251883 0.998629749
1341846376.226110 -0.055555925 0.129419163 0.074609578 -0.000664542 0.028918065 0.045426410 0.998548865
1341846376.262088 -0.057594325 0.132153884 0.080912068 -0.001478807 0.028043732 0.049297668 0.998389244
1341846376.293911 -0.054770730 0.137242332 0.086305082 0.000452251 0.027890874 0.051482931 0.998284221
1341846376.326088 -0.054743960 0.144310132 0.083483696 0.002895017 0.028103940 0.053411793 0.998172820
1341846376.362076 -0.058629572 0.155680120 0.085179277 0.003954165 0.026786605 0.055307519 0.998102188
1341846376.393924 -0.052822981 0.159958705 0.089111723 0.003176419 0.025306283 0.054163184 0.998206317
1341846376.429909 -0.054459307 0.166810393 0.089812629 0.003408245 0.028079351 0.048906170 0.998402774
1341846376.462224 -0.058630414 0.171740830 0.092789955 0.001283261 0.029638462 0.045732692 0.998513103
1341846376.494092 -0.061455142 0.175415248 0.102299906 0.000317808 0.028933318 0.045247648 0.998556674
1341846376.529992 -0.058752045 0.182995677 0.100749537 0.001134560 0.028651750 0.044976190 0.998576462
1341846376.562034 -0.056770895 0.187776059 0.101757981 0.000185122 0.029769363 0.043951608 0.998590052
1341846376.594092 -0.064940035 0.195242479 0.105485454 -0.000041489 0.031692158 0.042633958 0.998588026
1341846376.630016 -0.063055791 0.203056797 0.109847195 -0.001029879 0.031886611 0.041531801 0.998627722
1341846376.662132 -0.058314729 0.207942754 0.111596301 -0.002066592 0.033855502 0.039380267 0.998648465
1341846376.697981 -0.063403882 0.213899717 0.114472151 -0.002563998 0.036341809 0.039806820 0.998543024
1341846376.730128 -0.061501816 0.219398126 0.117631800 -0.002658951 0.036956415 0.040295109 0.998500645
1341846376.762061 -0.062706478 0.231611118 0.114453070 -0.002502651 0.037877500 0.039976019 0.998479307
1341846376.797939 -0.061311856 0.244004384 0.116182446 -0.004596726 0.037488226 0.038766086 0.998534262
1341846376.829920 -0.062519401 0.248077750 0.119451329 -0.008128425 0.038535800 0.040227100 0.998414099
1341846376.866170 -0.064588673 0.259618014 0.117500491 -0.010210549 0.038538590 0.043617621 0.998252511
1341846376.898026 -0.059574410 0.269215047 0.119020946 -0.014059485 0.036677152 0.043916080 0.998262703
1341846376.930139 -0.045268815 0.276241690 0.116453543 -0.018545803 0.036522672 0.043516614 0.998212636
1341846376.966511 -0.049977545 0.284830272 0.119537659 -0.024584603 0.040260199 0.042030029 0.998002112
1341846376.997919 -0.052177597 0.291099906 0.126157328 -0.030056436 0.041934140 0.043647327 0.997713923
1341846377.030079 -0.049508013 0.294704616 0.128759816 -0.033971626 0.042474087 0.043595638 0.997567713
1341846377.066212 -0.053325374 0.295892268 0.130993038 -0.038472988 0.043914225 0.045168959 0.997271836
1341846377.097918 -0.050266523 0.309250832 0.134340927 -0.041377436 0.042369779 0.045659129 0.997200072
1341846377.134079 -0.058624197 0.308545470 0.135009304 -0.045319423 0.042221203 0.045137580 0.997058749
1341846377.166160 -0.047220625 0.312281162 0.145873368 -0.049328487 0.035328053 0.047019809 0.997049510
1341846377.197925 -0.045680072 0.321866632 0.148180068 -0.049744323 0.030655982 0.046936814 0.997187376
1341846377.233952 -0.047921848 0.337438494 0.142663628 -0.050454792 0.029587124 0.043863554 0.997323871
1341846377.266486 -0.042563912 0.335324615 0.155108690 -0.054875430 0.030282974 0.042737506 0.997118413
1341846377.298068 -0.047820188 0.337600142 0.149006099 -0.058793224 0.031743802 0.045206141 0.996740758
1341846377.334109 -0.044597954 0.340679944 0.153980389 -0.062443491 0.029832857 0.046375275 0.996524036
1341846377.366029 -0.042994283 0.342867494 0.158313408 -0.063889533 0.029706167 0.044808473 0.996507823
1341846377.401870 -0.044203181 0.341489613 0.153611034 -0.065600522 0.030920951 0.042750530 0.996450126
1341846377.434052 -0.046181645 0.334048152 0.157536909 -0.067523204 0.030507259 0.042810783 0.996331871
1341846377.466127 -0.042793710 0.331895888 0.158078611 -0.065279141 0.030104402 0.042529620 0.996505678
1341846377.502027 -0.040696274 0.336608917 0.157334805 -0.062858760 0.030400133 0.039262548 0.996786356
1341846377.534114 -0.037703950 0.328292608 0.158272266 -0.063142173 0.032489069 0.036061130 0.996823490
1341846377.566085 -0.040631946 0.318602502 0.154675931 -0.061966289 0.034308176 0.038330115 0.996751666
1341846377.602113 -0.041215379 0.312862724 0.155455604 -0.059816949 0.034142941 0.038745705 0.996872604
1341846377.633912 -0.043188304 0.294868410 0.158226043 -0.055373196 0.035633672 0.035326228 0.997204125
1341846377.676329 -0.039584626 0.298824817 0.147509247 -0.049798027 0.036500912 0.034394238 0.997499287
1341846377.743964 -0.037721254 0.270879835 0.152161092 -0.044120755 0.033577640 0.031529825 0.997963786
1341846377.802535 -0.037632655 0.257761836 0.136927441 -0.042553540 0.033441622 0.031648759 0.998032689
1341846377.835932 -0.040418778 0.236444399 0.140197337 -0.038103666 0.035536174 0.032554097 0.998110950
1341846377.872063 -0.056289971 0.241049796 0.122277118 -0.033503458 0.034376517 0.040480986 0.998026609
1341846377.902201 -0.045947142 0.238045961 0.137882799 -0.032746948 0.027360644 0.039388634 0.998312354
1341846377.939383 -0.043148287 0.236964643 0.140449390 -0.027439637 0.031063130 0.031155335 0.998654842
1341846377.970635 -0.049142092 0.224773973 0.112243712 -0.031218536 0.033475872 0.034284335 0.998363316
1341846378.002401 -0.039998300 0.203780919 0.125072554 -0.035983849 0.025731014 0.036197565 0.998365045
1341846378.038883 -0.038580708 0.198812500 0.125840858 -0.031634968 0.026512738 0.032993942 0.998602867
1341846378.106524 -0.040364988 0.178027049 0.111674003 -0.034894247 0.026985165 0.028993789 0.998605788
1341846378.138114 -0.036817204 0.168169722 0.112929799 -0.033429042 0.027487427 0.024652008 0.998758852
1341846378.170157 -0.036718607 0.162687600 0.102896072 -0.032471672 0.029394332 0.016753418 0.998899817
1341846378.206045 -0.038966157 0.149428532 0.104793958 -0.035423838 0.030372992 0.012877410 0.998827696
1341846378.238081 -0.037718311 0.126101539 0.107934833 -0.036490239 0.030290777 0.011858406 0.998804450
1341846378.275916 -0.043865718 0.123257622 0.095637299 -0.032069743 0.031651903 0.007783735 0.998953998
1341846378.312389 -0.033624653 0.114748240 0.105077818 -0.031694651 0.032567661 0.006889862 0.998943090
1341846378.344267 -0.031462401 0.095816523 0.105775386 -0.031660859 0.035036117 0.005477081 0.998869419
1341846378.376036 -0.031206287 0.081766635 0.096247062 -0.028010026 0.036274731 0.005990223 0.998931229
1341846378.411936 -0.027286133 0.078022853 0.091274507 -0.026059775 0.037178360 0.004347960 0.998959303
1341846378.444079 -0.029459832 0.063074730 0.091898762 -0.025460547 0.040303443 -0.000639788 0.998862803
1341846378.480041 -0.031711672 0.054485958 0.079316922 -0.024434768 0.040808693 -0.002048038 0.998866081
1341846378.512023 -0.040812440 0.046400316 0.073916331 -0.024642549 0.040005971 -0.005070500 0.998882651
1341846378.543975 -0.035818320 0.039918926 0.073841460 -0.020938845 0.041829735 -0.011614396 0.998837829
1341846378.579973 -0.040975071 0.026767407 0.069009513 -0.019836428 0.044857077 -0.013592881 0.998703957
1341846378.612676 -0.037915394 0.018436981 0.067800507 -0.017563814 0.044396963 -0.013703670 0.998765528
1341846378.643945 -0.027850013 0.007747536 0.059314758 -0.014290032 0.046420239 -0.015294580 0.998702705
1341846378.679954 -0.037096284 0.001295064 0.061557952 -0.010659983 0.048581190 -0.015035925 0.998649180
1341846378.742199 -0.015060889 -0.025856329 0.046088126 -0.006505587 0.050360069 -0.019368570 0.998522103
1341846378.774089 -0.024831608 -0.030727968 0.051377993 -0.001138838 0.055424374 -0.021369288 0.998233557
1341846378.805994 -0.021493632 -0.035458241 0.048071105 0.002156522 0.055187847 -0.019068183 0.998291552
1341846378.842121 -0.017917395 -0.039546233 0.044387706 0.004657194 0.055795006 -0.021831717 0.998192668
1341846378.874022 -0.018748134 -0.057474822 0.041224249 0.006161346 0.058783665 -0.025698625 0.997920871
1341846378.911788 -0.026426010 -0.055264823 0.054221805 0.009534377 0.061150733 -0.024176586 0.997790158
1341846378.974034 -0.023660338 -0.074550904 0.049402203 0.012472500 0.062360607 -0.026022958 0.997636437
1341846379.009977 -0.022995180 -0.075863793 0.038970914 0.015359395 0.064595446 -0.025187552 0.997475326
1341846379.041991 -0.021662550 -0.086118907 0.039083391 0.016009837 0.065631747 -0.025754333 0.997383058
1341846379.078155 -0.017728228 -0.089986973 0.042868648 0.017675374 0.067460768 -0.030916352 0.997086167
1341846379.109871 -0.017627314 -0.098030470 0.037532166 0.018240694 0.067740321 -0.030602919 0.997066677
1341846379.142034 -0.015482171 -0.112631641 0.034401823 0.017364513 0.067830302 -0.031064529 0.997061968
1341846379.178080 -0.010819728 -0.122326665 0.038243975 0.020380249 0.069252387 -0.036112342 0.996737003
1341846379.209979 -0.013130731 -0.133531645 0.037820954 0.026469391 0.070598237 -0.037084788 0.996463716
1341846379.242047 -0.019375918 -0.154767886 0.029434387 0.031906027 0.067916572 -0.033653338 0.996612668
1341846379.278304 -0.012997656 -0.163410604 0.028930739 0.037818350 0.065740637 -0.037454665 0.996416152
1341846379.310076 -0.007346252 -0.189953551 0.020011544 0.043799032 0.069156989 -0.040752411 0.995810330
1341846379.346166 -0.006284916 -0.186056867 0.024344916 0.052306514 0.071173213 -0.037129290 0.995399356
1341846379.377944 -0.011427439 -0.205791414 0.017692741 0.058374934 0.071832538 -0.037810631 0.994988859
1341846379.409974 -0.009111349 -0.206614017 0.020431677 0.067893066 0.074005283 -0.039090537 0.994175911
1341846379.446065 -0.007915639 -0.199650988 0.021700678 0.073822923 0.075145856 -0.036669146 0.993759871
1341846379.478631 0.001272904 -0.196820259 0.011751823 0.074527763 0.073160209 -0.033208750 0.993977010
1341846379.511214 0.013119051 -0.205075383 0.015044599 0.072750553 0.074016213 -0.035571497 0.993963599
1341846379.546204 0.002270247 -0.215934619 0.018843397 0.073745951 0.076503731 -0.035222106 0.993714333
1341846379.578217 -0.014332670 -0.197198734 0.028216539 0.076199979 0.073985681 -0.031872045 0.993832946
1341846379.614096 0.000980038 -0.199934974 0.026362972 0.073991179 0.070068762 -0.030440900 0.994328439
1341846379.646030 0.003105319 -0.198140964 0.027371809 0.072381571 0.072228879 -0.030904867 0.994278073
1341846379.678830 -0.010041011 -0.199688032 0.024160918 0.069670625 0.072604485 -0.029188566 0.994496167
1341846379.714071 -0.009339974 -0.197336614 0.027797058 0.067926072 0.068926848 -0.025879476 0.994970024
1341846379.746082 0.002960098 -0.196025088 0.022697331 0.066086091 0.068082087 -0.024832170 0.995178819
1341846379.778087 0.001789545 -0.190128386 0.022111179 0.064064510 0.069206037 -0.021749848 0.995305598
1341846379.813931 -0.012161354 -0.177669451 0.029358152 0.059860911 0.067986786 -0.019392861 0.995699942
1341846379.845927 -0.007175513 -0.173862353 0.026723621 0.055599820 0.066229939 -0.018348994 0.996085107
1341846379.881893 -0.007996711 -0.163018897 0.030717013 0.051441170 0.066618599 -0.015357700 0.996333241
1341846379.913954 -0.009072867 -0.154352173 0.032133777 0.043926042 0.064658858 -0.010179438 0.996888220
1341846379.946050 -0.013301849 -0.148938328 0.036285780 0.036930561 0.063400276 -0.009720657 0.997257292
1341846379.981969 -0.018923014 -0.148702160 0.038776699 0.031775776 0.062398106 -0.007521833 0.997517049
1341846380.013935 -0.023721909 -0.140164346 0.038613297 0.027379014 0.059360072 -0.002874242 0.997856975
1341846380.046124 -0.021105181 -0.129334524 0.047026057 0.021462597 0.056517653 0.001330921 0.998169959
1341846380.082142 -0.015501210 -0.120864347 0.050388418 0.016177773 0.056183610 0.000792982 0.998289049
1341846380.114330 -0.021937745 -0.120972477 0.057635784 0.011053552 0.057717439 0.002565726 0.998268485
1341846380.150278 -0.026905291 -0.122428335 0.060172237 0.008558936 0.056299742 0.005946558 0.998359561
1341846380.182030 -0.022192011 -0.113270953 0.064556390 0.009850942 0.054443959 0.008073689 0.998435557
1341846380.213908 -0.023265215 -0.088502966 0.060903631 0.010036278 0.054524120 0.007619653 0.998432934
1341846380.250090 -0.018934192 -0.060009338 0.056317873 0.004848229 0.055072255 0.005329811 0.998456419
1341846380.281996 -0.015454703 -0.064949587 0.063809626 -0.005425773 0.059491802 0.003506352 0.998207927
1341846380.318009 -0.020090699 -0.057158478 0.066018000 -0.010485641 0.063726641 0.002845244 0.997908294
1341846380.350031 -0.021986386 -0.040628832 0.070892319 -0.015449248 0.064920098 0.007825302 0.997740209
1341846380.382297 -0.016742498 -0.034731343 0.074140824 -0.019970875 0.064993039 0.012251977 0.997610629
1341846380.418020 -0.018114686 -0.021800725 0.073995456 -0.023062039 0.066188790 0.013166228 0.997453690
1341846380.450059 -0.023303244 -0.010788783 0.074666269 -0.030327041 0.063661069 0.019654917 0.997317016
1341846380.481987 -0.022655642 0.002516865 0.081064567 -0.037739966 0.057389461 0.023447484 0.997362673
1341846380.518026 -0.014176744 -0.000354594 0.077305466 -0.044168994 0.053613696 0.021996187 0.997341871
1341846380.549973 -0.012862097 0.001010170 0.082173370 -0.047473963 0.052405186 0.022584472 0.997241139
1341846380.585876 -0.013118844 0.004683761 0.079208016 -0.048341606 0.048140373 0.023356821 0.997396648
1341846380.617833 -0.007080062 0.006655719 0.079291798 -0.047011536 0.044516794 0.023530513 0.997624457
1341846380.650010 -0.009075086 0.005582732 0.079720102 -0.044172730 0.044457860 0.019956855 0.997834682
1341846380.686058 -0.008220576 0.017203331 0.076272041 -0.039977048 0.042502310 0.019568997 0.998104453
1341846380.718154 -0.011119069 0.011641317 0.072934315 -0.038886353 0.041280042 0.018462580 0.998219907
1341846380.750063 0.001098787 0.012101921 0.067590058 -0.033549931 0.039444156 0.019402817 0.998469889
1341846380.785897 -0.001026597 0.026314983 0.065595396 -0.026729617 0.040398374 0.021371553 0.998597383
1341846380.818263 -0.005517405 0.039358083 0.070709519 -0.024378423 0.036889568 0.023591656 0.998743355
1341846380.854055 -0.002568906 0.030479010 0.068755068 -0.024565050 0.034181934 0.020762926 0.998897970
1341846380.886150 -0.007421133 0.035885308 0.079702944 -0.020182516 0.034107883 0.022168573 0.998968422
1341846380.918124 -0.016282415 0.050368093 0.084854379 -0.018262275 0.030593112 0.024668248 0.999060571
1341846380.954125 -0.013284387 0.035098333 0.095030695 -0.021565927 0.025520433 0.023172537 0.999172986
1341846380.985985 -0.001134673 0.032688141 0.095436089 -0.020716073 0.025550976 0.020482372 0.999248981
1341846381.018098 -0.007118924 0.039192036 0.109172575 -0.018930705 0.027244851 0.020683417 0.999235511
1341846381.054072 -0.007433052 0.028634559 0.112382457 -0.019524114 0.024348818 0.021332636 0.999285161
1341846381.086074 0.001716981 0.020985575 0.119163021 -0.014950650 0.023458088 0.022351734 0.999363124
1341846381.122035 -0.001279809 0.031667758 0.131009683 -0.011433261 0.025046345 0.024359839 0.999324083
1341846381.159808 0.002872491 0.029385773 0.139074564 -0.012415458 0.024161264 0.023432074 0.999356329
1341846381.222118 0.015297950 0.041076537 0.159855679 -0.010474907 0.027012460 0.025899759 0.999244630
1341846381.254198 0.029099481 0.033296071 0.166064695 -0.014148491 0.029107817 0.025437610 0.999152362
1341846381.289977 0.031692125 0.029466663 0.180310905 -0.013688453 0.036883663 0.025279494 0.998905957
1341846381.322365 0.031297013 0.043031007 0.197754264 -0.011747448 0.039678954 0.030515546 0.998677313
1341846381.353963 0.034519620 0.044246018 0.209072098 -0.013851795 0.040619079 0.035256710 0.998456419
1341846381.389983 0.052014597 0.041320894 0.206337795 -0.016228290 0.043008994 0.035060350 0.998327434
1341846381.421973 0.048481230 0.048685085 0.225720555 -0.019437904 0.049599312 0.038658727 0.997831464
1341846381.454108 0.046287861 0.042065401 0.246982411 -0.023370063 0.051964872 0.039108831 0.997609138
1341846381.489891 0.055060718 0.027336935 0.254879743 -0.022693092 0.054866809 0.040714301 0.997405171
1341846381.521988 0.065061703 0.042527646 0.269835502 -0.014811803 0.057299513 0.047976173 0.997093618
1341846381.558072 0.064623937 0.034703445 0.274887145 -0.013568912 0.061038956 0.050292056 0.996775210
1341846381.589879 0.067410886 0.035396140 0.285289496 -0.012305193 0.064762704 0.048401888 0.996650219
1341846381.622018 0.076346606 0.040245216 0.298308760 -0.012583007 0.068107113 0.046503499 0.996514201
1341846381.657894 0.076817900 0.030765051 0.310347080 -0.014064678 0.071706213 0.043995377 0.996355772
1341846381.689870 0.083456285 0.026553608 0.321923435 -0.009905469 0.074303582 0.042894952 0.996263504
1341846381.722338 0.084530182 0.032318894 0.341217875 -0.006736035 0.077292003 0.043248255 0.996047258
1341846381.758166 0.087849334 0.032401066 0.350766867 -0.006586737 0.078948274 0.042460274 0.995952249
1341846381.790889 0.093056455 0.025919400 0.358702838 -0.005460989 0.080433875 0.040142849 0.995936334
1341846381.826591 0.099893227 0.030406112 0.377714455 -0.002067309 0.082985520 0.040120337 0.995740712
1341846381.859589 0.091799259 0.033715405 0.391712338 -0.000175970 0.083653890 0.041186586 0.995643318
1341846381.890538 0.093319587 0.029954074 0.406499237 0.001114778 0.079363942 0.042042501 0.995958090
1341846381.926191 0.095013373 0.032570887 0.416051686 0.001929490 0.077645600 0.039002042 0.996215999
1341846381.958121 0.096923798 0.047177754 0.420942783 0.000927119 0.074285030 0.037259452 0.996540308
1341846381.990050 0.089744113 0.042476751 0.438971668 -0.004300469 0.067743622 0.036710106 0.997017920
1341846382.026007 0.111675441 0.044272214 0.447088391 -0.007841898 0.060307752 0.034256704 0.997560978
1341846382.059217 0.115098692 0.046168249 0.459111869 -0.013360372 0.059891000 0.030140292 0.997660339
1341846382.094090 0.110830136 0.041945741 0.474855423 -0.018898956 0.058491185 0.029504063 0.997672856
1341846382.126195 0.117285438 0.027729822 0.479936182 -0.021974724 0.055778600 0.031287733 0.997710824
1341846382.158170 0.124277219 0.028311605 0.488463581 -0.021694539 0.056061298 0.033190582 0.997639656
1341846382.194097 0.122152127 0.029475328 0.501423717 -0.022273742 0.057576526 0.034027472 0.997512400
1341846382.226010 0.124014482 0.023360018 0.508109272 -0.023018938 0.057352535 0.036345951 0.997426569
1341846382.258172 0.130960330 0.023401130 0.520458579 -0.022782540 0.057072733 0.036866620 0.997428954
1341846382.294020 0.138139233 0.024559559 0.521165431 -0.022719238 0.058448952 0.034717858 0.997427821
1341846382.325957 0.132400721 0.027471591 0.533609033 -0.023051444 0.058888197 0.032905705 0.997455776
1341846382.361974 0.134264082 0.018630635 0.548425555 -0.025306830 0.057227250 0.031560298 0.997541249
1341846382.393888 0.133913919 0.018230107 0.560432434 -0.023795614 0.055848211 0.029840857 0.997709513
1341846382.425972 0.132448941 0.020915095 0.573818445 -0.023115790 0.055155892 0.025792168 0.997876883
1341846382.462037 0.128844887 0.021734258 0.587278545 -0.023977909 0.054170169 0.021014800 0.998022556
1341846382.494003 0.128840774 0.018804064 0.598814905 -0.026308261 0.051171057 0.017045176 0.998197854
1341846382.530148 0.135325760 0.016131097 0.610769093 -0.026395040 0.047881190 0.013755885 0.998409510
1341846382.562400 0.129874036 0.015324287 0.619184554 -0.025711661 0.048848197 0.012681524 0.998394668
1341846382.593981 0.129052117 0.009429203 0.629243016 -0.025825752 0.048942059 0.013122735 0.998381436
1341846382.629905 0.130069494 0.006570386 0.640846968 -0.021910282 0.049660254 0.015908314 0.998399079
1341846382.661966 0.129506677 0.014909947 0.646327078 -0.017689804 0.049880762 0.018973272 0.998418272
1341846382.693976 0.124617271 0.015553818 0.654066920 -0.018383868 0.050709669 0.019445449 0.998354852
1341846382.730021 0.129349425 0.011363489 0.659278274 -0.018579874 0.050752394 0.019219732 0.998353481
1341846382.762004 0.123786449 0.015391131 0.667122066 -0.017407896 0.052461755 0.020353256 0.998263776
1341846382.798112 0.120338604 0.021601794 0.673834503 -0.018526075 0.051343717 0.017470229 0.998356342
1341846382.829949 0.128124133 0.013169990 0.677717686 -0.022547137 0.050874755 0.011962440 0.998378813
1341846382.861875 0.127994761 0.017469270 0.685537875 -0.022068987 0.052251555 0.009108184 0.998348534
1341846382.897967 0.124745674 0.015452739 0.688690841 -0.022851909 0.053107128 0.010442397 0.998272717
1341846382.930017 0.136633351 0.012141824 0.689181447 -0.021923665 0.051915672 0.010767273 0.998352766
1341846382.962121 0.127166793 0.016699351 0.692863643 -0.019634517 0.057180673 0.010290610 0.998117745
1341846382.997950 0.127704754 0.014181643 0.697479248 -0.019785536 0.058026001 0.011844764 0.998048723
1341846383.029927 0.135277182 0.010420078 0.703578353 -0.019654676 0.056199580 0.012756503 0.998144567
1341846383.104184 0.136210054 0.019298885 0.703242540 -0.020936269 0.061412528 0.005304145 0.997878790
1341846383.172122 0.139646485 0.018058687 0.709069490 -0.023664331 0.059642494 0.004235324 0.997930288
1341846383.236935 0.134942383 0.017298594 0.714210451 -0.024820430 0.068921007 0.003474649 0.997307241
1341846383.272112 0.135816693 0.011168137 0.712331057 -0.024994260 0.067340329 0.007658239 0.997387528
1341846383.303955 0.143722698 0.012498704 0.708392441 -0.024040630 0.067070581 0.010192415 0.997406483
1341846383.336133 0.139836028 0.023995129 0.713319302 -0.024758866 0.069119908 0.009295955 0.997257769
1341846383.398119 0.146166250 0.015116515 0.707324326 -0.027720384 0.066975966 0.012110915 0.997295916
1341846383.433991 0.149631515 0.013162318 0.703033686 -0.028767087 0.068102069 0.012719159 0.997182429
1341846383.466087 0.143882856 0.012237885 0.701036990 -0.028649937 0.069181763 0.013313440 0.997103751
1341846383.501974 0.140478596 0.009019705 0.696051419 -0.028698172 0.067853600 0.016224058 0.997150481
1341846383.533975 0.142768070 0.012008724 0.688367069 -0.027398417 0.064882688 0.016486734 0.997380435
1341846383.565981 0.141220421 0.013816116 0.682121038 -0.027882587 0.064253837 0.014002971 0.997445703
1341846383.602253 0.130196810 0.012409066 0.678839505 -0.028239239 0.063277476 0.013818870 0.997500658
1341846383.634175 0.113709331 0.010222206 0.671392560 -0.028370840 0.060431205 0.014260105 0.997667193
1341846383.665988 0.114477612 0.010690283 0.661813438 -0.028905235 0.055682458 0.012936225 0.997946203
1341846383.702104 0.108092673 0.011580657 0.656052947 -0.029005909 0.053793445 0.009053744 0.998089671
1341846383.734131 0.107367247 0.015932959 0.648050129 -0.028099885 0.048008267 0.009196068 0.998409271
1341846383.770067 0.095673300 0.013081567 0.639160037 -0.028367270 0.044728868 0.012330352 0.998520195
1341846383.802027 0.101798005 0.016400505 0.628709078 -0.027262731 0.039184526 0.011825029 0.998790026
1341846383.870067 0.088005655 0.014310470 0.607775867 -0.028680271 0.034136064 0.014175356 0.998905003
1341846383.901854 0.085829444 0.018577954 0.598250210 -0.027659701 0.030925712 0.014927689 0.999027371
1341846383.934301 0.078783862 0.026033577 0.588943005 -0.029005431 0.030469812 0.013984237 0.999016881
1341846383.969997 0.074226208 0.017539728 0.581682265 -0.031638484 0.028735710 0.013860897 0.998990059
1341846384.001936 0.067569278 0.016737549 0.571075916 -0.029516052 0.026129277 0.017594529 0.999067843
1341846384.038092 0.066092245 0.022545174 0.554065168 -0.027406897 0.020491613 0.018506873 0.999242961
1341846384.070104 0.068919890 0.026335532 0.544691086 -0.027898645 0.018483914 0.014537251 0.999334157
1341846384.102008 0.063408792 0.017854154 0.536606431 -0.027773533 0.019048298 0.013759801 0.999338031
1341846384.138265 0.056338828 0.023005614 0.525829554 -0.025643874 0.015748892 0.016526256 0.999410450
1341846384.170093 0.056742631 0.025373615 0.515013635 -0.026000448 0.013242439 0.015232122 0.999458134
1341846384.202188 0.056019634 0.024025153 0.503074527 -0.025731858 0.014214798 0.013363454 0.999478459
1341846384.237844 0.052225336 0.028962849 0.492784739 -0.025254153 0.015000834 0.012554813 0.999489665
1341846384.269968 0.046735410 0.022525119 0.484820276 -0.026208581 0.014014004 0.014477545 0.999453425
1341846384.306015 0.048529759 0.028620455 0.471927822 -0.023793757 0.013521730 0.014068163 0.999526441
1341846384.337907 0.038694289 0.031310208 0.461117566 -0.023764636 0.015312504 0.013755769 0.999505639
1341846384.369865 0.043879934 0.029834734 0.448245406 -0.025537973 0.013016092 0.013333215 0.999500215
1341846384.406199 0.040967319 0.028685357 0.439753473 -0.024986504 0.014044608 0.011131434 0.999527156
1341846384.437788 0.036030803 0.035268236 0.432033002 -0.024331169 0.014464512 0.010102466 0.999548256
1341846384.469882 0.037228495 0.036319636 0.419566870 -0.027101956 0.012781291 0.008436801 0.999515355
1341846384.506115 0.040015195 0.032690596 0.407242328 -0.028785413 0.013747660 0.004905851 0.999479055
1341846384.537970 0.032732014 0.041923542 0.400699407 -0.029048234 0.017126387 0.004126858 0.999422789
1341846384.573994 0.030409046 0.034942120 0.394135714 -0.031368263 0.017023498 0.006470539 0.999341965
1341846384.606493 0.027006133 0.033468243 0.386832893 -0.029365158 0.015645020 0.010910139 0.999386787
1341846384.637999 0.024632202 0.039374989 0.378581375 -0.026943546 0.014807327 0.013424582 0.999437153
1341846384.674068 0.019258281 0.041480623 0.371567041 -0.027349712 0.013986603 0.012330849 0.999451995
1341846384.705921 0.016917944 0.040926870 0.365085244 -0.026623214 0.013195974 0.010133652 0.999507070
1341846384.742045 0.011533450 0.051385868 0.357079953 -0.025378603 0.011038676 0.009070359 0.999575794
1341846384.774082 0.011220451 0.052256212 0.346760124 -0.028384931 0.008520165 0.006620074 0.999538839
1341846384.805987 0.006172565 0.050726894 0.335657537 -0.030207291 0.008760459 0.001092793 0.999504685
1341846384.842025 -0.000524460 0.053267743 0.328637719 -0.030527283 0.007887412 -0.000142735 0.999502838
1341846384.874081 -0.004817179 0.050412271 0.315743178 -0.032209694 0.006231873 0.001898628 0.999459922
1341846384.905998 -0.003663352 0.051016726 0.307118684 -0.030264687 0.005619593 0.004747458 0.999514878
1341846384.942014 -0.007671729 0.058370825 0.298875183 -0.029151380 0.006074308 0.007850923 0.999525726
1341846384.974049 -0.007813411 0.053892255 0.291935652 -0.030942282 0.005370381 0.010519166 0.999451399
1341846385.009917 -0.008834691 0.051587731 0.284331381 -0.028947975 0.005984589 0.014650730 0.999455631
1341846385.042211 -0.018754158 0.057598792 0.273506939 -0.027402261 0.007739365 0.017044520 0.999449253
1341846385.073967 -0.018403079 0.057502292 0.268807650 -0.029003734 0.008283638 0.016334390 0.999411523
1341846385.110157 -0.018758679 0.053937420 0.261635721 -0.028202925 0.009332810 0.016405294 0.999424040
1341846385.141931 -0.023551676 0.052726049 0.257576972 -0.026674511 0.010145017 0.018193576 0.999427080
1341846385.173929 -0.031925365 0.049774706 0.249630958 -0.025908444 0.009494440 0.017460639 0.999466717
1341846385.210052 -0.030800197 0.052060325 0.241388127 -0.024347300 0.008578413 0.012133827 0.999593139
1341846385.242941 -0.038560677 0.051529817 0.235197574 -0.023289682 0.009988367 0.006451950 0.999658048
1341846385.278001 -0.043016154 0.049836278 0.230599776 -0.023221666 0.009187762 0.002516809 0.999684989
1341846385.311234 -0.048922732 0.042703282 0.221490130 -0.021657798 0.009057183 0.002144862 0.999722123
1341846385.342936 -0.053153675 0.047085095 0.213737354 -0.017986797 0.007534017 0.001393031 0.999808908
1341846385.378101 -0.059942771 0.052086748 0.202781424 -0.016968902 0.007929528 -0.000363115 0.999824524
1341846385.410048 -0.071153283 0.047417972 0.199968293 -0.017950883 0.007869445 -0.000852743 0.999807537
1341846385.442088 -0.081215568 0.043455895 0.199114814 -0.017997604 0.006214478 -0.001351411 0.999817789
1341846385.477970 -0.086266138 0.049349017 0.192273259 -0.017955465 0.002679023 -0.001945823 0.999833345
1341846385.510109 -0.086485691 0.048686985 0.184851706 -0.018614901 0.000487629 -0.001763081 0.999825060
1341846385.545989 -0.101066768 0.052424882 0.168706253 -0.018451894 -0.001336700 -0.001510724 0.999827743
1341846385.577939 -0.108667158 0.057608787 0.169554085 -0.019041022 -0.005833898 -0.001926825 0.999799848
1341846385.609948 -0.112540171 0.053305823 0.160946175 -0.020559886 -0.008625452 -0.001230127 0.999750674
1341846385.646024 -0.122958474 0.056768660 0.148186922 -0.020384809 -0.011650737 -0.000764944 0.999724030
1341846385.678122 -0.134547710 0.056803238 0.144124106 -0.022095934 -0.017221633 0.001337286 0.999606669
1341846385.713966 -0.131875843 0.055595174 0.136453390 -0.022709908 -0.020592883 0.001166998 0.999529302
1341846385.745986 -0.141454637 0.056115754 0.136064067 -0.021981878 -0.019756909 0.001932589 0.999561310
1341846385.778024 -0.148373485 0.063035630 0.121795781 -0.021204038 -0.022199258 0.005142100 0.999515474
1341846385.814480 -0.152529076 0.057858381 0.114099525 -0.022788404 -0.023308488 0.005464336 0.999453664
1341846385.846594 -0.151679918 0.060037933 0.104974978 -0.023067508 -0.021044964 0.003132174 0.999507487
1341846385.884072 -0.166075081 0.059471503 0.096030913 -0.024276813 -0.018072180 0.006355358 0.999521732
1341846385.920282 -0.164721489 0.061447132 0.090789281 -0.024686664 -0.020887088 0.007616204 0.999448001
1341846385.951967 -0.159357935 0.061890204 0.079282150 -0.024560878 -0.019131413 0.004481434 0.999505222
1341846385.983828 -0.169062644 0.063230060 0.075628854 -0.023995630 -0.014833954 0.004449019 0.999592125
1341846386.019954 -0.180868402 0.061728343 0.065093376 -0.023839826 -0.013897906 0.007073849 0.999594152
1341846386.053153 -0.180407614 0.060553886 0.062488049 -0.022474747 -0.015743038 0.005966912 0.999605656
1341846386.087964 -0.174873143 0.061061535 0.052849002 -0.019615103 -0.014499356 0.001771732 0.999700904
1341846386.120298 -0.179447532 0.057323862 0.044032816 -0.019160226 -0.011807794 -0.000464983 0.999746621
1341846386.152323 -0.189836025 0.053392898 0.038081817 -0.017146397 -0.011264562 -0.000934975 0.999789119
1341846386.187922 -0.192314863 0.055205327 0.027322028 -0.014161145 -0.012452452 -0.004431209 0.999812365
1341846386.220214 -0.187653318 0.053792406 0.016855106 -0.012209933 -0.012363039 -0.009359171 0.999805212
1341846386.251878 -0.188931882 0.046540964 0.004689537 -0.010004420 -0.011154072 -0.011584858 0.999820650
1341846386.287926 -0.195901662 0.047328226 -0.005513749 -0.006946273 -0.012294607 -0.012058934 0.999827623
1341846386.320048 -0.194194257 0.050492462 -0.018063247 -0.004206596 -0.014028961 -0.015746804 0.999768734
1341846386.351806 -0.189475685 0.050258826 -0.030338852 -0.002544208 -0.012347223 -0.019894481 0.999722600
1341846386.387904 -0.197068378 0.049035102 -0.046084214 -0.000754771 -0.010927720 -0.019928593 0.999741435
1341846386.420158 -0.200364456 0.049034514 -0.061734565 0.000976542 -0.013024389 -0.018433532 0.999744773
1341846386.488011 -0.189608306 0.060835868 -0.095320106 0.003067816 -0.017601740 -0.022435542 0.999588609
1341846386.550203 -0.205007434 0.052919324 -0.129132494 0.003986957 -0.016389923 -0.022123557 0.999612927
1341846386.582265 -0.202204809 0.066299237 -0.144706100 0.005939716 -0.019970100 -0.019884657 0.999585152
1341846386.618055 -0.194474250 0.072400622 -0.161423475 0.006032912 -0.020416221 -0.022137849 0.999528229
1341846386.651032 -0.197638914 0.077636272 -0.186690778 0.004660669 -0.019117089 -0.022994930 0.999541938
1341846386.682220 -0.201426804 0.080629535 -0.202025235 0.002347673 -0.020225471 -0.020944025 0.999573290
1341846386.718071 -0.192381680 0.072174087 -0.213517249 0.000664806 -0.021872601 -0.018489452 0.999589562
1341846386.750071 -0.183443934 0.075719424 -0.232574448 0.002847131 -0.019865571 -0.017498286 0.999645472
1341846386.786100 -0.188957363 0.082556143 -0.247989014 0.004139808 -0.017039252 -0.014012962 0.999748051
1341846386.817967 -0.190589696 0.081542820 -0.261559218 0.005025807 -0.017350597 -0.012326664 0.999760866
1341846386.850155 -0.180726051 0.088933833 -0.280277044 0.006260366 -0.016583512 -0.011666667 0.999774814
1341846386.886034 -0.181459397 0.091733702 -0.288346112 0.006228013 -0.013399588 -0.010497060 0.999835730
1341846386.918050 -0.182840005 0.094723076 -0.299807638 0.006881061 -0.011712993 -0.006911390 0.999883831
1341846386.954005 -0.185265332 0.097863197 -0.315161377 0.007546559 -0.010541415 -0.004980149 0.999903560
1341846386.986155 -0.178828180 0.096152432 -0.333976060 0.006880189 -0.009441867 -0.004624135 0.999921083
1341846387.018027 -0.175180286 0.091891304 -0.341005862 0.006168380 -0.005440205 -0.002101722 0.999963999
1341846387.054058 -0.189737439 0.093314677 -0.355043173 0.007889295 -0.001934184 -0.001100337 0.999966443
1341846387.086157 -0.186157361 0.098204620 -0.362828940 0.008937309 -0.002135182 -0.001380682 0.999956906
1341846387.118350 -0.177222580 0.094920099 -0.371101618 0.009146324 0.000041422 -0.002202957 0.999955773
1341846387.153927 -0.186673105 0.095132835 -0.388340652 0.010579406 0.003043301 -0.002528622 0.999936223
1341846387.185953 -0.189736128 0.108065970 -0.395016223 0.011195988 0.002127429 -0.001932170 0.999933183
1341846387.222042 -0.187531799 0.109778620 -0.403039515 0.009155952 0.001412153 -0.004305824 0.999947846
1341846387.253968 -0.185892120 0.107451521 -0.415964276 0.007938709 0.003310531 -0.006234960 0.999943614
1341846387.286046 -0.185256943 0.114522256 -0.444011599 0.007801668 0.002674931 -0.004898872 0.999953985
1341846387.322002 -0.177623332 0.116443783 -0.451177627 0.006074250 0.000912125 -0.003634115 0.999974489
1341846387.353879 -0.172082454 0.114493296 -0.463000268 0.004794302 0.002296437 -0.004248090 0.999976814
1341846387.386177 -0.182864234 0.113147870 -0.472719938 0.004386365 0.003512180 -0.001152707 0.999983549
1341846387.422132 -0.175556004 0.114538707 -0.481298029 0.004882994 0.001369901 0.001325606 0.999986231
1341846387.454043 -0.166065887 0.120774418 -0.496694922 0.005464881 0.001905753 -0.000557483 0.999983072
1341846387.490166 -0.176309943 0.119985625 -0.505897343 0.004703594 0.003662830 -0.000250811 0.999982178
1341846387.522009 -0.175295979 0.117139004 -0.515021026 0.004684224 0.001288512 0.004494361 0.999978065
1341846387.554619 -0.170442566 0.124913968 -0.530723870 0.005561592 0.000352235 0.005608066 0.999968767
1341846387.590257 -0.169410288 0.137760162 -0.541015506 0.004821244 0.001336559 0.004627679 0.999976754
1341846387.622301 -0.169254169 0.132905662 -0.545143247 0.001218440 0.002729435 0.006014796 0.999977469
1341846387.654151 -0.177313492 0.131901935 -0.548855424 -0.000580059 0.003027353 0.006125109 0.999976516
1341846387.690110 -0.174563125 0.135473952 -0.559711516 -0.001476708 0.000545994 0.005205926 0.999985218
1341846387.722109 -0.174351752 0.137723640 -0.565978110 -0.003714087 -0.000450898 0.004652091 0.999982178
1341846387.758177 -0.177259788 0.132199317 -0.574106634 -0.005709077 -0.000819229 0.005455893 0.999968469
1341846387.790191 -0.184865057 0.130995661 -0.578353465 -0.005321938 -0.001939966 0.008645264 0.999946594
1341846387.822157 -0.181455955 0.139532834 -0.587100685 -0.003907657 -0.004355948 0.009050966 0.999941945
1341846387.858179 -0.180086404 0.141682118 -0.598937094 -0.004553004 -0.005655707 0.012352544 0.999897361
1341846387.890013 -0.183033735 0.141381651 -0.602266669 -0.004649996 -0.008087682 0.013734986 0.999862194
1341846387.926103 -0.179562166 0.145575359 -0.609720767 -0.004344922 -0.009344346 0.013068640 0.999861479
1341846387.958426 -0.179073811 0.150307536 -0.603533864 -0.004671292 -0.010083433 0.015630348 0.999816060
1341846387.990086 -0.187190488 0.150263935 -0.608284950 -0.005325155 -0.011785675 0.017509684 0.999763072
1341846388.026158 -0.179606661 0.138820767 -0.600437284 -0.005026661 -0.016303327 0.016729319 0.999714494
1341846388.058060 -0.168200240 0.137635082 -0.597787321 -0.000043937 -0.019207167 0.023826139 0.999531567
1341846388.089974 -0.175053820 0.136531502 -0.603294373 0.004889063 -0.021457070 0.028096750 0.999362886
1341846388.126088 -0.170527861 0.151990250 -0.607709169 0.008151043 -0.023411555 0.026606588 0.999338567
1341846388.158090 -0.161504373 0.172766209 -0.607503355 0.006773923 -0.022381434 0.023282355 0.999455452
1341846388.194068 -0.167669117 0.161239937 -0.589801371 0.001431102 -0.019469183 0.019883215 0.999611735
1341846388.225961 -0.169883072 0.157992080 -0.580782413 0.000667060 -0.020045800 0.018478075 0.999628067
1341846388.257928 -0.165148467 0.166745275 -0.579325020 0.000162205 -0.020294273 0.019082617 0.999611914
1341846388.294066 -0.167692363 0.152047679 -0.566412926 -0.001907294 -0.020219857 0.019390354 0.999605715
1341846388.325954 -0.164365739 0.157926857 -0.563433647 -0.000471324 -0.020751353 0.016925735 0.999641299
1341846388.357936 -0.163948134 0.159484908 -0.557356715 -0.001965484 -0.019075289 0.015408316 0.999697387
1341846388.394202 -0.168152690 0.151337817 -0.545135200 -0.003662661 -0.019332560 0.013662127 0.999713063
1341846388.425957 -0.156466380 0.152115867 -0.541158617 -0.003828271 -0.021152843 0.010406862 0.999714732
1341846388.462012 -0.158501938 0.147778109 -0.527085483 -0.005270857 -0.018736379 0.007955340 0.999778926
1341846388.493961 -0.163484901 0.141774923 -0.509460807 -0.004614669 -0.019439029 0.008041627 0.999768019
1341846388.526293 -0.159426093 0.141082674 -0.500431895 -0.002819997 -0.021329092 0.007826383 0.999737859
1341846388.562293 -0.152519569 0.136517569 -0.493825227 -0.001529475 -0.020061621 0.005947370 0.999779880
1341846388.594090 -0.155560032 0.139041021 -0.480189234 -0.000486315 -0.018181611 0.005317114 0.999820411
1341846388.626030 -0.157265186 0.136480793 -0.466952443 -0.000836670 -0.018729234 0.004833263 0.999812543
1341846388.662009 -0.151516870 0.128122687 -0.455527812 0.000193046 -0.018044680 0.002572159 0.999833882
1341846388.694110 -0.153854325 0.133552089 -0.445979655 0.002110015 -0.016668599 0.002121159 0.999856591
1341846388.730239 -0.152308285 0.131310701 -0.428084671 0.000318610 -0.017684694 0.001604033 0.999842286
1341846388.762131 -0.144503444 0.120800383 -0.415862322 -0.000150556 -0.017017258 -0.001478012 0.999854088
1341846388.794087 -0.149072424 0.129152328 -0.403518379 0.001586103 -0.014578736 -0.000918963 0.999892056
1341846388.830117 -0.152283460 0.130013451 -0.380072206 -0.000647589 -0.015780348 0.000965922 0.999874771
1341846388.868548 -0.145309821 0.114443555 -0.378852844 -0.001984919 -0.016589832 0.000911126 0.999859989
1341846388.900942 -0.149574637 0.125057667 -0.364760786 -0.000547314 -0.014620719 0.000912961 0.999892533
1341846388.937157 -0.154009014 0.131067082 -0.340309680 -0.003207252 -0.015768392 0.001523925 0.999869347
1341846388.970712 -0.146301538 0.114373453 -0.319988817 -0.006240499 -0.016818335 0.001460809 0.999837995
1341846389.001153 -0.148669004 0.120939776 -0.304943711 -0.005211018 -0.016348010 -0.000267010 0.999852717
1341846389.036956 -0.151021793 0.130769446 -0.283865184 -0.006738975 -0.016501551 -0.001804927 0.999839485
1341846389.069208 -0.148712695 0.109822154 -0.272455305 -0.011329864 -0.017239636 -0.001364008 0.999786258
1341846389.168276 -0.148951754 0.093155712 -0.236061946 -0.012318026 -0.016621815 0.000154947 0.999785960
1341846389.230639 -0.156432256 0.094695136 -0.198398665 -0.008620274 -0.015459885 0.001095002 0.999842703
1341846389.266034 -0.153817803 0.090293899 -0.185698926 -0.007791491 -0.017115116 -0.000697519 0.999822915
1341846389.298760 -0.144959882 0.087132856 -0.178017899 -0.006614519 -0.015434509 -0.001881914 0.999857247
1341846389.329980 -0.148988813 0.083794273 -0.162078485 -0.005301064 -0.013812717 0.000502872 0.999890447
1341846389.366022 -0.148553729 0.090980500 -0.143990010 -0.004147365 -0.013502130 -0.000971887 0.999899745
1341846389.397969 -0.139665321 0.083720118 -0.133236229 -0.004168157 -0.011445527 -0.001003308 0.999925315
1341846389.433982 -0.138963088 0.086898610 -0.122855470 -0.000476218 -0.007515737 -0.001246906 0.999970853
1341846389.466033 -0.144715220 0.089191221 -0.115514316 -0.000771339 -0.006399946 0.001649835 0.999977887
1341846389.498030 -0.139542863 0.083085060 -0.099747062 -0.002036970 -0.007027860 0.001673414 0.999971807
1341846389.534085 -0.132959723 0.086243175 -0.090787299 -0.001239017 -0.004661794 0.000321745 0.999988317
1341846389.565875 -0.138737857 0.095885858 -0.069056302 -0.002165191 -0.002032478 -0.000658379 0.999995351
1341846389.597960 -0.137009084 0.094390765 -0.050367299 -0.006287655 -0.003264539 -0.000606802 0.999974728
1341846389.634116 -0.132117704 0.090294756 -0.034307376 -0.007712705 -0.004082483 -0.001838566 0.999960244
1341846389.665950 -0.132374942 0.102276973 -0.037389595 -0.009326103 -0.002517899 -0.004073177 0.999945045
1341846389.702127 -0.130575493 0.091334507 -0.015764300 -0.014717974 -0.001906213 -0.005599440 0.999874175
1341846389.734086 -0.130815893 0.086658634 -0.005537922 -0.014675155 -0.003453373 -0.003992552 0.999878407
1341846389.765898 -0.126315296 0.092257008 0.002737279 -0.014336555 -0.004677009 -0.003325219 0.999880791
1341846389.802126 -0.120242335 0.088347659 0.017057197 -0.015849940 -0.005127990 -0.004735489 0.999849975
1341846389.834063 -0.118734561 0.084244095 0.027368754 -0.014521929 -0.004573413 -0.004418916 0.999874294
1341846389.866260 -0.117877446 0.085978612 0.040188815 -0.011658759 -0.004839749 -0.000394125 0.999920249
1341846389.902002 -0.113180391 0.083171040 0.043973561 -0.010868315 -0.006394233 0.000005829 0.999920487
1341846389.934117 -0.105464473 0.087307587 0.053169325 -0.009314382 -0.004964208 -0.002296972 0.999941647
1341846389.970116 -0.104106493 0.085941009 0.067919634 -0.009285529 -0.002701035 -0.002399088 0.999950349
1341846390.002129 -0.108671553 0.084405400 0.076587059 -0.009665076 -0.004181311 0.000122941 0.999944568
1341846390.034099 -0.101113692 0.086073190 0.086759143 -0.008365931 -0.007518605 -0.000763546 0.999936461
1341846390.070024 -0.095695481 0.089135453 0.091442950 -0.007747768 -0.006696842 -0.004232330 0.999938607
1341846390.101910 -0.097193107 0.088025466 0.103062443 -0.008897152 -0.006459580 -0.005631594 0.999923706
1341846390.137924 -0.091519117 0.082038693 0.111839771 -0.008270312 -0.009206823 -0.004666681 0.999912560
1341846390.170038 -0.084459364 0.089524798 0.111377947 -0.006075114 -0.009287104 -0.005180046 0.999925017
1341846390.202115 -0.081618741 0.091246612 0.116964288 -0.008791441 -0.008169667 -0.007137487 0.999902487
1341846390.238117 -0.081119567 0.082824916 0.132524505 -0.010297449 -0.009095055 -0.005994075 0.999887645
1341846390.270052 -0.075612664 0.083919175 0.135583848 -0.009672657 -0.012509473 0.000624870 0.999874771
1341846390.302085 -0.063228883 0.086975485 0.140019059 -0.010766475 -0.013866725 0.002228029 0.999843419
1341846390.338496 -0.057852108 0.085125722 0.156579852 -0.010789728 -0.012550952 0.004114558 0.999854565
1341846390.370105 -0.063793950 0.085822135 0.162157446 -0.010850810 -0.013296211 0.009626627 0.999806404
1341846390.438106 -0.047078233 0.086388327 0.181107759 -0.015966432 -0.020673227 0.007566014 0.999630153
1341846390.505984 -0.046458021 0.091534093 0.197451800 -0.020218981 -0.028653676 0.011432778 0.999319494
1341846390.538495 -0.030238340 0.093367055 0.203559384 -0.020877730 -0.031600200 0.006770055 0.999259591
1341846390.606055 -0.028531307 0.098142967 0.224642873 -0.023280425 -0.033802863 0.013736605 0.999062896
1341846390.638031 -0.015086003 0.098082595 0.224445105 -0.022978278 -0.037245572 0.015568524 0.998920619
1341846390.673954 -0.006903384 0.105033882 0.226834908 -0.022263940 -0.034466445 0.012347393 0.999081552
1341846390.705937 -0.001478522 0.109397635 0.234850809 -0.025201948 -0.034234244 0.012265030 0.999020755
1341846390.737965 -0.003498899 0.103432931 0.248350859 -0.028168548 -0.034582477 0.011768601 0.998935461
1341846390.774135 0.009115809 0.103952475 0.246828213 -0.025933444 -0.033183593 0.010081626 0.999061882
1341846390.806067 0.017021623 0.110419832 0.253444195 -0.025662025 -0.029895147 0.012553083 0.999144733
1341846390.838026 0.019598138 0.109411925 0.261914819 -0.027918695 -0.029615218 0.014522310 0.999065876
1341846390.874116 0.018092917 0.115346685 0.267999291 -0.028272223 -0.028185971 0.015433406 0.999083579
1341846390.906067 0.020059207 0.119196087 0.269474149 -0.029605599 -0.026554856 0.018259516 0.999042034
1341846390.942137 0.023218133 0.118593983 0.278121561 -0.031991377 -0.026739847 0.022096675 0.998886049
1341846390.974052 0.025302084 0.108772658 0.281503558 -0.032399125 -0.028244941 0.026894143 0.998713791
1341846391.006164 0.026815530 0.121531874 0.280855983 -0.029332163 -0.029955897 0.028660806 0.998709619
1341846391.042303 0.031335738 0.120152071 0.281802803 -0.031831190 -0.030950287 0.025945654 0.998676956
1341846391.074134 0.028857196 0.115253769 0.284428209 -0.032266043 -0.031408384 0.022823462 0.998724937
1341846391.106097 0.029908851 0.117598929 0.283199817 -0.031708773 -0.033906881 0.023713119 0.998640358
1341846391.142154 0.035801195 0.113738649 0.285057545 -0.032752126 -0.036994360 0.026071923 0.998438239
1341846391.174124 0.038572095 0.117712773 0.282658726 -0.031731065 -0.037462972 0.026191643 0.998450637
1341846391.209961 0.037717160 0.117275655 0.277446747 -0.031607818 -0.036695667 0.026850848 0.998465538
1341846391.241977 0.035051744 0.107023254 0.279096723 -0.032644320 -0.038196981 0.030612467 0.998267591
1341846391.273984 0.033965211 0.112860374 0.278410792 -0.029640062 -0.039305598 0.028789036 0.998372555
1341846391.309946 0.037512749 0.111894980 0.276366711 -0.028927775 -0.038963366 0.027253769 0.998449922
1341846391.342018 0.029350426 0.107549012 0.274358809 -0.029533185 -0.039243624 0.027137037 0.998424411
1341846391.378060 0.030712208 0.109565854 0.274183631 -0.028869318 -0.042775705 0.024609601 0.998364270
1341846391.410037 0.034818135 0.111209266 0.272935957 -0.028500309 -0.043552231 0.021038327 0.998422921
1341846391.442052 0.035212655 0.104875252 0.273325264 -0.028502090 -0.042842161 0.022962835 0.998411179
1341846391.478040 0.031930514 0.101064809 0.262927622 -0.027872993 -0.044075806 0.028392570 0.998235583
1341846391.510072 0.040316500 0.109827489 0.275493324 -0.026517954 -0.047609851 0.030184112 0.998057604
1341846391.542159 0.040496156 0.108640760 0.273023576 -0.027316457 -0.046695679 0.029751837 0.998092234
1341846391.578010 0.037465900 0.105125874 0.268220097 -0.027796820 -0.045817513 0.030885095 0.998085260
1341846391.610169 0.035934381 0.101572499 0.267951697 -0.027407883 -0.047095530 0.033367239 0.997956634
1341846391.645942 0.036127251 0.100043900 0.263680398 -0.026283141 -0.049262490 0.034286004 0.997851133
1341846391.677959 0.033247162 0.102798790 0.263107955 -0.024501126 -0.048522782 0.032080941 0.998006046
1341846391.710022 0.031468298 0.098907568 0.270412236 -0.023213739 -0.049050156 0.033442989 0.997966290
1341846391.745846 0.032230876 0.095205486 0.266945243 -0.021310726 -0.051828124 0.033450652 0.997868121
1341846391.778020 0.033120219 0.097400054 0.267097473 -0.018996280 -0.051770277 0.030336877 0.998017371
1341846391.810026 0.030838896 0.089873157 0.267075926 -0.018085448 -0.051168829 0.031485826 0.998029709
1341846391.846013 0.025880020 0.084425434 0.249793738 -0.016892867 -0.051082648 0.032863889 0.998010576
1341846391.877984 0.025604542 0.087608978 0.248621315 -0.013317435 -0.050817195 0.034061670 0.998038113
1341846391.914033 0.025454734 0.084335208 0.248470560 -0.012248409 -0.050317947 0.035565685 0.998024642
1341846391.945996 0.026846919 0.082745790 0.250018030 -0.010994518 -0.051134657 0.035468016 0.998001158
1341846391.978037 0.024722494 0.084966339 0.245018169 -0.010357945 -0.050679535 0.032899320 0.998119175
1341846392.014187 0.027024155 0.079530239 0.246183828 -0.010676251 -0.050468072 0.032176372 0.998150110
1341846392.046054 0.026924519 0.079985343 0.247419983 -0.009263645 -0.050930709 0.033294007 0.998104095
1341846392.078061 0.024417792 0.084538355 0.245013982 -0.008235739 -0.051105175 0.033615921 0.998093367
1341846392.114010 0.025868686 0.083808340 0.243160963 -0.008760491 -0.051477958 0.033025201 0.998089492
1341846392.145989 0.026690425 0.085188441 0.245549545 -0.008198212 -0.051273283 0.031098774 0.998166680
1341846392.181959 0.021561099 0.090743460 0.246035457 -0.008555568 -0.052550517 0.031250477 0.998092473
1341846392.213917 0.028441330 0.085465223 0.247733548 -0.010588698 -0.055873133 0.029343432 0.997950435
1341846392.246105 0.030628331 0.086117461 0.241974413 -0.009152498 -0.053750362 0.024355488 0.998215377
1341846392.282032 0.030547546 0.085473143 0.244424134 -0.009457523 -0.053209614 0.024646070 0.998234391
1341846392.314025 0.032792073 0.082538195 0.246680751 -0.008500864 -0.055987027 0.027527899 0.998015702
1341846392.349981 0.038279716 0.085446678 0.247735068 -0.005864319 -0.055915572 0.027089702 0.998050690
1341846392.382103 0.038169317 0.086538531 0.247504070 -0.005180735 -0.054209955 0.028192511 0.998118043
1341846392.414056 0.038288608 0.085415170 0.247829005 -0.004962205 -0.054838028 0.030126279 0.998028338
1341846392.450136 0.041639615 0.080907397 0.245312408 -0.004297885 -0.055747904 0.034609530 0.997835577
1341846392.482091 0.043081552 0.080279775 0.244329289 -0.001783518 -0.056154303 0.036163252 0.997765362
1341846392.514096 0.044176769 0.081720874 0.241172686 -0.000480089 -0.055994928 0.034994159 0.997817516
1341846392.550030 0.043660060 0.077090159 0.242753997 -0.001238353 -0.056406979 0.035753399 0.997766733
1341846392.582053 0.047288463 0.071061596 0.236488342 -0.000291829 -0.058223490 0.038968481 0.997542679
1341846392.617983 0.045763940 0.072304763 0.236648455 0.001639822 -0.058279954 0.040172439 0.997490346
1341846392.649909 0.045392331 0.071983002 0.235123992 0.002937483 -0.057585631 0.037503283 0.997631609
1341846392.682128 0.045636278 0.070154890 0.237496331 0.003461027 -0.057938047 0.036125794 0.997660339
1341846392.718019 0.046011116 0.064486519 0.236520126 0.004452854 -0.060216326 0.038588874 0.997429192
1341846392.749829 0.049084693 0.065910265 0.234910950 0.006747600 -0.062076584 0.038447414 0.997307777
1341846392.782107 0.046775758 0.066433452 0.228958294 0.007281116 -0.061546657 0.038339905 0.997340977
1341846392.818251 0.046748906 0.063109115 0.234875858 0.007351219 -0.061098516 0.038674548 0.997355103
1341846392.852165 0.050312646 0.061871715 0.235727966 0.009185527 -0.062215846 0.039661273 0.997232080
1341846392.885913 0.051573996 0.061918642 0.232191145 0.010421272 -0.061584432 0.037533555 0.997341454
1341846392.917882 0.052648958 0.058064383 0.232306227 0.011435217 -0.060391739 0.038421102 0.997369468
1341846392.950023 0.053328533 0.058077756 0.235272422 0.013380671 -0.060166348 0.039109156 0.997332156
