1341846361.788774 0.000000000 0.000000000 0.000000000 0.000000000 0.000000000 0.000000000 1.000000000
1341846361.824112 -0.013145190 0.000976595 0.008851634 -0.002233558 0.003749275 -0.004878168 0.999978602
1341846361.856016 -0.026724298 0.012582904 0.016567573 -0.006795063 0.005108084 -0.008884957 0.999924421
1341846361.887871 -0.036514211 0.002376863 0.021533368 -0.015824037 0.008576146 -0.015594983 0.999716401
1341846361.923930 -0.054750554 -0.014285882 0.029142302 -0.017545767 0.012846059 -0.012838988 0.999681115
1341846361.955927 -0.064880922 -0.008913689 0.031689301 -0.010864893 0.011234614 -0.006006726 0.999859810
1341846361.991999 -0.078178078 -0.022231663 0.057939120 -0.008975210 0.006098187 0.000614759 0.999940932
1341846362.023994 -0.074613936 -0.018187400 0.064130090 -0.004380197 0.002611320 0.001588323 0.999985754
1341846362.056118 -0.079485275 -0.005685037 0.063642949 -0.001199596 0.002899058 0.003677578 0.999988317
1341846362.091992 -0.098655336 -0.006282181 0.066059947 -0.002530948 0.004018072 0.003649845 0.999982059
1341846362.123929 -0.105124049 -0.017903976 0.073792361 -0.003790087 0.002839657 0.004741986 0.999977529
1341846362.156058 -0.111743473 -0.023721743 0.071278609 -0.000743074 0.002740323 0.007353220 0.999968946
1341846362.191987 -0.128906801 -0.021609483 0.071554236 0.002279729 0.003610444 0.009300700 0.999947608
1341846362.224138 -0.137223840 -0.028682284 0.078125305 0.005686095 0.002152018 0.011984741 0.999909699
1341846362.260011 -0.139199629 -0.021875294 0.080660872 0.011572473 0.003464139 0.011298951 0.999863207
1341846362.291979 -0.148939565 -0.023348400 0.075946078 0.013905931 0.007612108 0.010253111 0.999821782
1341846362.323947 -0.161872834 -0.025387833 0.080493547 0.016056214 0.011042092 0.009198971 0.999767780
1341846362.359889 -0.166662976 -0.025178557 0.077483088 0.018030444 0.014099972 0.007497814 0.999709904
1341846362.392021 -0.184348211 -0.023995744 0.078717507 0.019226093 0.020419048 0.007255482 0.999580324
1341846362.423868 -0.201554850 -0.028931757 0.087365359 0.020037327 0.023627166 0.008587805 0.999483109
1341846362.459968 -0.208185166 -0.032457247 0.087847203 0.022778885 0.024195163 0.009268492 0.999404728
1341846362.491924 -0.226192892 -0.031756569 0.086402237 0.025032116 0.024757462 0.011596302 0.999312758
1341846362.523976 -0.228560135 -0.030164454 0.087137610 0.026764629 0.024007864 0.013989684 0.999255478
1341846362.559933 -0.241401762 -0.031205997 0.086165816 0.028810067 0.025855441 0.014793411 0.999140918
1341846362.592338 -0.251983255 -0.029262094 0.085980825 0.030167472 0.026094697 0.015770527 0.999079704
1341846362.628177 -0.262114376 -0.024954369 0.090787388 0.030465672 0.025562964 0.015645016 0.999086380
1341846362.660128 -0.273155153 -0.027217528 0.090309590 0.029605485 0.026053708 0.015163629 0.999107003
1341846362.691901 -0.287296832 -0.028410731 0.093448363 0.027926626 0.024882691 0.014585912 0.999193788
1341846362.727993 -0.298515260 -0.032472663 0.090043865 0.025888843 0.021725887 0.013325335 0.999339879
1341846362.759942 -0.302193373 -0.036703765 0.090842314 0.025235685 0.018814892 0.012020020 0.999432147
1341846362.792002 -0.311975032 -0.031668276 0.092474319 0.025353309 0.017879061 0.009110709 0.999477088
1341846362.827965 -0.319594920 -0.035064664 0.094032839 0.023605246 0.015473078 0.006808755 0.999578416
1341846362.859959 -0.327442974 -0.036549687 0.094434336 0.023130059 0.014531342 0.003827255 0.999619544
1341846362.891861 -0.340401381 -0.033212427 0.100175992 0.024016703 0.015060227 0.003068293 0.999593377
1341846362.928098 -0.348114699 -0.040790740 0.098678067 0.023293948 0.012863043 0.004122123 0.999637425
1341846362.959894 -0.351646543 -0.047668412 0.098175995 0.025528647 0.011696826 0.006316599 0.999585688
1341846362.995909 -0.361512750 -0.045082830 0.101537675 0.029551642 0.010472087 0.009468296 0.999463558
1341846363.028072 -0.369565725 -0.048576485 0.095449612 0.031591758 0.008405536 0.011201563 0.999402702
1341846363.059896 -0.367408037 -0.055295672 0.101444393 0.035584282 0.008130410 0.010414177 0.999279320
1341846363.096102 -0.379449368 -0.045365088 0.093864188 0.039690997 0.011253726 0.006807079 0.999125421
1341846363.127992 -0.387477785 -0.045729708 0.097375579 0.038944703 0.012604297 0.003890585 0.999154270
1341846363.159870 -0.388680875 -0.053392671 0.095956445 0.039352164 0.015295878 0.000512772 0.999108195
1341846363.195966 -0.406271338 -0.051199034 0.099523358 0.042249691 0.020469578 0.002667850 0.998893797
1341846363.227902 -0.420629114 -0.053464606 0.108137541 0.044086006 0.019026846 0.006816433 0.998823285
1341846363.259977 -0.415241659 -0.058263958 0.106804557 0.046316024 0.015761197 0.011339377 0.998738110
1341846363.296031 -0.420880407 -0.055205274 0.105830491 0.050384078 0.018271362 0.013815984 0.998467147
1341846363.328065 -0.434311330 -0.053079747 0.103044219 0.050923295 0.018841472 0.017358894 0.998373926
1341846363.364023 -0.454620451 -0.054869924 0.091535069 0.049403775 0.015915189 0.018395811 0.998482585
1341846363.395985 -0.463732749 -0.059055991 0.090995006 0.048312884 0.011708335 0.018623272 0.998589933
1341846363.427955 -0.461188138 -0.048848324 0.108355008 0.048895910 0.007751208 0.015970614 0.998646080
1341846363.463979 -0.470764309 -0.049045939 0.108251579 0.047141571 0.005108508 0.016084298 0.998745620
1341846363.495986 -0.476342380 -0.056450237 0.095268279 0.044285357 0.000919660 0.019299328 0.998832047
1341846363.527941 -0.482697129 -0.052155778 0.094808407 0.042459860 -0.002100476 0.021107441 0.998872995
1341846363.564057 -0.486456752 -0.051112413 0.078480475 0.038204826 -0.004682947 0.026736053 0.998901188
1341846363.596025 -0.493832558 -0.063232630 0.084871382 0.033603664 -0.008314708 0.029741710 0.998957992
1341846363.632058 -0.498535305 -0.062209591 0.098914355 0.034933448 -0.015607297 0.032682929 0.998733163
1341846363.663931 -0.501301229 -0.053014953 0.092170231 0.037180647 -0.017822990 0.030950181 0.998670101
1341846363.695998 -0.510154903 -0.048296425 0.091647029 0.036104616 -0.019294288 0.025046088 0.998847783
1341846363.732007 -0.512926579 -0.054640360 0.094847888 0.033191752 -0.024780747 0.019126505 0.998958647
1341846363.794060 -0.509438276 -0.056745425 0.088344254 0.036248710 -0.038123757 0.022669746 0.998358011
1341846363.826406 -0.500654519 -0.054090571 0.089955762 0.037615824 -0.041443713 0.021149898 0.998208463
1341846363.861897 -0.497500867 -0.053332519 0.080782041 0.038697999 -0.041057847 0.019430263 0.998218000
1341846363.893984 -0.493242115 -0.048511513 0.076180138 0.039045088 -0.040655959 0.018792592 0.998233140
1341846363.926076 -0.478033453 -0.045792092 0.086409770 0.037130494 -0.041579969 0.019030757 0.998263597
1341846363.962090 -0.475566894 -0.043536250 0.070891619 0.035718191 -0.039478179 0.020140361 0.998378694
1341846363.994287 -0.471056730 -0.047782201 0.066395916 0.034436453 -0.038531017 0.022619538 0.998407662
1341846364.025993 -0.459854096 -0.045090683 0.070708700 0.034009676 -0.038358908 0.022746624 0.998426020
1341846364.061809 -0.448616803 -0.048376258 0.067870021 0.032262664 -0.036109887 0.022375721 0.998576283
1341846364.094209 -0.441601843 -0.055818241 0.064360507 0.031958509 -0.033559594 0.022202652 0.998678863
1341846364.130022 -0.420605868 -0.053942572 0.102330260 0.033354897 -0.035009243 0.025168933 0.998513043
1341846364.162231 -0.411350220 -0.064367622 0.099151246 0.035761170 -0.036884803 0.024658091 0.998374999
1341846364.194049 -0.396031022 -0.061286446 0.096344829 0.040975973 -0.038672637 0.021670142 0.998176217
1341846364.230023 -0.381173700 -0.062213328 0.096509248 0.043913044 -0.040397201 0.019069074 0.998036087
1341846364.262044 -0.363619119 -0.065945111 0.090371497 0.048111811 -0.040546387 0.015536816 0.997897744
1341846364.294059 -0.354329199 -0.065255038 0.082763083 0.052189797 -0.036420949 0.011436149 0.997907281
1341846364.330003 -0.339526594 -0.059676822 0.080578528 0.051857524 -0.033547137 0.009496391 0.998045683
1341846364.362052 -0.321821421 -0.066290192 0.082455784 0.050641242 -0.031046256 0.008713133 0.998196185
1341846364.397902 -0.298278362 -0.072246544 0.074356347 0.051150199 -0.025580740 0.007397621 0.998335898
1341846364.430108 -0.298673511 -0.063080259 0.079920650 0.052325070 -0.019955533 0.005774493 0.998414040
1341846364.462063 -0.283278495 -0.063644357 0.070906356 0.051597629 -0.016831351 0.004068416 0.998517811
1341846364.498091 -0.271016300 -0.067998782 0.070894733 0.051376447 -0.012029023 0.001240348 0.998606145
1341846364.530058 -0.258898973 -0.073369235 0.074799582 0.050151605 -0.009070580 -0.000576022 0.998700261
1341846364.561952 -0.244785517 -0.070645154 0.072836451 0.050429117 -0.006218138 -0.003764230 0.998701155
1341846364.597928 -0.236232713 -0.072838888 0.068122812 0.048993714 -0.002367287 -0.007066307 0.998771310
1341846364.629950 -0.223997220 -0.081903197 0.070301183 0.047609627 -0.000637569 -0.007135496 0.998840332
1341846364.665991 -0.226525396 -0.079340577 0.067251988 0.049029555 -0.000346717 -0.004829830 0.998785555
1341846364.698004 -0.215102285 -0.075698957 0.064748712 0.049258776 -0.002691198 -0.003325642 0.998776853
1341846364.730097 -0.195367292 -0.076018602 0.070097215 0.050125342 -0.003839122 -0.003226867 0.998730302
1341846364.766057 -0.193274722 -0.071647190 0.069063753 0.052232515 -0.002204075 -0.003357242 0.998626888
1341846364.798632 -0.169690982 -0.073589638 0.053103410 0.050870787 -0.003725133 -0.002601504 0.998694897
1341846364.833901 -0.152320102 -0.076748885 0.051486745 0.049677432 -0.002548992 -0.004743043 0.998750806
1341846364.865923 -0.147645772 -0.077551939 0.052111264 0.050712872 0.001326731 -0.006964598 0.998688102
1341846364.897970 -0.141444176 -0.078407899 0.048944328 0.049928494 0.000054023 -0.003684366 0.998745978
1341846364.934019 -0.129307225 -0.079142578 0.025344914 0.050017096 -0.001884562 -0.003449129 0.998740613
1341846364.966047 -0.114027396 -0.069042675 0.025714340 0.051548123 0.000108348 -0.005567246 0.998654962
1341846364.998055 -0.104407780 -0.063737400 0.028675161 0.048566401 0.001585454 -0.005175494 0.998805285
1341846365.034125 -0.095462784 -0.066662841 0.011047414 0.041848775 -0.000219805 -0.003097658 0.999119103
1341846365.066106 -0.081618361 -0.067452773 0.016455527 0.038180977 -0.002753576 -0.006031916 0.999248862
1341846365.101953 -0.058201525 -0.060476068 0.004362641 0.036846314 -0.000840607 -0.011245824 0.999257326
1341846365.133922 -0.047106236 -0.066556193 0.017633410 0.033816490 0.004812499 -0.018028012 0.999253869
1341846365.165953 -0.039573945 -0.071349300 0.018329043 0.030486355 0.007795835 -0.020813880 0.999288023
1341846365.201856 -0.023278147 -0.077720433 0.029176749 0.029946774 0.009697104 -0.022230955 0.999257207
1341846365.234093 0.005312335 -0.084795758 0.038783610 0.030779103 0.013211722 -0.021031629 0.999217570
1341846365.266094 0.011769886 -0.088344209 0.040437080 0.034389481 0.019454340 -0.017950334 0.999057889
1341846365.302078 0.026629617 -0.085210666 0.035624091 0.040240340 0.022676740 -0.012694892 0.998852015
1341846365.334027 0.040095415 -0.088740699 0.034659293 0.044499628 0.026495356 -0.010761224 0.998600006
1341846365.369945 0.070575789 -0.093868740 0.017551359 0.046499163 0.030988537 -0.009829894 0.998389184
1341846365.401963 0.064410597 -0.085032038 0.019687368 0.049086064 0.038068116 -0.008651095 0.998031318
1341846365.434082 0.078556627 -0.077884115 0.023344461 0.049588203 0.041298091 -0.009228931 0.997872889
1341846365.469939 0.102354489 -0.066050500 0.012628901 0.045281075 0.047108710 -0.011350202 0.997798383
1341846365.502100 0.098983809 -0.078743629 0.026060874 0.036731061 0.053157873 -0.008868036 0.997870982
1341846365.533844 0.098861992 -0.087440714 0.053954396 0.034860823 0.052314397 -0.005907352 0.998004496
1341846365.569876 0.108045153 -0.083178557 0.030085295 0.037302621 0.051118895 -0.003871987 0.997988164
1341846365.601930 0.123705558 -0.079391405 0.012783881 0.036311641 0.049900580 0.000073124 0.998093903
1341846365.637899 0.136822894 -0.084438808 0.018253276 0.034322955 0.049430829 0.004595562 0.998177052
1341846365.669890 0.146829486 -0.077329844 0.016488943 0.034637772 0.050467927 0.005251350 0.998111010
1341846365.701977 0.159724623 -0.072368883 0.028272917 0.031906277 0.049118098 0.006967205 0.998258889
1341846365.738098 0.171088412 -0.086660609 0.020972135 0.030021373 0.051525492 0.006053909 0.998201966
1341846365.770026 0.175133824 -0.088443942 0.017682016 0.032402154 0.054342248 0.005266255 0.997982621
1341846365.805834 0.181705341 -0.086860493 0.021641077 0.035019070 0.052360512 0.008511422 0.997977734
1341846365.837937 0.191543415 -0.083836965 0.018284682 0.037087061 0.049774561 0.010352181 0.998017967
1341846365.869952 0.201874658 -0.078370161 0.018641992 0.039689876 0.049865268 0.008825453 0.997927964
1341846365.906411 0.214694858 -0.069890209 0.008079200 0.038847238 0.048273493 0.008288063 0.998044014
1341846365.938000 0.218654409 -0.078346364 0.012904681 0.035820831 0.048274379 0.010204180 0.998139441
1341846365.970022 0.227457225 -0.082387872 0.018858993 0.037269123 0.047175910 0.015485186 0.998070955
1341846366.006126 0.242725417 -0.077477604 0.014996707 0.039443687 0.045667470 0.020750564 0.997961938
1341846366.043876 0.253299832 -0.071936794 0.014555214 0.039591148 0.046219718 0.024937404 0.997834861
1341846366.076490 0.259194523 -0.063418165 0.007912965 0.039191920 0.048511826 0.027507257 0.997674286
1341846366.111888 0.267793208 -0.048040178 0.015749924 0.037019614 0.052636899 0.026529675 0.997574568
1341846366.143907 0.271771222 -0.046962507 0.028754428 0.032674998 0.058557738 0.028257998 0.997348905
1341846366.176044 0.274680048 -0.050969847 0.029627573 0.028033160 0.061218515 0.032665931 0.997195721
1341846366.212022 0.294330448 -0.055067860 0.001102097 0.025101880 0.058884982 0.040988833 0.997106969
1341846366.243981 0.311393291 -0.051274043 -0.009805997 0.024022823 0.059508383 0.043462988 0.996991813
1341846366.280032 0.305437744 -0.044600252 0.000068879 0.021674013 0.062514231 0.043728936 0.996850014
1341846366.344115 0.324011743 -0.044152141 0.006821087 0.013400923 0.061216239 0.042733416 0.997119248
1341846366.406057 0.333322883 -0.044322990 0.007418878 0.011927458 0.063189298 0.045609873 0.996887445
1341846366.442042 0.337979734 -0.038668446 0.003051377 0.013187275 0.063616604 0.045551926 0.996847034
1341846366.506117 0.352443188 -0.035860259 0.005287101 0.013691026 0.065120324 0.048558444 0.996601224
1341846366.542004 0.360141724 -0.030982325 0.003294439 0.014071551 0.064294800 0.048189830 0.996667385
1341846366.573848 0.369519234 -0.026525376 -0.000740020 0.012989569 0.065873042 0.047634430 0.996605754
1341846366.610058 0.366072953 -0.025701957 0.002048071 0.010997235 0.067966290 0.048307355 0.996456742
1341846366.642206 0.384799451 -0.024143567 -0.000015534 0.009583014 0.066917643 0.050364871 0.996440470
1341846366.674164 0.387334108 -0.020034829 0.002521818 0.008796129 0.069296382 0.050437875 0.996281445
1341846366.710207 0.388114333 -0.013954370 -0.001569769 0.006568035 0.069723539 0.051755290 0.996201217
1341846366.741976 0.396886647 -0.018292597 -0.005266604 0.002747663 0.069815569 0.050864927 0.996258497
1341846366.773916 0.408086300 -0.019649968 -0.004220297 0.002033213 0.072687969 0.050107814 0.996093094
1341846366.810122 0.404417962 -0.017356437 0.001070526 0.002110386 0.075121708 0.052894104 0.995768309
1341846366.841893 0.409677833 -0.019614045 -0.002902821 0.002116989 0.073870242 0.055465929 0.995721936
1341846366.878062 0.420884281 -0.014826003 -0.000882133 0.003878525 0.073523588 0.054226849 0.995810568
1341846366.909933 0.424721956 -0.009845885 -0.000851424 0.005033990 0.075140029 0.055734832 0.995601475
1341846366.941941 0.423635960 -0.003491282 -0.002417162 0.004762009 0.076402977 0.056295097 0.995475173
1341846366.977906 0.433808178 -0.005078341 -0.009923880 0.003494366 0.077440448 0.054454710 0.995502591
1341846367.009852 0.446593344 0.001907239 -0.009680538 0.003866459 0.080415338 0.055737436 0.995194316
1341846367.045944 0.448978603 -0.001733348 -0.011802720 0.003757967 0.084875777 0.056867596 0.994760275
1341846367.077914 0.464340329 0.000653237 -0.016281877 0.005741371 0.089302965 0.056228429 0.994399488
1341846367.110077 0.467309564 0.006486798 -0.022701986 0.007223594 0.095028341 0.056756377 0.993829012
1341846367.145997 0.465539604 0.002297682 -0.014062898 0.006509714 0.099235892 0.059474055 0.993263662
1341846367.177894 0.474070758 0.000271331 -0.017758297 0.008253508 0.101274639 0.061833851 0.992900729
1341846367.209903 0.482594937 0.006853092 -0.036409996 0.011347981 0.105963230 0.061167706 0.992422044
1341846367.245970 0.495273560 0.014919623 -0.042311985 0.010349342 0.109298632 0.066926129 0.991699338
1341846367.277966 0.499633938 0.006466067 -0.036995515 0.008266163 0.111322917 0.070694759 0.991232097
1341846367.314058 0.510642350 0.008694135 -0.041528802 0.010280074 0.112599246 0.072468728 0.990940928
1341846367.346333 0.518474281 0.021367945 -0.046814930 0.011497935 0.116812810 0.072665460 0.990425289
1341846367.378615 0.513603747 0.019895030 -0.045011804 0.008604406 0.119973101 0.076031283 0.989824057
1341846367.413946 0.520802677 0.015059130 -0.050354090 0.006762829 0.119619407 0.077512182 0.989766300
1341846367.446060 0.528880119 0.028454330 -0.050337598 0.007362006 0.122051507 0.077605255 0.989457726
1341846367.478095 0.532457769 0.022339717 -0.050970312 0.004274364 0.124832563 0.082107678 0.988765299
1341846367.514115 0.542168498 0.015324519 -0.044838637 0.004105832 0.123214118 0.087211020 0.988532066
1341846367.546096 0.545834363 0.019628098 -0.049030207 0.008088920 0.122935466 0.089087494 0.988374829
1341846367.581982 0.546306372 0.028414091 -0.053280193 0.010217519 0.123992853 0.090928167 0.988055408
1341846367.613951 0.542705774 0.024582207 -0.062050715 0.007087325 0.124229439 0.093457595 0.987817049
1341846367.645894 0.553159237 0.025157982 -0.070568047 0.006456194 0.123206161 0.091503106 0.988132417
1341846367.682223 0.559976637 0.021287149 -0.071759179 0.005991614 0.125722617 0.091246836 0.987842083
1341846367.714019 0.560994625 0.019768173 -0.074477047 0.006995439 0.127541780 0.093148932 0.987424612
1341846367.745904 0.564863980 0.021197297 -0.070972987 0.008086476 0.128572658 0.094211489 0.987181783
1341846367.781973 0.568985522 0.024694497 -0.077690296 0.009706747 0.130073160 0.094200514 0.986971617
1341846367.813986 0.572601736 0.025284329 -0.081445374 0.009014145 0.131708875 0.095497221 0.986636579
1341846367.850189 0.573882997 0.025266485 -0.080085479 0.008747030 0.134247288 0.093197688 0.986516774
1341846367.881960 0.569829643 0.029251605 -0.083246015 0.007910865 0.135814801 0.093926921 0.986240089
1341846367.914064 0.574625671 0.033049956 -0.085483253 0.004953435 0.134799808 0.095309131 0.986266017
1341846367.950095 0.577866793 0.023504334 -0.079576902 0.002479619 0.136126086 0.095547751 0.986070037
1341846367.981916 0.580620885 0.025779728 -0.081581131 0.004092546 0.138475731 0.093585715 0.985925674
1341846368.017965 0.569757521 0.028227100 -0.080946259 0.003751717 0.140428379 0.095358081 0.985480905
1341846368.050897 0.564672053 0.026583141 -0.074875124 0.003261364 0.139562413 0.095448285 0.985596895
1341846368.082322 0.565316856 0.023624336 -0.076314881 0.002913057 0.139726117 0.093052186 0.985803902
1341846368.118029 0.563712358 0.026677189 -0.076091655 0.002933908 0.139323086 0.094679765 0.985705912
1341846368.150026 0.556651473 0.022629716 -0.068605021 0.001340630 0.138392046 0.096190915 0.985694230
1341846368.181952 0.552751303 0.014112271 -0.065901972 0.002192765 0.137920409 0.094269402 0.985944450
1341846368.217882 0.552214980 0.025922792 -0.069540694 0.004764965 0.137491509 0.093625262 0.986056626
1341846368.250223 0.549706638 0.027105946 -0.068490900 0.002407222 0.137118787 0.094965681 0.985988915
1341846368.286003 0.540605366 0.021089332 -0.061814591 0.000870364 0.138130873 0.093654506 0.985975623
1341846368.317994 0.534047961 0.025576886 -0.059076939 0.000645898 0.137003109 0.093102165 0.986185431
1341846368.350010 0.528626382 0.028996725 -0.053898759 -0.002827674 0.133900106 0.093771413 0.986544311
1341846368.385949 0.520503938 0.022081623 -0.050128844 -0.006604491 0.131052911 0.091318808 0.987138510
1341846368.417845 0.518974781 0.020183576 -0.047217496 -0.007641257 0.128239244 0.088555112 0.987752140
1341846368.450062 0.510792732 0.021015050 -0.042212639 -0.009234549 0.126480535 0.088329248 0.987985492
1341846368.485968 0.502139211 0.014697041 -0.039467983 -0.011076533 0.122756630 0.088017099 0.988463998
1341846368.517939 0.502529144 0.007223704 -0.035215702 -0.011031029 0.119330466 0.085958555 0.989065051
1341846368.554171 0.497924834 0.008732488 -0.036488753 -0.009523853 0.117139637 0.086057141 0.989333987
1341846368.618123 0.485876739 0.010503239 -0.035388127 -0.010612446 0.111009523 0.080165908 0.990523934
1341846368.654302 0.481711179 0.002444839 -0.029278813 -0.011708429 0.110251367 0.076926149 0.990853131
1341846368.685914 0.472795546 -0.003525569 -0.022778928 -0.010794226 0.107944310 0.076013260 0.991187930
1341846368.717980 0.468742400 -0.001332328 -0.025013814 -0.009124168 0.104984760 0.072905153 0.991755903
1341846368.786190 0.454652041 -0.009662213 -0.029135391 -0.005960817 0.103725970 0.072805554 0.991919756
1341846368.821968 0.449519604 -0.005384335 -0.027594477 -0.003914533 0.100634508 0.070817575 0.992392182
1341846368.853991 0.446795791 -0.001198712 -0.028437488 -0.004299729 0.100838996 0.066743724 0.992652178
1341846368.885978 0.439345390 -0.010878125 -0.020543892 -0.005666434 0.101460531 0.064207971 0.992749214
1341846368.923221 0.430297077 -0.018300897 -0.018953573 -0.004025905 0.099981427 0.063338421 0.992963135
1341846368.953942 0.419879824 -0.016172038 -0.022305729 -0.001072654 0.098552801 0.060922161 0.993264675
1341846368.986016 0.415771812 -0.012652252 -0.020148909 0.000547954 0.096574314 0.059705459 0.993533254
1341846369.021938 0.411293000 -0.013024793 -0.018056275 0.000665110 0.095081352 0.059061170 0.993715703
1341846369.053927 0.408000082 -0.015323898 -0.024165375 0.000875557 0.095235050 0.054844521 0.993942440
1341846369.090047 0.398413956 -0.018451406 -0.018614804 0.001272053 0.096945494 0.050550938 0.994004309
1341846369.121845 0.389201462 -0.028716659 -0.016588723 0.002458277 0.096887030 0.051624425 0.993952572
1341846369.154351 0.380048811 -0.032346193 -0.020731978 0.006570035 0.095424913 0.052325275 0.994038701
1341846369.189885 0.378576517 -0.022490634 -0.022504712 0.010776808 0.094691299 0.050099969 0.994186819
1341846369.222188 0.373793840 -0.020545252 -0.022037799 0.009803446 0.096087769 0.047740016 0.994179010
1341846369.257947 0.361063838 -0.031314697 -0.018067863 0.008884449 0.098010235 0.046670660 0.994050741
1341846369.289994 0.358089328 -0.036568310 -0.017715858 0.010913241 0.097048819 0.047020674 0.994108379
1341846369.322196 0.351376086 -0.033620369 -0.017735470 0.014054365 0.097567953 0.047348369 0.994002581
1341846369.357830 0.345982403 -0.031676054 -0.021201514 0.014451858 0.098801523 0.046169110 0.993930519
1341846369.390267 0.334592491 -0.034517583 -0.017822936 0.014225895 0.100076534 0.044967040 0.993861318
1341846369.422057 0.327358752 -0.034919865 -0.016069135 0.014685287 0.100364052 0.043793540 0.993878007
1341846369.457950 0.316340655 -0.040823407 -0.014425243 0.014599529 0.100697689 0.044183418 0.993828297
1341846369.490144 0.300568849 -0.042978216 0.006831296 0.016490193 0.099321857 0.043673292 0.993959725
1341846369.526405 0.293124855 -0.036362782 0.005957087 0.018514281 0.096692070 0.044167526 0.994161546
1341846369.557969 0.280718029 -0.040725660 0.004367341 0.018381545 0.094590984 0.044408705 0.994355381
1341846369.590093 0.270918548 -0.044439480 0.009071685 0.019760046 0.091189906 0.046007738 0.994573891
1341846369.625895 0.263409257 -0.037570316 0.007543567 0.021765426 0.088376135 0.047097079 0.994735062
1341846369.657961 0.255431741 -0.036970749 0.012472786 0.021379130 0.086730406 0.046567906 0.994913161
1341846369.690135 0.241052404 -0.043866273 0.012443763 0.021099241 0.085566498 0.047863085 0.994958460
1341846369.726074 0.226775140 -0.044305805 0.010381590 0.023200039 0.082212485 0.049859751 0.995096445
1341846369.757962 0.219553873 -0.042127542 0.008923636 0.024423042 0.078711919 0.051021941 0.995291293
1341846369.793964 0.209559664 -0.037894651 0.011942975 0.024957905 0.076776460 0.051604670 0.995399117
1341846369.826161 0.195034146 -0.039717790 0.008268214 0.024054397 0.074548580 0.052506406 0.995543540
1341846369.858015 0.185968056 -0.042426564 0.007238619 0.023901511 0.070937127 0.051864691 0.995844722
1341846369.893954 0.179832414 -0.039553821 0.015138810 0.024340024 0.068193711 0.052775636 0.995977879
1341846369.926051 0.162766382 -0.043807767 0.006968643 0.023176128 0.066558689 0.052172236 0.996147990
1341846369.958062 0.140385747 -0.044281688 0.002030631 0.023065595 0.063441254 0.049351908 0.996497691
1341846369.994037 0.143289268 -0.041799802 0.017959516 0.023074057 0.058151655 0.049109168 0.996832132
1341846370.026058 0.133691579 -0.045322411 0.020124953 0.023661144 0.056498159 0.048874177 0.996924996
1341846370.062000 0.114905201 -0.041178279 0.010831819 0.024179174 0.052398745 0.050464671 0.997057199
1341846370.094135 0.115572415 -0.037301406 0.023390625 0.022854498 0.047492910 0.051514335 0.997280478
1341846370.126153 0.115057774 -0.042612724 0.027242595 0.022120284 0.046553962 0.051036533 0.997365892
1341846370.162082 0.105061188 -0.041985851 0.026244124 0.023199989 0.046897009 0.052819714 0.997232437
1341846370.194044 0.095154867 -0.046296209 0.025356250 0.023509130 0.045422960 0.054369841 0.997210085
1341846370.230152 0.086464547 -0.043042537 0.032069057 0.024980234 0.045239020 0.055460844 0.997122586
1341846370.262175 0.082363084 -0.040826421 0.032481905 0.026183497 0.045914408 0.054611288 0.997107744
1341846370.294216 0.071114488 -0.041348789 0.033146001 0.026724819 0.047619432 0.051022835 0.997203529
1341846370.329892 0.056688085 -0.041193947 0.033561584 0.026679870 0.046300769 0.046112683 0.997505903
1341846370.361939 0.055795029 -0.045881975 0.036259882 0.027029179 0.043693684 0.043025501 0.997752011
1341846370.394073 0.038739398 -0.044444911 0.027640719 0.028449906 0.042013396 0.042006321 0.997828126
1341846370.429985 0.025883451 -0.038755178 0.019623108 0.028594078 0.036259662 0.040426966 0.998114824
1341846370.462095 0.024032382 -0.030492228 0.027154012 0.026843319 0.030371020 0.039965335 0.998378575
1341846370.498034 0.019831540 -0.028603958 0.028646667 0.023575975 0.025783433 0.040001970 0.998588622
1341846370.530176 0.013963417 -0.026037592 0.031942789 0.020383755 0.023129430 0.040419299 0.998707056
1341846370.561949 0.004579000 -0.026331065 0.022107717 0.017680794 0.019745238 0.040759809 0.998817384
1341846370.597989 0.003572177 -0.023085760 0.027801285 0.012440776 0.015823411 0.042523287 0.998892665
1341846370.629913 -0.006495364 -0.026996646 0.015035162 0.008044987 0.016905673 0.042726319 0.998911381
1341846370.662062 -0.007311632 -0.034273755 0.013526892 0.006390785 0.015993221 0.042395458 0.998952448
1341846370.697981 -0.008983101 -0.030010816 0.026609203 0.004262527 0.014483209 0.041956089 0.999005377
1341846370.730015 -0.010815335 -0.041398428 0.023492029 0.000672802 0.014525426 0.040132780 0.999088526
1341846370.766182 -0.012429509 -0.045001946 0.010897861 0.001379174 0.017376943 0.038140103 0.999120355
1341846370.797966 -0.016947797 -0.043990392 0.009792538 -0.000559634 0.020017136 0.034390695 0.999207795
1341846370.830023 -0.019635638 -0.059326924 0.018993467 -0.004308136 0.020901404 0.032773223 0.999234915
1341846370.866186 -0.018766139 -0.068234496 0.002908312 -0.002033972 0.021311019 0.033026610 0.999225199
1341846370.897994 -0.015945870 -0.066388898 0.007233166 -0.002185498 0.022935508 0.034902003 0.999125123
1341846370.929983 -0.022655951 -0.085803986 0.014532073 -0.004604687 0.024314849 0.036054663 0.999043345
1341846370.971974 -0.013167721 -0.095861539 0.014547490 -0.002051884 0.024498049 0.037397299 0.998998046
1341846371.034127 -0.016665542 -0.110574625 0.010728217 0.003402549 0.030943213 0.039732758 0.998725295
1341846371.066883 -0.017581994 -0.107418917 0.005173429 0.005390561 0.034004219 0.038211197 0.998676360
1341846371.098209 -0.017814480 -0.113448061 0.004664506 0.002983191 0.037959050 0.034354966 0.998684108
1341846371.134068 -0.018195603 -0.119661078 0.002124785 0.001449984 0.041266385 0.032892089 0.998605549
1341846371.165993 -0.021899341 -0.124146469 0.005370258 -0.001294579 0.044305183 0.033659149 0.998449981
1341846371.197951 -0.021833399 -0.135366336 0.007637084 -0.004659323 0.044718251 0.034940179 0.998377562
1341846371.233950 -0.014061181 -0.141032875 0.000341764 -0.005099066 0.045009166 0.035294965 0.998349845
1341846371.266433 -0.017133333 -0.135641009 -0.005165203 -0.007497692 0.048738841 0.035017449 0.998169363
1341846371.302051 -0.017399479 -0.143737197 -0.004534064 -0.014694788 0.051370289 0.035747528 0.997931480
1341846371.334010 -0.013441504 -0.151384637 -0.011050660 -0.021295862 0.054284357 0.034705911 0.997694910
1341846371.366198 -0.012928332 -0.160694346 -0.010435140 -0.026544703 0.059981599 0.033051077 0.997298956
1341846371.402482 -0.020989837 -0.178696856 -0.003396049 -0.030356718 0.063619182 0.034269378 0.996923566
1341846371.434055 -0.021182040 -0.191397667 -0.007174573 -0.029505180 0.062672235 0.035809990 0.996954978
1341846371.469998 -0.014336141 -0.194011271 -0.010738803 -0.026415544 0.062546134 0.033509944 0.997129500
1341846371.501933 -0.021369217 -0.203862816 -0.010856455 -0.025091143 0.065412626 0.031587403 0.997042537
1341846371.534269 -0.027669767 -0.208697036 -0.018694190 -0.024497824 0.066179998 0.031095859 0.997022092
1341846371.570100 -0.028252266 -0.220355123 -0.017705116 -0.025324322 0.063933946 0.028078809 0.997237563
1341846371.602162 -0.022547051 -0.232146844 -0.021647925 -0.023751693 0.062620930 0.025343319 0.997432828
1341846371.634012 -0.026100669 -0.234877631 -0.023709891 -0.021871559 0.064160489 0.024392007 0.997401655
1341846371.669927 -0.028705597 -0.241953999 -0.023447890 -0.021758795 0.061230980 0.023159014 0.997617662
1341846371.702051 -0.023408225 -0.246977642 -0.028578749 -0.021997185 0.059298817 0.020390825 0.997789562
1341846371.737891 -0.026395470 -0.258439362 -0.026011188 -0.023223005 0.062473327 0.015777208 0.997651637
1341846371.769979 -0.035438977 -0.263670117 -0.022979591 -0.022136591 0.062568553 0.015383447 0.997676551
1341846371.802101 -0.033984624 -0.265643090 -0.023212854 -0.022089880 0.059319936 0.018222623 0.997828186
1341846371.837951 -0.030164573 -0.269556135 -0.024143424 -0.022059694 0.057013582 0.019693807 0.997935355
1341846371.870043 -0.018433299 -0.263720036 -0.032264117 -0.022187281 0.055902336 0.022250796 0.997941673
1341846371.902330 -0.025784565 -0.264473855 -0.036862958 -0.026752084 0.058941741 0.020943984 0.997683048
1341846371.938165 -0.024605766 -0.273627669 -0.031965837 -0.032773908 0.060249422 0.018107463 0.997480810
1341846371.969938 -0.009232817 -0.270380527 -0.041105699 -0.035534211 0.062548764 0.017211232 0.997260630
1341846372.005861 -0.018816007 -0.286538333 -0.027088042 -0.038914680 0.068655185 0.015595987 0.996759176
1341846372.038440 -0.022239801 -0.294980854 -0.026754864 -0.036126029 0.068861499 0.016021881 0.996843159
1341846372.070518 -0.015942311 -0.293875545 -0.030966001 -0.033226896 0.067088030 0.015735911 0.997069478
1341846372.111944 -0.018974137 -0.304857254 -0.030824162 -0.033302542 0.068762064 0.012723473 0.996995926
1341846372.143876 -0.018481914 -0.310677230 -0.027392689 -0.030304318 0.068938017 0.009132722 0.997118771
1341846372.179919 -0.022159114 -0.311335057 -0.026605112 -0.026946945 0.068890147 0.006757385 0.997237384
1341846372.212119 -0.021091277 -0.324488401 -0.031793360 -0.024021212 0.065921985 0.004973123 0.997523189
1341846372.244067 -0.015774885 -0.331062615 -0.027624352 -0.019680904 0.062055778 0.001820781 0.997876942
1341846372.279961 -0.019411482 -0.346733123 -0.028355911 -0.015018629 0.060352679 -0.000816641 0.998063803
1341846372.312076 -0.016316175 -0.348416746 -0.023108266 -0.008880693 0.057450917 -0.004445824 0.998298943
1341846372.347910 -0.015940014 -0.350773782 -0.025895998 -0.004917812 0.055429485 -0.006157287 0.998431504
1341846372.379906 -0.025738578 -0.356805146 -0.035662565 -0.001150409 0.052216772 -0.006814294 0.998611867
1341846372.412137 -0.011890491 -0.355044276 -0.033441037 0.002857603 0.048155420 -0.007095837 0.998810589
1341846372.447783 -0.018046960 -0.365910202 -0.034379479 0.004532200 0.048106380 -0.006536260 0.998810589
1341846372.479920 -0.023240659 -0.374592155 -0.027236246 0.007512735 0.045522720 -0.003665149 0.998928308
1341846372.516195 -0.013032475 -0.367373645 -0.022831935 0.011624046 0.040813547 -0.001318907 0.999098301
1341846372.547915 -0.000858538 -0.359130204 -0.022445688 0.012106704 0.040256396 -0.002594394 0.999112666
1341846372.579923 -0.005882178 -0.368805885 -0.019590335 0.009532072 0.041471779 -0.004432028 0.999084353
1341846372.616037 -0.002990697 -0.376593083 -0.019338436 0.008368961 0.039804392 -0.002499523 0.999169290
1341846372.647968 0.000241274 -0.373609334 -0.017484644 0.008025456 0.039780725 -0.002847035 0.999172151
1341846372.679953 0.010460858 -0.384538829 -0.021709163 0.005389591 0.039934028 -0.004105057 0.999179304
1341846372.716073 0.013659025 -0.389876097 -0.016931523 0.004435898 0.041258521 -0.003608550 0.999132097
1341846372.747919 0.006525887 -0.395417422 -0.013649599 0.004326182 0.042274546 -0.002670743 0.999093056
1341846372.783912 0.013717508 -0.396688193 -0.014338233 0.005706715 0.040597029 -0.000864989 0.999158919
1341846372.816131 0.019634288 -0.396162063 -0.013802323 0.006715052 0.042366881 0.000402098 0.999079466
1341846372.848115 0.017075509 -0.396738857 -0.013389522 0.006477041 0.044668030 0.004035942 0.998972714
1341846372.884003 0.018970858 -0.400097042 -0.016628359 0.006325418 0.045095436 0.002580127 0.998959303
1341846372.948016 0.024387056 -0.412426323 -0.014075342 0.005951955 0.051133506 0.002601637 0.998670697
1341846373.010206 0.025767533 -0.426621914 -0.015029560 0.011024808 0.047126289 0.006229999 0.998808682
1341846373.041934 0.035095021 -0.422028244 -0.013456794 0.014439190 0.048283190 0.005942996 0.998711646
1341846373.078079 0.032428872 -0.427974790 -0.015255433 0.015547385 0.051423591 0.006644521 0.998533785
1341846373.110028 0.036157154 -0.434104055 -0.017997127 0.018066661 0.051350418 0.005455316 0.998502374
1341846373.142204 0.043003049 -0.437453985 -0.018698623 0.020652667 0.051253911 0.006244221 0.998452544
1341846373.178121 0.043603830 -0.439244330 -0.021964677 0.022852201 0.052525774 0.007134948 0.998332560
1341846373.210218 0.045825731 -0.449095160 -0.024646230 0.025128864 0.054214269 0.005391307 0.998198509
1341846373.246073 0.047225952 -0.451810420 -0.022007292 0.029924516 0.055545021 0.004937362 0.997995436
1341846373.277962 0.049590670 -0.458541006 -0.029196393 0.034617249 0.056883622 0.005622832 0.997764647
1341846373.310189 0.054566454 -0.455406547 -0.038463041 0.038282920 0.059070874 0.004509715 0.997509241
1341846373.346051 0.061739061 -0.455856740 -0.041709468 0.038549930 0.062168535 0.002210680 0.997318447
1341846373.377993 0.053620361 -0.458403349 -0.035432886 0.038036916 0.065547712 0.001235799 0.997123480
1341846373.410038 0.053694803 -0.461798519 -0.034302697 0.038181331 0.066154517 0.002583399 0.997075260
1341846373.446109 0.052733012 -0.471460640 -0.033856671 0.037525911 0.066626303 0.000199209 0.997072101
1341846373.478409 0.051918529 -0.477907479 -0.031899236 0.037723962 0.066707045 0.001575674 0.997057974
1341846373.514006 0.045892458 -0.483038723 -0.032141954 0.039508414 0.066186577 0.004255059 0.997015715
1341846373.546097 0.054005813 -0.474026382 -0.032368135 0.042016666 0.062978372 0.005274456 0.997116089
1341846373.578079 0.064208224 -0.473796874 -0.038072340 0.042040031 0.063487694 0.004284527 0.997087598
1341846373.613978 0.053240933 -0.467054069 -0.033850852 0.042442348 0.066060379 0.002781925 0.996908724
1341846373.646060 0.050107524 -0.461398780 -0.032468326 0.041970950 0.064408608 0.003142875 0.997035682
1341846373.682101 0.062802546 -0.451837808 -0.038449328 0.040850572 0.063637279 0.003246329 0.997131407
1341846373.713942 0.059620131 -0.445975542 -0.035348020 0.037476264 0.067104854 0.003139020 0.997036934
1341846373.746309 0.049515471 -0.436691284 -0.032576472 0.033957768 0.068837062 0.003110071 0.997044981
1341846373.782079 0.044631392 -0.437101752 -0.025535526 0.030616753 0.067999989 0.001880028 0.997213662
1341846373.814899 0.052823141 -0.433213741 -0.028022362 0.029780179 0.067518219 0.000424029 0.997273445
1341846373.846131 0.042179413 -0.420320839 -0.024244919 0.029959643 0.070020549 -0.002729147 0.997091830
1341846373.882197 0.034758106 -0.411486894 -0.026268704 0.028670784 0.068110950 -0.004294035 0.997256458
1341846373.914066 0.031090150 -0.395574927 -0.024946390 0.027040884 0.064921416 -0.000053645 0.997523904
1341846373.949976 0.035953451 -0.386048198 -0.023581123 0.024616607 0.062976293 0.003306667 0.997705877
1341846373.982090 0.030428253 -0.378589213 -0.025570201 0.021617623 0.062909588 0.004012692 0.997776985
1341846374.014518 0.019284608 -0.370938718 -0.029803151 0.018014371 0.061324045 0.006835749 0.997931898
1341846374.050082 0.022213057 -0.360092163 -0.018882722 0.014878278 0.057492290 0.010371073 0.998181224
1341846374.082248 0.025085187 -0.361324996 -0.019825706 0.011632074 0.055635516 0.010840943 0.998324573
1341846374.114063 0.023922324 -0.349206418 -0.019406863 0.009910054 0.056064125 0.011466846 0.998312116
1341846374.150230 0.012937067 -0.352476746 -0.016769858 0.006948432 0.056229528 0.011389367 0.998328745
1341846374.181949 0.011835855 -0.349303335 -0.011938450 0.007876962 0.053704493 0.011851401 0.998455465
1341846374.217985 0.015496318 -0.340216398 -0.015905056 0.009601947 0.052186828 0.015275241 0.998474300
1341846374.250018 0.015567780 -0.323127389 -0.019870711 0.010597749 0.052915111 0.016146848 0.998412192
1341846374.281921 0.011693793 -0.308590740 -0.021452175 0.008459773 0.053787153 0.015296390 0.998399436
1341846374.318502 0.010567168 -0.303195715 -0.018011939 0.005206840 0.054205377 0.014714669 0.998407781
1341846374.350047 0.007625928 -0.287382185 -0.015707446 0.002391201 0.055959240 0.015331123 0.998312473
1341846374.382011 0.000189811 -0.286084056 -0.014401169 -0.001368180 0.056314439 0.014896810 0.998300970
1341846374.418020 -0.004239289 -0.278167665 -0.010854620 -0.002513961 0.054617424 0.014335925 0.998401284
1341846374.450160 -0.006412300 -0.270355791 -0.008741585 -0.004561813 0.053150252 0.014659276 0.998468459
1341846374.486170 -0.000910620 -0.259003103 -0.014150329 -0.006517494 0.052130248 0.014935048 0.998507321
1341846374.524087 -0.006010198 -0.257289290 -0.003900694 -0.011106802 0.052392729 0.013016555 0.998479962
1341846374.586056 -0.012999983 -0.242907643 0.006799276 -0.015426085 0.047867469 0.012325917 0.998658478
1341846374.617848 -0.017440405 -0.241633311 0.009116288 -0.017372685 0.045754123 0.014533198 0.998695910
1341846374.654133 -0.022950983 -0.236256748 0.018632596 -0.017120859 0.043398175 0.016126676 0.998780966
1341846374.685940 -0.020842860 -0.224202231 0.018218063 -0.015960995 0.040248252 0.018538604 0.998890162
1341846374.718159 -0.023808450 -0.216462627 0.018837407 -0.015907012 0.038273562 0.022255493 0.998892784
1341846374.754050 -0.025032841 -0.210539073 0.021334797 -0.014900038 0.035196893 0.023569435 0.998991311
1341846374.786226 -0.023241706 -0.198130116 0.017502593 -0.013812780 0.032852370 0.024651177 0.999060631
1341846374.818164 -0.024167391 -0.199412808 0.020264175 -0.013897887 0.031991631 0.024429243 0.999092877
1341846374.854017 -0.031559948 -0.192395508 0.019417344 -0.010991415 0.031119397 0.022942610 0.999191821
1341846374.886253 -0.029415559 -0.185629472 0.022430239 -0.007923011 0.027254838 0.024409141 0.999298990
1341846374.921999 -0.027952541 -0.176140130 0.021845451 -0.005410485 0.024876682 0.024114460 0.999384999
1341846374.953860 -0.033119705 -0.170029014 0.020102479 -0.003858724 0.023994016 0.025001213 0.999391973
1341846374.985929 -0.036402959 -0.162671462 0.019578170 -0.002997862 0.021720883 0.025399873 0.999436855
1341846375.022029 -0.033650003 -0.162403390 0.023507928 -0.001025725 0.019327216 0.027551174 0.999432981
1341846375.053968 -0.030530663 -0.159166127 0.024059871 0.003435042 0.017249236 0.032161094 0.999327898
1341846375.085937 -0.033632521 -0.150913998 0.021212915 0.006711012 0.016643001 0.033325184 0.999283433
1341846375.122015 -0.036942277 -0.132197127 0.008636747 0.008964856 0.016433321 0.031602971 0.999325156
1341846375.190345 -0.036764003 -0.127194837 0.008507417 0.004549340 0.022410000 0.025877660 0.999403536
1341846375.222041 -0.039982978 -0.129807860 0.009244751 0.004676733 0.022439212 0.023912044 0.999451280
1341846375.254127 -0.032773748 -0.125348285 0.009602579 0.006578333 0.021617265 0.025038052 0.999431133
1341846375.289892 -0.031384587 -0.126121804 0.010285180 0.009462428 0.023485959 0.025991205 0.999341428
1341846375.322192 -0.040706612 -0.111759879 0.004523462 0.013193265 0.024464399 0.026339700 0.999266565
1341846375.354172 -0.036130432 -0.089824565 0.014969440 0.013151184 0.023561269 0.026264319 0.999290764
1341846375.390033 -0.027230551 -0.078164198 0.013711230 0.008703258 0.024320640 0.023748450 0.999384165
1341846375.422976 -0.036452778 -0.075903580 0.015207487 0.002628990 0.027661406 0.020425308 0.999405205
1341846375.458036 -0.045431644 -0.062430225 0.007075783 -0.002152911 0.027295141 0.017802170 0.999466538
1341846375.489941 -0.039146975 -0.063941091 0.015942656 -0.007049566 0.026262293 0.018319139 0.999462366
1341846375.521981 -0.040170636 -0.068165310 0.021343883 -0.008319756 0.027234027 0.018643981 0.999420583
1341846375.557947 -0.047615033 -0.066539526 0.014984119 -0.006266411 0.026486944 0.021986945 0.999387681
1341846375.590116 -0.046859592 -0.066086270 0.021443533 -0.004334104 0.023099240 0.026389049 0.999375403
1341846375.622399 -0.034000836 -0.056212656 0.023899602 -0.000310441 0.021505535 0.029110553 0.999344826
1341846375.658264 -0.032854840 -0.053228073 0.024751795 0.003097783 0.022915184 0.030951023 0.999253392
1341846375.690116 -0.039736293 -0.050827887 0.022838719 0.007828049 0.022562163 0.036320359 0.999054790
1341846375.726080 -0.035920221 -0.045251984 0.023216879 0.015338527 0.020772684 0.040371601 0.998851001
1341846375.757947 -0.037987132 -0.032509491 0.024310360 0.023851447 0.020623904 0.044511847 0.998511136
1341846375.789914 -0.038117450 -0.024281466 0.027949400 0.030035554 0.018536622 0.047315124 0.998256266
1341846375.826111 -0.040170118 -0.003220516 0.033498839 0.034118440 0.017160611 0.046500336 0.998187959
1341846375.858282 -0.048854429 0.036714111 0.031491093 0.033775456 0.015929917 0.042409357 0.998402178
1341846375.893889 -0.044559024 0.049789250 0.035639592 0.023461964 0.012333201 0.040934402 0.998810172
1341846375.926121 -0.041215390 0.044912960 0.046927627 0.015691807 0.011970752 0.039029457 0.999043107
1341846375.958089 -0.041706923 0.056110237 0.050544381 0.010885655 0.012717569 0.038860034 0.999104381
1341846375.994060 -0.039039772 0.062044088 0.057610322 0.006598715 0.012520381 0.040230889 0.999090135
1341846376.026115 -0.037080642 0.064885236 0.063122995 0.004629991 0.014506210 0.041891251 0.999006093
1341846376.057999 -0.041522298 0.075849868 0.065528736 0.006126469 0.016758924 0.043322559 0.998901784
1341846376.094015 -0.040659461 0.091391131 0.069303058 0.006412767 0.018820293 0.045337662 0.998773813
1341846376.126126 -0.039140586 0.102011576 0.073658228 0.006299730 0.022155274 0.044917576 0.998725116
1341846376.162125 -0.043730229 0.115122505 0.075597517 0.004338646 0.026463544 0.044085167 0.998667777
1341846376.194033 -0.049303401 0.119734854 0.080341302 0.001261631 0.028333468 0.044130340 0.998623073
1341846376.226110 -0.048489790 0.116810940 0.078915007 -0.002491656 0.027546808 0.048051480 0.998461843
1341846376.262088 -0.046866670 0.116308182 0.084568724 -0.003779838 0.026192704 0.051764473 0.998308599
1341846376.293911 -0.045178656 0.124430574 0.087385960 -0.001197293 0.026324328 0.053329214 0.998229206
1341846376.326088 -0.046945553 0.131018206 0.089089274 0.001127229 0.026810791 0.055377085 0.998104870
1341846376.362076 -0.049799562 0.141182512 0.088278405 0.002082024 0.025324363 0.057149731 0.998042226
1341846376.393924 -0.045761302 0.146451756 0.090812773 0.001755551 0.024246633 0.054896388 0.998196065
1341846376.429909 -0.045677900 0.156294703 0.093641214 0.002304299 0.026577992 0.050198775 0.998382926
1341846376.462224 -0.047739774 0.159845069 0.093172558 -0.000241333 0.027918803 0.047388673 0.998486280
1341846376.494092 -0.050841257 0.161688149 0.102234989 -0.001538695 0.027365617 0.046631239 0.998536050
1341846376.529992 -0.048613954 0.171782732 0.103735343 -0.000219457 0.027029034 0.046311051 0.998561323
1341846376.562034 -0.048468061 0.178964511 0.105015062 -0.000630039 0.028479265 0.044561028 0.998600423
1341846376.594092 -0.049939517 0.186398551 0.105184898 -0.001318867 0.029759517 0.044492640 0.998565495
1341846376.630016 -0.048499979 0.191874936 0.109971844 -0.002870301 0.029742755 0.044337783 0.998569608
1341846376.662132 -0.045279589 0.199135944 0.113163359 -0.003793092 0.031539980 0.043010768 0.998569429
1341846376.697981 -0.049960811 0.204500586 0.117525131 -0.004494409 0.033823501 0.043704554 0.998461664
1341846376.730128 -0.047552396 0.208936393 0.119882710 -0.004960237 0.034423884 0.043969952 0.998427272
1341846376.762061 -0.047583770 0.223164454 0.117413662 -0.004392249 0.035193831 0.044051681 0.998399496
1341846376.797939 -0.048017472 0.234862089 0.116378054 -0.006351462 0.035092797 0.042367857 0.998465359
1341846376.829920 -0.047459155 0.239952922 0.119537152 -0.009947089 0.035879083 0.043847386 0.998344243
1341846376.866170 -0.048887484 0.246064514 0.119257212 -0.012760194 0.035950065 0.046784621 0.998176336
1341846376.898026 -0.046451971 0.260901868 0.119310685 -0.015861085 0.034359217 0.047223307 0.998167217
1341846376.930139 -0.042408291 0.270869136 0.117594585 -0.020163873 0.035486296 0.044416860 0.998178959
1341846376.966511 -0.047427170 0.277292728 0.119484045 -0.026789229 0.039319288 0.043317616 0.997927785
1341846376.997919 -0.049713124 0.281726986 0.126489028 -0.032455686 0.040957086 0.044918694 0.997622907
1341846377.030079 -0.046297539 0.288113058 0.130385295 -0.035691593 0.041463193 0.044860039 0.997494102
1341846377.066212 -0.050105281 0.296831846 0.132460892 -0.038664795 0.042702142 0.046510711 0.997255385
1341846377.097918 -0.051609635 0.302112907 0.136549026 -0.043193296 0.042014528 0.046732578 0.997088373
1341846377.134079 -0.054496806 0.302629083 0.134652153 -0.047100585 0.040796995 0.047054857 0.996946812
1341846377.166160 -0.053427398 0.303954065 0.137489587 -0.050824538 0.035843782 0.048202500 0.996899486
1341846377.197925 -0.049201835 0.316460192 0.134235546 -0.050196726 0.030924382 0.047853578 0.997112811
1341846377.233952 -0.049475331 0.332992047 0.132325292 -0.051057983 0.029362073 0.044914518 0.997253001
1341846377.266486 -0.048574846 0.334373802 0.143467844 -0.054723065 0.030759607 0.043346394 0.997085929
1341846377.298068 -0.053422347 0.345544517 0.143539444 -0.057070125 0.031600378 0.047366019 0.996745110
1341846377.334109 -0.054725990 0.347279847 0.145687416 -0.060810506 0.030843206 0.047820739 0.996525943
1341846377.366029 -0.051202271 0.346862674 0.149679586 -0.062513374 0.030345481 0.045866076 0.996527731
1341846377.401870 -0.050537717 0.348164886 0.146859676 -0.063838728 0.030960076 0.044039372 0.996507168
1341846377.434052 -0.051836159 0.343190849 0.153368190 -0.065361671 0.030417610 0.044281688 0.996414423
1341846377.466127 -0.054584816 0.335694849 0.152976677 -0.064162143 0.031352971 0.043774445 0.996485829
1341846377.502027 -0.047598254 0.338102907 0.147242665 -0.062094379 0.030831201 0.040864695 0.996756613
1341846377.534114 -0.047436520 0.333535761 0.147347465 -0.061579037 0.033476066 0.037396707 0.996839464
1341846377.566085 -0.050266847 0.321582854 0.149786353 -0.060582586 0.035174660 0.038916532 0.996783793
1341846377.602113 -0.041132439 0.311107963 0.144684032 -0.059823472 0.033251919 0.039721973 0.996863902
1341846377.633912 -0.044155441 0.305349857 0.160499305 -0.053814746 0.034493715 0.038799822 0.997200429
1341846377.676329 -0.050432462 0.303392947 0.141398385 -0.048452795 0.037576746 0.035413317 0.997489929
1341846377.743964 -0.038260292 0.272004992 0.144343749 -0.044190150 0.032969985 0.034368206 0.997887254
1341846377.802535 -0.043798864 0.261106908 0.134665906 -0.041681904 0.033467233 0.033835988 0.997996807
1341846377.835932 -0.042789698 0.236275375 0.134341136 -0.037891522 0.035117287 0.034753293 0.998059690
1341846377.872063 -0.054137334 0.225693882 0.113731652 -0.036428425 0.033970580 0.041270535 0.997905672
1341846377.902201 -0.043678913 0.228825748 0.129060224 -0.034550034 0.026290871 0.042345259 0.998159289
1341846377.939383 -0.035598703 0.226037577 0.129224345 -0.029724840 0.029508304 0.033712611 0.998553514
1341846377.970635 -0.043326214 0.214226931 0.105629943 -0.033034403 0.032082032 0.036608990 0.998268127
1341846378.002401 -0.037795670 0.191464216 0.115058921 -0.038352091 0.024759805 0.038414769 0.998218596
1341846378.038883 -0.033450861 0.188526109 0.116565496 -0.033575095 0.025435470 0.035324141 0.998487830
1341846378.106524 -0.033483062 0.168265238 0.104386508 -0.036935732 0.025405353 0.032143276 0.998477399
1341846378.138114 -0.033419158 0.166744471 0.109101392 -0.033637233 0.027105309 0.024499413 0.998766065
1341846378.170157 -0.032189660 0.154252246 0.096600093 -0.034123849 0.028304076 0.018730512 0.998841107
1341846378.206045 -0.033642292 0.140611023 0.097065590 -0.037010528 0.029408500 0.014402317 0.998778224
1341846378.238081 -0.031323761 0.117871173 0.103721753 -0.038017951 0.029148992 0.013777111 0.998756826
1341846378.275916 -0.028565032 0.114189804 0.095642827 -0.033872191 0.029261878 0.011656778 0.998929679
1341846378.312389 -0.025034942 0.106363259 0.092961818 -0.033149164 0.031224856 0.009044383 0.998921573
1341846378.344267 -0.024488745 0.086070232 0.097216241 -0.033377212 0.033885691 0.007250702 0.998841882
1341846378.376036 -0.025041288 0.071311697 0.085752957 -0.029838072 0.035315078 0.007374364 0.998903453
1341846378.411936 -0.021197325 0.068855301 0.080645725 -0.027632246 0.036186956 0.005397086 0.998948395
1341846378.444079 -0.023158770 0.058099434 0.083749130 -0.026402060 0.039309610 0.001137840 0.998877585
1341846378.480041 -0.026237132 0.046305884 0.072127685 -0.026001427 0.039812189 -0.000128069 0.998868823
1341846378.512023 -0.023220669 0.036391843 0.077987589 -0.026279908 0.037415054 -0.001663605 0.998952806
1341846378.543975 -0.021680852 0.030488150 0.072709613 -0.022529447 0.039812237 -0.008107780 0.998920262
1341846378.579973 -0.025947472 0.017181745 0.070862792 -0.021795634 0.042357475 -0.008790650 0.998826087
1341846378.612676 -0.024709113 0.006404834 0.070894308 -0.019639915 0.042421822 -0.009911480 0.998857558
1341846378.643945 -0.022937410 -0.004695788 0.065552339 -0.015812535 0.045236539 -0.011509228 0.998784840
1341846378.679954 -0.025943667 -0.009626964 0.059825324 -0.012218020 0.046650447 -0.010747806 0.998778760
1341846378.742199 -0.010608731 -0.028217182 0.056871064 -0.006872134 0.049312700 -0.017382801 0.998608470
1341846378.774089 -0.021260312 -0.036247618 0.062214587 -0.001861310 0.054499350 -0.019675739 0.998318195
1341846378.805994 -0.022691999 -0.041043270 0.062024400 0.001613889 0.054740887 -0.017796123 0.998340666
1341846378.842121 -0.009961885 -0.043142423 0.043363154 0.004202774 0.054668125 -0.020980479 0.998275280
1341846378.874022 -0.010895885 -0.057487991 0.039144691 0.005914864 0.057481129 -0.024497446 0.998028457
1341846378.911788 -0.013577345 -0.062514260 0.041033309 0.008590010 0.059260342 -0.022925435 0.997942328
1341846378.974034 -0.007827100 -0.087041937 0.035644189 0.011154583 0.060200397 -0.025745893 0.997791886
1341846379.009977 -0.012208702 -0.085885368 0.033882171 0.014233918 0.063098662 -0.024339519 0.997608960
1341846379.041991 -0.011904918 -0.088486351 0.040762417 0.015590550 0.064070038 -0.025198178 0.997505367
1341846379.078155 -0.008513554 -0.097786978 0.040138494 0.016732795 0.065429464 -0.028789410 0.997301459
1341846379.109871 -0.009489615 -0.102512412 0.037521679 0.017761702 0.066313587 -0.029530969 0.997203529
1341846379.142034 -0.006876341 -0.112376593 0.042735390 0.017307330 0.066438206 -0.029350769 0.997208595
1341846379.178080 -0.005597880 -0.136911452 0.041248895 0.018609021 0.067957945 -0.033859067 0.996939838
1341846379.209979 -0.007006998 -0.144180298 0.038954880 0.025187254 0.069266222 -0.034350358 0.996688426
1341846379.242047 -0.012085856 -0.153187424 0.044916805 0.031527787 0.067269556 -0.032021776 0.996722341
1341846379.278304 -0.002214382 -0.167511970 0.035231519 0.036429614 0.064351678 -0.033810657 0.996688783
1341846379.310076 -0.007028313 -0.182563722 0.027129257 0.044283189 0.069131635 -0.040451668 0.995802939
1341846379.346166 -0.006700365 -0.186355770 0.033683222 0.051697038 0.071132019 -0.036878206 0.995443463
1341846379.377944 -0.007144861 -0.211502805 0.026787873 0.056537256 0.071167201 -0.037177317 0.995166659
1341846379.409974 -0.005813541 -0.208867759 0.028462417 0.066478215 0.073405355 -0.038089797 0.994354784
1341846379.446065 -0.000544706 -0.200877756 0.028918574 0.073399507 0.074244007 -0.033539120 0.993969560
1341846379.478631 0.004908407 -0.198872730 0.018351538 0.073982105 0.072779752 -0.032153614 0.994080424
1341846379.511214 0.008731361 -0.213116229 0.017063536 0.071400784 0.074246168 -0.035401069 0.994050384
1341846379.546204 -0.003645977 -0.219758004 0.029183457 0.072981872 0.077006996 -0.034820870 0.993745983
1341846379.578217 -0.009316331 -0.211690664 0.011583723 0.074584700 0.072618097 -0.032259967 0.994043767
1341846379.614096 0.005990447 -0.215393767 0.009857088 0.072113596 0.068858810 -0.030276988 0.994555891
1341846379.646030 0.008087787 -0.214183301 0.012293161 0.070439219 0.070942774 -0.030769804 0.994514287
1341846379.678830 -0.002642188 -0.212055266 0.013436213 0.068256304 0.070871919 -0.028265962 0.994745851
1341846379.714071 -0.005133599 -0.212669253 0.006172406 0.066136912 0.067847662 -0.025582420 0.995172441
1341846379.746082 0.004987449 -0.209743813 0.019317238 0.064582415 0.067587547 -0.024531361 0.995318651
1341846379.778087 -0.004017136 -0.198272169 0.008560887 0.062763058 0.069338612 -0.022427218 0.995364249
1341846379.813931 -0.010160793 -0.191522986 0.008777692 0.058458921 0.066937663 -0.019727251 0.995847762
1341846379.845927 -0.002769829 -0.188326657 0.009820919 0.054031815 0.064929441 -0.018369693 0.996256649
1341846379.881893 -0.001991313 -0.175096840 0.040051993 0.049213443 0.065968446 -0.015952623 0.996479630
1341846379.913954 0.001627395 -0.166372523 0.038602944 0.041998964 0.063618049 -0.011476789 0.997024119
1341846379.946050 -0.005848973 -0.163102120 0.048957650 0.034645125 0.062713057 -0.010745938 0.997372150
1341846379.981969 -0.012404229 -0.162505493 0.054466490 0.029582990 0.061793976 -0.008476421 0.997614384
1341846380.013935 -0.014031135 -0.152449802 0.051877204 0.025130954 0.058289971 -0.003374529 0.997977614
1341846380.046124 -0.010660978 -0.142783061 0.056403462 0.018872978 0.055349454 0.001249288 0.998287857
1341846380.082142 -0.007179578 -0.136039898 0.061258588 0.013547068 0.055232204 0.000372200 0.998381555
1341846380.114330 -0.012694913 -0.135675207 0.066182353 0.008496077 0.056717690 0.002348629 0.998351336
1341846380.150278 -0.018978355 -0.135195553 0.072822005 0.006487275 0.055456769 0.005128235 0.998426855
1341846380.182030 -0.016225331 -0.125220299 0.074938618 0.007912785 0.053828023 0.007120844 0.998493433
1341846380.213908 -0.013035728 -0.100881130 0.068376102 0.007650229 0.053505186 0.007512622 0.998509943
1341846380.250090 -0.011321442 -0.057039399 0.070188381 0.003419912 0.053856533 0.007228908 0.998516619
1341846380.281996 -0.007825684 -0.070043758 0.071651652 -0.007260864 0.058202900 0.005110736 0.998265266
1341846380.318009 -0.012319617 -0.060045563 0.074482583 -0.012300756 0.062308602 0.005901989 0.997963667
1341846380.350031 -0.017332772 -0.051891673 0.079903863 -0.017969875 0.063982457 0.009800646 0.997741044
1341846380.382297 -0.006577758 -0.042438280 0.084395818 -0.022017386 0.063541435 0.013116347 0.997650087
1341846380.418020 -0.008216380 -0.033463705 0.083460040 -0.025549602 0.065127388 0.013408589 0.997459650
1341846380.450059 -0.011645335 -0.023495130 0.074362099 -0.033282906 0.061522827 0.022371683 0.997299671
1341846380.481987 -0.009020541 -0.014491200 0.076391295 -0.041620441 0.054975126 0.026437780 0.997269511
1341846380.518026 -0.004961256 -0.013113989 0.076909371 -0.047278352 0.052193958 0.025246583 0.997197628
1341846380.549973 -0.006761366 -0.007281341 0.078233548 -0.049488958 0.051512305 0.025640855 0.997115731
1341846380.585876 -0.004579320 -0.004742812 0.077175513 -0.050198380 0.046430305 0.026732866 0.997301221
1341846380.617833 0.001865433 -0.006250351 0.082044736 -0.049724594 0.042962797 0.026688227 0.997481525
1341846380.650010 0.005028713 -0.002786312 0.077654958 -0.046484869 0.042067029 0.024879716 0.997722685
1341846380.686058 0.005318669 0.002711361 0.074455015 -0.043142013 0.040028419 0.023845846 0.997981906
1341846380.718154 -0.000200567 -0.000778270 0.071588054 -0.041592892 0.039516892 0.023054857 0.998086631
1341846380.750063 0.011063324 -0.005175032 0.065853603 -0.037334889 0.037765190 0.023204897 0.998319328
1341846380.785897 0.007673156 0.017592991 0.069706641 -0.029083000 0.038509276 0.025690449 0.998504460
1341846380.818263 -0.002159605 0.027712524 0.067353934 -0.027241712 0.036113977 0.026861085 0.998615146
1341846380.854055 0.003680053 0.019439582 0.067666553 -0.027364401 0.032902371 0.024397805 0.998785913
1341846380.886150 0.006260690 0.026575852 0.074562117 -0.022259276 0.032068722 0.024353238 0.998940945
1341846380.918124 -0.004125440 0.037412338 0.081203587 -0.020998996 0.028964175 0.026595831 0.999005914
1341846380.954125 0.006270662 0.031232789 0.085729949 -0.022235738 0.022360029 0.025665319 0.999173105
1341846380.985985 0.016322661 0.027882673 0.086675152 -0.021490572 0.022642754 0.023409519 0.999238431
1341846381.018098 0.011909167 0.028103640 0.092723772 -0.020922318 0.024284465 0.023145150 0.999218106
1341846381.054072 0.012051900 0.024883224 0.104992472 -0.020135263 0.021194488 0.024049181 0.999283254
1341846381.086074 0.021561969 0.019010169 0.108175538 -0.015360852 0.020303346 0.025222501 0.999357641
1341846381.122035 0.017715489 0.029391048 0.120859951 -0.011711050 0.022124542 0.025666129 0.999357104
1341846381.159808 0.023420272 0.023271468 0.129058957 -0.013462071 0.021080941 0.025326183 0.999366283
1341846381.222118 0.033297747 0.034581706 0.147854879 -0.011684067 0.024244519 0.028054312 0.999244034
1341846381.254198 0.036937162 0.031677421 0.172290400 -0.014061436 0.027370695 0.026711755 0.999169469
1341846381.289977 0.038340613 0.029264685 0.191539332 -0.013244878 0.035249617 0.026508352 0.998939097
1341846381.322365 0.040914800 0.043592025 0.207071885 -0.011390937 0.037553117 0.032453828 0.998702586
1341846381.353963 0.044853520 0.039928101 0.217055693 -0.014420803 0.038267024 0.037395019 0.998463452
1341846381.389983 0.061349135 0.038067974 0.213859633 -0.016784115 0.040863369 0.037665322 0.998313487
1341846381.421973 0.050420206 0.046849698 0.234588847 -0.019345958 0.049047709 0.039425001 0.997830570
1341846381.454108 0.066941954 0.041117813 0.243272975 -0.023535198 0.048471265 0.042324245 0.997649848
1341846381.489891 0.065592200 0.027056346 0.257596642 -0.022778001 0.052229781 0.042871408 0.997454405
1341846381.521988 0.065080084 0.027293716 0.271947861 -0.017682692 0.057041593 0.049541838 0.996985018
1341846381.558072 0.075433396 0.031898748 0.282518953 -0.013856228 0.058668226 0.052390832 0.996805549
1341846381.589879 0.077432379 0.034975272 0.291919172 -0.012089883 0.062679470 0.050882488 0.996662498
1341846381.622018 0.086013950 0.036879096 0.303035676 -0.013126925 0.065856144 0.049213767 0.996528327
1341846381.657894 0.083269961 0.027053522 0.317169756 -0.014737776 0.070339486 0.045772266 0.996363401
1341846381.689870 0.089611694 0.023089290 0.335228592 -0.010299697 0.073056243 0.044315901 0.996289551
1341846381.722338 0.092485294 0.031852555 0.347748935 -0.006717522 0.075273864 0.045356803 0.996108174
1341846381.758166 0.093641862 0.024746848 0.357629508 -0.007929730 0.077673361 0.044206321 0.995966792
1341846381.790889 0.100356042 0.026283147 0.368514746 -0.005322014 0.078635983 0.042990927 0.995961785
1341846381.826591 0.108952813 0.028150899 0.374643803 -0.002296304 0.081050172 0.040976722 0.995864749
1341846381.859589 0.104336090 0.028950131 0.389993638 -0.001124678 0.081251413 0.044024099 0.995720267
1341846381.890538 0.105114892 0.025647109 0.398084760 0.000129647 0.077087976 0.044688005 0.996022284
1341846381.926191 0.110638797 0.028326608 0.404137462 0.001058719 0.074515969 0.040647864 0.996390522
1341846381.958121 0.099483319 0.039104618 0.408528507 -0.000961423 0.073343433 0.040139023 0.996498227
1341846381.990050 0.117159531 0.043290224 0.422928989 -0.004361345 0.061721440 0.040892441 0.997245789
1341846382.026007 0.137902588 0.039747562 0.438300192 -0.008661291 0.054541662 0.037717700 0.997761250
1341846382.059217 0.139048234 0.044833910 0.448526919 -0.013244133 0.054481260 0.033604734 0.997861266
1341846382.094090 0.133226722 0.041198291 0.467736602 -0.018872667 0.053685702 0.032457989 0.997851789
1341846382.126195 0.128236443 0.024032636 0.477060497 -0.022575425 0.053114638 0.033377171 0.997775137
1341846382.158170 0.136307508 0.025388964 0.484055251 -0.022368556 0.053239699 0.035405833 0.997703195
1341846382.194097 0.135142699 0.026740011 0.497545689 -0.022713257 0.054388829 0.037249930 0.997566283
1341846382.226010 0.138493285 0.020831406 0.506413877 -0.023518117 0.053987022 0.038968585 0.997503757
1341846382.258172 0.142854437 0.019175882 0.515155435 -0.023721514 0.054469012 0.038783059 0.997479975
1341846382.294020 0.140736297 0.019775888 0.523440182 -0.023546480 0.057572171 0.036290184 0.997403681
1341846382.325957 0.152336821 0.029305903 0.544995368 -0.022444669 0.054138746 0.033996403 0.997702122
1341846382.361974 0.154929921 0.025143625 0.562697411 -0.023721954 0.052392658 0.032987606 0.997799635
1341846382.393888 0.139064491 0.011976833 0.567436159 -0.024849135 0.054567024 0.031553287 0.997702062
1341846382.425972 0.138956204 0.014245213 0.579966903 -0.024230547 0.053617716 0.027455026 0.997889936
1341846382.462037 0.131713152 0.014008814 0.591289699 -0.025453903 0.053398751 0.022269757 0.998000383
1341846382.494003 0.149328589 0.020419542 0.610038638 -0.025605712 0.046441555 0.018240292 0.998426199
1341846382.530148 0.136914089 0.011427086 0.615417540 -0.027064782 0.047196090 0.015918525 0.998392045
1341846382.562400 0.133069217 0.009691054 0.624347687 -0.026570136 0.047970515 0.014238061 0.998393774
1341846382.593981 0.135667950 0.004376758 0.633996367 -0.026701838 0.047362454 0.015609809 0.998398781
1341846382.629905 0.134435564 -0.006578429 0.644962549 -0.024589043 0.048518326 0.017711803 0.998362482
1341846382.661966 0.132437527 0.009594317 0.654262125 -0.018470511 0.048848957 0.020751879 0.998419762
1341846382.693976 0.150665849 0.014138361 0.670532227 -0.018513344 0.044381410 0.022103235 0.998598516
1341846382.730021 0.153950065 0.015599114 0.676805377 -0.017092478 0.044932496 0.021145804 0.998619914
1341846382.762004 0.146519810 0.020148214 0.680555105 -0.016001873 0.046876770 0.022669928 0.998515189
1341846382.798112 0.124384485 0.017887177 0.679064691 -0.019104596 0.050032426 0.019564150 0.998373210
1341846382.829949 0.133675799 0.010606339 0.685562730 -0.022545900 0.049424291 0.014007987 0.998425126
1341846382.861875 0.132304534 0.008453229 0.690053880 -0.023768323 0.051006772 0.011118767 0.998353541
1341846382.897967 0.131094277 0.005557881 0.694464564 -0.024599437 0.051421344 0.012560905 0.998295009
1341846382.930017 0.135964990 0.003560004 0.697200537 -0.023300590 0.051764656 0.012724810 0.998306394
1341846382.962121 0.152689412 0.023775406 0.707982361 -0.017475493 0.050981250 0.012264392 0.998471379
1341846382.997950 0.134528115 0.006864662 0.704785168 -0.020941062 0.056124758 0.013885479 0.998107553
1341846383.029927 0.136475369 0.011260086 0.707723081 -0.018937904 0.055946779 0.014785649 0.998144627
1341846383.104184 0.143632680 0.013467557 0.711510122 -0.021896657 0.059483387 0.006520669 0.997967839
1341846383.172122 0.155428290 0.020906657 0.722092807 -0.022688495 0.055659439 0.006025207 0.998173773
1341846383.236935 0.140896261 0.014654640 0.720990121 -0.025074212 0.067444913 0.005732064 0.997391462
1341846383.272112 0.141289130 0.006722668 0.718187392 -0.025440967 0.065748416 0.009694611 0.997464776
1341846383.303955 0.148177460 0.008239037 0.716474712 -0.024548475 0.065590806 0.012268041 0.997469187
1341846383.336133 0.151758820 0.019619532 0.708751202 -0.025516002 0.065967262 0.011837173 0.997425258
1341846383.398119 0.150064215 0.009120747 0.708817601 -0.028873449 0.065732822 0.013649858 0.997326016
1341846383.433991 0.153653651 0.008238539 0.702577233 -0.029639158 0.066838354 0.014710139 0.997215033
1341846383.466087 0.145382389 0.008008724 0.704482377 -0.029528232 0.068433315 0.015611056 0.997096419
1341846383.501974 0.122087128 -0.006683911 0.698763192 -0.031999771 0.071742386 0.018828684 0.996731937
1341846383.533975 0.123636648 -0.005692257 0.691339135 -0.031266805 0.068898924 0.018858971 0.996955216
1341846383.565981 0.120345585 -0.005620026 0.686004221 -0.032011170 0.068405777 0.016649142 0.997004867
1341846383.602253 0.109607875 -0.008217538 0.682444692 -0.032733165 0.067521431 0.016317446 0.997047246
1341846383.634175 0.100905187 -0.006762105 0.671767771 -0.031845763 0.063026965 0.016794045 0.997362256
1341846383.665988 0.104272895 -0.006054830 0.666604698 -0.032395266 0.057418153 0.015208020 0.997708619
1341846383.702104 0.095252812 -0.010100576 0.658284187 -0.033739891 0.056180149 0.012586394 0.997771025
1341846383.734131 0.091031939 -0.006330313 0.650368214 -0.033036247 0.051444951 0.011663530 0.998061121
1341846383.770067 0.084736928 -0.005505286 0.642122328 -0.032275163 0.046670254 0.014858138 0.998278260
1341846383.802027 0.081882179 -0.003441746 0.635216713 -0.031388603 0.043116387 0.014523630 0.998471260
1341846383.870067 0.065674432 -0.005028513 0.614564240 -0.032426372 0.038819794 0.016747357 0.998579562
1341846383.901854 0.067184128 -0.001498187 0.602761209 -0.031752080 0.034752969 0.017502263 0.998738050
1341846383.934301 0.060062621 0.002118709 0.592892110 -0.033971507 0.034262285 0.016376661 0.998701036
1341846383.969997 0.055536926 -0.004712148 0.585805535 -0.036196228 0.032264095 0.016270576 0.998691201
1341846384.001936 0.053512726 -0.003154133 0.577241004 -0.033544894 0.029010190 0.019905401 0.998817801
1341846384.038092 0.045258224 0.003651379 0.559612930 -0.031227028 0.024663348 0.021045169 0.998986363
1341846384.070104 0.052222237 0.000474949 0.548158228 -0.033212174 0.021875784 0.017324261 0.999058723
1341846384.102008 0.045785718 -0.005479541 0.539916754 -0.032605149 0.022438563 0.016281322 0.999083757
1341846384.138265 0.033743579 -0.003723533 0.524747193 -0.030972486 0.020237781 0.019085491 0.999133050
1341846384.170093 0.035524860 0.003152005 0.517364442 -0.030475607 0.017320869 0.018205395 0.999219596
1341846384.202188 0.035033539 0.002654015 0.505921364 -0.030015977 0.018269161 0.015614217 0.999260485
1341846384.237844 0.030194618 0.002827623 0.494385451 -0.030572787 0.019043639 0.016060777 0.999222040
1341846384.269968 0.026380861 -0.003183838 0.484572589 -0.031319011 0.017699432 0.017836489 0.999193549
1341846384.306015 0.028276825 0.000422918 0.473456562 -0.029212637 0.017136669 0.016994355 0.999281824
1341846384.337907 0.022643125 0.005055179 0.464895129 -0.028897723 0.018191552 0.017021678 0.999271870
1341846384.369865 0.019946976 0.005462494 0.452243298 -0.030293839 0.017403327 0.015850078 0.999263823
1341846384.406199 0.020482773 0.002523546 0.443123668 -0.030181190 0.017821016 0.014138188 0.999285579
1341846384.437788 0.013401025 0.010446989 0.433957458 -0.029071195 0.018433701 0.012877054 0.999324381
1341846384.469882 0.014366132 0.013295927 0.422906339 -0.031592969 0.016990228 0.010903703 0.999296904
1341846384.506115 0.017571861 0.011582035 0.412436396 -0.032953009 0.017623791 0.007622058 0.999272466
1341846384.537970 0.013534657 0.014278380 0.403342187 -0.034408081 0.020476168 0.007285396 0.999171555
1341846384.573994 0.005123159 0.007475925 0.396830648 -0.036562521 0.021398457 0.009879556 0.999053419
1341846384.606493 0.004287517 0.006485788 0.390770137 -0.034414690 0.019567236 0.014194368 0.999115229
1341846384.637999 0.003736364 0.016314019 0.383240819 -0.031235192 0.018366344 0.016077269 0.999213994
1341846384.674068 0.000088516 0.019288164 0.376532793 -0.031444602 0.017460028 0.014860371 0.999242485
1341846384.705921 -0.002922203 0.016971640 0.364785552 -0.031144144 0.016759500 0.013083005 0.999288738
1341846384.742045 -0.010381355 0.019059563 0.353063703 -0.031594321 0.014850316 0.012290727 0.999314845
1341846384.774082 -0.014978773 0.024655031 0.342021048 -0.033593740 0.012974925 0.009012856 0.999310732
1341846384.805987 -0.016149413 0.021012992 0.337164074 -0.035579931 0.012683504 0.003991899 0.999278367
1341846384.842025 -0.020803908 0.022014160 0.328414887 -0.036435995 0.011267650 0.003044977 0.999267817
1341846384.874081 -0.023241716 0.023107782 0.317687154 -0.037458234 0.009309323 0.004836168 0.999243140
1341846384.905998 -0.025566347 0.022389421 0.306327492 -0.035543140 0.009412727 0.007607965 0.999294877
1341846384.942014 -0.028965160 0.029189199 0.296787202 -0.034517590 0.009786719 0.010434086 0.999301732
1341846384.974049 -0.031071754 0.026171403 0.289924532 -0.035893299 0.009283409 0.012626466 0.999232769
1341846385.009917 -0.034197163 0.023800228 0.284964800 -0.033934511 0.010248730 0.017104099 0.999225140
1341846385.042211 -0.038998421 0.029787995 0.275288492 -0.032240804 0.011088974 0.019367117 0.999230921
1341846385.073967 -0.044088122 0.032643132 0.269580603 -0.033255573 0.012721034 0.018765194 0.999189734
1341846385.110157 -0.045068163 0.027019249 0.263444662 -0.032924734 0.013836345 0.018404089 0.999192595
1341846385.141931 -0.048589341 0.026334492 0.258924186 -0.031306785 0.014390626 0.020240875 0.999201238
1341846385.173929 -0.053669985 0.023707401 0.250981599 -0.030529847 0.013037146 0.019671900 0.999255240
1341846385.210052 -0.058061842 0.023371734 0.241195068 -0.029216480 0.013052518 0.014414615 0.999383986
1341846385.242941 -0.062345650 0.019081919 0.237361133 -0.028967343 0.013899925 0.009067070 0.999442577
1341846385.278001 -0.065525629 0.017301699 0.227726549 -0.028947640 0.012812427 0.005626524 0.999482989
1341846385.311234 -0.072910629 0.012210752 0.222649634 -0.027124191 0.012821743 0.004815610 0.999538243
1341846385.342936 -0.077875383 0.016999334 0.212101415 -0.023290811 0.011580856 0.003523203 0.999655485
1341846385.378101 -0.082106985 0.020194126 0.204862028 -0.022777494 0.011702484 0.002085139 0.999669909
1341846385.410048 -0.090495870 0.016672272 0.199200660 -0.023450797 0.011139366 0.001275850 0.999662101
1341846385.442088 -0.098418340 0.017318945 0.190236241 -0.022530515 0.009100213 0.001349487 0.999703825
1341846385.477970 -0.106294222 0.022816099 0.181770131 -0.022502629 0.006014746 0.000708023 0.999728441
1341846385.510109 -0.111998208 0.020610739 0.179705575 -0.023458187 0.004390435 0.001056854 0.999714613
1341846385.545989 -0.091356225 0.045559794 0.169418588 -0.019440053 -0.003450947 0.000257354 0.999805033
1341846385.577939 -0.094986312 0.048246589 0.160606921 -0.020680878 -0.008551205 0.000459799 0.999749482
1341846385.609948 -0.103819728 0.047613729 0.158626378 -0.021188324 -0.010461452 0.000707827 0.999720514
1341846385.646024 -0.111739226 0.048675731 0.146705121 -0.021466527 -0.014199322 0.002110653 0.999666512
1341846385.678122 -0.123403035 0.051989343 0.140318826 -0.023027072 -0.019416912 0.003371797 0.999540567
1341846385.713966 -0.120012179 0.046611890 0.133523211 -0.024180071 -0.022959849 0.003882167 0.999436378
1341846385.745986 -0.127184883 0.048686136 0.129222795 -0.022956466 -0.022654980 0.004974561 0.999467373
1341846385.778024 -0.134633034 0.054624062 0.120354861 -0.022330169 -0.024786508 0.007825977 0.999412715
1341846385.814480 -0.133672953 0.059307236 0.113795139 -0.022342086 -0.026526386 0.006644257 0.999376357
1341846385.846594 -0.134909406 0.061478574 0.100312382 -0.022634026 -0.023884153 0.003649929 0.999451816
1341846385.884072 -0.145668194 0.060335688 0.097650193 -0.023876356 -0.021222468 0.006506552 0.999468446
1341846385.920282 -0.150488719 0.064355686 0.094693877 -0.023976916 -0.023077879 0.007503058 0.999417961
1341846385.951967 -0.143000647 0.064061537 0.077404641 -0.024119288 -0.022098519 0.005498177 0.999449670
1341846385.983828 -0.152483672 0.064356953 0.073428690 -0.023471860 -0.017465880 0.005175806 0.999558508
1341846386.019954 -0.160910368 0.057422835 0.065451033 -0.024357274 -0.017168108 0.007883959 0.999524772
1341846386.053153 -0.163394004 0.058541406 0.061947849 -0.022527127 -0.018522458 0.006634860 0.999552608
1341846386.087964 -0.160216734 0.061928961 0.052560560 -0.019055292 -0.016885748 0.002228104 0.999673367
1341846386.120298 -0.163921893 0.057946905 0.044502694 -0.018552262 -0.014196716 -0.000041632 0.999727070
1341846386.152323 -0.173412025 0.053330284 0.036572438 -0.016788127 -0.013774545 -0.000453265 0.999764085
1341846386.187922 -0.171024963 0.057493400 0.027486693 -0.013431741 -0.015763316 -0.003288792 0.999780118
1341846386.220214 -0.170461625 0.054655492 0.018870270 -0.011730047 -0.015159945 -0.008489071 0.999780238
1341846386.251878 -0.174344540 0.047329608 0.005153809 -0.009545269 -0.013545729 -0.011049792 0.999801636
1341846386.287926 -0.181764290 0.047695611 -0.004765239 -0.006473475 -0.014487954 -0.011225625 0.999811053
1341846386.320048 -0.176761985 0.050304893 -0.015457502 -0.003896223 -0.016716471 -0.014934551 0.999741137
1341846386.351806 -0.175821707 0.049583372 -0.031921722 -0.002336819 -0.014404728 -0.019285521 0.999707520
1341846386.387904 -0.182602763 0.046524901 -0.048098318 -0.000784760 -0.013006157 -0.019477107 0.999725401
1341846386.420158 -0.183656380 0.047452103 -0.065144949 0.001198725 -0.015489279 -0.017949576 0.999718189
1341846386.488011 -0.174209192 0.059263878 -0.096503042 0.003265145 -0.019970668 -0.021625137 0.999561310
1341846386.550203 -0.185663626 0.052384567 -0.130249158 0.004481863 -0.019448634 -0.020905145 0.999582231
1341846386.582265 -0.182953700 0.062429860 -0.146257102 0.005818410 -0.022746075 -0.019147921 0.999540925
1341846386.618055 -0.176817045 0.071127854 -0.163419992 0.006110461 -0.023083739 -0.021447495 0.999484777
1341846386.651032 -0.181950897 0.077407323 -0.185132474 0.005229800 -0.021178462 -0.023112698 0.999494851
1341846386.682220 -0.182624549 0.080239072 -0.198697120 0.002853102 -0.022757616 -0.021034382 0.999515653
1341846386.718071 -0.174073532 0.073222093 -0.209766388 0.001439692 -0.024354596 -0.018518511 0.999530792
1341846386.750071 -0.165710777 0.077363275 -0.230453327 0.003739916 -0.022343431 -0.017507734 0.999590039
1341846386.786100 -0.172917724 0.080853172 -0.245906860 0.004208724 -0.019394211 -0.013131634 0.999716818
1341846386.817967 -0.179498509 0.081828497 -0.260150760 0.005525362 -0.019120984 -0.011760615 0.999732733
1341846386.850155 -0.171886325 0.085214496 -0.280841589 0.006443662 -0.018072413 -0.011391233 0.999751031
1341846386.886034 -0.172908142 0.089772955 -0.294388890 0.006576276 -0.015014262 -0.009558401 0.999819934
1341846386.918050 -0.173375756 0.091234669 -0.308265954 0.007119498 -0.013540620 -0.005966768 0.999865174
1341846386.954005 -0.177623272 0.098621868 -0.317633539 0.008228044 -0.012133384 -0.004188899 0.999883771
1341846386.986155 -0.168684423 0.098138765 -0.342067599 0.007752064 -0.011038372 -0.004291350 0.999899805
1341846387.018027 -0.167791545 0.094476521 -0.349939853 0.007001329 -0.006457189 -0.002654838 0.999951124
1341846387.054058 -0.175590515 0.093550146 -0.358809024 0.008404808 -0.004171695 -0.000501615 0.999955833
1341846387.086157 -0.172838032 0.098679543 -0.368575364 0.009517547 -0.004391542 -0.000371410 0.999944985
1341846387.118350 -0.165190652 0.096592322 -0.374381602 0.009764857 -0.001976092 -0.001117297 0.999949753
1341846387.153927 -0.176621005 0.095395833 -0.388488948 0.011028517 0.001289937 -0.001620750 0.999937057
1341846387.185953 -0.178370655 0.106023103 -0.400819987 0.011432796 0.000218120 -0.001137785 0.999933958
1341846387.222042 -0.173919708 0.108186066 -0.410457760 0.009325021 -0.000900585 -0.002715179 0.999952435
1341846387.253968 -0.170865446 0.102923118 -0.424828261 0.007924968 0.000882750 -0.004581368 0.999957740
1341846387.286046 -0.180183247 0.104644053 -0.438875139 0.006708456 0.001696286 -0.002817624 0.999972105
1341846387.322002 -0.175188750 0.109056853 -0.446263134 0.005292965 0.000267939 -0.002077347 0.999983788
1341846387.353879 -0.166303709 0.108961739 -0.459805876 0.004284797 0.001321342 -0.003789824 0.999982774
1341846387.386177 -0.178055644 0.105581455 -0.472443551 0.003719364 0.002661795 -0.000761462 0.999989271
1341846387.422132 -0.170828402 0.110310160 -0.480581522 0.004557920 0.000511019 0.001711795 0.999988019
1341846387.454043 -0.161870316 0.116268031 -0.491915613 0.005181658 0.001349137 0.000321334 0.999985576
1341846387.490166 -0.170183986 0.114805974 -0.499916524 0.004238503 0.002666092 0.000885630 0.999987066
1341846387.522009 -0.169887543 0.113076083 -0.505675018 0.004247868 0.000402741 0.005689387 0.999974668
1341846387.554619 -0.163459033 0.122353531 -0.518564641 0.005406541 -0.000593580 0.006675083 0.999962926
1341846387.590257 -0.162695646 0.133968815 -0.530677795 0.004418889 0.000414471 0.005770883 0.999973476
1341846387.622301 -0.161521703 0.130619377 -0.534599960 0.000941771 0.001697839 0.006887303 0.999974370
1341846387.654151 -0.169644743 0.130641788 -0.541229308 -0.000722089 0.001950022 0.006792957 0.999974728
1341846387.690110 -0.167474046 0.132922500 -0.550842583 -0.001768218 -0.000399905 0.006084111 0.999979854
1341846387.722109 -0.167177916 0.134339243 -0.558572650 -0.004049904 -0.001290269 0.005427993 0.999976218
1341846387.758177 -0.167596892 0.128357589 -0.566516876 -0.006029084 -0.001947340 0.006333034 0.999959886
1341846387.790191 -0.176414356 0.130042076 -0.570259154 -0.005316116 -0.002943635 0.008978642 0.999941230
1341846387.822157 -0.174519181 0.137949124 -0.579186320 -0.003959212 -0.005180481 0.009346576 0.999935091
1341846387.858179 -0.173299462 0.141431451 -0.586084485 -0.004575383 -0.006285433 0.012487358 0.999891818
1341846387.890013 -0.176964045 0.137768164 -0.590250313 -0.004925086 -0.008871119 0.014648424 0.999841273
1341846387.926103 -0.171724483 0.140533596 -0.595978141 -0.004773078 -0.010293100 0.013944143 0.999838412
1341846387.958426 -0.175911829 0.142724767 -0.598990619 -0.005336023 -0.010549025 0.016827028 0.999788523
1341846387.990086 -0.179644734 0.141042873 -0.605290592 -0.006204468 -0.012916735 0.018317677 0.999729514
1341846388.026158 -0.170069858 0.133460388 -0.594074667 -0.005519827 -0.017623348 0.017675733 0.999673188
1341846388.058060 -0.164963901 0.132820651 -0.590069413 -0.000321583 -0.019812727 0.024357123 0.999506891
1341846388.089974 -0.169305503 0.133058414 -0.591364622 0.004495711 -0.022143697 0.028237822 0.999345839
1341846388.126088 -0.162308589 0.145503089 -0.601095259 0.007495461 -0.024504367 0.027733179 0.999286830
1341846388.158090 -0.153975442 0.170021653 -0.603578985 0.006355706 -0.022838734 0.023474921 0.999443293
1341846388.194068 -0.161453769 0.151531473 -0.588922083 0.000265572 -0.020187022 0.020653840 0.999582827
1341846388.225961 -0.165017545 0.147838682 -0.581929088 -0.000613669 -0.020595543 0.018864008 0.999609709
1341846388.257928 -0.159913450 0.154021040 -0.579931974 -0.001350546 -0.020978604 0.020036276 0.999578238
1341846388.294066 -0.161086679 0.141862333 -0.564240634 -0.003190876 -0.021114461 0.020027559 0.999571323
1341846388.325954 -0.156514645 0.148541868 -0.559967935 -0.001441356 -0.021657471 0.017780667 0.999606252
1341846388.357936 -0.153513923 0.152133107 -0.553423226 -0.002764784 -0.020442901 0.016376605 0.999653041
1341846388.394202 -0.158666879 0.145579085 -0.539648890 -0.004221487 -0.020632146 0.014728142 0.999669731
1341846388.425957 -0.149840608 0.146555081 -0.538078189 -0.004436759 -0.022019655 0.011827298 0.999677718
1341846388.462012 -0.151186734 0.139405012 -0.527587950 -0.006065414 -0.019881682 0.009648426 0.999737382
1341846388.493961 -0.155528858 0.133089766 -0.505464673 -0.005552732 -0.020631423 0.009610155 0.999725521
1341846388.526293 -0.151147783 0.130932570 -0.500082195 -0.003895208 -0.022661841 0.009718738 0.999688327
1341846388.562293 -0.142900899 0.130054161 -0.489435196 -0.002165691 -0.021522898 0.007796676 0.999735594
1341846388.594090 -0.147673905 0.131086156 -0.475274831 -0.001321572 -0.019530801 0.007063182 0.999783456
1341846388.626030 -0.150720641 0.128088295 -0.459609985 -0.001704433 -0.019708641 0.006429806 0.999783635
1341846388.662009 -0.143648773 0.119931817 -0.451791286 -0.000710678 -0.019247720 0.004106272 0.999806046
1341846388.694110 -0.145514786 0.125722274 -0.441377312 0.001347690 -0.018021107 0.003659005 0.999830008
1341846388.730239 -0.146833405 0.122650348 -0.428949356 -0.000601356 -0.018836897 0.003486056 0.999816298
1341846388.762131 -0.135716707 0.112156093 -0.411602110 -0.001060912 -0.018470645 0.000656532 0.999828637
1341846388.794087 -0.141266927 0.118510135 -0.403077513 0.000522886 -0.015963061 0.001041526 0.999871910
1341846388.830117 -0.144901112 0.119524986 -0.380370885 -0.001670798 -0.016980128 0.002986163 0.999849975
1341846388.868548 -0.136195570 0.105847754 -0.374687076 -0.002879445 -0.017939080 0.002572990 0.999831617
1341846388.900942 -0.140805766 0.117440023 -0.358972937 -0.001382602 -0.015987173 0.002231776 0.999868751
1341846388.937157 -0.143885270 0.121074229 -0.333250225 -0.004298635 -0.017254256 0.002935948 0.999837577
1341846388.970712 -0.141009405 0.107916348 -0.316656798 -0.006864911 -0.017708268 0.002455135 0.999816597
1341846389.001153 -0.142544791 0.116852470 -0.298069447 -0.005507094 -0.017215924 0.000317840 0.999836564
1341846389.036956 -0.142034426 0.113128327 -0.293868601 -0.008818803 -0.018149633 0.001093726 0.999795794
1341846389.069208 -0.140042379 0.099092260 -0.275339812 -0.012341800 -0.018438742 -0.000110009 0.999753833
1341846389.168276 -0.140586600 0.084129609 -0.237751290 -0.013304613 -0.018052181 0.001654883 0.999747157
1341846389.230639 -0.149748012 0.084867798 -0.200261459 -0.009726004 -0.016688937 0.002891246 0.999809206
1341846389.266034 -0.147098780 0.082754396 -0.185950428 -0.008645577 -0.018426672 0.001390463 0.999791861
1341846389.298760 -0.138839692 0.079539180 -0.173244238 -0.007367355 -0.016587513 0.000095181 0.999835253
1341846389.329980 -0.143951550 0.077287473 -0.155348375 -0.006112493 -0.014761337 0.001530260 0.999871194
1341846389.366022 -0.142241001 0.080617674 -0.147362471 -0.005262477 -0.014777646 0.000902460 0.999876559
1341846389.397969 -0.134501889 0.075752512 -0.132704243 -0.004823214 -0.012303242 -0.000324810 0.999912620
1341846389.433982 -0.132969737 0.075054459 -0.119586356 -0.001820648 -0.008652318 0.000887947 0.999960482
1341846389.466033 -0.136906952 0.079559155 -0.110232346 -0.001935237 -0.007616540 0.003017925 0.999964595
1341846389.498030 -0.131250262 0.074155279 -0.094848841 -0.002985545 -0.008352717 0.003237105 0.999955416
1341846389.534085 -0.125852466 0.079304539 -0.084075265 -0.001889832 -0.005721473 0.001411263 0.999980867
1341846389.565875 -0.133141354 0.089440435 -0.068960123 -0.003059464 -0.003204326 0.000969234 0.999989688
1341846389.597960 -0.133256391 0.087678000 -0.050853781 -0.007251138 -0.004105683 0.000909589 0.999964833
1341846389.634116 -0.125740588 0.085172959 -0.036145341 -0.008496554 -0.005371001 0.000115920 0.999949455
1341846389.665950 -0.129496545 0.098144084 -0.035597604 -0.010110946 -0.003395664 -0.002184800 0.999940753
1341846389.702127 -0.124796547 0.081581481 -0.015861820 -0.016088558 -0.003314529 -0.003283605 0.999859691
1341846389.734086 -0.122542307 0.078675494 -0.009919002 -0.015852813 -0.005281756 -0.001428238 0.999859333
1341846389.765898 -0.118738629 0.084961355 -0.000905098 -0.015356935 -0.006285624 -0.000995278 0.999861836
1341846389.802126 -0.115098536 0.081198446 0.013495134 -0.016837448 -0.006439121 -0.002466966 0.999834478
1341846389.834063 -0.111478381 0.077961579 0.022671506 -0.015538324 -0.006271607 -0.001776251 0.999858022
1341846389.866260 -0.108513266 0.076179400 0.039623205 -0.013146687 -0.006936835 0.002447122 0.999886513
1341846389.902002 -0.104707390 0.076305591 0.043253127 -0.011841283 -0.008244136 0.002694695 0.999892235
1341846389.934117 -0.098911487 0.077358760 0.052545711 -0.010630446 -0.006592499 0.000184536 0.999921739
1341846389.970116 -0.097598247 0.076927267 0.062535457 -0.010568885 -0.004365437 0.000148560 0.999934614
1341846390.002129 -0.100962609 0.076138057 0.069424398 -0.010916323 -0.005974564 0.002708997 0.999918878
1341846390.034099 -0.094109453 0.075092703 0.079513535 -0.009920782 -0.009196134 0.002087535 0.999906301
1341846390.070024 -0.086704813 0.082128309 0.092231430 -0.008464439 -0.008373360 -0.002867881 0.999925017
1341846390.101910 -0.085848339 0.077151142 0.104692236 -0.010357510 -0.008614877 -0.003218190 0.999904096
1341846390.137924 -0.078071102 0.072326817 0.113542356 -0.009713640 -0.011758002 -0.002002193 0.999881685
1341846390.170038 -0.071207345 0.079513431 0.114667252 -0.007377399 -0.011642938 -0.003051704 0.999900341
1341846390.202115 -0.071843579 0.081661701 0.120158032 -0.010099445 -0.009977852 -0.005162993 0.999885857
1341846390.238117 -0.070775904 0.075064436 0.131481469 -0.011287404 -0.010990323 -0.003788494 0.999868691
1341846390.270052 -0.064746246 0.075976714 0.134879649 -0.010727131 -0.014510128 0.003166234 0.999832153
1341846390.302085 -0.053844344 0.079339698 0.143125743 -0.011612786 -0.015691124 0.004652489 0.999798596
1341846390.338496 -0.049555916 0.076820992 0.156255826 -0.011982246 -0.014311774 0.006838986 0.999802411
1341846390.370105 -0.051682647 0.078376308 0.161741018 -0.011922689 -0.015643461 0.012176374 0.999732375
1341846390.438106 -0.037728414 0.079037026 0.180646896 -0.016904911 -0.022495352 0.009905774 0.999554932
1341846390.505984 -0.033783466 0.085539721 0.199522138 -0.020757141 -0.031023933 0.012368947 0.999226511
1341846390.538495 -0.021543171 0.080068581 0.198047325 -0.022701526 -0.033362694 0.008920147 0.999145627
1341846390.606055 -0.022198245 0.088119380 0.222409859 -0.024483055 -0.035445236 0.016252588 0.998939455
1341846390.638031 -0.008260936 0.088423625 0.219759479 -0.024188424 -0.038841881 0.017421341 0.998800635
1341846390.673954 0.002003945 0.095336325 0.225767478 -0.023459136 -0.036445629 0.014897068 0.998949170
1341846390.705937 -0.004106795 0.101775005 0.235189810 -0.025912924 -0.033852339 0.013269235 0.999002755
1341846390.737965 0.006250847 0.090541072 0.245254263 -0.029837657 -0.036433540 0.012989699 0.998806119
1341846390.774135 0.016058708 0.092844099 0.243773490 -0.027570205 -0.035100460 0.013285425 0.998915076
1341846390.806067 0.019821119 0.103769250 0.255091876 -0.026422815 -0.030756647 0.013678672 0.999083936
1341846390.838026 0.021230301 0.102913797 0.263532341 -0.028808314 -0.030149596 0.014979489 0.999017894
1341846390.874116 0.026794450 0.105099760 0.263293892 -0.029882962 -0.030196022 0.017104043 0.998950779
1341846390.906067 0.029269498 0.108624868 0.265842706 -0.031199126 -0.028439764 0.019902600 0.998910248
1341846390.942137 0.032214683 0.108467840 0.274443477 -0.033557180 -0.028739894 0.024173977 0.998730958
1341846390.974052 0.037153594 0.097277313 0.281925082 -0.034022570 -0.030515768 0.029275250 0.998526037
1341846391.006164 0.037125010 0.109715290 0.276711166 -0.031003166 -0.031934772 0.031271450 0.998519480
1341846391.042303 0.042233769 0.110223934 0.280474305 -0.033279572 -0.033340845 0.028354436 0.998487294
1341846391.074134 0.040665988 0.106645502 0.283705980 -0.033521235 -0.033969544 0.025386496 0.998537898
1341846391.106097 0.044094585 0.107770406 0.279632241 -0.033068739 -0.036808155 0.025991058 0.998436809
1341846391.142154 0.048208535 0.105495855 0.281470299 -0.034048062 -0.039536268 0.028601680 0.998228252
1341846391.174124 0.050972376 0.110091381 0.281111658 -0.032789748 -0.040189520 0.028433261 0.998249054
1341846391.209961 0.048101671 0.109063402 0.278026491 -0.032756623 -0.039082121 0.029282715 0.998269558
1341846391.241977 0.043099519 0.104427516 0.281803638 -0.032780554 -0.039651003 0.031373162 0.998182833
1341846391.273984 0.045797668 0.103248544 0.274637997 -0.031071257 -0.041681208 0.031164326 0.998161316
1341846391.309946 0.049596243 0.100097425 0.273884952 -0.030796388 -0.041465454 0.029750472 0.998221993
1341846391.342018 0.039318714 0.102734677 0.276821911 -0.030098801 -0.041478816 0.028193245 0.998287916
1341846391.378060 0.042688884 0.102523223 0.274516404 -0.029764833 -0.045256440 0.025869034 0.998196721
1341846391.410037 0.047509629 0.103362910 0.270853043 -0.029741704 -0.046418332 0.023830682 0.998194814
1341846391.442052 0.044397615 0.099044263 0.271513104 -0.029188596 -0.044757932 0.024773100 0.998264015
1341846391.478040 0.043731198 0.096436694 0.269826472 -0.028082008 -0.046552457 0.030246610 0.998062849
1341846391.510072 0.043103129 0.106263973 0.266955405 -0.026840251 -0.048224200 0.030950883 0.997996032
1341846391.542159 0.045119621 0.104610451 0.265649348 -0.027842160 -0.047748800 0.030638199 0.998001099
1341846391.578010 0.043831341 0.099889420 0.266081959 -0.028352261 -0.047162540 0.032341991 0.997960865
1341846391.610169 0.042662084 0.094477437 0.267869383 -0.028242780 -0.048445873 0.034957141 0.997814298
1341846391.645942 0.045544151 0.094829187 0.264380395 -0.026858049 -0.050804876 0.034847986 0.997739017
1341846391.677959 0.038902905 0.093765348 0.258169383 -0.025762880 -0.049812015 0.033618741 0.997860134
1341846391.710022 0.034016784 0.087363742 0.250843495 -0.025119297 -0.049791135 0.035511017 0.997812033
1341846391.745846 0.034882691 0.086585663 0.250214666 -0.022755137 -0.052589715 0.034420282 0.997763395
1341846391.778020 0.033151351 0.085516512 0.248662084 -0.020972967 -0.052267689 0.032812733 0.997873545
1341846391.810026 0.031759892 0.077166401 0.248406246 -0.020154946 -0.051760647 0.033952665 0.997878671
1341846391.846013 0.031786412 0.074259803 0.246160075 -0.018377280 -0.052569889 0.035603583 0.997813165
1341846391.877984 0.030754087 0.075653642 0.244726062 -0.015024385 -0.051933076 0.036264222 0.997878790
1341846391.914033 0.034567211 0.073489808 0.252086908 -0.013558837 -0.051995676 0.038168065 0.997825563
1341846391.945996 0.030371690 0.074816920 0.249436826 -0.011828166 -0.052064080 0.037619963 0.997864783
1341846391.978037 0.033139903 0.075191982 0.248539641 -0.011442124 -0.052420124 0.035640959 0.997923315
1341846392.014187 0.033976007 0.072744474 0.251330554 -0.011224315 -0.051921993 0.034204084 0.998002112
1341846392.046054 0.033717517 0.070659339 0.247380659 -0.010294120 -0.052292883 0.035128165 0.997960687
1341846392.078061 0.032337278 0.074856438 0.247248992 -0.009345706 -0.052679047 0.035583049 0.997933567
1341846392.114010 0.032438613 0.074100927 0.252525270 -0.009728785 -0.052757081 0.035319176 0.997935176
1341846392.145989 0.033088934 0.077077061 0.247856468 -0.008948829 -0.052644361 0.033137698 0.998023272
1341846392.181959 0.026168574 0.079994433 0.243502572 -0.010098357 -0.053667560 0.033106726 0.997958779
1341846392.213917 0.031999622 0.077139348 0.236847505 -0.011550399 -0.056840900 0.031276323 0.997826397
1341846392.246105 0.035553206 0.077601254 0.236883223 -0.010135849 -0.055152092 0.026586890 0.998072445
1341846392.282032 0.033193298 0.078574620 0.241226390 -0.010142860 -0.054064833 0.026079196 0.998145282
1341846392.314025 0.034450233 0.074187167 0.242199674 -0.009593537 -0.056558739 0.029085116 0.997929454
1341846392.349981 0.042903811 0.076764464 0.236126944 -0.007116330 -0.057179820 0.029166881 0.997912407
1341846392.382103 0.041404761 0.078646220 0.240967631 -0.006135245 -0.055074781 0.029772440 0.998019397
1341846392.414056 0.042314522 0.075948700 0.242022321 -0.006298279 -0.055808008 0.031608794 0.997921169
1341846392.450136 0.046306755 0.073851146 0.243824527 -0.004996810 -0.056689981 0.035892788 0.997733951
1341846392.482091 0.044926424 0.072053768 0.241469219 -0.002758521 -0.056842614 0.037434377 0.997677267
1341846392.514096 0.047830939 0.074182123 0.235563830 -0.001376730 -0.056787558 0.036274243 0.997726142
1341846392.550030 0.047845431 0.067694336 0.238169461 -0.002378077 -0.057541497 0.038099594 0.997613013
1341846392.582053 0.048140183 0.065075248 0.234436229 -0.001049349 -0.058613870 0.040169675 0.997471690
1341846392.617983 0.049919590 0.063902617 0.231212139 0.000615496 -0.059259295 0.041837648 0.997365296
1341846392.649909 0.052418523 0.063375205 0.231933638 0.001728759 -0.059017334 0.039893817 0.997457981
1341846392.682128 0.052945655 0.060716402 0.237868845 0.002269756 -0.059372295 0.038606960 0.997486472
1341846392.718019 0.052748136 0.056791544 0.237053201 0.003487016 -0.061618943 0.040785950 0.997259974
1341846392.749829 0.054986674 0.058445856 0.237432212 0.005778060 -0.063319221 0.040765468 0.997143686
1341846392.782107 0.053645331 0.059830807 0.234449536 0.006573490 -0.062881082 0.040267643 0.997186661
1341846392.818251 0.054447357 0.056180753 0.237264290 0.006558507 -0.062542900 0.040955070 0.997180045
1341846392.852165 0.055371687 0.053096097 0.234505191 0.008120556 -0.063326523 0.041899640 0.997079849
1341846392.885913 0.058210179 0.051516496 0.229520530 0.009021550 -0.062974401 0.040029164 0.997171283
1341846392.917882 0.057307143 0.051289406 0.226680458 0.010536930 -0.061300088 0.039758272 0.997271538
1341846392.950023 0.058748703 0.049370844 0.232922003 0.012287413 -0.061205462 0.040446199 0.997229636
