1341846313.592026 0.000000000 0.000000000 0.000000000 0.000000000 0.000000000 0.000000000 1.000000000
1341846313.654184 0.006864259 -0.004606085 -0.005508448 -0.001391609 -0.003165629 0.005119147 0.999980927
1341846313.686156 0.015204505 -0.002498384 0.000388160 -0.000111260 -0.005646578 0.004822684 0.999972403
1341846313.721918 0.020866385 -0.000225035 -0.005891885 0.000105841 -0.006679256 0.005133266 0.999964535
1341846313.753994 0.030366909 0.001551211 0.000976619 -0.000120760 -0.007722233 0.006703555 0.999947727
1341846313.789969 0.037660811 0.000694000 -0.001805457 0.000848320 -0.008476869 0.005688975 0.999947548
1341846313.822075 0.045810927 0.004696076 -0.000149974 0.001156405 -0.007684223 0.003820511 0.999962509
1341846313.853928 0.057207309 -0.000870407 0.000248597 -0.000275119 -0.006358251 0.003837261 0.999972403
1341846313.890011 0.061643284 0.005579663 0.001776689 0.000358745 -0.004289438 0.004911942 0.999978662
1341846313.922055 0.074181736 0.016231328 -0.007113111 -0.000174931 -0.005145641 0.005986343 0.999968827
1341846313.957927 0.094480723 0.015992578 0.025155663 -0.002135084 -0.003632470 0.006762374 0.999968231
1341846313.990058 0.069938548 0.011824856 0.025036471 -0.004010349 0.007456302 0.007802972 0.999933720
1341846314.022042 0.097124934 0.028052509 -0.004872577 -0.004684717 0.006027485 0.009658016 0.999924242
1341846314.057816 0.112269841 0.019549483 0.000288963 -0.009399781 0.007397990 0.010698261 0.999871254
1341846314.089801 0.121717982 0.016059818 0.005621185 -0.008728792 0.012275285 0.010311056 0.999833405
1341846314.122037 0.123302817 0.030592173 0.000413479 -0.008459128 0.016294062 0.014851379 0.999721169
1341846314.157989 0.130738065 0.021038972 0.003598603 -0.011704328 0.019398961 0.014305891 0.999641001
1341846314.190094 0.132272869 0.025841007 0.004706000 -0.010851028 0.023944855 0.015170077 0.999539316
1341846314.225969 0.142397374 0.031192387 0.000232901 -0.013087491 0.024867881 0.019692551 0.999411106
1341846314.257923 0.143043369 0.022170709 0.008530759 -0.016004929 0.027453393 0.018527757 0.999323249
1341846314.290052 0.144049689 0.027774554 0.014421623 -0.013670989 0.029040437 0.017762139 0.999326885
1341846314.325981 0.154148936 0.032026108 0.014016601 -0.014363367 0.029389478 0.016705671 0.999325216
1341846314.357905 0.164356023 0.025780162 0.017553644 -0.015876666 0.031803276 0.014991435 0.999255598
1341846314.389899 0.166974068 0.022663092 0.018055266 -0.014858133 0.034757167 0.014249023 0.999183714
1341846314.427905 0.171667710 0.031493645 0.012210499 -0.013771941 0.036849044 0.012799987 0.999143958
1341846314.493987 0.178099751 0.020420197 0.024784090 -0.013514874 0.046950646 0.004896559 0.998793781
1341846314.526085 0.184980050 0.028028466 0.021345561 -0.012551012 0.048797067 0.003320690 0.998724341
1341846314.558292 0.192927942 0.025978891 0.022747600 -0.014044019 0.051379744 0.004220718 0.998571515
1341846314.594085 0.203480527 0.018592019 0.022384541 -0.013473932 0.055222660 0.003285294 0.998377740
1341846314.626096 0.200519651 0.026757436 0.018725190 -0.012122414 0.060243066 0.004583108 0.998099566
1341846314.658455 0.208461106 0.029034918 0.020182889 -0.013882828 0.061737999 0.004103046 0.997987390
1341846314.694004 0.226024136 0.015850667 0.020933485 -0.015334476 0.064457648 0.003430461 0.997796714
1341846314.725910 0.226880684 0.007734019 0.027269462 -0.012344849 0.067656338 0.008831067 0.997593224
1341846314.761942 0.227353558 0.009524676 0.020605439 -0.008519682 0.068302386 0.012822070 0.997545898
1341846314.794030 0.237582624 0.012063680 0.009950052 -0.005045046 0.070010133 0.013611111 0.997440696
1341846314.826092 0.251706153 0.015912194 0.005178049 -0.002654789 0.072884470 0.014987867 0.997224212
1341846314.862145 0.256766170 0.020266201 0.004887358 -0.001969153 0.076799601 0.015768822 0.996919930
1341846314.894072 0.264610112 0.017645771 0.008263690 -0.002661566 0.080468759 0.016701575 0.996613681
1341846314.925969 0.269191444 0.020042628 0.011444507 -0.002571798 0.083147794 0.021027697 0.996312082
1341846314.961937 0.275243223 0.034678634 0.005351236 -0.003694467 0.083154552 0.025968174 0.996191442
1341846314.994564 0.278153062 0.027524207 0.012303434 -0.008036817 0.084297501 0.023777358 0.996124506
1341846315.029900 0.291884661 0.023333913 0.008879364 -0.008750780 0.086903304 0.021622082 0.995943666
1341846315.061965 0.289926142 0.026542524 0.019450530 -0.008952351 0.090010129 0.025610462 0.995571256
1341846315.094388 0.291258335 0.025095655 0.030699423 -0.008808451 0.089067973 0.026424544 0.995635986
1341846315.129851 0.301567256 0.023722429 0.020453060 -0.007106340 0.088607639 0.025398478 0.995717406
1341846315.161941 0.310307980 0.044603806 0.001927419 -0.007949747 0.087347373 0.031752177 0.995640039
1341846315.197984 0.301623613 0.032047693 -0.002038589 -0.015837334 0.086759910 0.025211353 0.995784283
1341846315.230076 0.317706198 0.034099020 0.011677741 -0.018736977 0.084538773 0.022435866 0.995991349
1341846315.262069 0.320788383 0.038307860 0.023788167 -0.021450587 0.081876144 0.026240215 0.996066093
1341846315.298000 0.322742224 0.028762005 0.027133914 -0.024241047 0.078548752 0.026137799 0.996272683
1341846315.329931 0.325392485 0.018725391 0.036076188 -0.022074170 0.077129893 0.027540248 0.996396124
1341846315.361981 0.341731608 0.019904358 0.026465844 -0.016173892 0.075219691 0.031349655 0.996542871
1341846315.397962 0.348881841 0.023663266 0.023092568 -0.012768740 0.075118348 0.034887720 0.996482372
1341846315.429923 0.354449123 0.025004108 0.021441976 -0.009837679 0.076887242 0.035300277 0.996366143
1341846315.466047 0.373092353 0.034587249 0.019615132 -0.007969373 0.078454427 0.037676618 0.996173620
1341846315.497883 0.366012275 0.035080191 0.023706857 -0.008777730 0.082852490 0.041673239 0.995651424
1341846315.530008 0.367977440 0.033057429 0.021673830 -0.009075314 0.084304892 0.042512167 0.995491326
1341846315.566108 0.373881847 0.029553797 0.022746934 -0.010900931 0.084534049 0.044666436 0.995359242
1341846315.597986 0.374692917 0.030276291 0.021448927 -0.010709239 0.085966304 0.043014299 0.995311439
1341846315.630109 0.376523763 0.028322427 0.021068497 -0.010935726 0.087001197 0.042272821 0.995250821
1341846315.666042 0.381173432 0.031432699 0.004561488 -0.011560045 0.088214196 0.042374339 0.995132685
1341846315.698114 0.382933229 0.047724273 0.004165260 -0.014430321 0.091301464 0.039745461 0.994925201
1341846315.733985 0.375834048 0.030289989 0.022389956 -0.019426586 0.095025972 0.042102274 0.994394302
1341846315.766041 0.364401251 0.034273840 0.022939475 -0.018410139 0.093953989 0.042061079 0.994517207
1341846315.798188 0.366972953 0.031338826 0.024120675 -0.019775635 0.093221687 0.041086160 0.994600713
1341846315.834140 0.364431679 0.022264937 0.020828005 -0.019634355 0.095544159 0.038691029 0.994479179
1341846315.866751 0.366085380 0.022112811 0.021486927 -0.017592775 0.096510410 0.039584100 0.994388938
1341846315.898492 0.355400473 0.023699183 0.023911679 -0.015861701 0.098289371 0.037959028 0.994307160
1341846315.936901 0.353732973 0.015408807 0.018841309 -0.014009860 0.099903516 0.036561299 0.994226456
1341846315.966572 0.345229596 0.015236183 0.022394182 -0.010669771 0.102092005 0.036132842 0.994061232
1341846316.034204 0.331504673 0.013724061 0.019672893 -0.007013747 0.102705568 0.034217358 0.994098365
1341846316.066113 0.324130565 0.014103035 0.027972318 -0.004515343 0.103029601 0.033962648 0.994088054
1341846316.101867 0.311392426 0.015507832 0.025460511 -0.003029799 0.102721110 0.034385867 0.994111061
1341846316.134066 0.302934170 0.016700227 0.030467585 -0.003673485 0.099737875 0.031994060 0.994492471
1341846316.202049 0.286827892 0.008904289 0.034813125 -0.003947645 0.095747098 0.027379833 0.995021224
1341846316.233979 0.280012608 0.011445428 0.027230423 -0.003146117 0.094975606 0.024447558 0.995174408
1341846316.270052 0.275893301 0.008530415 0.022628995 -0.004959312 0.095801830 0.021985989 0.995145261
1341846316.301915 0.266393840 0.000116501 0.032908592 -0.005531442 0.097694449 0.020322612 0.994993567
1341846316.334208 0.265348017 -0.001440668 0.025003171 -0.004061654 0.096128106 0.021881448 0.995120168
1341846316.370006 0.258257300 -0.005098907 0.018903518 -0.002437664 0.095265605 0.021653622 0.995213389
1341846316.401994 0.250554770 -0.000302010 0.028213760 0.000139460 0.094496682 0.025047928 0.995209992
1341846316.438069 0.244115278 -0.008325038 0.027105726 0.001523049 0.094324738 0.027186321 0.995169044
1341846316.470076 0.237550393 -0.012982898 0.031350203 0.005489470 0.093909279 0.029696537 0.995122612
1341846316.502034 0.225154892 -0.002548003 0.012064836 0.008278144 0.091693945 0.030673658 0.995280266
1341846316.537975 0.215352878 0.002105060 0.015212384 0.006276998 0.089376450 0.028789297 0.995561957
1341846316.570121 0.209484875 -0.007403891 0.023894342 0.005266819 0.089263633 0.025234433 0.995674372
1341846316.601885 0.205290645 -0.010574546 0.025019614 0.007007631 0.088358894 0.024434736 0.995764315
1341846316.638009 0.198065460 -0.008616379 0.025936186 0.009827658 0.087132134 0.026286136 0.995801389
1341846316.669925 0.191613495 -0.010679315 0.024823667 0.012122579 0.086356334 0.025804520 0.995856285
1341846316.705941 0.186100334 -0.014828932 0.019189415 0.016197372 0.086470492 0.027163852 0.995752275
1341846316.738062 0.178426638 -0.006439265 0.006176146 0.019132784 0.085457563 0.030168762 0.995701134
1341846316.770433 0.171424553 -0.003192127 0.009136924 0.018477106 0.084697753 0.030462351 0.995769501
1341846316.805932 0.165528446 -0.014124710 0.013771938 0.017978979 0.084976502 0.029461188 0.995784998
1341846316.838029 0.158725128 -0.006001850 0.014901055 0.020442814 0.082975730 0.031599745 0.995840609
1341846316.870034 0.140135974 -0.016177917 0.013661994 0.019542858 0.081207149 0.031906009 0.995994687
1341846316.906344 0.134394199 -0.013462023 0.011189355 0.020979976 0.077821076 0.031018302 0.996263802
1341846316.937940 0.134460717 -0.010337211 0.005786549 0.021321381 0.075939432 0.028463835 0.996478021
1341846316.973994 0.125372157 -0.010491991 0.005163549 0.020525958 0.074381493 0.027621262 0.996635914
1341846317.005913 0.119020790 -0.013643960 0.015651096 0.019017775 0.071436055 0.029639378 0.996823311
1341846317.037936 0.110390835 -0.016216315 0.021034563 0.019444976 0.069412000 0.028499726 0.996991277
1341846317.073972 0.106400795 -0.018684223 0.019022048 0.020365419 0.067594811 0.029841691 0.997058511
1341846317.106113 0.105373107 -0.020693300 0.022789044 0.022668142 0.065136202 0.034071371 0.997036874
1341846317.137887 0.082603082 -0.018144857 0.001036635 0.026152207 0.060590964 0.036564060 0.997149825
1341846317.173970 0.061867602 -0.019741526 0.013241788 0.026685616 0.056024242 0.038148750 0.997343361
1341846317.205887 0.069137767 -0.015872307 0.023724062 0.027568910 0.051297709 0.039848909 0.997507155
1341846317.248131 0.062509820 -0.022532338 0.018949863 0.028033916 0.048536595 0.042773064 0.997511268
1341846317.306289 0.055603463 -0.016115008 0.027578136 0.030251624 0.041740600 0.046307769 0.997596145
1341846317.348137 0.054531615 -0.018851139 0.025740456 0.031310972 0.042529270 0.048104830 0.997445107
1341846317.410120 0.043140814 -0.012605858 0.032884583 0.033728458 0.041744072 0.052811280 0.997161388
1341846317.442569 0.044554476 -0.021470943 0.034462165 0.035486754 0.041376173 0.055737495 0.996956408
1341846317.474010 0.026482476 -0.023399016 0.042604171 0.041030232 0.043512523 0.057486691 0.996553302
1341846317.509927 0.016641503 -0.015586924 0.033267718 0.044334792 0.041431248 0.061192270 0.996279716
1341846317.542282 0.012039028 -0.008566089 0.038714468 0.044416770 0.038449306 0.061697856 0.996364474
1341846317.573943 0.012936921 -0.016459173 0.034303315 0.043344017 0.038314153 0.060945161 0.996463239
1341846317.610159 0.002206268 -0.023806635 0.034892820 0.045455791 0.040868390 0.062107921 0.996195793
1341846317.643553 -0.014988122 -0.016359560 0.033710774 0.048599780 0.041221805 0.064912707 0.995853961
1341846317.677993 -0.023469588 -0.019796185 0.037472881 0.048924744 0.037991893 0.066978209 0.995829761
1341846317.709996 -0.028597919 -0.016946832 0.039650623 0.051915873 0.035453334 0.066218495 0.995822728
1341846317.741834 -0.040724017 -0.009140844 0.035194866 0.052871689 0.034695994 0.066196837 0.995800555
1341846317.777923 -0.050702751 -0.013719025 0.038961131 0.050375979 0.033888776 0.065162249 0.996025920
1341846317.810021 -0.056871407 -0.019051844 0.037558723 0.049704466 0.032004271 0.063999325 0.996197343
1341846317.841886 -0.067616865 -0.009075081 0.039877776 0.049879707 0.031553365 0.061141111 0.996382535
1341846317.878017 -0.073005281 -0.009310236 0.045889378 0.047241919 0.031400524 0.056817316 0.996771753
1341846317.909910 -0.071805649 -0.013593060 0.046799760 0.046070065 0.031873215 0.053033080 0.997020125
1341846317.946031 -0.092205077 -0.018388005 0.039559629 0.046775214 0.034312151 0.053014610 0.996907294
1341846317.978041 -0.098724060 -0.023568803 0.043381680 0.048484478 0.032933898 0.053145219 0.996865153
1341846318.009897 -0.102885455 -0.017384013 0.036934081 0.051511634 0.032995742 0.052054878 0.996768832
1341846318.045949 -0.114826038 -0.013851713 0.034296293 0.051878601 0.034295674 0.051408887 0.996739447
1341846318.078074 -0.125280723 -0.019228419 0.028906029 0.050426960 0.032875229 0.049961049 0.996935427
1341846318.109894 -0.138620406 -0.012537990 0.044981997 0.051060934 0.029691927 0.046611462 0.997165263
1341846318.145957 -0.143115848 -0.014559702 0.039087858 0.050053004 0.027413750 0.044246662 0.997389317
1341846318.178001 -0.149106964 -0.019990709 0.033543948 0.048794135 0.027450474 0.041801382 0.997556150
1341846318.214074 -0.161087960 -0.019671829 0.043247767 0.050025616 0.026218954 0.040765002 0.997571170
1341846318.245970 -0.172125503 -0.028353265 0.038482390 0.052221041 0.020609623 0.041766949 0.997548878
1341846318.278018 -0.178811520 -0.027275169 0.045710538 0.056165259 0.016110051 0.041456174 0.997430384
1341846318.313937 -0.192804888 -0.023406528 0.044915356 0.058481690 0.010508595 0.039557327 0.997449100
1341846318.345989 -0.196999356 -0.027286615 0.032689959 0.059539922 0.000400301 0.039111111 0.997459352
1341846318.382046 -0.217491418 -0.029679226 0.027977329 0.061328474 -0.004895170 0.037542880 0.997399330
1341846318.414072 -0.222306058 -0.033398483 0.016589582 0.062124621 -0.011600062 0.038056370 0.997275174
1341846318.446035 -0.229880422 -0.030939912 0.039831921 0.065014310 -0.017605152 0.039053146 0.996964395
1341846318.482196 -0.233638167 -0.027299035 0.031630669 0.066607244 -0.019728592 0.039184503 0.996814311
1341846318.514144 -0.241554961 -0.028393744 0.037540872 0.066451140 -0.021163253 0.039334685 0.996789455
1341846318.546259 -0.240764797 -0.039293639 0.024243465 0.066963114 -0.023412727 0.041031230 0.996636450
1341846318.582042 -0.252558976 -0.031499557 0.020001916 0.069021605 -0.022994965 0.040636197 0.996521950
1341846318.614115 -0.260964692 -0.031955153 0.022064077 0.068565413 -0.023124762 0.039876793 0.996581078
1341846318.650038 -0.271073520 -0.029468000 0.036433678 0.068322696 -0.023351206 0.035428535 0.996760547
1341846318.682350 -0.278592318 -0.027534997 0.027576668 0.068490833 -0.024165347 0.034953043 0.996746361
1341846318.714063 -0.287581056 -0.029186985 0.032969814 0.067803442 -0.024963375 0.034084924 0.996803761
1341846318.749905 -0.294127136 -0.034086410 0.029705632 0.068373211 -0.025170140 0.035725743 0.996702194
1341846318.782036 -0.305126935 -0.031533819 0.033405244 0.070351273 -0.025583141 0.037185866 0.996500611
1341846318.814121 -0.319116294 -0.035040751 0.033729754 0.070209682 -0.030500207 0.036132105 0.996410966
1341846318.850072 -0.331306130 -0.036282651 0.017595693 0.070174143 -0.036034007 0.033525910 0.996319830
1341846318.883516 -0.330490887 -0.045147087 -0.005835309 0.072872356 -0.045271501 0.032492798 0.995783269
1341846318.918047 -0.342872024 -0.037305683 0.016037239 0.076435603 -0.057052765 0.030154848 0.994984031
1341846318.950044 -0.358311743 -0.044125725 0.011734825 0.077628553 -0.065514505 0.029298482 0.994395912
1341846318.982028 -0.368709743 -0.040592950 0.008288555 0.079443693 -0.068689086 0.026288955 0.994122386
1341846319.018123 -0.372517496 -0.046157353 0.021291619 0.077778332 -0.075794920 0.029228451 0.993655503
1341846319.050745 -0.372941703 -0.047779728 0.022982150 0.080309227 -0.081670024 0.025043236 0.993102849
1341846319.081905 -0.374441296 -0.040598340 0.015402914 0.086439662 -0.081576698 0.023040269 0.992644191
1341846319.117976 -0.401265502 -0.031020934 -0.005085735 0.089416713 -0.079372883 0.026915304 0.992461622
1341846319.150093 -0.412650585 -0.034334697 0.005941472 0.091027334 -0.083483696 0.033842295 0.991765678
1341846319.186069 -0.401364833 -0.024318602 0.019519567 0.092914581 -0.086212203 0.035710037 0.991291642
1341846319.218149 -0.398830861 -0.009875315 0.008354853 0.090798847 -0.082354009 0.034145392 0.991870642
1341846319.250034 -0.406680018 -0.017581817 0.010296608 0.083312832 -0.076409280 0.034480814 0.992991269
1341846319.286594 -0.426617861 -0.022538850 0.024623785 0.081702136 -0.071677387 0.036640320 0.993400514
1341846319.318034 -0.439319193 -0.023785375 0.027076414 0.082331806 -0.069801450 0.040534753 0.993330836
1341846319.350268 -0.450385183 -0.024642577 0.023648199 0.083253324 -0.069419473 0.046567924 0.993016183
1341846319.386163 -0.458406866 -0.035527918 0.005022834 0.083803967 -0.074382849 0.054837737 0.992187917
1341846319.418386 -0.454666734 -0.026423957 0.012244347 0.085725568 -0.080470987 0.055249020 0.991525650
1341846319.453961 -0.460788429 -0.025921682 0.015321898 0.086274706 -0.082229704 0.051322442 0.991544724
1341846319.486271 -0.476532608 -0.026772223 0.005492957 0.084942542 -0.081838623 0.050812971 0.991718292
1341846319.554083 -0.491523266 -0.029242601 0.017891042 0.079730950 -0.088149182 0.049543556 0.991674423
1341846319.586296 -0.507181466 -0.030450985 0.011472566 0.080105469 -0.087139398 0.045491952 0.991927564
1341846319.622031 -0.522046566 -0.027384594 -0.005076578 0.078961648 -0.089982241 0.041221481 0.991952121
1341846319.653962 -0.526390612 -0.032968454 0.011836934 0.078401618 -0.095367715 0.040670972 0.991516054
1341846319.686352 -0.533907712 -0.036363762 0.017560026 0.079694830 -0.099308848 0.043014180 0.990926981
1341846319.721992 -0.539557159 -0.030112553 0.011530668 0.080902010 -0.103351541 0.043265879 0.990404606
1341846319.754063 -0.546046078 -0.015516435 0.017325385 0.078692876 -0.105631344 0.042542256 0.990373492
1341846319.786397 -0.547419727 -0.017590232 0.029198628 0.074448615 -0.106211431 0.046675723 0.990453362
1341846319.822008 -0.553509355 -0.019847924 0.012977628 0.070734613 -0.106593095 0.051047526 0.990468919
1341846319.853917 -0.559789479 -0.017512746 0.017587138 0.065649353 -0.107610755 0.055576675 0.990465164
1341846319.889942 -0.564391255 -0.031182760 0.016629843 0.061646033 -0.108247712 0.060507953 0.990364015
1341846319.922039 -0.573739886 -0.037725929 0.016658733 0.060998853 -0.111965567 0.061531618 0.989927590
1341846319.953946 -0.568966866 -0.035331197 0.033374526 0.062023465 -0.119251020 0.057890400 0.989232481
1341846319.990054 -0.571689606 -0.032769252 0.032769002 0.065188505 -0.121825077 0.050418556 0.989124358
1341846320.028122 -0.574923277 -0.039667130 0.023893867 0.066345274 -0.125020310 0.049923394 0.988673806
1341846320.090047 -0.557647169 -0.025931625 0.031438414 0.072778814 -0.133525416 0.050108124 0.987098455
1341846320.122011 -0.544558764 -0.026280837 0.045739207 0.073264703 -0.131635189 0.051765099 0.987230897
1341846320.157952 -0.544584394 -0.029502038 0.036389600 0.073220767 -0.128884137 0.051983740 0.987585545
1341846320.190003 -0.525513887 -0.036057420 0.043968339 0.075751834 -0.126233906 0.050809227 0.987798035
1341846320.221941 -0.522399664 -0.037704878 0.049556974 0.079561219 -0.122665025 0.052064132 0.987882853
1341846320.258015 -0.509839714 -0.042447470 0.039707169 0.083286121 -0.122304127 0.054635961 0.987481594
1341846320.289887 -0.498873174 -0.053532109 0.033722084 0.088182777 -0.123118408 0.054627161 0.986955643
1341846320.321954 -0.489645600 -0.047768045 0.022475161 0.097891510 -0.123633072 0.053536028 0.986035466
1341846320.357890 -0.476213515 -0.036601335 0.037305292 0.103321753 -0.124116711 0.056447525 0.985257983
1341846320.390064 -0.457307875 -0.033515714 0.037668586 0.104871571 -0.120686978 0.055920988 0.985550344
1341846320.426544 -0.439817876 -0.035323311 0.075229168 0.107919112 -0.114306711 0.052860297 0.986150682
1341846320.458122 -0.440390259 -0.043024968 0.069895789 0.107574955 -0.106832862 0.051478904 0.987098932
1341846320.490186 -0.428664535 -0.031609911 0.058040887 0.112939499 -0.098738112 0.049117442 0.987462878
1341846320.525911 -0.400528938 -0.037941981 0.024757147 0.115667157 -0.091944031 0.047179811 0.987897456
1341846320.558091 -0.400915682 -0.036953587 0.021726670 0.116729669 -0.087575696 0.043697856 0.988329470
1341846320.594093 -0.380515158 -0.044289678 0.018795950 0.118068248 -0.082710557 0.038854163 0.988791764
1341846320.631955 -0.369400442 -0.034458727 0.040473226 0.120738477 -0.075578012 0.039264981 0.989023983
1341846320.664916 -0.360658109 -0.030167246 0.030761415 0.120890319 -0.073007539 0.037205711 0.989278078
1341846320.699927 -0.343306124 -0.034680404 0.019718407 0.120196573 -0.070049606 0.036218721 0.989613056
1341846320.731822 -0.327548057 -0.032016348 0.021424852 0.122693673 -0.063749924 0.035502616 0.989758432
1341846320.763877 -0.329925090 -0.015139017 0.025190234 0.120447069 -0.061695237 0.035986129 0.990147054
1341846320.799999 -0.317204058 -0.034149125 0.036865007 0.112913124 -0.063345753 0.029919963 0.991132081
1341846320.831871 -0.264527887 -0.038299788 0.081477441 0.114810221 -0.058065653 0.026852092 0.991325378
1341846320.863887 -0.301617086 -0.018667430 0.046771884 0.113999039 -0.044099860 0.027379425 0.992123902
1341846320.900014 -0.283475190 -0.042642735 0.031918056 0.105453618 -0.049703870 0.032494932 0.992649555
1341846320.931889 -0.263274282 -0.050116267 0.040799983 0.106853299 -0.050236862 0.031740747 0.992497444
1341846320.967866 -0.255368471 -0.019538142 0.028684903 0.107623555 -0.044184621 0.028027315 0.992813826
1341846321.000017 -0.257702559 -0.032742545 0.025934471 0.100452654 -0.043570176 0.025242923 0.993666768
1341846321.031860 -0.234866709 -0.041663747 0.031788621 0.098322637 -0.043911595 0.024311936 0.993888021
1341846321.068047 -0.236583933 -0.022676291 0.040875990 0.099984907 -0.040053036 0.021677317 0.993946075
1341846321.099840 -0.237215996 -0.024599662 0.021847881 0.097440861 -0.037735187 0.022072809 0.994280756
1341846321.131821 -0.214857101 -0.039126530 0.022978134 0.096928477 -0.036774211 0.023993388 0.994322300
1341846321.167887 -0.203304544 -0.034358073 0.030616896 0.099802554 -0.033211093 0.024827791 0.994142890
1341846321.200042 -0.198476449 -0.028396839 0.039160348 0.100488253 -0.030703142 0.024132362 0.994171560
1341846321.231950 -0.193169102 -0.033774227 0.037178457 0.099779300 -0.029645061 0.022692809 0.994308949
1341846321.267939 -0.173476204 -0.030089522 0.026433848 0.100257911 -0.028191026 0.018383263 0.994392097
1341846321.299948 -0.157827064 -0.032934520 0.038047228 0.098750472 -0.024318380 0.012544279 0.994735956
1341846321.331858 -0.164542183 -0.037732419 0.028596364 0.098680578 -0.020628652 0.008466262 0.994869292
1341846321.367913 -0.140121266 -0.044505302 0.029169155 0.099815346 -0.019321259 0.004694966 0.994807243
1341846321.399897 -0.135401621 -0.038599547 0.034908988 0.102006048 -0.014179187 0.004112435 0.994674146
1341846321.435994 -0.132764325 -0.041978747 0.032272112 0.103275158 -0.010406402 0.003271990 0.994592965
1341846321.467946 -0.123532712 -0.043353435 0.029738909 0.104996167 -0.007842395 0.003934437 0.994433880
1341846321.499882 -0.106095508 -0.042616691 0.035335168 0.106496900 -0.005485568 0.004237128 0.994288862
1341846321.536109 -0.084536858 -0.028024832 0.034430496 0.107055984 -0.000407211 0.001157501 0.994252264
1341846321.568960 -0.097647443 -0.020444764 0.049308758 0.104219444 0.007370365 -0.001563580 0.994525790
1341846321.603938 -0.098643735 -0.031326551 0.035507713 0.100277558 0.010168546 -0.001287209 0.994906723
1341846321.637163 -0.049518224 -0.020115403 0.019353354 0.098507509 0.012317090 -0.001241734 0.995059311
1341846321.668306 -0.070203058 -0.022839755 0.041214630 0.093446948 0.024077561 0.001097634 0.995332479
1341846321.704411 -0.085678503 -0.024675548 0.034548882 0.090442076 0.026239650 0.007878616 0.995524824
1341846321.736861 -0.080227278 -0.023408370 0.047806367 0.089496590 0.023358323 0.016767029 0.995571971
1341846321.771881 -0.063511617 -0.007077308 0.048271604 0.087988421 0.022587236 0.021668892 0.995629609
1341846321.804114 -0.051024999 -0.012827019 0.054433607 0.083138704 0.024458254 0.025330933 0.995915711
1341846321.836152 -0.057113640 -0.006684187 0.055621304 0.080530614 0.027541738 0.025577718 0.996043205
1341846321.871882 -0.056740049 -0.001162745 0.057476047 0.075090386 0.029083669 0.021727998 0.996515632
1341846321.904074 -0.044906985 -0.002639818 0.058228746 0.068716325 0.029678285 0.019465420 0.997004688
1341846321.939847 -0.041336346 -0.006538245 0.064212576 0.064749926 0.032703880 0.017038286 0.997219920
1341846322.004094 -0.050142553 -0.009945314 0.064192839 0.057832763 0.031468250 0.016484750 0.997694016
1341846322.066178 -0.030634709 -0.017990341 0.060803451 0.052777220 0.035346441 0.013655049 0.997887135
1341846322.107979 -0.035735827 -0.033097535 0.062642790 0.049802978 0.037884153 0.012354813 0.997963846
1341846322.166164 -0.035764076 -0.053900506 0.067718774 0.052808471 0.037780218 0.011832030 0.997819543
1341846322.202932 -0.033662420 -0.058409926 0.063686334 0.054155868 0.035391767 0.012386919 0.997828186
1341846322.234093 -0.035501778 -0.061236415 0.064263508 0.053130601 0.034113731 0.010358500 0.997950912
1341846322.265941 -0.034188736 -0.073570393 0.060924154 0.050442401 0.030838132 0.010770825 0.998192608
1341846322.301996 -0.027364835 -0.086119175 0.063375324 0.048628617 0.028779253 0.011608510 0.998334706
1341846322.333949 -0.037909292 -0.102095544 0.056003075 0.047360156 0.027482791 0.011371174 0.998434961
1341846322.369871 -0.025827527 -0.118187174 0.059973009 0.047737584 0.021465279 0.007835478 0.998598516
1341846322.402292 -0.009882972 -0.125599921 0.061513659 0.049966730 0.021721326 0.002765950 0.998510838
1341846322.433955 -0.018392082 -0.148280263 0.056477647 0.054380391 0.024081489 -0.002327427 0.998227119
1341846322.470030 -0.018288195 -0.158559114 0.063655652 0.061992727 0.019895319 0.001861258 0.997876525
1341846322.502433 -0.002455897 -0.176333770 0.053133577 0.067501880 0.015312077 0.006912787 0.997577667
1341846322.534002 -0.007065420 -0.183039814 0.070070654 0.076707520 0.015848208 0.005531629 0.996912360
1341846322.570196 -0.009045994 -0.183199793 0.068246387 0.086672574 0.015760843 0.008358607 0.996077120
1341846322.601920 -0.014819073 -0.185204521 0.064318039 0.093027160 0.013254024 0.011967135 0.995503426
1341846322.638119 0.005509965 -0.221336484 0.061554700 0.096563451 0.008458335 0.011906034 0.995219648
1341846322.669947 0.017647795 -0.227636561 0.068196833 0.101116568 0.010876955 0.012219940 0.994740069
1341846322.702026 -0.001904162 -0.240430042 0.066554926 0.103635736 0.014254087 0.013646097 0.994419575
1341846322.738006 0.003803827 -0.231862456 0.066309504 0.106359079 0.011053101 0.014274025 0.994163871
1341846322.770087 0.016235484 -0.255139053 0.063075684 0.105452515 0.010964388 0.014487381 0.994258344
1341846322.806047 0.005083450 -0.262050360 0.070290491 0.109551609 0.011592486 0.015897045 0.993786335
1341846322.838063 0.004301366 -0.270448595 0.060539376 0.111067727 0.007129096 0.017754640 0.993628621
1341846322.870081 0.006527771 -0.285546422 0.069215044 0.112841576 0.001987322 0.018455639 0.993439555
1341846322.906018 0.020500937 -0.290124565 0.073516272 0.117831878 -0.000156356 0.019126965 0.992849290
1341846322.938349 0.019964898 -0.275886357 0.076895162 0.119156875 0.001088599 0.020220773 0.992668867
1341846322.970069 0.019511275 -0.279660106 0.073135167 0.114313811 0.000591457 0.021899227 0.993203104
1341846323.011820 0.025797196 -0.295925170 0.069837190 0.111237518 0.000656644 0.022490080 0.993539095
1341846323.073951 0.020445472 -0.296795547 0.075917929 0.108766794 0.000847522 0.026680542 0.993708789
1341846323.105962 0.022378124 -0.314084649 0.081240058 0.105552688 0.000710695 0.026320605 0.994065046
1341846323.138158 0.021904729 -0.316714585 0.077104494 0.106273107 0.000925920 0.022577876 0.994080186
1341846323.174092 0.020049671 -0.318113327 0.081793785 0.104185991 0.000534082 0.021917334 0.994316161
1341846323.206059 0.025486557 -0.326692700 0.079166107 0.101166539 0.000023918 0.018872570 0.994690418
1341846323.238053 0.030078588 -0.326035857 0.081447437 0.098982900 0.002824696 0.016810030 0.994943082
1341846323.273997 0.013179875 -0.325433940 0.084991589 0.095112532 0.003679001 0.018475892 0.995288253
1341846323.305946 0.017047778 -0.333373725 0.087813593 0.089755900 -0.000455191 0.019146694 0.995779634
1341846323.342027 0.046033550 -0.352853239 0.094533823 0.087659918 -0.000588434 0.017619027 0.995994449
1341846323.374048 0.020544814 -0.360726029 0.089792714 0.087885045 0.004863425 0.018596347 0.995945096
1341846323.405987 0.005091719 -0.365241319 0.094671503 0.088627994 0.000864697 0.023311609 0.995791614
1341846323.441956 0.022870909 -0.376232058 0.095371842 0.089484163 -0.003981379 0.025879398 0.995644033
1341846323.473878 0.028583096 -0.384026676 0.097614169 0.093610562 -0.002894402 0.024912508 0.995292962
1341846323.506129 0.019144425 -0.381114513 0.094882183 0.096336983 -0.002417386 0.021614045 0.995111167
1341846323.541972 0.026047228 -0.380086005 0.098758087 0.095150582 -0.002939777 0.020086467 0.995255888
1341846323.573913 0.052248843 -0.401872933 0.080099672 0.093453459 -0.000305096 0.015237289 0.995507002
1341846323.609927 0.048346475 -0.398018569 0.097072892 0.094537616 0.006032162 0.011609958 0.995435297
1341846323.642014 0.028124133 -0.407449424 0.102269895 0.093432330 0.009184938 0.011302600 0.995519102
1341846323.674081 0.021881655 -0.423506588 0.086464740 0.092959426 0.007847864 0.013206468 0.995551407
1341846323.710069 0.026871115 -0.444537133 0.078065008 0.093811497 0.006250503 0.017578829 0.995415151
1341846323.742111 0.023394816 -0.445617914 0.088240594 0.098864488 0.004209773 0.018836273 0.994913697
1341846323.774928 0.022053979 -0.443459690 0.087051727 0.102521069 0.002102274 0.016131733 0.994597793
1341846323.810012 0.024446601 -0.449444383 0.088946432 0.103738867 0.000918164 0.012747615 0.994522452
1341846323.842207 0.026797047 -0.453124344 0.086303480 0.105146743 0.000770182 0.008038613 0.994423926
1341846323.878019 0.022911360 -0.468302608 0.070027918 0.105498135 0.000665059 0.002715164 0.994415581
1341846323.909826 0.028868543 -0.484800428 0.063456595 0.108126909 -0.001212627 -0.000987964 0.994135857
1341846323.942459 0.025640657 -0.482630908 0.059007898 0.112078369 -0.001089005 -0.001208319 0.993698001
1341846323.978055 0.023054639 -0.487205535 0.051693439 0.114355966 -0.003782643 0.000127213 0.993432641
1341846324.015934 0.029017070 -0.488488555 0.065600067 0.118249193 -0.006420131 0.000319398 0.992963135
1341846324.047722 0.032587629 -0.480471134 0.056533910 0.121828675 -0.004998358 -0.000819430 0.992538214
1341846324.083904 0.031883884 -0.467978925 0.054745998 0.122412182 -0.003480174 -0.001460087 0.992472231
1341846324.115968 0.033700999 -0.467584282 0.056566447 0.119896285 -0.001794159 -0.003299366 0.992779315
1341846324.151967 0.043027721 -0.462657183 0.043378066 0.119328156 0.000423698 -0.007022179 0.992829978
1341846324.183941 0.027762217 -0.443252295 0.071056671 0.117668226 0.005142000 -0.011939587 0.992967904
1341846324.219984 0.021443302 -0.437612087 0.077102795 0.113625430 0.007197341 -0.010928975 0.993437469
1341846324.251968 0.018587850 -0.440256655 0.075484648 0.112561874 0.007437340 -0.011133523 0.993554533
1341846324.284052 0.015936742 -0.428883016 0.076081760 0.113188997 0.006783048 -0.012158116 0.993475974
1341846324.319880 0.010743969 -0.416095465 0.072452739 0.111958437 0.003664006 -0.012394888 0.993628860
1341846324.351917 0.018503139 -0.398759842 0.068542458 0.109045170 -0.000337853 -0.013269607 0.993948221
1341846324.388001 0.029211843 -0.390943080 0.068394758 0.104576431 -0.000788395 -0.017019857 0.994370878
1341846324.419908 0.019888286 -0.376850605 0.074453749 0.100072280 0.002082805 -0.020335078 0.994770169
1341846324.452027 0.015109846 -0.379915565 0.090945244 0.095193103 0.002488753 -0.020189594 0.995250940
1341846324.487928 0.011666360 -0.375789165 0.089020506 0.093684278 0.002357425 -0.018323844 0.995430529
1341846324.519985 0.006547337 -0.364874750 0.089119397 0.092398748 0.000375741 -0.013248542 0.995633841
1341846324.556001 0.002690100 -0.347546548 0.096781112 0.091058627 -0.004773591 -0.008901929 0.995794296
1341846324.587888 0.009354142 -0.335724771 0.088598959 0.087552838 -0.008023175 -0.006854542 0.996104002
1341846324.620086 0.009507333 -0.330607623 0.089868270 0.085246176 -0.010546890 -0.009110885 0.996262431
1341846324.655955 0.012653288 -0.316582918 0.095400646 0.084252693 -0.011722559 -0.010439876 0.996320784
1341846324.688082 0.009318735 -0.315965563 0.101955160 0.083335407 -0.011396434 -0.009602237 0.996410131
1341846324.755922 -0.003239295 -0.278931826 0.092882752 0.085001916 -0.014148194 -0.005710675 0.996263981
1341846324.814016 0.024903389 -0.243141845 0.085137397 0.080293477 -0.021397021 -0.007645696 0.996512175
1341846324.849979 0.010574903 -0.242174909 0.090472557 0.074208513 -0.017342694 -0.010104027 0.997040689
1341846324.881924 0.005205019 -0.239717588 0.094433755 0.071010977 -0.018472010 -0.010389642 0.997250319
1341846324.913902 0.008459325 -0.229340643 0.096816100 0.070013240 -0.020026868 -0.007052262 0.997320056
1341846324.949999 0.006524211 -0.232223690 0.101757243 0.070226707 -0.020157410 -0.004107095 0.997318864
1341846324.981922 -0.009601089 -0.225971788 0.101410978 0.074610986 -0.021660944 -0.001418041 0.996976376
1341846325.018013 -0.004013060 -0.213070363 0.097106278 0.078922197 -0.027573902 0.001269165 0.996498525
1341846325.050079 -0.004888087 -0.197680637 0.098536678 0.081053987 -0.032807089 0.000604266 0.996169448
1341846325.081901 -0.012960352 -0.174057469 0.104527287 0.080841176 -0.037308387 -0.001511702 0.996027350
1341846325.118531 -0.001561381 -0.160681501 0.100529291 0.076849885 -0.039416984 -0.004172333 0.996254504
1341846325.149933 -0.006252473 -0.158870503 0.108285092 0.070862867 -0.036786225 -0.006884756 0.996783733
1341846325.181925 -0.009528002 -0.155589327 0.107072562 0.067556717 -0.035670415 -0.004094639 0.997069180
1341846325.218055 -0.009700058 -0.148692176 0.111880712 0.064898968 -0.035515241 -0.000240075 0.997259617
1341846325.249811 -0.011810470 -0.140643671 0.111772686 0.062807664 -0.035524171 0.004284806 0.997384012
1341846325.285925 -0.009569472 -0.129848883 0.112014070 0.060363542 -0.036296628 0.007106993 0.997491002
1341846325.317988 0.005115717 -0.131401926 0.121517740 0.057778403 -0.034860633 0.009960953 0.997670889
1341846325.349844 -0.000870450 -0.134781480 0.122141063 0.060403027 -0.029570291 0.012157851 0.997661889
1341846325.387302 0.001906678 -0.124519378 0.119984530 0.065178066 -0.027060810 0.014763018 0.997397363
1341846325.417931 0.019415015 -0.111733690 0.126519710 0.068440601 -0.023204636 0.018374505 0.997215986
1341846325.450747 0.020779857 -0.115524523 0.140481740 0.073510170 -0.014495304 0.020245917 0.996983528
1341846325.485954 0.001076969 -0.095225289 0.132620543 0.082719810 -0.006504681 0.021004966 0.996330261
1341846325.517875 0.001216856 -0.085604876 0.130064577 0.086050175 -0.004155789 0.023172194 0.996012628
1341846325.553859 -0.001182407 -0.079803012 0.126998976 0.088972457 -0.000279382 0.022968931 0.995769143
1341846325.585855 -0.012986270 -0.068088293 0.125734314 0.091296948 0.003440027 0.021868283 0.995577574
1341846325.617990 -0.014155571 -0.045700345 0.128790513 0.088992119 0.004929310 0.020829001 0.995802283
1341846325.653982 -0.016245274 -0.063004419 0.136057779 0.085042506 0.006897600 0.018116262 0.996188700
1341846325.685819 -0.019345058 -0.059776992 0.133815825 0.090851545 0.008691675 0.019078759 0.995643735
1341846325.717857 -0.024378194 -0.044523194 0.143109113 0.095602475 0.009771114 0.025983660 0.995032430
1341846325.754083 -0.025315430 -0.046703324 0.139861554 0.098010786 0.009776613 0.029756390 0.994692326
1341846325.786087 -0.022738546 -0.041491125 0.141950756 0.104420289 0.009943306 0.031197013 0.993994117
1341846325.821856 -0.022597494 -0.019996122 0.141589433 0.108897015 0.011811592 0.033389397 0.993421912
1341846325.853827 -0.029212462 -0.015791789 0.142494932 0.109313622 0.012734638 0.036555428 0.993253231
1341846325.885958 -0.034130692 -0.008432749 0.143141270 0.109401643 0.010107284 0.042132378 0.993052840
1341846325.921984 -0.033509273 -0.004310562 0.153841957 0.108529843 0.006417435 0.046382841 0.992989779
1341846325.953899 -0.020610925 -0.000838911 0.150771171 0.111351013 0.005856361 0.048533324 0.992578030
1341846325.985823 -0.026120160 0.012591761 0.156536818 0.114418171 0.009109806 0.052450787 0.992005229
1341846326.021991 -0.029518548 0.011948981 0.156753793 0.116601638 0.009380323 0.057992276 0.991439819
1341846326.054055 -0.020838868 0.035730161 0.152483732 0.122840181 0.007795635 0.061981332 0.990458429
1341846326.089984 -0.015539963 0.055092882 0.153094620 0.125981987 0.009568078 0.060661316 0.990129888
1341846326.121822 -0.018950779 0.067009836 0.159856170 0.125836238 0.014015854 0.058297150 0.990237474
1341846326.154079 -0.023362242 0.066822581 0.160306364 0.125894904 0.016553499 0.057435598 0.990241230
1341846326.190178 -0.025643444 0.077600211 0.165640995 0.128447875 0.015968790 0.059287168 0.989813745
1341846326.222162 -0.030481221 0.096281938 0.167818129 0.128161937 0.014365229 0.065661155 0.989472985
1341846326.259181 -0.029947378 0.106835581 0.173214346 0.125016376 0.011644493 0.069978788 0.989615262
1341846326.322766 -0.027290380 0.129618943 0.178463921 0.118094057 0.011175926 0.068668857 0.990562201
1341846326.359773 -0.028242098 0.134089351 0.178883314 0.113857441 0.012897629 0.066266514 0.991200745
1341846326.392109 -0.021165367 0.127547890 0.185531259 0.111697644 0.013971176 0.067631349 0.991339743
1341846326.423985 -0.026825583 0.136169598 0.189985529 0.116117410 0.015338844 0.073037900 0.990427673
1341846326.459869 -0.038510460 0.147652671 0.181542695 0.118394651 0.013578776 0.076312035 0.989936769
1341846326.526163 -0.020074632 0.175400361 0.192290813 0.118335634 0.013896427 0.076210000 0.989947259
1341846326.560211 -0.024148177 0.184992909 0.199437737 0.113436386 0.018412493 0.075562574 0.990496635
1341846326.591828 -0.024238847 0.190666705 0.202598333 0.110187769 0.020064360 0.077388257 0.990690231
1341846326.627027 -0.026191954 0.202918351 0.203136832 0.110123970 0.022284597 0.075980127 0.990758896
1341846326.658442 -0.021059606 0.218886882 0.219580904 0.108633861 0.025221534 0.074145764 0.990991950
1341846326.694856 -0.026978435 0.227168873 0.216314003 0.104561739 0.028798601 0.076013878 0.991190910
1341846326.726206 -0.027096532 0.245219842 0.207464054 0.099431820 0.029957376 0.074062169 0.991831958
1341846326.762753 -0.019917658 0.256950647 0.202591553 0.093477555 0.031665627 0.071656443 0.992534459
1341846326.826821 -0.025933295 0.275696397 0.204212382 0.076701827 0.038034536 0.067508407 0.994038641
1341846326.858887 -0.030459031 0.289882690 0.225006968 0.069983378 0.039820462 0.065319903 0.994610488
1341846326.895360 -0.035065215 0.283156753 0.227746546 0.067064092 0.039634518 0.067449294 0.994676888
1341846326.926897 -0.036565565 0.294724703 0.227217451 0.069761574 0.036057815 0.068476886 0.994557261
1341846326.958888 -0.029609794 0.308054984 0.227609247 0.072483115 0.033198409 0.071984582 0.994214416
1341846326.994594 -0.029141679 0.320875227 0.225790709 0.072823629 0.033870284 0.074277513 0.993998230
1341846327.026301 -0.031830668 0.336326718 0.221315488 0.071705058 0.035303414 0.072873928 0.994133532
1341846327.063945 -0.031655505 0.342704266 0.227801383 0.069018297 0.037856385 0.069446608 0.994475007
1341846327.094662 -0.032219026 0.348619163 0.231961340 0.067816377 0.040286846 0.067019798 0.994628727
1341846327.128901 -0.033749539 0.361989588 0.236202091 0.067516141 0.040219560 0.066413671 0.994692504
1341846327.161940 -0.034068432 0.372442991 0.234128550 0.066434160 0.038902313 0.065685138 0.994866133
1341846327.193867 -0.027938649 0.373448133 0.237065136 0.064301290 0.040198814 0.062599435 0.995153606
1341846327.229885 -0.022712378 0.394686788 0.235211715 0.066557229 0.042601477 0.061730392 0.994959593
1341846327.262014 -0.021570481 0.400263250 0.253970385 0.065502077 0.048210196 0.058141243 0.994989872
1341846327.294023 -0.021723496 0.396229327 0.250457793 0.066769563 0.062387574 0.052054007 0.994454622
1341846327.330015 -0.020077737 0.419608384 0.235237926 0.069868587 0.071407445 0.046946317 0.993889034
1341846327.361939 -0.023853596 0.444997579 0.250147074 0.068909965 0.075964719 0.043796472 0.993761897
1341846327.393887 -0.022341674 0.456896961 0.258105606 0.068130746 0.077750564 0.037591092 0.993931592
1341846327.429966 -0.023715900 0.473633468 0.256937772 0.066843607 0.076913938 0.040102310 0.993985891
1341846327.461965 -0.031539440 0.469413370 0.260077268 0.056435574 0.073349580 0.036809787 0.995027602
1341846327.497931 -0.015345491 0.482942790 0.271086305 0.052962258 0.070285566 0.035852049 0.995474517
1341846327.530068 -0.025150111 0.505937278 0.270006895 0.052848600 0.071568660 0.038842846 0.995276928
1341846327.561895 -0.031206448 0.516882718 0.280137628 0.051043507 0.069826305 0.044557061 0.995255470
1341846327.598010 -0.032607317 0.521692812 0.284730256 0.052387010 0.066383973 0.049263619 0.995199442
1341846327.629945 -0.049175307 0.537505090 0.286193430 0.052708779 0.064111561 0.047394801 0.995422125
1341846327.662003 -0.042712126 0.537982047 0.284948766 0.051729381 0.059451543 0.043316819 0.995948374
1341846327.697919 -0.046480116 0.550128162 0.282387882 0.053844344 0.059731681 0.043980364 0.995790482
1341846327.730075 -0.048865281 0.576022387 0.287386090 0.050973445 0.058902614 0.044415697 0.995971620
1341846327.766017 -0.044014968 0.578962862 0.289228767 0.045520294 0.057704344 0.045535799 0.996255279
1341846327.797917 -0.041961361 0.605157673 0.293336660 0.043491468 0.056739122 0.047745980 0.996297896
1341846327.830054 -0.043132834 0.611766458 0.292704612 0.036107410 0.056255728 0.047840979 0.996615648
1341846327.865944 -0.040522471 0.612120271 0.285907745 0.030752435 0.056831662 0.048739720 0.996719062
1341846327.898010 -0.041447986 0.635504127 0.303575218 0.030546539 0.057952341 0.050308660 0.996582925
1341846327.929991 -0.041461170 0.643559158 0.300777465 0.026015809 0.056466900 0.048411004 0.996890724
1341846327.966065 -0.041886542 0.646518528 0.294191957 0.020264406 0.056917079 0.045491859 0.997136056
1341846327.998073 -0.042874534 0.660312176 0.296568394 0.014604073 0.057671651 0.043198720 0.997293591
1341846328.034045 -0.042020086 0.662149608 0.303598523 0.008605413 0.058577057 0.040970687 0.997404635
1341846328.065993 -0.044790100 0.665181696 0.301637292 0.003379063 0.059817482 0.041128471 0.997355938
1341846328.098045 -0.046728838 0.647673547 0.304464638 -0.000013763 0.060685646 0.041246470 0.997304380
1341846328.133967 -0.044116400 0.652625442 0.303273052 0.003893660 0.058511414 0.046264175 0.997206509
1341846328.166023 -0.047870412 0.650312603 0.303349257 0.003590368 0.056127049 0.047090840 0.997306049
1341846328.198018 -0.046118848 0.627836823 0.292942077 0.000850734 0.053223304 0.043633483 0.997628510
1341846328.234044 -0.050357729 0.614462793 0.291355312 0.003175986 0.052541956 0.042155363 0.997723520
1341846328.265899 -0.047253601 0.606839716 0.288044810 0.005416902 0.050103944 0.042822823 0.997810841
1341846328.302051 -0.040943570 0.592332304 0.284473360 0.008450153 0.049080271 0.043658033 0.997804463
1341846328.333917 -0.047618337 0.565383434 0.291665822 0.009883260 0.049754445 0.046155788 0.997645438
1341846328.366008 -0.050552931 0.540131092 0.287472010 0.013818091 0.050340019 0.041434228 0.997776628
1341846328.402010 -0.046844516 0.510114253 0.281406313 0.025763763 0.051421616 0.044837900 0.997337222
1341846328.433920 -0.043584161 0.509485483 0.275424033 0.030439721 0.049101200 0.045076746 0.997311711
1341846328.470003 -0.037747350 0.481101125 0.264665663 0.028560080 0.047697581 0.037842013 0.997736037
1341846328.502194 -0.037617005 0.450127393 0.264202744 0.028857548 0.049968731 0.028930210 0.997914553
1341846328.534033 -0.017013626 0.437467784 0.260741800 0.030232403 0.049490541 0.028563989 0.997908175
1341846328.570125 -0.033867620 0.402397960 0.259568572 0.030009774 0.052923799 0.028930247 0.997728169
1341846328.602804 -0.032505736 0.373305351 0.246084809 0.035022739 0.047040667 0.034295265 0.997689545
1341846328.672663 -0.021999463 0.357296318 0.239670083 0.048066877 0.033385839 0.031399742 0.997792065
1341846328.702975 -0.015440082 0.343903601 0.247584552 0.050937735 0.029465456 0.030938534 0.997787535
1341846328.770129 -0.017221496 0.311565727 0.241612896 0.059517585 0.027504180 0.025022034 0.997534513
1341846328.802331 -0.019858278 0.292620271 0.247411445 0.059696093 0.024721604 0.025684290 0.997579813
1341846328.838051 -0.011481131 0.272980273 0.233496562 0.062683821 0.022234140 0.023732349 0.997503459
1341846328.869939 -0.004300993 0.282207817 0.226264179 0.064277790 0.019906271 0.023129616 0.997465372
1341846328.904486 -0.005803857 0.262794673 0.226306975 0.059132524 0.017230919 0.022313792 0.997851968
1341846328.939814 0.003477957 0.231127039 0.214078888 0.061235178 0.012954423 0.024058430 0.997749269
1341846328.970217 0.001240626 0.227016687 0.213478178 0.065220967 0.012286543 0.025324555 0.997473776
1341846329.006232 0.003813688 0.216813549 0.218356237 0.066206604 0.009449878 0.030318268 0.997300446
1341846329.038243 0.000936772 0.190770403 0.205719680 0.068168558 0.009516858 0.031547029 0.997129500
1341846329.106125 0.008300547 0.198291957 0.212666973 0.072918653 0.008777839 0.029879343 0.996851563
1341846329.138340 0.008115120 0.178856313 0.193997070 0.073674679 0.007970759 0.028102737 0.996854424
1341846329.169991 0.006824397 0.175816387 0.191752583 0.075642765 0.007142728 0.027042011 0.996742606
1341846329.208656 0.009319543 0.169474185 0.193521604 0.076437719 0.005865085 0.025761478 0.996724248
1341846329.238169 0.016253842 0.172125071 0.191408813 0.076321229 0.004484546 0.025626374 0.996743858
1341846329.273827 0.016962087 0.148394078 0.192829534 0.073232837 0.003411070 0.026274661 0.996962845
1341846329.306052 0.015040345 0.146547288 0.186604336 0.074084371 0.000973650 0.025552234 0.996924102
1341846329.338104 0.024950806 0.151769295 0.186753124 0.071531959 -0.001302329 0.023838710 0.997152507
1341846329.373907 0.027003020 0.127817765 0.183448866 0.066924892 -0.002301386 0.022543851 0.997500598
1341846329.405985 0.027023001 0.117940173 0.178566352 0.068227492 -0.003625007 0.019715650 0.997468352
1341846329.442057 0.026326321 0.114922002 0.174896836 0.067589983 -0.003811063 0.016126713 0.997575581
1341846329.473950 0.025889445 0.098827280 0.172772706 0.066027559 -0.005058908 0.009818686 0.997756660
1341846329.506147 0.025490891 0.094759889 0.170857489 0.066424303 -0.006900251 0.007298971 0.997740924
1341846329.542121 0.019537544 0.082582325 0.165337771 0.064411387 -0.009279992 0.006693791 0.997857809
1341846329.574086 0.026280493 0.065713957 0.166950718 0.066731021 -0.012199707 0.005490324 0.997681320
1341846329.606387 0.024780087 0.064968020 0.160580531 0.069443770 -0.012297576 0.004121970 0.997501552
1341846329.641955 0.018645743 0.065111622 0.157985076 0.069909684 -0.012923254 0.003562819 0.997463286
1341846329.681570 0.013084610 0.043242369 0.157482818 0.067930877 -0.015583624 0.003856910 0.997560859
1341846329.748113 0.021562185 0.037457384 0.152999684 0.070005961 -0.016205966 0.002334813 0.997412205
1341846329.810175 0.017057121 0.011963201 0.157227904 0.067506455 -0.012427352 0.006495798 0.997620285
1341846329.842255 0.021610292 0.001729127 0.148792401 0.068735808 -0.013026760 0.010012758 0.997499585
1341846329.874044 0.015823549 -0.004029994 0.154449403 0.070707537 -0.012622099 0.013164121 0.997330368
1341846329.910073 0.011138774 0.006793834 0.148648292 0.072086588 -0.012416423 0.015119975 0.997206450
1341846329.942009 0.013779454 0.002033794 0.149884596 0.067242116 -0.013278846 0.020605939 0.997435510
1341846329.978087 0.016832253 -0.025385153 0.148685575 0.063992724 -0.014074835 0.022262596 0.997602761
1341846330.016305 0.021923102 -0.017332554 0.143255383 0.066442415 -0.013392750 0.020424370 0.997491300
1341846330.048192 0.015493683 -0.011119379 0.148309380 0.063188665 -0.011667019 0.021751190 0.997696340
1341846330.080418 0.016128823 -0.032151300 0.146557972 0.057965480 -0.011712356 0.023139277 0.997981668
1341846330.115886 0.017469017 -0.047084354 0.147469863 0.060590483 -0.010274934 0.024204291 0.997816324
1341846330.147839 0.016109880 -0.023621650 0.140825719 0.064428300 -0.009910327 0.025549298 0.997546017
1341846330.181257 0.012754399 -0.012620093 0.139442474 0.059925199 -0.010411768 0.028635485 0.997737706
1341846330.215852 0.012294540 -0.028687883 0.142986536 0.053085238 -0.009360699 0.027899344 0.998156309
1341846330.247833 0.007443264 -0.036555815 0.141870111 0.051006235 -0.008549483 0.026852084 0.998300672
1341846330.283913 0.005511369 -0.019975891 0.138344690 0.048679933 -0.008939282 0.026945435 0.998410881
1341846330.316011 0.005125009 -0.036147468 0.138494685 0.041344088 -0.009890316 0.026507670 0.998744309
1341846330.347868 0.001648635 -0.045379423 0.135450780 0.038787525 -0.011310411 0.025516715 0.998857617
1341846330.383835 0.008853176 -0.048133522 0.136524230 0.037034858 -0.012351212 0.026140308 0.998895645
1341846330.415934 0.005942164 -0.063257739 0.137228981 0.035926849 -0.011093535 0.024037708 0.999003708
1341846330.452561 0.001449493 -0.064435169 0.137172520 0.038799103 -0.011475237 0.022915781 0.998918355
1341846330.483903 -0.003700892 -0.057698160 0.133560866 0.039305083 -0.012967748 0.025246948 0.998824120
1341846330.515970 -0.003071348 -0.066533871 0.133507699 0.037636649 -0.015281875 0.028720314 0.998761773
1341846330.552099 -0.000269523 -0.075735614 0.136127204 0.038175475 -0.016952511 0.031971123 0.998615623
1341846330.583876 -0.004346059 -0.061705619 0.128505677 0.038596444 -0.016882293 0.031671174 0.998610139
1341846330.619992 -0.009142214 -0.048717860 0.123809010 0.035426129 -0.017824119 0.031011261 0.998731971
1341846330.652136 -0.004368280 -0.061044101 0.119904220 0.027789084 -0.019826354 0.029669628 0.998976707
1341846330.683796 -0.008550613 -0.067229010 0.118848421 0.022779863 -0.019286914 0.028454734 0.999149323
1341846330.719991 -0.015568920 -0.078488395 0.115221262 0.019919451 -0.021093296 0.029656297 0.999139011
1341846330.752103 -0.018059837 -0.082714178 0.109284371 0.021634391 -0.025126783 0.033565097 0.998886347
1341846330.787952 -0.025185563 -0.076666221 0.101988308 0.023028309 -0.029231727 0.036500312 0.998640537
1341846330.819823 -0.022027316 -0.083016537 0.105634004 0.022107668 -0.034119390 0.038583606 0.998427987
1341846330.852208 -0.021599717 -0.075140439 0.098556407 0.022042114 -0.035861347 0.039786059 0.998321176
1341846330.914111 -0.025675626 -0.056972861 0.093070157 0.014137973 -0.039026432 0.038279638 0.998404622
1341846330.949903 -0.030680818 -0.069782622 0.094327062 0.010281475 -0.039607938 0.038489249 0.998420775
1341846330.981986 -0.036729708 -0.069410086 0.087711751 0.011292927 -0.043772191 0.038365494 0.998240709
1341846331.014111 -0.034389846 -0.061987430 0.085255720 0.011428751 -0.048190158 0.039234828 0.998001873
1341846331.082139 -0.036415227 -0.064087458 0.084360719 0.013174790 -0.051038697 0.036061648 0.997958422
1341846331.114334 -0.035586417 -0.062790439 0.079746805 0.012774494 -0.053392082 0.035807278 0.997849643
1341846331.149989 -0.037251234 -0.070778161 0.080946393 0.012831771 -0.054099619 0.034495793 0.997857034
1341846331.181954 -0.038652357 -0.069929726 0.075675309 0.016134672 -0.054366633 0.033674262 0.997822642
1341846331.218151 -0.042849958 -0.057318479 0.071656093 0.016335148 -0.057391439 0.034902163 0.997607768
1341846331.249914 -0.034409579 -0.069793977 0.073375069 0.013310711 -0.059571810 0.033385277 0.997576773
1341846331.318141 -0.031392451 -0.064829633 0.076736502 0.024371034 -0.050072376 0.029833630 0.998002410
1341846331.349926 -0.025744183 -0.060045172 0.076779597 0.023713401 -0.047676902 0.028351486 0.998178720
1341846331.382003 0.009269176 -0.080703035 0.090658091 0.025408126 -0.043398187 0.026774384 0.998375714
1341846331.418008 -0.004396676 -0.064977616 0.109529175 0.033524353 -0.033163790 0.027057139 0.998520970
1341846331.450327 -0.017390180 -0.059209522 0.099315651 0.035384148 -0.026527738 0.027021954 0.998656094
1341846331.486219 -0.027904084 -0.053601775 0.103110567 0.035703011 -0.023612449 0.027690062 0.998699665
1341846331.518344 -0.017475201 -0.056237508 0.102141693 0.034154683 -0.023511278 0.026685333 0.998783529
1341846331.550202 -0.009890893 -0.061051864 0.113672912 0.036389846 -0.019468280 0.025269572 0.998828411
1341846331.586139 -0.023372941 -0.050918132 0.118412390 0.038687248 -0.016949585 0.026290582 0.998761654
1341846331.617931 -0.014837919 -0.047261171 0.124110259 0.038046129 -0.017652430 0.026175398 0.998777092
1341846331.654027 -0.003256836 -0.057116099 0.133861408 0.037913386 -0.016087117 0.027479302 0.998773575
1341846331.686123 -0.011728408 -0.044918865 0.137043223 0.041119915 -0.012447884 0.028699851 0.998664379
1341846331.717954 -0.018865319 -0.033414781 0.145498648 0.038531434 -0.013092273 0.029086526 0.998748124
1341846331.754076 -0.004777822 -0.048271351 0.160748214 0.035344850 -0.013435092 0.028348535 0.998882711
1341846331.785920 -0.007885789 -0.047641862 0.167641744 0.038321350 -0.010232794 0.026300488 0.998866916
1341846331.818053 -0.008224140 -0.036962833 0.178524390 0.039252620 -0.008736585 0.027163966 0.998821795
1341846331.853849 -0.008998243 -0.045096610 0.190334573 0.037552588 -0.008086999 0.025604760 0.998933852
1341846331.885987 -0.001133129 -0.045391638 0.201341942 0.040424407 -0.006026820 0.023466589 0.998888850
1341846331.922014 -0.001938869 -0.038363986 0.212258860 0.042599108 -0.002908916 0.023086777 0.998821199
1341846331.954037 0.004897626 -0.038294565 0.222667634 0.042322602 -0.000728226 0.023028819 0.998838305
1341846331.986135 0.018204020 -0.052523982 0.233771667 0.043802604 0.003795604 0.025867121 0.998698056
1341846332.022364 -0.000044554 -0.055119943 0.249126613 0.050697364 0.010007623 0.024757268 0.998356998
1341846332.054175 -0.001097327 -0.052343827 0.260614723 0.056940917 0.010070667 0.027643746 0.997943938
1341846332.086502 0.001287885 -0.050299399 0.271054834 0.059546214 0.009963565 0.028948890 0.997755945
1341846332.122051 -0.004144755 -0.040357430 0.284809142 0.061996758 0.011622786 0.027482675 0.997630179
1341846332.153983 -0.005378834 -0.028870858 0.291529030 0.060608737 0.010913578 0.025596222 0.997773707
1341846332.190165 -0.005832079 -0.027021894 0.314240694 0.054583929 0.009170708 0.022603372 0.998211205
1341846332.254145 -0.005188226 -0.047151335 0.339225888 0.053366031 0.009457770 0.020657796 0.998316526
1341846332.289948 -0.017745435 -0.041607298 0.344382763 0.055665091 0.010632297 0.023055121 0.998126626
1341846332.322172 -0.013684654 -0.041309796 0.359651893 0.056579743 0.009713191 0.023852231 0.998065829
1341846332.354003 0.003110682 -0.050812840 0.364243805 0.058127798 0.010093384 0.022389824 0.998006999
1341846332.390180 -0.006681825 -0.034240779 0.375413686 0.060928613 0.015639817 0.018519044 0.997847736
1341846332.422055 -0.009684091 -0.031420797 0.388208926 0.059028264 0.018044610 0.015630400 0.997970819
1341846332.458114 -0.004096661 -0.037471682 0.395957470 0.058109440 0.020079328 0.012439609 0.998030722
1341846332.489993 -0.013516939 -0.032296717 0.409091800 0.059304606 0.022770111 0.014081375 0.997880876
1341846332.522130 -0.019617138 -0.027466225 0.426353365 0.059186168 0.019130370 0.019556910 0.997871995
1341846332.558114 -0.013398703 -0.030437740 0.432997406 0.058974914 0.013045861 0.027618285 0.997792065
1341846332.589874 -0.004862353 -0.021803888 0.431281507 0.059208442 0.009874593 0.031779476 0.997690797
1341846332.621889 -0.005378478 -0.013475247 0.437587380 0.055397075 0.009978304 0.033574007 0.997849882
1341846332.658202 -0.002379683 -0.018106926 0.452367783 0.051231354 0.010586853 0.031711090 0.998127103
1341846332.690001 -0.000569293 -0.015871661 0.459916383 0.049389903 0.011307781 0.033486679 0.998153985
1341846332.726000 -0.002363631 -0.018499335 0.481489778 0.048305433 0.010427170 0.037269350 0.998082578
1341846332.758386 0.005168738 -0.019762129 0.484716535 0.048666846 0.007316642 0.038682021 0.998038948
1341846332.789937 0.011072816 -0.010735207 0.487891555 0.048373029 0.007943442 0.036652688 0.998125017
1341846332.825925 0.009082383 -0.013868053 0.500253499 0.045522522 0.011023974 0.034881353 0.998293281
1341846332.857898 0.016358145 -0.012775770 0.515132427 0.046729304 0.011466809 0.035199452 0.998221338
1341846332.894069 0.017327975 -0.004359149 0.519146621 0.046826709 0.011174990 0.035959791 0.998192966
1341846332.926029 0.022675037 0.003673513 0.524694681 0.044190951 0.011249487 0.033627596 0.998393595
1341846332.958015 0.025421601 0.004198697 0.532714725 0.041015435 0.013440724 0.031291798 0.998577952
1341846332.994073 0.027692154 0.007075784 0.541887820 0.038217980 0.014642796 0.029799169 0.998717666
1341846333.026545 0.031998813 0.005961616 0.550744712 0.035389643 0.015635960 0.027229050 0.998880208
1341846333.057998 0.040254392 0.008071843 0.554800451 0.034635469 0.017021153 0.027991949 0.998862922
1341846333.094024 0.045340475 0.006460954 0.566834986 0.034813605 0.018200830 0.032764640 0.998690784
1341846333.126095 0.047247037 0.011272524 0.567753851 0.035528343 0.019946316 0.033823162 0.998596966
1341846333.161973 0.048437800 0.019424429 0.574432492 0.034996290 0.022952087 0.034071807 0.998542726
1341846333.195660 0.051063586 0.016695205 0.581167042 0.031853519 0.024822684 0.036963824 0.998500288
1341846333.226331 0.052216794 0.021292297 0.592112780 0.031215124 0.025663149 0.036434516 0.998518646
1341846333.262056 0.055057142 0.031635329 0.593231380 0.028685173 0.025640957 0.032619797 0.998727024
1341846333.294147 0.056538813 0.025688743 0.601332605 0.024454452 0.025635447 0.032577112 0.998841107
1341846333.326100 0.056561932 0.029630920 0.603130758 0.023346866 0.024523223 0.030928198 0.998947918
1341846333.362100 0.059697218 0.034198452 0.604218483 0.020180123 0.023717109 0.029437212 0.999081433
1341846333.394119 0.061717212 0.027206607 0.610328853 0.016377766 0.022432022 0.029851755 0.999168396
1341846333.429974 0.064217933 0.028882833 0.612034976 0.015881535 0.020396575 0.029956089 0.999216855
1341846333.462115 0.070251055 0.025148194 0.613525152 0.015120187 0.019962018 0.028510356 0.999279797
1341846333.494040 0.066307522 0.028374441 0.615039110 0.016756691 0.021575591 0.027158063 0.999257803
1341846333.529953 0.072006837 0.026727481 0.613532543 0.017117821 0.022102196 0.027174048 0.999239743
1341846333.562063 0.070080444 0.030882558 0.617030382 0.018445263 0.024515478 0.028744454 0.999115884
1341846333.594090 0.063600905 0.036292195 0.616072357 0.017479574 0.024520604 0.029588139 0.999108493
1341846333.629994 0.064358220 0.038357668 0.618589938 0.014098607 0.021835469 0.028626634 0.999252200
1341846333.662127 0.063332662 0.039011545 0.618512630 0.011258760 0.021080784 0.027865553 0.999325931
1341846333.697964 0.067502134 0.030845925 0.619603813 0.008909381 0.020479536 0.028970348 0.999330759
1341846333.730092 0.062753446 0.031441730 0.616025329 0.011736619 0.021619787 0.029160200 0.999271989
1341846333.762089 0.063375063 0.032313772 0.612387478 0.013377556 0.022154642 0.031292237 0.999175191
1341846333.798006 0.063159890 0.028136352 0.608404160 0.014187797 0.022490047 0.030774733 0.999172568
1341846333.830055 0.061825432 0.027734229 0.601951480 0.016763082 0.023983240 0.028841594 0.999155641
1341846333.866045 0.059491497 0.029592644 0.598825991 0.018103940 0.025348919 0.027431536 0.999138236
1341846333.897987 0.055738050 0.024953257 0.594211459 0.019426983 0.025892064 0.026088277 0.999135435
1341846333.930099 0.053772274 0.022039244 0.588332117 0.022033887 0.026896246 0.025296783 0.999075174
1341846333.965889 0.056178741 0.022670535 0.581635356 0.024294332 0.027189692 0.025116853 0.999019325
1341846333.997985 0.053235967 0.019602899 0.574959040 0.026884960 0.028521737 0.024391981 0.998933792
1341846334.030076 0.047366042 0.022234524 0.569889545 0.030306164 0.030260790 0.024980960 0.998770118
1341846334.066000 0.043718237 0.020522896 0.562138140 0.031677533 0.030109905 0.026946785 0.998681009
1341846334.097932 0.044357624 0.019369561 0.553780854 0.033436213 0.029931104 0.026301043 0.998646319
1341846334.133884 0.039309766 0.019092238 0.548651338 0.034977321 0.031465400 0.026619332 0.998537898
1341846334.166115 0.031412255 0.017214159 0.542462826 0.034774438 0.030773407 0.027691025 0.998537421
1341846334.198072 0.033113483 0.017817879 0.535474956 0.035861704 0.028782472 0.026394034 0.998593450
1341846334.234097 0.032259017 0.020311737 0.530794978 0.036564831 0.029270427 0.025364220 0.998580456
1341846334.266045 0.027301716 0.017588781 0.519520760 0.036153533 0.031018414 0.026048878 0.998525023
1341846334.297946 0.021048624 0.015919205 0.512542248 0.037253767 0.030090224 0.027176762 0.998482943
1341846334.334036 0.020729516 0.019058969 0.508143544 0.037968609 0.028154384 0.027876742 0.998493195
1341846334.365871 0.019886887 0.020145142 0.501684844 0.037557799 0.028082773 0.026381638 0.998551369
1341846334.401845 0.017788012 0.019766985 0.494223207 0.036196932 0.028960554 0.025328010 0.998603821
1341846334.433864 0.010410688 0.014070879 0.489241213 0.036057808 0.028269326 0.025044000 0.998635828
1341846334.466105 0.011462539 0.016738733 0.481589824 0.036863074 0.026353890 0.026071724 0.998632491
1341846334.502142 0.005469524 0.019303592 0.474473983 0.035914227 0.025310423 0.026946941 0.998670816
1341846334.540153 0.006234400 0.017514486 0.467133075 0.035415549 0.023842365 0.025678713 0.998758137
1341846334.602351 -0.006177206 0.026302816 0.448615640 0.031537298 0.020997727 0.018473651 0.999111235
1341846334.670161 -0.014995507 0.019572867 0.438865662 0.026174163 0.019053826 0.010512621 0.999420524
1341846334.702085 -0.017001523 0.016573770 0.429136515 0.024240078 0.016289197 0.012596201 0.999494076
1341846334.734751 -0.018414674 0.014337945 0.423411936 0.024073746 0.013466877 0.014494467 0.999514401
1341846334.770889 -0.024897341 0.015291333 0.410616964 0.024474453 0.012597150 0.016850231 0.999479055
1341846334.802194 -0.028561095 0.016179750 0.400260001 0.024206394 0.009999597 0.017249843 0.999508142
1341846334.833908 -0.025279300 0.017292814 0.392676592 0.023755509 0.007819074 0.016220279 0.999555647
1341846334.869874 -0.028980030 0.018634517 0.385898769 0.022355322 0.007635535 0.015906896 0.999594331
1341846334.902006 -0.033695918 0.013937864 0.373941571 0.020189939 0.006050797 0.016435048 0.999642789
1341846334.938010 -0.039791293 0.015524222 0.361664951 0.020133737 0.003585344 0.015310617 0.999673665
1341846334.970032 -0.032553751 0.010482999 0.355007648 0.019382069 0.001857930 0.014789172 0.999701023
1341846335.002203 -0.039656051 0.008143182 0.343912542 0.020879241 0.002616223 0.016609320 0.999640584
1341846335.037880 -0.045459133 0.008478167 0.329167813 0.023091942 -0.000108488 0.019540150 0.999542356
1341846335.069990 -0.043624111 0.013304923 0.322277427 0.023953157 -0.003259296 0.019265126 0.999522090
1341846335.106038 -0.040684938 0.011272133 0.312665343 0.024406161 -0.002594181 0.017015474 0.999553978
1341846335.138045 -0.049799010 0.009441117 0.302913636 0.025862224 -0.000652378 0.016367249 0.999531329
1341846335.169900 -0.051057618 0.014057547 0.287401974 0.026308300 -0.003543807 0.016746435 0.999507308
1341846335.206091 -0.050253727 0.012365139 0.277505100 0.025463866 -0.005517241 0.014559407 0.999554515
1341846335.239365 -0.046815198 0.006671431 0.270027339 0.024956750 -0.004946941 0.012100166 0.999603093
1341846335.269948 -0.052429158 0.005972676 0.258798599 0.026618052 -0.003376102 0.011034195 0.999579072
1341846335.305972 -0.057666812 0.007288592 0.247865960 0.028793225 -0.004415708 0.011148238 0.999513507
1341846335.338012 -0.053246807 0.005730721 0.242665544 0.030082986 -0.006487913 0.013279056 0.999438167
1341846335.374005 -0.048765942 -0.002828162 0.225236565 0.034052555 -0.005004412 0.014174792 0.999306977
1341846335.406025 -0.051766794 -0.001330686 0.213812083 0.041056406 -0.002237120 0.016889727 0.999011576
1341846335.438079 -0.052314356 0.003896647 0.199231610 0.046006083 -0.001552891 0.020356655 0.998732507
1341846335.473998 -0.051550116 0.009786167 0.193439484 0.048725229 -0.000045744 0.020662658 0.998598456
1341846335.507038 -0.054608271 0.012819694 0.182642102 0.049826462 0.002888218 0.018524239 0.998581946
1341846335.538040 -0.058254469 0.017670266 0.181878418 0.049339231 0.004987479 0.016032450 0.998640954
1341846335.574119 -0.063932762 0.024123294 0.167651936 0.047481287 0.005333821 0.016862668 0.998715520
1341846335.605970 -0.063587077 0.016766515 0.159105688 0.045389228 0.004492368 0.015861237 0.998833358
1341846335.641978 -0.059581563 0.017442141 0.147090018 0.046554204 0.005311862 0.013501475 0.998810410
1341846335.673993 -0.065849483 0.020410812 0.136882961 0.046489742 0.006300402 0.013289258 0.998810530
1341846335.706178 -0.068164103 0.019764459 0.123885214 0.045885839 0.005005117 0.014116895 0.998834372
1341846335.741982 -0.067835420 0.016312869 0.119188808 0.045896199 0.004599389 0.013283820 0.998847306
1341846335.773960 -0.071540982 0.021681776 0.108469740 0.046270683 0.005460934 0.012943034 0.998830140
1341846335.806271 -0.073410101 0.025999777 0.094876774 0.044475250 0.004927077 0.012497223 0.998920143
1341846335.842031 -0.070974067 0.020886233 0.086760283 0.042018346 0.005421402 0.012848608 0.999019504
1341846335.873966 -0.071742535 0.020070612 0.074777000 0.042858806 0.007023738 0.011976234 0.998984635
1341846335.910005 -0.079924136 0.024018267 0.065004364 0.042808339 0.007337096 0.013866329 0.998960078
1341846335.941936 -0.083874449 0.023741836 0.054754470 0.041744210 0.005456325 0.014939818 0.999001741
1341846335.974198 -0.081890211 0.023775302 0.044720210 0.041551165 0.004428307 0.012732788 0.999045432
1341846336.010032 -0.085843444 0.026274817 0.035154581 0.041530319 0.004566838 0.011405355 0.999061704
1341846336.042129 -0.092073023 0.025717704 0.023169685 0.040529422 0.003529385 0.011803744 0.999102354
1341846336.078076 -0.092876337 0.022655237 0.016338648 0.040343456 0.001531333 0.011039438 0.999123752
1341846336.110739 -0.092568062 0.025441885 0.010502383 0.041121349 0.001240131 0.009655357 0.999106705
1341846336.142002 -0.098182589 0.023754658 -0.002445427 0.040736504 0.001393818 0.010775657 0.999110818
1341846336.183953 -0.101534098 0.028932743 -0.016531896 0.040754557 -0.001124915 0.011596167 0.999101281
1341846336.241891 -0.099736251 0.028807908 -0.025099365 0.038771495 -0.002324557 0.011273433 0.999181807
1341846336.277946 -0.109485060 0.023306603 -0.031866219 0.038962170 -0.001281181 0.013077615 0.999154329
1341846336.309977 -0.114165992 0.023488585 -0.037873555 0.041619323 -0.003644485 0.015787976 0.999002159
1341846336.346143 -0.112615235 0.028841196 -0.048591379 0.043691840 -0.005268046 0.017261423 0.998882055
1341846336.377975 -0.111943260 0.028339243 -0.054038126 0.044376273 -0.005256843 0.016752694 0.998860598
1341846336.410032 -0.116107292 0.031379189 -0.068049528 0.045569491 -0.004139619 0.016235417 0.998820662
1341846336.446041 -0.119034678 0.035214018 -0.078645796 0.045228053 -0.004617175 0.016294170 0.998833120
1341846336.477990 -0.119601578 0.035001032 -0.080809958 0.044285677 -0.004768096 0.015992140 0.998879552
1341846336.510056 -0.120201990 0.031480815 -0.086235024 0.044298761 -0.004189719 0.016690483 0.998870134
1341846336.546024 -0.121523917 0.031014593 -0.099889778 0.045223366 -0.003920505 0.018468916 0.998798490
1341846336.578003 -0.125140682 0.038855679 -0.100792058 0.045462079 -0.004323624 0.020175094 0.998752952
1341846336.614020 -0.121382058 0.038836256 -0.106151491 0.044701863 -0.003917689 0.019255137 0.998807073
1341846336.645982 -0.127909184 0.044420142 -0.110043511 0.043955252 -0.002351289 0.018533792 0.998858809
1341846336.678036 -0.135489777 0.037684198 -0.115235448 0.041585989 -0.003812492 0.019319445 0.998940885
1341846336.714024 -0.135888934 0.032577954 -0.115178660 0.043171711 -0.006170888 0.018482298 0.998877645
1341846336.746016 -0.138362125 0.028473713 -0.125820681 0.046411239 -0.008128400 0.020669380 0.998675466
1341846336.778014 -0.138889939 0.036640704 -0.135237962 0.049405191 -0.012502365 0.024868637 0.998390913
1341846336.820006 -0.141838327 0.042069755 -0.134232238 0.050434954 -0.016060658 0.026784264 0.998238921
1341846336.882056 -0.142478347 0.036562346 -0.164287269 0.052385468 -0.017914610 0.025023097 0.998152614
1341846336.914273 -0.156503528 0.028441906 -0.154496193 0.054666828 -0.022059727 0.027587196 0.997879684
1341846336.945998 -0.151630297 0.029752372 -0.153804362 0.060906719 -0.028801909 0.029950444 0.997278214
1341846336.981980 -0.146085769 0.049782064 -0.188540220 0.064968087 -0.032869339 0.028285606 0.996944666
1341846337.014238 -0.148800150 0.054718684 -0.192939147 0.062316053 -0.035143301 0.025189867 0.997119427
1341846337.046017 -0.147705659 0.050216988 -0.184253424 0.059831299 -0.036623757 0.020858085 0.997318327
1341846337.082104 -0.149556145 0.049917132 -0.191237733 0.059177324 -0.037043791 0.017640349 0.997403979
1341846337.114317 -0.156197399 0.050550997 -0.188221157 0.057567153 -0.039025076 0.017011425 0.997433543
1341846337.150037 -0.153190106 0.048724227 -0.189206272 0.055714421 -0.041117597 0.015750842 0.997475445
1341846337.181873 -0.147539437 0.047932014 -0.190524772 0.055199329 -0.041312035 0.013108885 0.997534215
1341846337.214073 -0.153772369 0.056865413 -0.198868826 0.053224627 -0.039324503 0.010879567 0.997748613
1341846337.250087 -0.162179470 0.044733971 -0.205012783 0.049974818 -0.040271569 0.011858728 0.997867763
1341846337.282028 -0.161931172 0.041452024 -0.209377974 0.050995044 -0.044516034 0.014915907 0.997594774
1341846337.317920 -0.152630642 0.048187070 -0.207840264 0.050988860 -0.046605010 0.015981015 0.997483194
1341846337.350018 -0.154675931 0.053932507 -0.217314795 0.049628638 -0.045771975 0.015689641 0.997595012
1341846337.382159 -0.151552945 0.045911621 -0.212117136 0.046439398 -0.045662791 0.013742350 0.997782290
1341846337.417941 -0.159542277 0.037089031 -0.213293254 0.046806075 -0.044675369 0.014173487 0.997803807
1341846337.450137 -0.161823452 0.046102412 -0.224626422 0.047942687 -0.046301469 0.014741478 0.997667491
1341846337.482096 -0.153512582 0.043866705 -0.218779579 0.046247706 -0.047327079 0.016088046 0.997678578
1341846337.518008 -0.158332199 0.040823452 -0.214390740 0.047175959 -0.047526333 0.016359776 0.997621238
1341846337.549978 -0.160033122 0.050255541 -0.224546477 0.047931179 -0.048044544 0.014242258 0.997592866
1341846337.585971 -0.162008822 0.045491312 -0.226954862 0.044855606 -0.048142511 0.013370696 0.997743189
1341846337.617903 -0.157579750 0.030886948 -0.221445173 0.045473535 -0.048940189 0.013473604 0.997675061
1341846337.650141 -0.158628061 0.047099274 -0.225446045 0.048704352 -0.049368344 0.013571797 0.997500122
1341846337.686352 -0.161195010 0.054136507 -0.225676775 0.047452323 -0.048740521 0.013363136 0.997594118
1341846337.718002 -0.153443277 0.046035938 -0.223028556 0.044845548 -0.048845850 0.013868041 0.997702658
1341846337.749920 -0.150605708 0.051456571 -0.218991116 0.044997010 -0.046966486 0.013112248 0.997796297
1341846337.786157 -0.152657852 0.056436922 -0.211774185 0.042042173 -0.043961104 0.012715544 0.998067260
1341846337.817945 -0.144108444 0.049557313 -0.206174269 0.039373133 -0.042629790 0.014937310 0.998203039
1341846337.854071 -0.144668013 0.057321612 -0.201395094 0.038457371 -0.039207686 0.014056120 0.998391807
1341846337.885951 -0.149226278 0.060522154 -0.197876915 0.035526246 -0.036582552 0.012358186 0.998622477
1341846337.918223 -0.147126988 0.062645383 -0.189536899 0.031499419 -0.035327457 0.009274261 0.998836160
1341846337.954120 -0.148048237 0.058251679 -0.182958379 0.028946107 -0.033936672 0.008989118 0.998964250
1341846337.985994 -0.143801764 0.067045219 -0.181670681 0.026559420 -0.033245936 0.009484830 0.999049187
1341846338.018107 -0.140646249 0.063919485 -0.169689789 0.022988936 -0.031835310 0.010965171 0.999168515
1341846338.054055 -0.137261003 0.067659490 -0.170523539 0.020820929 -0.030354904 0.009618226 0.999276042
1341846338.085986 -0.131094456 0.065765902 -0.158001304 0.017211825 -0.027690608 0.009791353 0.999420404
1341846338.121875 -0.136158466 0.061908349 -0.150500298 0.015225301 -0.024960073 0.011194262 0.999509811
1341846338.154089 -0.140556797 0.060669363 -0.144168451 0.014203474 -0.024098257 0.014654340 0.999501288
1341846338.186029 -0.135972008 0.062065825 -0.134183094 0.013116816 -0.024765929 0.016969981 0.999463141
1341846338.222071 -0.130230740 0.068601005 -0.127043992 0.012277509 -0.023818783 0.016011901 0.999512672
1341846338.254107 -0.131596789 0.063551523 -0.113850757 0.010176511 -0.021850523 0.016329177 0.999576092
1341846338.290130 -0.127564043 0.060265791 -0.105691634 0.010287969 -0.022242593 0.018877771 0.999521375
1341846338.321952 -0.128409579 0.064992495 -0.099852912 0.010705640 -0.021132389 0.020490015 0.999509394
1341846338.354022 -0.125424042 0.062964357 -0.088345163 0.010011833 -0.020718366 0.020838568 0.999518037
1341846338.389969 -0.124749467 0.070223309 -0.080637209 0.009961263 -0.019761097 0.021127963 0.999531806
1341846338.422377 -0.125427008 0.067239240 -0.070235722 0.007948142 -0.019356810 0.021449912 0.999550939
1341846338.454010 -0.125097424 0.070994757 -0.063783884 0.007215886 -0.019723024 0.020515865 0.999568939
1341846338.489894 -0.119275801 0.064923808 -0.051062360 0.004846931 -0.020658387 0.021455370 0.999544621
1341846338.522066 -0.114493795 0.063459449 -0.040124953 0.005591412 -0.020755073 0.020908428 0.999550283
1341846338.558058 -0.120023094 0.076083630 -0.034888193 0.005861659 -0.020178510 0.019890223 0.999581337
1341846338.589842 -0.112392589 0.072422251 -0.021337304 0.003499868 -0.020928428 0.019707989 0.999580562
1341846338.622019 -0.107761957 0.066083007 -0.006889694 0.003729983 -0.020270314 0.021086017 0.999565184
1341846338.657984 -0.112739615 0.073729992 -0.004953504 0.004490321 -0.019725172 0.022666125 0.999538362
1341846338.690198 -0.106990851 0.080679826 0.005364395 0.003089884 -0.020825827 0.022065990 0.999534786
1341846338.722454 -0.102081448 0.072451621 0.020323355 0.001696129 -0.020021688 0.022566058 0.999543428
1341846338.757945 -0.110343345 0.078029118 0.019498037 0.002202946 -0.019168600 0.024015849 0.999525368
1341846338.790039 -0.102756336 0.077588253 0.037755795 -0.000019707 -0.021983478 0.024729718 0.999452412
1341846338.826048 -0.091856904 0.074773021 0.052889038 0.000111512 -0.021956872 0.023162408 0.999490559
1341846338.858027 -0.099878818 0.082973510 0.055970948 0.000628953 -0.019367309 0.022018917 0.999569714
1341846338.889902 -0.095564112 0.082534097 0.067934968 -0.002075949 -0.020730976 0.021537211 0.999550939
1341846338.925948 -0.087328777 0.078664728 0.079250291 -0.002960873 -0.020825477 0.020248706 0.999573648
1341846338.958108 -0.086933099 0.080042489 0.090577714 -0.002618460 -0.018678946 0.019078642 0.999640048
1341846338.990057 -0.085801929 0.078117713 0.105400756 -0.002343106 -0.018643036 0.020017337 0.999623060
1341846339.025928 -0.080354452 0.077798411 0.119094163 -0.000196843 -0.017956061 0.020304561 0.999632537
1341846339.057939 -0.081107438 0.083585963 0.123142585 0.002861812 -0.015161242 0.019638777 0.999688089
1341846339.093927 -0.086497672 0.091458045 0.127682343 0.002250423 -0.015046652 0.020817595 0.999667525
1341846339.126562 -0.078978196 0.094581231 0.134956658 -0.000986958 -0.016781589 0.020670123 0.999644995
1341846339.157969 -0.072383098 0.095940799 0.155084088 -0.003099708 -0.014606554 0.018221829 0.999722481
1341846339.194113 -0.078406230 0.098413423 0.162169471 -0.004950922 -0.012679759 0.019096958 0.999724984
1341846339.228165 -0.076666042 0.099056393 0.167382225 -0.008671740 -0.014972619 0.022165837 0.999604583
1341846339.257998 -0.064638555 0.099388331 0.187381506 -0.011262536 -0.015220698 0.022367135 0.999570489
1341846339.294132 -0.066099472 0.102690987 0.191461340 -0.011113741 -0.012427078 0.023036238 0.999595582
1341846339.326577 -0.072123326 0.112266555 0.201045573 -0.013990498 -0.013901588 0.026269075 0.999460340
1341846339.362269 -0.062176127 0.104244426 0.207242534 -0.019262802 -0.016630666 0.024462942 0.999376774
1341846339.394725 -0.057001084 0.104454637 0.218018085 -0.020117799 -0.014915125 0.023569625 0.999408484
1341846339.462186 -0.046341211 0.106380634 0.244736657 -0.023475477 -0.016564427 0.023852810 0.999302566
1341846339.496743 -0.036825608 0.104273878 0.246956781 -0.020870738 -0.013708385 0.022089008 0.999444127
1341846339.562052 -0.039623942 0.101075962 0.264449805 -0.020064989 -0.009997983 0.024054714 0.999459267
1341846339.595122 -0.029467408 0.104293130 0.279683769 -0.017486976 -0.010057237 0.022787256 0.999536812
1341846339.632085 -0.028072080 0.105655372 0.286473691 -0.016332384 -0.006322350 0.021053979 0.999624908
1341846339.664568 -0.024543470 0.104084969 0.296516955 -0.016308168 -0.003677803 0.019150555 0.999676824
1341846339.698896 -0.025349107 0.101620257 0.304191113 -0.016503550 -0.002311765 0.018219389 0.999695122
1341846339.731977 -0.021839449 0.104729295 0.314732701 -0.016013319 -0.002190348 0.016498735 0.999733269
1341846339.762241 -0.016503116 0.101782873 0.323407054 -0.015783211 -0.001150748 0.015906645 0.999748230
1341846339.797873 -0.015582341 0.101268612 0.328623801 -0.015816076 -0.000566585 0.017140269 0.999727845
1341846339.830245 -0.011683332 0.100885011 0.337023944 -0.016170466 -0.001341953 0.018004064 0.999706268
1341846339.862015 -0.010534348 0.103941888 0.345678002 -0.016071416 -0.000947502 0.017094698 0.999724269
1341846339.897797 -0.005908045 0.103254899 0.351569682 -0.016919278 -0.000061378 0.016209433 0.999725461
1341846339.929916 -0.003266332 0.094877973 0.358533502 -0.018475827 0.000945443 0.018558346 0.999656618
1341846339.961960 -0.000848824 0.093593456 0.367741406 -0.017172806 0.000155868 0.019477243 0.999662817
1341846339.997845 0.004379106 0.096855074 0.369318396 -0.015349373 0.000961463 0.019292472 0.999695599
1341846340.029925 0.008061956 0.094245166 0.375925213 -0.014875405 0.003124513 0.020743381 0.999669313
1341846340.066044 0.008746227 0.092837274 0.384122759 -0.012829181 0.004561611 0.022039583 0.999664366
1341846340.098009 0.010610663 0.095743790 0.391291410 -0.011668349 0.004971270 0.022788305 0.999659836
1341846340.130102 0.013900256 0.094447620 0.391644984 -0.012624162 0.004879117 0.021885477 0.999668896
1341846340.166041 0.019369939 0.092093833 0.399181575 -0.011765268 0.006627886 0.020140499 0.999705970
1341846340.197867 0.017513078 0.093238741 0.409766436 -0.010500750 0.009534244 0.019446133 0.999710321
1341846340.229904 0.021245571 0.093720809 0.414532065 -0.011957806 0.008884295 0.019955520 0.999689877
1341846340.265859 0.025934806 0.085960761 0.418340534 -0.013415269 0.009771429 0.019393373 0.999674141
1341846340.298061 0.028246684 0.089785874 0.431108296 -0.010741424 0.011928142 0.019635411 0.999678373
1341846340.334063 0.025237381 0.094673648 0.434577048 -0.011346630 0.011498312 0.021618625 0.999635756
1341846340.366064 0.028500695 0.090660907 0.442661345 -0.013188095 0.009580966 0.020781795 0.999651134
1341846340.397995 0.036310744 0.089658506 0.445820451 -0.011474960 0.009167684 0.020849301 0.999674737
1341846340.433895 0.035286084 0.092021964 0.452770829 -0.010635236 0.009317130 0.021606660 0.999666572
1341846340.465959 0.034071162 0.089858167 0.451383650 -0.010408302 0.007252184 0.023173403 0.999650955
1341846340.501858 0.038941722 0.088687167 0.449598432 -0.009745451 0.003557950 0.023431307 0.999671638
1341846340.534329 0.046715293 0.091756068 0.451942205 -0.008869383 0.001291450 0.023433123 0.999685228
1341846340.566041 0.049987324 0.085807472 0.457223028 -0.008217623 0.000311040 0.024323532 0.999670327
1341846340.601909 0.054763313 0.087980568 0.451206028 -0.005446707 -0.000345234 0.024384245 0.999687791
1341846340.634005 0.056478925 0.091241121 0.445490390 -0.004234198 -0.000695795 0.022941153 0.999727607
1341846340.666028 0.058816645 0.087911688 0.445552260 -0.004921020 -0.000250789 0.020853681 0.999770403
1341846340.701946 0.066176116 0.086399034 0.439858347 -0.003153968 0.000217274 0.018873017 0.999816895
1341846340.733954 0.064773604 0.089723714 0.441267997 -0.001828270 0.002290137 0.017185474 0.999848008
1341846340.770081 0.062899984 0.091365993 0.440127522 -0.002422423 0.003195976 0.014128408 0.999892175
1341846340.801980 0.069960430 0.089435041 0.435069710 -0.002544787 0.003385295 0.009533299 0.999945581
1341846340.833999 0.070533715 0.092849948 0.431849539 -0.002406539 0.005757843 0.005027780 0.999967873
1341846340.870013 0.066998862 0.090774745 0.433315486 -0.003960387 0.006055736 0.003521392 0.999967635
1341846340.901955 0.071655467 0.087195694 0.434270620 -0.003328193 0.005194305 0.003599744 0.999974489
1341846340.933918 0.068752237 0.088061042 0.432510763 -0.001252637 0.005263090 0.005352183 0.999971032
1341846340.970122 0.068871200 0.090101115 0.424962491 0.000051315 0.002291730 0.010595742 0.999941230
1341846341.001922 0.064820841 0.086818367 0.424034208 0.001030611 -0.001183665 0.015235680 0.999882698
1341846341.037923 0.067240804 0.088410988 0.424375683 0.002479259 -0.003902365 0.018618682 0.999815941
1341846341.070300 0.067443386 0.087257624 0.422810167 0.002821499 -0.004790992 0.018972684 0.999804556
1341846341.102028 0.067989513 0.086361922 0.418449968 0.002592960 -0.006318091 0.018991908 0.999796331
1341846341.137982 0.070275299 0.086624928 0.417934686 0.002799699 -0.008496119 0.019180574 0.999776006
1341846341.170048 0.070428312 0.085010588 0.414007962 0.003013485 -0.008750499 0.020287337 0.999751329
1341846341.202110 0.071334019 0.082715377 0.409586489 0.004296084 -0.009242653 0.022117840 0.999703407
1341846341.237996 0.070858099 0.085346989 0.410758883 0.006505651 -0.008885196 0.022498127 0.999686241
1341846341.269883 0.067701682 0.085055687 0.409505010 0.007611615 -0.008150481 0.022955019 0.999674320
1341846341.306107 0.066691019 0.084866844 0.405944645 0.008164134 -0.008639409 0.022093970 0.999685228
1341846341.338109 0.068737745 0.084977828 0.401373595 0.009025031 -0.008384525 0.020058045 0.999722898
1341846341.370120 0.068454459 0.085619420 0.402773857 0.009678485 -0.007159708 0.017424714 0.999775708
1341846341.406074 0.064727716 0.084014945 0.399918705 0.009549770 -0.006339708 0.016572248 0.999796987
1341846341.438113 0.065514795 0.079205208 0.402409106 0.010133939 -0.008550747 0.017224317 0.999763727
1341846341.470024 0.068011217 0.081310675 0.396426558 0.013303502 -0.008707781 0.015289720 0.999756694
1341846341.506077 0.063624553 0.087351404 0.398377329 0.013667149 -0.007561940 0.014453364 0.999773562
1341846341.538156 0.060995266 0.083370142 0.394540548 0.012117933 -0.009054925 0.015115208 0.999771357
1341846341.574016 0.062448103 0.084022269 0.396886945 0.013486807 -0.011404731 0.015676482 0.999721110
1341846341.612466 0.059512105 0.087738879 0.393054575 0.014380921 -0.011633272 0.016040072 0.999700248
1341846341.643972 0.059766077 0.089544222 0.389431924 0.013536239 -0.013186219 0.015104455 0.999707341
1341846341.679982 0.057689201 0.085304961 0.388891697 0.012856428 -0.014257640 0.015257661 0.999699295
1341846341.712332 0.054205369 0.086986296 0.387706429 0.013852060 -0.016041584 0.017913474 0.999614894
1341846341.744185 0.057533592 0.085910372 0.387663811 0.014151516 -0.018601995 0.020325107 0.999520183
1341846341.780061 0.057529408 0.087164819 0.384185493 0.014630342 -0.019087214 0.021747136 0.999474227
1341846341.842595 0.062469475 0.079890586 0.377153426 0.016215064 -0.020459216 0.027289113 0.999286652
1341846341.906227 0.062264610 0.077055633 0.375209779 0.019557610 -0.021125540 0.031973094 0.999074042
1341846341.942069 0.063627578 0.071267217 0.372221857 0.022292661 -0.021117816 0.033545177 0.998965383
1341846341.974775 0.064559527 0.074260779 0.368970841 0.025976382 -0.021374742 0.035578139 0.998800576
1341846342.010161 0.058729209 0.075968564 0.367240727 0.026747538 -0.021958930 0.037220322 0.998707652
1341846342.042024 0.066388294 0.068953760 0.367524683 0.027848871 -0.023553772 0.037494466 0.998631001
1341846342.080032 0.068026386 0.074404359 0.360987723 0.030584892 -0.021156823 0.037292022 0.998612165
1341846342.112265 0.063613929 0.068041310 0.363073438 0.030143594 -0.020060474 0.039239556 0.998573601
1341846342.147954 0.065379247 0.064981513 0.364694923 0.032534927 -0.021518489 0.041343842 0.998383284
1341846342.179852 0.068974577 0.067378893 0.358612657 0.035505507 -0.021244122 0.042875223 0.998223305
1341846342.211848 0.067351311 0.070296898 0.359951138 0.036483482 -0.020436600 0.042328749 0.998228252
1341846342.247920 0.067851476 0.065920450 0.360684812 0.037178431 -0.020342644 0.041233737 0.998250306
1341846342.279870 0.071286201 0.064686105 0.356816977 0.038469456 -0.020185409 0.041821804 0.998180151
1341846342.316068 0.071330972 0.065799475 0.353124380 0.039815620 -0.019981060 0.042990554 0.998081803
1341846342.347894 0.070986688 0.067830786 0.352604538 0.040401511 -0.019873090 0.042620730 0.998076260
1341846342.379953 0.072925977 0.065778367 0.353746533 0.040309194 -0.019449774 0.042961594 0.998073757
1341846342.416195 0.070070937 0.066432193 0.354696840 0.041037172 -0.018969843 0.044055577 0.998005629
