1341846313.592026 0.000000000 0.000000000 0.000000000 0.000000000 0.000000000 0.000000000 1.000000000
1341846313.654184 0.010732736 -0.003531435 -0.002405839 -0.001471570 -0.003803741 0.005105024 0.999978662
1341846313.686156 0.017173182 0.001119938 -0.004961270 0.000305366 -0.005671110 0.005162504 0.999970555
1341846313.721918 0.023293335 0.004552220 -0.005701992 0.000849140 -0.007041208 0.005498693 0.999959707
1341846313.753994 0.029910566 0.000109183 -0.003363791 -0.000451663 -0.007625295 0.007018130 0.999946177
1341846313.789969 0.033774648 0.000293487 -0.004591829 0.000755768 -0.007910290 0.005464894 0.999953508
1341846313.822075 0.048036613 0.008339349 -0.000442134 0.001562785 -0.008019002 0.004629649 0.999955893
1341846313.853928 0.056107301 0.004246221 0.007959228 0.000552192 -0.006290404 0.003755525 0.999972999
1341846313.890011 0.056371842 0.007060928 0.004938478 0.000661344 -0.003928357 0.004132596 0.999983549
1341846313.922055 0.067932084 0.012088526 0.006556853 -0.000844295 -0.004709227 0.005495568 0.999973476
1341846313.957927 0.093496710 0.009537869 -0.012197927 -0.003507249 -0.003304407 0.006956712 0.999964178
1341846313.990058 0.093568780 0.007827808 -0.001610405 -0.004904073 0.005394027 0.008271967 0.999939203
1341846314.022042 0.093171403 0.017803254 -0.002370108 -0.005998154 0.006825655 0.010370157 0.999904931
1341846314.057816 0.108201832 0.008579466 -0.004357281 -0.010895463 0.008234846 0.012551453 0.999827981
1341846314.089801 0.109782718 0.004288540 -0.008966442 -0.010426805 0.014272278 0.011603321 0.999776423
1341846314.122037 0.116294496 0.020276872 -0.003411114 -0.009838721 0.017643135 0.015487282 0.999675989
1341846314.157989 0.126850635 0.011326560 0.003911042 -0.013414986 0.020138202 0.017118560 0.999560595
1341846314.190094 0.132975563 0.021327920 0.021461062 -0.011361154 0.023294637 0.015957376 0.999536693
1341846314.225969 0.141214162 0.027291458 0.018255029 -0.013575749 0.024456976 0.020509759 0.999398291
1341846314.257923 0.137215555 0.021101920 0.029165003 -0.015901392 0.027894346 0.018511225 0.999312997
1341846314.290052 0.141720697 0.022829177 0.026121037 -0.014301506 0.029205523 0.017217498 0.999322832
1341846314.325981 0.146476656 0.024042292 0.022621129 -0.015288021 0.030603906 0.016000530 0.999286592
1341846314.357905 0.159986660 0.015638137 0.022124946 -0.017322740 0.032444894 0.015233875 0.999207258
1341846314.389899 0.158844426 0.019178323 0.025699012 -0.015188071 0.035797380 0.013487083 0.999152601
1341846314.427905 0.166518837 0.022023110 0.021582125 -0.015245155 0.037430126 0.013615402 0.999090195
1341846314.493987 0.184819683 0.012885771 0.024617149 -0.015046215 0.045946743 0.006197476 0.998811364
1341846314.526085 0.189264387 0.022871036 0.017268844 -0.013270687 0.048028383 0.004534675 0.998747528
1341846314.558292 0.197547942 0.021150712 0.023584258 -0.014805795 0.050355323 0.004905006 0.998609543
1341846314.594085 0.201590359 0.015522561 0.027670043 -0.013928516 0.055521600 0.004506065 0.998350203
1341846314.626096 0.203715339 0.023294106 0.022527782 -0.012853841 0.059771605 0.005946122 0.998111606
1341846314.658455 0.209169373 0.029132245 0.019479444 -0.014001490 0.061512105 0.005311176 0.997994006
1341846314.694004 0.212780342 0.021816283 0.035797436 -0.014447142 0.065998405 0.005085018 0.997702181
1341846314.725910 0.220853284 0.013378898 0.028517356 -0.011351037 0.068179578 0.007197859 0.997582555
1341846314.761942 0.230261564 0.010977176 0.025257567 -0.008130063 0.067530580 0.012194574 0.997609556
1341846314.794030 0.226994425 0.018264549 0.027229950 -0.003513633 0.071467362 0.012774276 0.997354925
1341846314.826092 0.216822013 0.025181672 0.022219306 -0.000705074 0.078424133 0.014670403 0.996811867
1341846314.862145 0.253362566 0.025736103 0.013851872 -0.000929859 0.076701038 0.016016034 0.996925056
1341846314.894072 0.265102237 0.034152187 0.025379289 -0.000033899 0.079590827 0.018837493 0.996649623
1341846314.925969 0.243479460 0.013334778 0.016903386 -0.003755375 0.086915664 0.021076271 0.995985627
1341846314.961937 0.268429637 0.038069185 0.027849685 -0.003150185 0.083604284 0.026483150 0.996142089
1341846314.994564 0.265115291 0.032701526 0.024094276 -0.007311161 0.085827500 0.024132477 0.995990872
1341846315.029900 0.290806800 0.032847971 0.028794790 -0.007635129 0.086309761 0.023756176 0.995955825
1341846315.061965 0.269830495 0.030374028 0.025858350 -0.008235668 0.092457034 0.024079643 0.995391428
1341846315.094388 0.287124872 0.025214812 0.026377730 -0.008730584 0.089561738 0.026924578 0.995579004
1341846315.129851 0.302411377 0.026488010 0.022721289 -0.006755454 0.088369869 0.027445659 0.995686650
1341846315.161941 0.321206093 0.046194177 0.005393476 -0.007763701 0.085609399 0.033360068 0.995739818
1341846315.197984 0.299435765 0.027207239 0.006569799 -0.016517974 0.087361559 0.025067911 0.995724201
1341846315.230076 0.325478077 0.032433625 0.017955273 -0.019871665 0.083065793 0.024887763 0.996035039
1341846315.262069 0.328585774 0.036452141 0.033192698 -0.022415938 0.080383308 0.029110800 0.996086657
1341846315.298000 0.340327948 0.023746397 0.032415342 -0.025546910 0.075678512 0.030330125 0.996343434
1341846315.329931 0.340732038 0.009201187 0.039384704 -0.023348197 0.074897714 0.031108491 0.996432364
1341846315.361981 0.346925914 0.011935316 0.035527203 -0.018132886 0.073884986 0.034429040 0.996507287
1341846315.397962 0.348412037 0.008273214 0.028932700 -0.015726637 0.075039268 0.037381519 0.996355593
1341846315.429923 0.352640659 0.014742812 0.031364571 -0.012204204 0.076581292 0.038082585 0.996261060
1341846315.466047 0.369170070 0.020609848 0.023762805 -0.010687122 0.078308597 0.038857512 0.996114254
1341846315.497883 0.366496444 0.021784103 0.022375144 -0.011726880 0.082096554 0.043743603 0.995594859
1341846315.530008 0.369985998 0.021712728 0.031192221 -0.011627332 0.083098628 0.044492368 0.995479703
1341846315.566108 0.370632052 0.018423956 0.025690772 -0.013193311 0.084923118 0.044993475 0.995283663
1341846315.597986 0.384650469 0.016273776 0.028149640 -0.013594189 0.084253818 0.045561556 0.995309293
1341846315.630109 0.365966856 0.017589405 0.023757430 -0.013147207 0.089052379 0.043048117 0.995009422
1341846315.666042 0.375737220 0.020553894 0.010289650 -0.013764679 0.088945165 0.040786058 0.995105922
1341846315.698114 0.388241798 0.037238412 -0.001389322 -0.016403947 0.090100564 0.041146114 0.994947135
1341846315.733985 0.371966004 0.012247319 0.026647303 -0.022671549 0.095540918 0.041861262 0.994286478
1341846315.766041 0.372642517 0.019139562 0.024744522 -0.021362109 0.092591800 0.043291576 0.994533181
1341846315.798188 0.375083774 0.014369464 0.025776830 -0.022981402 0.092099980 0.042678367 0.994569242
1341846315.834140 0.369150221 0.016526135 0.026318213 -0.021248480 0.095096640 0.040727347 0.994407594
1341846315.866751 0.370238096 0.010713521 0.032240111 -0.019866850 0.095971942 0.039448749 0.994403601
1341846315.898492 0.360604674 0.015150566 0.029508935 -0.017925881 0.097178176 0.039253179 0.994331062
1341846315.936901 0.358526409 0.004300904 0.021310758 -0.016368007 0.099240795 0.038571853 0.994180858
1341846315.966572 0.347381532 0.000786526 0.016807325 -0.013683609 0.101705082 0.038386524 0.993979514
1341846316.034204 0.341233194 0.005562237 0.021889955 -0.008937941 0.101389967 0.036087178 0.994151831
1341846316.066113 0.326017737 0.014149254 0.030476734 -0.004748308 0.102399155 0.034351856 0.994138718
1341846316.101867 0.321389526 0.019750595 0.027298195 -0.003043216 0.100747652 0.036607534 0.994233668
1341846316.134066 0.308886051 0.025519822 0.018067531 -0.002715691 0.098618530 0.033163331 0.994568825
1341846316.202049 0.287212849 0.009625940 0.026127044 -0.004189807 0.095725790 0.028386209 0.994994104
1341846316.233979 0.290507257 0.015229056 0.020757321 -0.002974517 0.093229406 0.027289486 0.995266140
1341846316.270052 0.283748895 0.019501088 0.023336774 -0.003636257 0.094384439 0.023453047 0.995252907
1341846316.301915 0.276635081 0.014714259 0.027733030 -0.003447639 0.095868759 0.021872018 0.995147705
1341846316.334208 0.271526098 0.008001114 0.030358700 -0.003061109 0.094833449 0.024071252 0.995197415
1341846316.370006 0.262812197 0.007021230 0.028639995 -0.000976022 0.094057165 0.023813397 0.995281458
1341846316.401994 0.256463617 0.011616512 0.021362223 0.001494311 0.093365185 0.026355885 0.995281935
1341846316.438069 0.247462824 0.003140163 0.019254617 0.002939819 0.093248390 0.029209025 0.995209992
1341846316.470076 0.237797454 -0.001945365 0.025377451 0.006662595 0.093105391 0.030243715 0.995174527
1341846316.502034 0.231551826 0.017891878 0.019228509 0.010835377 0.090261050 0.034036983 0.995277345
1341846316.537975 0.222315773 0.010352316 0.014770612 0.007122551 0.087730341 0.031279568 0.995627582
1341846316.570121 0.216194689 0.006021607 0.026468638 0.006811952 0.087876804 0.028102960 0.995711565
1341846316.601885 0.205010265 -0.002192775 0.024936635 0.007768301 0.088282473 0.025740601 0.995732546
1341846316.638009 0.207800910 -0.003429994 0.017336272 0.010199307 0.085396633 0.028462196 0.995888174
1341846316.669925 0.198547974 -0.005451289 0.026198644 0.012550335 0.085304692 0.026269171 0.995929480
1341846316.705941 0.187096894 -0.010506452 0.018380288 0.016336598 0.086092196 0.027391834 0.995776534
1341846316.738062 0.179019958 -0.003156794 0.010224141 0.019138902 0.085427448 0.030022366 0.995708048
1341846316.770433 0.170922071 0.008301380 0.009938834 0.019801090 0.084560983 0.030648602 0.995750010
1341846316.805932 0.166189715 -0.006147658 0.018367410 0.018753465 0.084654734 0.029720414 0.995790422
1341846316.838029 0.155359834 0.001513364 0.021114999 0.021103241 0.083740056 0.030587854 0.995794475
1341846316.870034 0.146454006 -0.004059179 0.020435648 0.020911723 0.080196708 0.031415872 0.996064365
1341846316.906344 0.140348271 -0.002516567 0.023825191 0.022420697 0.077049904 0.031477280 0.996277988
1341846316.937940 0.135997459 0.000626090 0.021233669 0.022637416 0.075752914 0.028633144 0.996458352
1341846316.973994 0.130306706 -0.000270062 0.018178409 0.021494700 0.073752940 0.029108580 0.996619880
1341846317.005913 0.119567893 -0.005627452 0.022300577 0.019841939 0.071526796 0.029438879 0.996806681
1341846317.037936 0.115859486 -0.004307680 0.030223759 0.020710487 0.068505429 0.029057944 0.997012377
1341846317.073972 0.112046696 -0.010830281 0.027812667 0.021015566 0.066688344 0.030329915 0.997091353
1341846317.106113 0.099345796 -0.014635527 0.010796303 0.023374224 0.065875649 0.033347841 0.996996462
1341846317.137887 0.084204763 -0.021482542 -0.008939868 0.025639640 0.059955254 0.038057376 0.997145772
1341846317.173970 0.077231266 -0.015535537 0.004932674 0.027223129 0.053559404 0.037873067 0.997474790
1341846317.205887 0.068520628 -0.016615110 0.007838346 0.027190370 0.051141445 0.038660474 0.997572362
1341846317.248131 0.064295128 -0.019384157 0.015580675 0.028152727 0.048173849 0.040834263 0.997606754
1341846317.306289 0.052176025 -0.017335102 0.010521631 0.030107930 0.042055070 0.044852607 0.997653782
1341846317.348137 0.055898953 -0.017848780 0.014004952 0.031278607 0.042110890 0.046612445 0.997534752
1341846317.410120 0.033924382 -0.014197919 0.013656524 0.033315830 0.042893149 0.051053543 0.997218013
1341846317.442569 0.038825046 -0.024634579 0.019588703 0.034952715 0.041818693 0.054919485 0.997002184
1341846317.474010 0.023876006 -0.021788675 0.023303632 0.041015301 0.043509394 0.056855503 0.996590257
1341846317.509927 0.013161199 -0.011797213 0.018921718 0.044683456 0.041369308 0.061497513 0.996247947
1341846317.542282 0.002321616 -0.006311090 0.022635452 0.044484526 0.039314575 0.061086267 0.996365368
1341846317.573943 0.005620838 -0.015574438 0.023650363 0.043342084 0.039249778 0.061080847 0.996418655
1341846317.610159 -0.001528159 -0.023144215 0.026352689 0.045256518 0.041237656 0.063194774 0.996121347
1341846317.643553 -0.016136674 -0.016242499 0.027306298 0.048136499 0.041270331 0.065972522 0.995804846
1341846317.677993 -0.026942065 -0.022461584 0.019598195 0.048425201 0.038119417 0.067790829 0.995794296
1341846317.709996 -0.029096931 -0.025160821 0.030807987 0.050690170 0.035320219 0.068658903 0.995725334
1341846317.741834 -0.036483862 -0.011552988 0.028572815 0.052054677 0.034126196 0.066088423 0.995870471
1341846317.777923 -0.054331042 -0.012461470 0.028809605 0.050270945 0.034557179 0.064868949 0.996027410
1341846317.810021 -0.069639392 -0.014059836 0.030084601 0.049977761 0.033935487 0.062846117 0.996193230
1341846317.841886 -0.080377743 -0.009167333 0.034631513 0.049619876 0.033484221 0.060078029 0.996397138
1341846317.878017 -0.086849280 -0.010172513 0.037564944 0.046859507 0.033178616 0.056448463 0.996753216
1341846317.909910 -0.081985697 -0.014592677 0.029897846 0.045871790 0.032860212 0.053382151 0.996978581
1341846317.946031 -0.092397980 -0.018857840 0.028172527 0.046855520 0.033937890 0.055011198 0.996808171
1341846317.978041 -0.103296325 -0.024763241 0.027283249 0.048230838 0.033006351 0.054252326 0.996815443
1341846318.009897 -0.105038859 -0.017777219 0.029376011 0.051313773 0.033137072 0.052582379 0.996746659
1341846318.045949 -0.119246170 -0.013425711 0.030813837 0.051834900 0.034788288 0.051094256 0.996740818
1341846318.078074 -0.131862491 -0.016265996 0.033454880 0.050939400 0.033536054 0.050333910 0.996868610
1341846318.109894 -0.141232520 -0.016777733 0.031660706 0.050648812 0.029780244 0.048171367 0.997109473
1341846318.145957 -0.133246750 -0.015191074 0.044312555 0.050092101 0.025742400 0.046839092 0.997313499
1341846318.178001 -0.142926201 -0.019455098 0.044800565 0.048943244 0.026614374 0.043883789 0.997482061
1341846318.214074 -0.155607104 -0.022150224 0.045509640 0.049584579 0.025164533 0.042018343 0.997568369
1341846318.245970 -0.176725224 -0.026913265 0.038612563 0.052375387 0.021121463 0.042087119 0.997516572
1341846318.278018 -0.194083467 -0.024324888 0.051187400 0.056429245 0.017660268 0.041236728 0.997398317
1341846318.313937 -0.206481710 -0.027665647 0.023342082 0.058163613 0.011637266 0.042365842 0.997339845
1341846318.345989 -0.202010140 -0.025512425 0.033579443 0.059951495 0.000676184 0.039873492 0.997404337
1341846318.382046 -0.216823265 -0.024617080 0.042267911 0.061768487 -0.004895844 0.038245328 0.997345448
1341846318.414072 -0.228014946 -0.028964018 0.032640792 0.062914483 -0.011203452 0.039794840 0.997162282
1341846318.446035 -0.234024495 -0.028844794 0.037779413 0.065286897 -0.017387692 0.039929863 0.996915698
1341846318.482196 -0.239021927 -0.026175693 0.038729206 0.066709705 -0.019435879 0.039321560 0.996807814
1341846318.514144 -0.252125144 -0.025910743 0.036171373 0.067060709 -0.020063573 0.040728141 0.996715367
1341846318.546259 -0.251561403 -0.032213036 0.045882657 0.067886069 -0.022063708 0.039962929 0.996648192
1341846318.582042 -0.259198725 -0.026339188 0.030540368 0.069748580 -0.022171700 0.040710840 0.996486902
1341846318.614115 -0.268627197 -0.024306314 0.034293126 0.069556631 -0.022204647 0.040581949 0.996504903
1341846318.650038 -0.272278965 -0.030990690 0.032176483 0.068347529 -0.023386134 0.037393700 0.996686220
1341846318.682350 -0.280833483 -0.032437045 0.026864134 0.067854673 -0.023928413 0.035829708 0.996764481
1341846318.714063 -0.294484824 -0.028783016 0.026595656 0.067874037 -0.024533175 0.034356073 0.996800303
1341846318.749905 -0.298486859 -0.036164660 0.026089797 0.068130575 -0.024736179 0.036759071 0.996692061
1341846318.782036 -0.312978119 -0.033926912 0.014214363 0.070029780 -0.024945812 0.038254388 0.996498942
1341846318.814121 -0.316814661 -0.028676232 0.041278515 0.070743807 -0.030753709 0.035527367 0.996387124
1341846318.850072 -0.325324565 -0.031181585 0.046975765 0.071239628 -0.036166765 0.033149578 0.996252000
1341846318.883516 -0.336552441 -0.041883931 0.011473756 0.073308490 -0.044243578 0.031908385 0.995816350
1341846318.918047 -0.365378082 -0.035136987 -0.000882670 0.076342791 -0.055590510 0.029336747 0.995098412
1341846318.950044 -0.368686259 -0.039508555 0.014401482 0.077979989 -0.064837880 0.027715458 0.994458139
1341846318.982028 -0.387770951 -0.042047355 -0.007582563 0.079074331 -0.066890046 0.023622710 0.994341493
1341846319.018123 -0.395070195 -0.038576581 -0.004323148 0.079033762 -0.073096693 0.023732523 0.993905067
1341846319.050745 -0.404541492 -0.059343938 -0.025193680 0.078946002 -0.078993022 0.023506904 0.993466198
1341846319.081905 -0.397412896 -0.028235076 0.013845130 0.087880358 -0.079349577 0.019785644 0.992768466
1341846319.117976 -0.406119704 -0.035690133 0.012774032 0.088995390 -0.078624882 0.027247725 0.992550015
1341846319.150093 -0.411321372 -0.044742744 0.004022889 0.089753374 -0.083510540 0.034853134 0.991844535
1341846319.186069 -0.400392056 -0.029061403 0.017508611 0.092514746 -0.086010404 0.035205595 0.991364658
1341846319.218149 -0.407840878 -0.002289700 0.020591442 0.091146290 -0.080815904 0.034072008 0.991967857
1341846319.250034 -0.421049535 0.021385482 0.048275944 0.087774865 -0.073170356 0.028733168 0.993033767
1341846319.286594 -0.430636376 -0.027888643 0.017423214 0.081207909 -0.071116745 0.037341468 0.993455231
1341846319.318034 -0.436847627 -0.023451043 0.016974449 0.082381256 -0.070451617 0.040916923 0.993265152
1341846319.350268 -0.450460792 -0.029123705 0.016201805 0.082722239 -0.069423340 0.046680689 0.993055046
1341846319.386163 -0.469052523 -0.035268199 0.000780372 0.083760753 -0.073288918 0.053946633 0.992321849
1341846319.418386 -0.461819857 -0.029194890 0.004463266 0.085539863 -0.079543673 0.055271666 0.991615236
1341846319.453961 -0.473273128 -0.023941178 0.009734639 0.086399637 -0.080765478 0.051716711 0.991633713
1341846319.486271 -0.483003646 -0.025576590 0.009980446 0.085519791 -0.081111081 0.050860804 0.991726041
1341846319.554083 -0.499650985 -0.028676877 0.010577349 0.080159850 -0.087307177 0.049422268 0.991720378
1341846319.586296 -0.513446093 -0.028785808 0.012946829 0.080647700 -0.086392656 0.044940859 0.991974056
1341846319.622031 -0.531472921 -0.028380388 -0.007254404 0.078984357 -0.089176528 0.042199291 0.991981983
1341846319.653962 -0.530678570 -0.035973169 0.014385535 0.078165665 -0.094786607 0.042844959 0.991498828
1341846319.686352 -0.540726066 -0.036505949 0.014449497 0.079829067 -0.098338589 0.044578262 0.990943789
1341846319.721992 -0.547503352 -0.029822780 0.008162638 0.080924690 -0.102620400 0.044096470 0.990442216
1341846319.754063 -0.552474678 -0.019763140 0.002926584 0.078200571 -0.104765736 0.043638129 0.990456760
1341846319.786397 -0.557502091 -0.021228222 0.026240822 0.074035659 -0.105288394 0.046945065 0.990570188
1341846319.822008 -0.567818403 -0.019301349 0.023989990 0.071151502 -0.105499938 0.050711751 0.990573347
1341846319.853917 -0.563764334 -0.024291685 0.001573575 0.064863332 -0.106858015 0.056626182 0.990539074
1341846319.889942 -0.564811945 -0.032601293 0.013421779 0.061467171 -0.108119711 0.061514933 0.990327120
1341846319.922039 -0.573374629 -0.041057155 0.010421965 0.060345691 -0.112265497 0.063530423 0.989807427
1341846319.953946 -0.574737966 -0.039563764 0.023468412 0.061628480 -0.118430927 0.059386220 0.989267051
1341846319.990054 -0.572180092 -0.039427213 0.014325166 0.064196199 -0.121530652 0.052526057 0.989115834
1341846320.028122 -0.581037223 -0.036240704 0.013753001 0.066562906 -0.124352582 0.050762672 0.988700628
1341846320.090047 -0.562820077 -0.025869539 0.017027589 0.072490789 -0.132879585 0.051362213 0.987142384
1341846320.122011 -0.559281766 -0.021682277 0.023656998 0.073581561 -0.130401641 0.051116329 0.987404823
1341846320.157952 -0.552288949 -0.029545657 0.021627914 0.073357925 -0.127735913 0.052288320 0.987708509
1341846320.190003 -0.534549773 -0.033235133 0.027589684 0.075993612 -0.125377625 0.050494399 0.987904727
1341846320.221941 -0.536298931 -0.030467976 0.036747240 0.080827244 -0.121023685 0.051774744 0.987997770
1341846320.258015 -0.526163638 -0.038691524 0.034016158 0.083903506 -0.120561309 0.055087771 0.987618625
1341846320.289887 -0.509385586 -0.054122280 0.019347439 0.087914594 -0.122067653 0.055589456 0.987056375
1341846320.321954 -0.494457424 -0.043232072 0.042494524 0.098487176 -0.123793654 0.054109383 0.985924721
1341846320.357890 -0.484492034 -0.036795665 0.041635964 0.103477813 -0.123448029 0.056142479 0.985343039
1341846320.390064 -0.471243918 -0.035315137 0.030448928 0.104742102 -0.119986482 0.056992583 0.985588253
1341846320.426544 -0.442245275 -0.037064526 0.073685490 0.107562505 -0.115122281 0.054465450 0.986007452
1341846320.458122 -0.445835382 -0.034197185 0.069715306 0.109036878 -0.105945848 0.050461501 0.987086654
1341846320.490186 -0.419282973 -0.040775437 0.059668839 0.112200104 -0.099782065 0.050249882 0.987385273
1341846320.525911 -0.418572217 -0.038959645 0.052378047 0.115700863 -0.090995356 0.047969818 0.987943351
1341846320.558091 -0.403423965 -0.038494609 0.026709715 0.116448887 -0.087185465 0.043804020 0.988392413
1341846320.594093 -0.368439466 -0.046516005 0.029638859 0.117023118 -0.083455600 0.040553298 0.988785207
1341846320.631955 -0.377511889 -0.036402866 0.044853896 0.120601676 -0.074711986 0.039807420 0.989084780
1341846320.664916 -0.365233362 -0.036735535 0.045706902 0.120049901 -0.072970673 0.039072864 0.989311159
1341846320.699927 -0.346518338 -0.039425731 0.036980890 0.120182641 -0.069660254 0.036531165 0.989630759
1341846320.731822 -0.332403272 -0.035484776 0.027020123 0.122425690 -0.063136734 0.035278756 0.989838958
1341846320.763877 -0.346042335 -0.001819801 0.023901884 0.122195907 -0.060467489 0.036088850 0.990004778
1341846320.799999 -0.323898315 -0.027289586 0.030954128 0.113970332 -0.062552899 0.030126054 0.991055131
1341846320.831871 -0.279875964 -0.045513064 -0.008067585 0.113721311 -0.052812405 0.027009200 0.991740286
1341846320.863887 -0.311366588 -0.033889011 0.009477695 0.113317475 -0.041238844 0.027420843 0.992323816
1341846320.900014 -0.303604335 -0.040001936 0.028595263 0.105882935 -0.046624627 0.032553241 0.992751300
1341846320.931889 -0.279092103 -0.041254200 0.022643993 0.107346602 -0.048349213 0.031656608 0.992540598
1341846320.967866 -0.284695655 -0.018085890 0.025160026 0.107655235 -0.041732818 0.027146200 0.992940962
1341846321.000017 -0.278294683 -0.027037682 0.022683986 0.100974821 -0.041809201 0.026364729 0.993660390
1341846321.031860 -0.262860805 -0.036764693 0.022698827 0.098569781 -0.041615605 0.024706554 0.993952572
1341846321.068047 -0.255181968 -0.028151900 0.021829186 0.099430315 -0.037920706 0.022145594 0.994075060
1341846321.099840 -0.253701717 -0.027341161 0.022420073 0.097127318 -0.036418501 0.022669993 0.994347036
1341846321.131821 -0.217984691 -0.038219992 0.032461844 0.097092651 -0.036447119 0.024237508 0.994312406
1341846321.167887 -0.206418484 -0.032618359 0.044098563 0.100078121 -0.032919794 0.025154712 0.994116604
1341846321.200042 -0.199328184 -0.028822882 0.050064743 0.100542411 -0.030538671 0.025038363 0.994148731
1341846321.231950 -0.192709327 -0.033422157 0.041747686 0.099738225 -0.029429900 0.023456134 0.994301736
1341846321.267939 -0.175098464 -0.027358510 0.034920234 0.100520611 -0.028026946 0.019138150 0.994355977
1341846321.299948 -0.165580109 -0.032561608 0.039848547 0.098872982 -0.023631843 0.013117860 0.994732916
1341846321.331858 -0.166570753 -0.036083478 0.035888206 0.098769128 -0.020344645 0.009089089 0.994860828
1341846321.367913 -0.150754303 -0.042832643 0.029559767 0.100034490 -0.018102717 0.005261090 0.994805336
1341846321.399897 -0.148765340 -0.035863653 0.034309968 0.102561399 -0.012328880 0.003302906 0.994644761
1341846321.435994 -0.140985101 -0.040179737 0.041923076 0.103890814 -0.009301337 0.002849454 0.994541109
1341846321.467946 -0.132985264 -0.037986554 0.036448110 0.105859026 -0.006642246 0.003536087 0.994352639
1341846321.499882 -0.117661282 -0.036467351 0.046026513 0.107417189 -0.004081081 0.004243725 0.994196594
1341846321.536109 -0.096642941 -0.027136277 0.032395829 0.107470602 0.000493110 0.001178911 0.994207442
1341846321.568960 -0.103370570 -0.021515016 0.048323866 0.104587734 0.007661377 -0.001158483 0.994485497
1341846321.603938 -0.099133015 -0.027825255 0.043672379 0.100846149 0.010274634 -0.001482185 0.994847834
1341846321.637163 -0.054832499 -0.019733882 0.016755445 0.098583549 0.012702598 -0.001371658 0.995046735
1341846321.668306 -0.068922922 -0.025378251 0.048411988 0.093156770 0.023262780 0.003568967 0.995373249
1341846321.704411 -0.091461733 -0.023443520 0.056184899 0.090600803 0.026639067 0.008558272 0.995494127
1341846321.736861 -0.077962570 -0.024857115 0.060441047 0.089443989 0.023594797 0.017385932 0.995560527
1341846321.771881 -0.062311254 -0.010769965 0.050577275 0.087712146 0.022800872 0.021750150 0.995647311
1341846321.804114 -0.053232536 -0.010867077 0.059378844 0.083469965 0.024682447 0.024610229 0.995900512
1341846321.836152 -0.053483136 -0.005379113 0.063705415 0.080772616 0.027349696 0.025129220 0.996040285
1341846321.871882 -0.051030155 0.002236775 0.066331446 0.075998254 0.028663306 0.021650711 0.996460676
1341846321.904074 -0.038674690 -0.002483271 0.063260719 0.069061473 0.029303502 0.019210216 0.996996880
1341846321.939847 -0.037579570 -0.005598252 0.067648366 0.065203443 0.032443359 0.016335957 0.997210622
1341846322.004094 -0.043642927 -0.008527519 0.076609485 0.058411099 0.030881681 0.015844619 0.997689009
1341846322.066178 -0.025052710 -0.013218682 0.075047173 0.053810813 0.035032485 0.012762035 0.997854829
1341846322.107979 -0.031156838 -0.029721446 0.077232353 0.050653797 0.037754234 0.010783288 0.997944176
1341846322.166164 -0.035599604 -0.056367934 0.070513740 0.052736331 0.037468553 0.011450497 0.997839570
1341846322.202932 -0.026544325 -0.055661988 0.066650175 0.054900274 0.034619540 0.011424682 0.997826099
1341846322.234093 -0.034269247 -0.063190453 0.067396082 0.053330552 0.033576205 0.009753934 0.997964561
1341846322.265941 -0.025265466 -0.069752268 0.067170218 0.050983567 0.030258836 0.010216140 0.998188674
1341846322.301996 -0.025264293 -0.086414523 0.069467008 0.048920948 0.028554978 0.011111544 0.998332560
1341846322.333949 -0.034837190 -0.098082401 0.066052198 0.047888216 0.027542820 0.011097592 0.998411179
1341846322.369871 -0.021353330 -0.114674784 0.068084821 0.048358861 0.020729259 0.008454208 0.998579085
1341846322.402292 -0.004665780 -0.125393242 0.061531119 0.050129730 0.021243474 0.002733473 0.998512983
1341846322.433955 -0.028654097 -0.163300052 0.060360376 0.053254936 0.025212176 -0.002998890 0.998258114
1341846322.470030 -0.021864492 -0.158257678 0.059634719 0.063198268 0.020052606 0.001576398 0.997798264
1341846322.502433 -0.017444231 -0.174890816 0.068022892 0.068948165 0.017198453 0.005260573 0.997458100
1341846322.534002 -0.009706938 -0.198178843 0.065207556 0.077077456 0.016537972 0.006850576 0.996864438
1341846322.570196 -0.007781367 -0.207058847 0.066682346 0.086797453 0.016212538 0.009637553 0.996047437
1341846322.601920 -0.009471743 -0.207094073 0.053458925 0.091680422 0.012823552 0.011367184 0.995640993
1341846322.638119 -0.004073990 -0.213357836 0.065669917 0.098116107 0.009601448 0.011383375 0.995063543
1341846322.669947 -0.000755947 -0.217170060 0.054666184 0.103184886 0.012996195 0.009037308 0.994536221
1341846322.702026 -0.016304402 -0.228060558 0.057258584 0.105649486 0.015787845 0.011643271 0.994209945
1341846322.738006 0.000585093 -0.231553108 0.071544126 0.106845587 0.011435276 0.014356653 0.994106174
1341846322.770087 0.012768335 -0.250102639 0.081509270 0.106900550 0.011327839 0.013847452 0.994108737
1341846322.806047 -0.002582727 -0.265496254 0.074831873 0.109988138 0.012277954 0.015537383 0.993735611
1341846322.838063 -0.004367799 -0.268155813 0.070450507 0.111860439 0.007988428 0.018033721 0.993528187
1341846322.870081 0.000873729 -0.282451153 0.082016274 0.113535792 0.002692175 0.018372167 0.993360400
1341846322.906018 0.012688150 -0.286287129 0.086828135 0.118969359 0.000561274 0.018968776 0.992716551
1341846322.938349 0.008300954 -0.273434281 0.096109197 0.120194279 0.001771418 0.019813597 0.992551088
1341846322.970069 0.008635643 -0.277199715 0.089643553 0.115505196 0.001499647 0.021451905 0.993074059
1341846323.011820 0.014017237 -0.289544851 0.099301830 0.113052770 0.001662732 0.021757113 0.993349373
1341846323.073951 0.009483514 -0.293803871 0.099138029 0.109978676 0.001928420 0.026548760 0.993577421
1341846323.105962 0.013374305 -0.310761392 0.102008864 0.106551260 0.001647797 0.026712669 0.993946970
1341846323.138158 0.012993998 -0.311865658 0.101658277 0.107435063 0.001582875 0.023175217 0.993940711
1341846323.174092 0.011471650 -0.312818497 0.097538956 0.105634704 0.001417245 0.021483218 0.994171917
1341846323.206059 0.024991954 -0.321781695 0.090444066 0.102311946 -0.000005590 0.019785060 0.994555593
1341846323.238053 0.032291275 -0.324357390 0.090654381 0.099567652 0.002591298 0.018005747 0.994864464
1341846323.273997 0.008638426 -0.321845204 0.088891596 0.096216433 0.004295849 0.018287316 0.995183170
1341846323.305946 0.017348249 -0.334965557 0.099041142 0.090343468 -0.000426016 0.019448496 0.995720685
1341846323.342027 0.043249276 -0.350711375 0.103648931 0.088206053 -0.000364933 0.018144861 0.995936930
1341846323.374048 0.020382235 -0.358549654 0.102389447 0.088339955 0.004827153 0.018772503 0.995901763
1341846323.405987 0.007874755 -0.370501995 0.085987017 0.088228554 0.001477813 0.023852134 0.995813549
1341846323.441956 0.024377460 -0.377060145 0.093719333 0.089578778 -0.003285230 0.026040433 0.995633841
1341846323.473878 0.023217713 -0.384281576 0.094045833 0.094150521 -0.001557721 0.024285208 0.995260537
1341846323.506129 0.020898972 -0.384880960 0.092346348 0.096056692 -0.001996195 0.022567216 0.995117962
1341846323.541972 0.030338040 -0.383526385 0.104538664 0.094908170 -0.002815329 0.020856522 0.995263517
1341846323.573913 0.056948014 -0.404363543 0.079800032 0.093305662 0.000059190 0.015498686 0.995516837
1341846323.609927 0.038573522 -0.401498765 0.090364270 0.094258778 0.007219433 0.011995802 0.995449245
1341846323.642014 0.023371948 -0.410233021 0.087900609 0.093126819 0.009733417 0.011943657 0.995535016
1341846323.674081 0.021098301 -0.423087239 0.092119865 0.093046106 0.007982409 0.014425600 0.995525301
1341846323.710069 0.023237566 -0.441997677 0.091107994 0.094041377 0.006413958 0.018716050 0.995371699
1341846323.742111 0.022112288 -0.448565364 0.087699018 0.099252000 0.004830785 0.018249121 0.994883239
1341846323.774928 0.019659769 -0.445399374 0.087589018 0.103177398 0.002819223 0.015143466 0.994543672
1341846323.810012 0.021563094 -0.448696107 0.093998149 0.104678839 0.001473309 0.011589639 0.994437456
1341846323.842207 0.022491260 -0.453936458 0.090719394 0.106019720 0.001641860 0.006184828 0.994343460
1341846323.878019 0.015196129 -0.467203259 0.081709661 0.106416613 0.001308780 0.001623239 0.994319439
1341846323.909826 0.023490684 -0.479517490 0.077212289 0.108919278 -0.000899287 -0.000972801 0.994049668
1341846323.942459 0.022905571 -0.478989422 0.074905440 0.112878889 -0.000924693 -0.001400288 0.993607342
1341846323.978055 0.016629094 -0.482007205 0.073385969 0.115369551 -0.003557807 0.000248412 0.993316233
1341846324.015934 0.026623793 -0.488000512 0.071368933 0.118670858 -0.006169474 0.000703526 0.992914200
1341846324.047722 0.025211111 -0.479352415 0.073916070 0.122585289 -0.004408677 -0.001034254 0.992447674
1341846324.083904 0.022126911 -0.463961959 0.072196402 0.123228520 -0.002575279 -0.001949049 0.992373049
1341846324.115968 0.029699942 -0.464115500 0.069892153 0.120766766 -0.001484623 -0.003299400 0.992674291
1341846324.151967 0.036525149 -0.458473682 0.067364760 0.120180115 0.000648520 -0.006887073 0.992727995
1341846324.183941 0.024884989 -0.443757892 0.076598190 0.117972977 0.005690708 -0.011427513 0.992934763
1341846324.219984 0.016404068 -0.444980890 0.084428050 0.113179535 0.008181173 -0.010720531 0.993483067
1341846324.251968 0.012625695 -0.445919901 0.083794028 0.112364724 0.008440075 -0.011063667 0.993569613
1341846324.284052 0.008973608 -0.434608340 0.080950983 0.112876616 0.007973271 -0.011826924 0.993506670
1341846324.319880 0.006045986 -0.416765243 0.083156064 0.112346984 0.004234338 -0.011678450 0.993591428
1341846324.351917 0.014670970 -0.395094156 0.072234266 0.109812170 0.000453305 -0.012839135 0.993869305
1341846324.388001 0.025486590 -0.387426317 0.076562047 0.105318680 0.000036966 -0.017225362 0.994289339
1341846324.419908 0.016857693 -0.380195796 0.080721051 0.100031517 0.002654112 -0.020039335 0.994778931
1341846324.452027 0.015805366 -0.382588089 0.085421033 0.095188558 0.002765018 -0.020190673 0.995250642
1341846324.487928 0.014147086 -0.378218800 0.086944222 0.093532376 0.002472305 -0.018020844 0.995450079
1341846324.519985 -0.001374949 -0.362622380 0.084776014 0.092658512 0.001276670 -0.013856713 0.995600700
1341846324.556001 -0.000763294 -0.345664024 0.088085741 0.091336973 -0.004035050 -0.009066623 0.995770574
1341846324.587888 0.002393993 -0.333185047 0.093368553 0.087946147 -0.007550668 -0.006837205 0.996073186
1341846324.620086 0.005466082 -0.329727918 0.090089567 0.085471347 -0.010051218 -0.009040033 0.996248901
1341846324.655955 0.006904075 -0.314353555 0.100491516 0.084803008 -0.011173286 -0.010462408 0.996280193
1341846324.688082 0.003412165 -0.313766778 0.102427818 0.083685853 -0.010774572 -0.009625948 0.996387422
1341846324.755922 -0.008338000 -0.277218044 0.099973261 0.085565358 -0.013568082 -0.005608052 0.996224403
1341846324.814016 0.014531935 -0.240397185 0.090678126 0.080964953 -0.020808008 -0.007693076 0.996470034
1341846324.849979 0.000244531 -0.233346745 0.105599299 0.074966468 -0.016692324 -0.010809013 0.996987760
1341846324.881924 -0.006890997 -0.231711775 0.107731260 0.071773589 -0.017773299 -0.010373994 0.997208655
1341846324.913902 -0.001563133 -0.222081140 0.109727845 0.070618518 -0.019405501 -0.006997790 0.997290075
1341846324.949999 -0.001846146 -0.224589720 0.109395564 0.070724644 -0.019603590 -0.004266521 0.997294128
1341846324.981922 -0.016790066 -0.221313834 0.103526436 0.075043537 -0.021244342 -0.001542562 0.996952772
1341846325.018013 -0.016389947 -0.205626935 0.106604248 0.079945773 -0.026440499 0.000584911 0.996448278
1341846325.050079 -0.019152271 -0.191159740 0.101283245 0.081787564 -0.031469524 0.000110726 0.996152818
1341846325.081901 -0.018443530 -0.175667852 0.100024909 0.081101008 -0.036774628 -0.002701825 0.996023595
1341846325.118531 -0.004161095 -0.159631342 0.099273212 0.077375650 -0.039218999 -0.003797873 0.996223092
1341846325.149933 -0.006636955 -0.159323215 0.103807487 0.071122214 -0.036668450 -0.005763096 0.996776760
1341846325.181925 -0.010397976 -0.154946163 0.102786206 0.067764737 -0.035324197 -0.003028973 0.997071207
1341846325.218055 -0.014837652 -0.150016129 0.104564548 0.064922109 -0.034634110 0.000443905 0.997289002
1341846325.249811 -0.018377392 -0.141842127 0.111584336 0.063100792 -0.034669720 0.003766484 0.997397661
1341846325.285925 -0.012836914 -0.129891708 0.112422086 0.060725991 -0.035802238 0.007668367 0.997482717
1341846325.317988 -0.001065831 -0.134983122 0.110942066 0.057671607 -0.033961728 0.009930640 0.997708380
1341846325.349844 -0.005034284 -0.133964211 0.117986254 0.060775086 -0.028973248 0.012813983 0.997648597
1341846325.387302 -0.002082885 -0.121148862 0.119921386 0.065774798 -0.026631320 0.015555003 0.997357726
1341846325.417931 0.013819482 -0.119619831 0.112369239 0.067868613 -0.022648240 0.018702595 0.997261822
1341846325.450747 0.022520855 -0.128666207 0.116746105 0.071327984 -0.015629124 0.020958085 0.997110248
1341846325.485954 -0.010456080 -0.089865170 0.132097721 0.083338097 -0.005559202 0.022672882 0.996247888
1341846325.517875 -0.011965837 -0.084182292 0.127957031 0.086162247 -0.002981312 0.024892578 0.995965660
1341846325.553859 -0.012267590 -0.076318607 0.133535653 0.089394450 0.000623359 0.024556877 0.995693326
1341846325.585855 -0.019410247 -0.059288792 0.125963196 0.091855429 0.004137701 0.022625245 0.995506704
1341846325.617990 -0.011549409 -0.048280068 0.124907754 0.088790506 0.004618708 0.021326531 0.995811284
1341846325.653982 -0.015702425 -0.064347230 0.138362616 0.084634803 0.006829023 0.017844170 0.996228874
1341846325.685819 -0.016883241 -0.063368358 0.138823077 0.089963645 0.008227212 0.019417468 0.995721757
1341846325.717857 -0.020555794 -0.048650451 0.141498446 0.094750047 0.009377027 0.026695505 0.995098889
1341846325.754083 -0.021904169 -0.050500348 0.139769971 0.097128756 0.009322335 0.030737039 0.994753420
1341846325.786087 -0.022241451 -0.045891158 0.136939913 0.103471063 0.009904531 0.032199353 0.994061768
1341846325.821856 -0.022686545 -0.022756057 0.142177776 0.108325832 0.011763901 0.033173095 0.993492186
1341846325.853827 -0.029751457 -0.019228594 0.140223533 0.109298535 0.013092277 0.035256911 0.993297219
1341846325.885958 -0.039370250 -0.001414201 0.146894813 0.110585682 0.010786505 0.041574236 0.992938042
1341846325.921984 -0.029616849 -0.002401368 0.155028895 0.108965769 0.006065566 0.046960503 0.992917120
1341846325.953899 -0.022442658 -0.000747564 0.146014482 0.111464217 0.005998792 0.049033958 0.992539883
1341846325.985823 -0.027482318 0.012803175 0.153374389 0.114570871 0.009309629 0.052696981 0.991972744
1341846326.021991 -0.030783677 0.017837545 0.151049107 0.117580101 0.009754482 0.057996519 0.991320431
1341846326.054055 -0.025215704 0.029493812 0.150689229 0.122682251 0.008474726 0.061532386 0.990500391
1341846326.089984 -0.022113949 0.050440293 0.153800666 0.125378236 0.009987391 0.060803704 0.990193665
1341846326.121822 -0.026164744 0.059198406 0.156675503 0.124655105 0.014332667 0.058730017 0.990356743
1341846326.154079 -0.029797496 0.058883741 0.162393779 0.124903843 0.016909851 0.057348046 0.990365744
1341846326.190178 -0.036591791 0.069042116 0.168269336 0.128060311 0.016963691 0.059095189 0.989858866
1341846326.222162 -0.036249101 0.087973282 0.164234743 0.127353132 0.014864800 0.066002280 0.989547372
1341846326.259181 -0.037947122 0.100139298 0.168674022 0.124390341 0.012549694 0.069391400 0.989724398
1341846326.322766 -0.031214286 0.118764974 0.178762004 0.116781995 0.011435729 0.069953665 0.990624905
1341846326.359773 -0.033413067 0.132053420 0.183534056 0.114010312 0.013204078 0.066036239 0.991194546
1341846326.392109 -0.028824780 0.118553832 0.184686899 0.110759832 0.014556739 0.068517394 0.991375685
1341846326.423985 -0.034549322 0.126240715 0.188883319 0.115217000 0.015668947 0.074135557 0.990446091
1341846326.459869 -0.038143639 0.144803345 0.187206373 0.118050508 0.013388459 0.076726995 0.989948392
1341846326.526163 -0.027075941 0.172584176 0.186670318 0.118347138 0.014633222 0.076368675 0.989923060
1341846326.560211 -0.030741880 0.184389308 0.200182185 0.113385074 0.018848754 0.075808607 0.990475476
1341846326.591828 -0.030118020 0.184668735 0.202800453 0.109811082 0.020489898 0.077860653 0.990686357
1341846326.627027 -0.028414506 0.195813403 0.199503899 0.109583475 0.022092804 0.077056289 0.990740001
1341846326.658442 -0.026695039 0.222214565 0.212930396 0.109142244 0.025679605 0.074747808 0.990879059
1341846326.694856 -0.033945795 0.225875333 0.218277305 0.104922377 0.029363018 0.075762555 0.991155446
1341846326.726206 -0.039427962 0.241217017 0.209797516 0.099680260 0.031146258 0.072345868 0.991897106
1341846326.762753 -0.031596314 0.252152324 0.212105900 0.094229601 0.033348549 0.069440812 0.992565691
1341846326.826821 -0.033523299 0.276921332 0.218125686 0.077781841 0.039167929 0.065585285 0.994039416
1341846326.858887 -0.039082993 0.284661353 0.238905042 0.070124909 0.041146770 0.063281223 0.994678319
1341846326.895360 -0.038676176 0.288384140 0.235765472 0.067479953 0.040052071 0.066720955 0.994681120
1341846326.926897 -0.035919730 0.292171836 0.236435995 0.068581089 0.035513658 0.070262246 0.994534373
1341846326.958888 -0.032545771 0.306817204 0.236215428 0.071936898 0.033193592 0.072757542 0.994197965
1341846326.994594 -0.030132223 0.316432476 0.239094704 0.072893232 0.033691771 0.074385427 0.993991077
1341846327.026301 -0.033665128 0.343847573 0.220276952 0.072241902 0.035452876 0.073160209 0.994068325
1341846327.063945 -0.034600094 0.345983535 0.241658136 0.069148518 0.038463771 0.070089363 0.994397581
1341846327.094662 -0.035048030 0.357288539 0.236478269 0.068589613 0.040353566 0.068828680 0.994449437
1341846327.128901 -0.031539381 0.372063518 0.240607619 0.068649866 0.039805543 0.068074234 0.994519293
1341846327.161940 -0.034769502 0.382117510 0.237415746 0.067427024 0.039251879 0.065705471 0.994784236
1341846327.193867 -0.026536046 0.380157113 0.232864529 0.065213509 0.039736591 0.064461589 0.994993925
1341846327.229885 -0.028974380 0.398642510 0.236815572 0.066906095 0.043645848 0.062373508 0.994850814
1341846327.262014 -0.013755959 0.408568412 0.235037237 0.066446289 0.046520863 0.059436869 0.994931161
1341846327.294023 0.015137618 0.408334166 0.233300596 0.067221083 0.055412430 0.055204045 0.994667411
1341846327.330015 -0.013550105 0.439846337 0.232268229 0.072613202 0.069733627 0.050233752 0.993650377
1341846327.361939 -0.028223887 0.450524062 0.247571453 0.069680929 0.076335937 0.044076759 0.993667245
1341846327.393887 -0.027606998 0.456877738 0.254599899 0.067947283 0.078206137 0.038201906 0.993885100
1341846327.429966 -0.028230892 0.485781997 0.269505352 0.067948624 0.078431770 0.036483798 0.993931770
1341846327.461965 -0.060183953 0.497362852 0.279662400 0.058729764 0.078139678 0.035544291 0.994576097
1341846327.497931 -0.033414718 0.503714323 0.290094674 0.053154487 0.073781386 0.032669570 0.995320857
1341846327.530068 -0.035186846 0.518957019 0.288027316 0.052275326 0.073990248 0.037241407 0.995191336
1341846327.561895 -0.040298980 0.529278517 0.279542893 0.051311735 0.071286753 0.042282492 0.995237410
1341846327.598010 -0.046406310 0.518436313 0.285742193 0.051088460 0.068711214 0.047901850 0.995175421
1341846327.629945 -0.044245835 0.543039322 0.285810649 0.053774964 0.063344702 0.049349729 0.995319188
1341846327.662003 -0.048052393 0.537893176 0.290620655 0.051601071 0.060046420 0.044384550 0.995872378
1341846327.697919 -0.044061236 0.562456012 0.282497257 0.055633362 0.058403064 0.045018703 0.995724499
1341846327.730075 -0.044345137 0.579425991 0.287369043 0.052557126 0.058534253 0.043763202 0.995939910
1341846327.766017 -0.045174785 0.590126216 0.290327847 0.047130387 0.057558887 0.044594422 0.996231437
1341846327.797917 -0.044916797 0.604883254 0.284221739 0.043631449 0.057250928 0.045993213 0.996344924
1341846327.830054 -0.050094727 0.607419133 0.288594782 0.035052709 0.057253655 0.044567335 0.996748269
1341846327.865944 -0.042146407 0.610457003 0.287305653 0.031442750 0.057552375 0.046986576 0.996740341
1341846327.898010 -0.047689021 0.630814433 0.297777295 0.030582367 0.058902033 0.048809905 0.996600628
1341846327.929991 -0.044894516 0.638566792 0.295559525 0.025864117 0.056325432 0.048481762 0.996899188
1341846327.966065 -0.046628188 0.641319633 0.297743142 0.019709222 0.058027379 0.042557929 0.997212708
1341846327.998073 -0.047915038 0.644976914 0.302354425 0.012084816 0.059033006 0.037908208 0.997462809
1341846328.034045 -0.041757572 0.657848358 0.298585594 0.008034332 0.058267478 0.039673913 0.997479975
1341846328.065993 -0.044425037 0.665144026 0.302117348 0.003931977 0.060053069 0.040513016 0.997364938
1341846328.098045 -0.047543846 0.648845792 0.307129174 0.000672249 0.060995154 0.040140174 0.997330368
1341846328.133967 -0.044794701 0.650735319 0.309057623 0.003650151 0.059474118 0.043748934 0.997264028
1341846328.166023 -0.046740945 0.632821560 0.306800216 0.000808581 0.057096012 0.044135373 0.997392356
1341846328.198018 -0.047170997 0.636269808 0.308687210 0.002616299 0.053944360 0.042397685 0.997640014
1341846328.234044 -0.050598972 0.615575850 0.308243632 0.003519371 0.053440031 0.039306309 0.997790933
1341846328.265899 -0.046579842 0.600659251 0.298228920 0.005520303 0.050847545 0.040955905 0.997851014
1341846328.302051 -0.049531594 0.582991421 0.290384948 0.006626034 0.051124904 0.040598053 0.997844756
1341846328.333917 -0.044002376 0.566917181 0.290426791 0.010537595 0.050211482 0.043697447 0.997726560
1341846328.366008 -0.045749348 0.539766669 0.293307632 0.014555420 0.050539490 0.038613714 0.997869194
1341846328.402010 -0.049334142 0.515747011 0.283876657 0.025480831 0.053125028 0.039530866 0.997479737
1341846328.433920 -0.046474956 0.516853929 0.274564534 0.031663042 0.049716316 0.045182511 0.997238338
1341846328.470003 -0.040915105 0.493684262 0.261019737 0.030340452 0.047478728 0.040487479 0.997590065
1341846328.502194 -0.033786211 0.460833728 0.263606757 0.030609285 0.049222656 0.031181043 0.997831583
1341846328.534033 -0.035063207 0.448157251 0.260982394 0.031905781 0.052381597 0.029414659 0.997683823
1341846328.570125 -0.036173340 0.424516469 0.261588097 0.033526089 0.053604923 0.027325632 0.997625113
1341846328.602804 -0.038577206 0.411612242 0.257251114 0.040643148 0.047437940 0.036448643 0.997381210
1341846328.672663 -0.030257067 0.365675122 0.242515117 0.048306838 0.033947740 0.033304524 0.997699797
1341846328.702975 -0.023075093 0.350948811 0.239952058 0.051218346 0.030283554 0.031289227 0.997737765
1341846328.770129 -0.017879078 0.316206038 0.245926261 0.059891246 0.027490884 0.026419250 0.997476459
1341846328.802331 -0.017322574 0.293944657 0.225561455 0.059563886 0.024661740 0.026765669 0.997560799
1341846328.838051 -0.013630536 0.281568676 0.227513373 0.063642897 0.022501854 0.023496531 0.997442305
1341846328.869939 -0.012590416 0.288003087 0.230213046 0.065006942 0.021038113 0.023567108 0.997384608
1341846328.904486 -0.010746785 0.264472157 0.222980350 0.058981694 0.017817348 0.023542982 0.997822344
1341846328.939814 0.000167505 0.239530087 0.223716661 0.062236156 0.013930602 0.024326041 0.997667730
1341846328.970217 -0.001598130 0.232879192 0.209505305 0.065698430 0.012693846 0.026326004 0.997411430
1341846329.006232 -0.001096148 0.221269086 0.210093975 0.066449851 0.010669244 0.030057013 0.997279882
1341846329.038243 0.006944455 0.194044292 0.211072043 0.068939120 0.008310801 0.031940628 0.997074783
1341846329.106125 0.003253517 0.198721647 0.199561864 0.073099293 0.009382374 0.029249348 0.996851504
1341846329.138340 0.001788885 0.177508861 0.217904106 0.074287370 0.008567796 0.026773706 0.996840596
1341846329.169991 0.005758174 0.179170012 0.210061803 0.076647215 0.006890418 0.026602240 0.996679485
1341846329.208656 0.007989798 0.166268989 0.208443642 0.076425396 0.005908072 0.025783347 0.996724367
1341846329.238169 0.011165204 0.166420832 0.189362481 0.076077707 0.004821925 0.026088197 0.996748924
1341846329.273827 0.013674992 0.147126630 0.190910429 0.073262826 0.003475551 0.027146783 0.996937096
1341846329.306052 0.011213055 0.147906512 0.188044891 0.074491560 0.001320980 0.025384491 0.996897638
1341846329.338104 0.017506583 0.148113891 0.183600605 0.071362861 -0.001014194 0.024166048 0.997157156
1341846329.373907 0.017454635 0.124503843 0.189513803 0.066985510 -0.001448865 0.021886462 0.997512817
1341846329.405985 0.020490227 0.113807626 0.176742271 0.067651488 -0.003422003 0.020554539 0.997491419
1341846329.442057 0.020598276 0.110911138 0.170846939 0.067248978 -0.003738227 0.016455986 0.997593522
1341846329.473950 0.018555813 0.095545948 0.175863013 0.065845981 -0.004771577 0.010824868 0.997759700
1341846329.506147 0.017407343 0.092424557 0.172928840 0.066487417 -0.006317626 0.007640965 0.997738063
1341846329.542121 0.013163315 0.079008274 0.166406751 0.064409807 -0.008979188 0.007204422 0.997857153
1341846329.574086 0.020012984 0.060773440 0.162529677 0.066056706 -0.011907638 0.006353697 0.997724593
1341846329.606387 0.019092988 0.060837064 0.158522666 0.068983085 -0.012272404 0.004882089 0.997530401
1341846329.641955 0.015932515 0.060289998 0.158415243 0.069440730 -0.013208802 0.004743807 0.997487366
1341846329.681570 0.012190785 0.044116035 0.157120451 0.068378769 -0.015424305 0.003751313 0.997533143
1341846329.748113 0.018931927 0.040837724 0.155699819 0.070802428 -0.015931981 0.001432649 0.997362077
1341846329.810175 0.018091178 0.015372144 0.151557416 0.067935176 -0.012878185 0.007234250 0.997580409
1341846329.842255 0.016181752 0.005532573 0.153384715 0.069819927 -0.012427808 0.009592039 0.997436106
1341846329.874044 0.013714482 0.001184010 0.152945310 0.071360663 -0.012472989 0.013576452 0.997280180
1341846329.910073 0.013726154 0.002746447 0.151454404 0.071690239 -0.012987778 0.015535776 0.997221410
1341846329.942009 0.015257225 0.003092408 0.153440446 0.067009017 -0.013817461 0.022120913 0.997411430
1341846329.978087 0.013738663 -0.022195732 0.146806717 0.064203292 -0.013681928 0.022850769 0.997581422
1341846330.016305 0.019068437 -0.014694668 0.145721823 0.066683546 -0.013269788 0.020722570 0.997470737
1341846330.048192 0.010493801 -0.005394190 0.140469790 0.063702717 -0.010863399 0.021294529 0.997682571
1341846330.080418 0.013259057 -0.029233992 0.144693166 0.058296587 -0.011526882 0.023855332 0.997947693
1341846330.115886 0.014313368 -0.042422369 0.145745322 0.061082091 -0.010040350 0.025058404 0.997767627
1341846330.147839 0.007189462 -0.032450363 0.135862365 0.064003639 -0.009070696 0.025493246 0.997582793
1341846330.181257 0.009711516 -0.014702402 0.141547397 0.059815686 -0.010186600 0.029726725 0.997714698
1341846330.215852 0.011295088 -0.034166690 0.144709677 0.052449152 -0.009203012 0.029106144 0.998156905
1341846330.247833 0.005979639 -0.039989591 0.145534813 0.050624419 -0.008468071 0.028091701 0.998286664
1341846330.283913 0.003775776 -0.022186875 0.139227152 0.048296016 -0.008922949 0.028468143 0.998387396
1341846330.316011 0.003412872 -0.041836727 0.143138722 0.040757228 -0.009843376 0.027994568 0.998728335
1341846330.347868 -0.000070081 -0.053671863 0.137008339 0.037833329 -0.011133291 0.026633203 0.998867035
1341846330.383835 0.005490037 -0.055007581 0.140141055 0.036076158 -0.012040320 0.027342046 0.998902380
1341846330.415934 0.002099350 -0.069824524 0.138504952 0.035171393 -0.010792825 0.024936061 0.999011874
1341846330.452561 -0.001255851 -0.072859608 0.137647599 0.037743822 -0.011319590 0.024262054 0.998928726
1341846330.483903 -0.005485701 -0.066481769 0.136250660 0.038406592 -0.012825388 0.026563590 0.998826742
1341846330.515970 -0.005152415 -0.077756733 0.135397464 0.036260147 -0.015170705 0.030135443 0.998772681
1341846330.552099 -0.001537142 -0.079068922 0.130101636 0.037740104 -0.016759774 0.032751806 0.998610079
1341846330.583876 -0.007236249 -0.069035910 0.130351931 0.037848003 -0.016560363 0.032700367 0.998611033
1341846330.619992 -0.010534802 -0.056791235 0.126976103 0.034587633 -0.017791502 0.031929828 0.998732984
1341846330.652136 -0.009229154 -0.070297047 0.121039040 0.026522988 -0.019242395 0.030514762 0.998997033
1341846330.683796 -0.012756695 -0.074223101 0.119902134 0.021938346 -0.019057849 0.029800687 0.999133348
1341846330.719991 -0.017629651 -0.090852708 0.111348443 0.018560480 -0.020967189 0.030725596 0.999135554
1341846330.752103 -0.020440461 -0.092531227 0.110155359 0.020461163 -0.025196403 0.035118286 0.998855948
1341846330.787952 -0.030010108 -0.084537417 0.100570031 0.022133106 -0.028851256 0.037709352 0.998626947
1341846330.819823 -0.022378324 -0.085429229 0.103954181 0.021626970 -0.034093890 0.039417207 0.998406827
1341846330.852208 -0.024421066 -0.076316655 0.104338974 0.021793108 -0.035599317 0.040459912 0.998308957
1341846330.914111 -0.029525036 -0.064983532 0.096350864 0.013085936 -0.038543537 0.039374579 0.998395085
1341846330.949903 -0.031638071 -0.077453353 0.096510299 0.009408738 -0.039688919 0.039747480 0.998376846
1341846330.981986 -0.040746719 -0.078369997 0.085188441 0.010101736 -0.043621555 0.040201373 0.998187840
1341846331.014111 -0.036286999 -0.071310952 0.089075059 0.010212403 -0.047941748 0.040865716 0.997961581
1341846331.082139 -0.038817532 -0.073372178 0.085212134 0.012192373 -0.050857559 0.037362263 0.997932315
1341846331.114334 -0.039946999 -0.069089301 0.079711430 0.012156571 -0.052961014 0.037064075 0.997834444
1341846331.149989 -0.039686367 -0.077910453 0.084057346 0.012037995 -0.053838383 0.035213716 0.997855961
1341846331.181954 -0.041069295 -0.081521712 0.074989244 0.014882153 -0.054092351 0.034918703 0.997814238
1341846331.218151 -0.045750570 -0.066462234 0.074575096 0.015360335 -0.057165865 0.035643667 0.997609973
1341846331.249914 -0.037968587 -0.071442991 0.072740525 0.013218815 -0.059413642 0.034870185 0.997536659
1341846331.318141 -0.034497228 -0.066828683 0.076364830 0.024387661 -0.049644619 0.029940765 0.998020172
1341846331.349926 -0.030726669 -0.067590833 0.074734740 0.023035018 -0.047275294 0.028928049 0.998197198
1341846331.382003 0.003817140 -0.089165427 0.044053461 0.024026388 -0.043687150 0.027515629 0.998377204
1341846331.418008 -0.013323640 -0.074330613 0.081824467 0.032399125 -0.031807445 0.028269054 0.998568714
1341846331.450327 -0.019104432 -0.064032987 0.092099331 0.034753695 -0.026517233 0.028845005 0.998627543
1341846331.486219 -0.028091848 -0.060879298 0.099190854 0.034790501 -0.023666466 0.029894592 0.998667061
1341846331.518344 -0.015550631 -0.062896721 0.097472489 0.033329330 -0.023862496 0.028806772 0.998744190
1341846331.550202 -0.007198310 -0.069202386 0.109111950 0.035462689 -0.019942729 0.028127976 0.998776019
1341846331.586139 -0.021664368 -0.057114430 0.114764318 0.038348176 -0.017160336 0.027220180 0.998746216
1341846331.617931 -0.015909879 -0.053632814 0.121423081 0.037508458 -0.017633423 0.027841790 0.998752713
1341846331.654027 -0.007488000 -0.062371574 0.127791882 0.037355389 -0.015635813 0.028629024 0.998769462
1341846331.686123 -0.014725617 -0.051058222 0.135318846 0.040443275 -0.012184786 0.030042425 0.998655736
1341846331.717954 -0.020199047 -0.037620794 0.144921213 0.038314037 -0.012916938 0.030204829 0.998725593
1341846331.754076 -0.006785601 -0.054639257 0.151448786 0.034752715 -0.013319029 0.028929312 0.998888373
1341846331.785920 -0.008614996 -0.057325460 0.166814849 0.037275214 -0.010244289 0.026965983 0.998888612
1341846331.818053 -0.012762029 -0.046412822 0.180574581 0.038420640 -0.008315095 0.027710157 0.998842776
1341846331.853849 -0.010072033 -0.053097390 0.188481972 0.036785346 -0.008104527 0.026498701 0.998938918
1341846331.885987 -0.002475360 -0.054146890 0.205830142 0.039527867 -0.006094763 0.024707086 0.998894334
1341846331.922014 -0.003008529 -0.043919910 0.207992107 0.042122260 -0.002873995 0.024589719 0.998805702
1341846331.954037 0.003263902 -0.043296359 0.221383989 0.042027079 -0.000714091 0.024753582 0.998809516
1341846331.986135 0.009783427 -0.052646991 0.227003559 0.043742351 0.004551337 0.026583092 0.998678744
1341846332.022364 -0.005407557 -0.054303359 0.239593938 0.050568875 0.010630735 0.025298156 0.998343527
1341846332.054175 -0.012803725 -0.050214894 0.255566478 0.056889620 0.011421042 0.027117640 0.997946799
1341846332.086502 -0.008491887 -0.043584358 0.263783097 0.060112186 0.010995208 0.028639609 0.997720122
1341846332.122051 -0.003816986 -0.038800329 0.276864707 0.061913460 0.011580436 0.028561469 0.997605562
1341846332.153983 -0.011063522 -0.026496941 0.290301293 0.060748890 0.011425222 0.025851343 0.997752845
1341846332.190165 -0.010761545 -0.026292786 0.308499038 0.054319028 0.009614481 0.024254644 0.998182714
1341846332.254145 -0.011073409 -0.042242125 0.337178022 0.053848404 0.009982673 0.021690104 0.998263597
1341846332.289948 -0.012678133 -0.038209010 0.343291044 0.055820029 0.009904058 0.024107251 0.998100638
1341846332.322172 -0.013725895 -0.040233910 0.359425813 0.056471605 0.009474891 0.025755627 0.998026967
1341846332.354003 -0.003551703 -0.045288779 0.359112263 0.058549460 0.010445960 0.023299484 0.997957885
1341846332.390180 -0.005201199 -0.029735774 0.370407850 0.061153322 0.015246608 0.020631937 0.997798622
1341846332.422055 -0.011917315 -0.029676288 0.383195013 0.059044596 0.018267024 0.016513845 0.997951567
1341846332.458114 -0.007429198 -0.036281873 0.397831351 0.058420330 0.020331074 0.012283748 0.998009443
1341846332.489993 -0.014914802 -0.027845770 0.409965962 0.059417710 0.022524938 0.014723856 0.997870386
1341846332.522130 -0.018305430 -0.026637241 0.422330976 0.058589205 0.018471673 0.021070244 0.997888863
1341846332.558114 -0.019514281 -0.027987652 0.432937622 0.059397683 0.013720673 0.027199967 0.997769415
1341846332.589874 -0.013462176 -0.019096496 0.434403360 0.059656303 0.010874570 0.031374551 0.997666538
1341846332.621889 -0.014152260 -0.014522288 0.438291103 0.055667728 0.011277112 0.032951381 0.997841716
1341846332.658202 -0.011966531 -0.017445585 0.451261252 0.051396187 0.012144943 0.029848244 0.998158336
1341846332.690001 -0.000446994 -0.017769195 0.458865106 0.048835184 0.011341235 0.032865316 0.998201549
1341846332.726000 -0.008526972 -0.022394480 0.474342078 0.047598612 0.011200941 0.036710858 0.998128891
1341846332.758386 -0.001584629 -0.018958770 0.488825500 0.048507106 0.008260470 0.037938625 0.998067856
1341846332.789937 0.010270244 -0.012115935 0.487129480 0.048087068 0.008113339 0.037225939 0.998116255
1341846332.825925 0.007134475 -0.015337880 0.498682052 0.045282889 0.011182120 0.034841713 0.998303771
1341846332.857898 0.008934186 -0.013604705 0.515134096 0.046616197 0.012493647 0.034556061 0.998236775
1341846332.894069 0.010531250 -0.002350227 0.516171455 0.047103100 0.012117390 0.034567427 0.998218179
1341846332.926029 0.017875357 0.003660069 0.524800003 0.044023734 0.012000953 0.032311089 0.998435736
1341846332.958015 0.019728769 0.001171656 0.532571077 0.040515494 0.014408708 0.030452631 0.998610795
1341846332.994073 0.022811642 0.008142293 0.541341603 0.038195591 0.015479141 0.028841915 0.998733997
1341846333.026545 0.025797909 0.007772858 0.553733289 0.035615183 0.016565256 0.025797972 0.998895168
1341846333.057998 0.036240842 0.006906977 0.559737086 0.034320921 0.017688872 0.027119525 0.998886228
1341846333.094024 0.037087966 0.007505362 0.564380348 0.034817666 0.019520074 0.030788967 0.998728514
1341846333.126095 0.042424563 0.013490363 0.572823346 0.035666052 0.020833954 0.032744687 0.998609841
1341846333.161973 0.048252396 0.019054225 0.573369026 0.034764420 0.023012225 0.035385210 0.998503745
1341846333.195660 0.050320830 0.019096350 0.585511208 0.032120880 0.024886813 0.036780406 0.998496950
1341846333.226331 0.049195208 0.022229061 0.591172457 0.031310882 0.025960786 0.035769563 0.998532057
1341846333.262056 0.051513288 0.030565690 0.596220315 0.028880643 0.026435725 0.033797491 0.998661518
1341846333.294147 0.052475508 0.022945670 0.602276444 0.024268778 0.025971530 0.033279881 0.998813748
1341846333.326100 0.056537002 0.028029101 0.603871226 0.023473369 0.024303010 0.032329872 0.998905957
1341846333.362100 0.059433777 0.032462217 0.606158972 0.020259099 0.023519041 0.031073926 0.999034941
1341846333.394119 0.058017734 0.027927864 0.610307276 0.016639747 0.022630287 0.030538632 0.999138832
1341846333.429974 0.063816763 0.030962627 0.611847699 0.016334634 0.020110970 0.030358756 0.999203205
1341846333.462115 0.063455708 0.028472995 0.615057111 0.015918640 0.020757556 0.028635213 0.999247611
1341846333.494040 0.064867452 0.026769433 0.616809547 0.016382542 0.021530468 0.027552502 0.999254167
1341846333.529953 0.066852376 0.029334283 0.614914596 0.017755035 0.022606440 0.026855795 0.999225914
1341846333.562063 0.065584704 0.031330165 0.619388163 0.018650018 0.025124388 0.028713744 0.999097824
1341846333.594090 0.058686044 0.037632626 0.620961666 0.017889956 0.025047012 0.029328706 0.999095798
1341846333.629994 0.058653735 0.041172832 0.620556593 0.014792155 0.022230353 0.028269308 0.999243617
1341846333.662127 0.061645363 0.040785097 0.618359029 0.011724353 0.020925025 0.027775360 0.999326348
1341846333.697964 0.058456559 0.031288717 0.616058886 0.008674095 0.021584170 0.028448487 0.999324560
1341846333.730092 0.061609328 0.028436482 0.614473522 0.011035433 0.021254959 0.029335584 0.999282658
1341846333.762089 0.058563035 0.030801855 0.609532714 0.012877357 0.022413844 0.030482017 0.999201000
1341846333.798006 0.056557167 0.030272339 0.606229603 0.014616724 0.023118265 0.030492600 0.999160707
1341846333.830055 0.060056195 0.031425346 0.602489889 0.017380653 0.023860892 0.028459931 0.999158919
1341846333.866045 0.055302724 0.028311994 0.598063409 0.017831398 0.025377195 0.027326450 0.999145269
1341846333.897987 0.052892800 0.024835508 0.592607737 0.019410886 0.025757262 0.025987059 0.999141812
1341846333.930099 0.052453678 0.022604054 0.586277187 0.022145189 0.026700635 0.024643769 0.999094248
1341846333.965889 0.049743719 0.024455374 0.580714107 0.024552802 0.027575070 0.024766712 0.999011219
1341846333.997985 0.052161627 0.018627040 0.575618982 0.026707491 0.028214609 0.024662733 0.998940647
1341846334.030076 0.048299398 0.020410327 0.569696069 0.029951550 0.029697785 0.025288241 0.998789966
1341846334.066000 0.042424828 0.018894792 0.561731875 0.031472996 0.029872084 0.026811454 0.998698294
1341846334.097932 0.044425867 0.018464603 0.553174138 0.033448555 0.029577518 0.026269590 0.998657227
1341846334.133884 0.039480731 0.018721590 0.548644423 0.035007790 0.030848343 0.026675928 0.998554528
1341846334.166115 0.031524401 0.020765498 0.543869793 0.035711173 0.030448202 0.027178744 0.998528361
1341846334.198072 0.031586625 0.018559594 0.534466207 0.035847351 0.028448526 0.026782846 0.998593152
1341846334.234097 0.031365424 0.019506885 0.529061675 0.036184389 0.029004427 0.025548961 0.998597324
1341846334.266045 0.026002174 0.016869651 0.523889303 0.036327120 0.030870249 0.025737341 0.998531401
1341846334.297946 0.021113908 0.015448042 0.515660524 0.037369855 0.029425055 0.027327873 0.998494267
1341846334.334036 0.019154908 0.017818151 0.508011639 0.037886430 0.027954698 0.027794689 0.998504162
1341846334.365871 0.020275543 0.019326232 0.499993056 0.037555307 0.027690718 0.026627917 0.998555839
1341846334.401845 0.017564489 0.018885726 0.494657487 0.036222808 0.028551716 0.025037985 0.998621941
1341846334.433864 0.006828115 0.013064004 0.486823380 0.035901517 0.028582605 0.025768159 0.998614132
1341846334.466105 0.007872200 0.018907484 0.480493367 0.037174221 0.026357511 0.026704304 0.998604119
1341846334.502142 0.000439469 0.018489743 0.472943068 0.035844490 0.025866691 0.027413504 0.998646379
1341846334.540153 -0.001161077 0.016830349 0.464136720 0.035302471 0.024668152 0.025851116 0.998737693
1341846334.602351 -0.010751141 0.026923124 0.452011883 0.031805329 0.021161566 0.019144999 0.999086618
1341846334.670161 -0.016440602 0.019222174 0.440742761 0.025902638 0.018543914 0.012521572 0.999414027
1341846334.702085 -0.022578450 0.013635810 0.428503960 0.024091374 0.016686276 0.012730467 0.999489427
1341846334.734751 -0.026963180 0.013917521 0.419178128 0.024359938 0.014510402 0.013912373 0.999501109
1341846334.770889 -0.028057382 0.012812633 0.410217136 0.024378596 0.012806240 0.017195383 0.999472857
1341846334.802194 -0.034912795 0.014741131 0.401715815 0.024142276 0.010560411 0.017538367 0.999498904
1341846334.833908 -0.033128928 0.016719433 0.388688117 0.023944527 0.008782015 0.016084062 0.999545336
1341846334.869874 -0.035213511 0.015784618 0.380328357 0.022091461 0.008420966 0.015998904 0.999592483
1341846334.902006 -0.041178424 0.013399772 0.367878437 0.020326734 0.007185127 0.016300267 0.999634683
1341846334.938010 -0.042385519 0.014921598 0.358556211 0.020058602 0.003648487 0.016199032 0.999660909
1341846334.970032 -0.039779715 0.012982484 0.352292895 0.019803220 0.002304079 0.015214704 0.999685466
1341846335.002203 -0.047235798 0.009048685 0.342318058 0.021142412 0.003453988 0.016652109 0.999631822
1341846335.037880 -0.051423904 0.012617747 0.326677263 0.024087571 0.000670334 0.018678708 0.999535143
1341846335.069990 -0.046284083 0.013748400 0.316814959 0.024314946 -0.002982353 0.019419814 0.999511242
1341846335.106038 -0.047801465 0.013568820 0.309432209 0.024786018 -0.001745483 0.016472545 0.999555528
1341846335.138045 -0.057694208 0.010381262 0.299709678 0.026064584 0.000233914 0.016364543 0.999526262
1341846335.169900 -0.055523932 0.011531335 0.287562042 0.026256396 -0.003073823 0.017031224 0.999505401
1341846335.206091 -0.057171535 0.013365857 0.274702609 0.025587367 -0.004667718 0.014561876 0.999555647
1341846335.239365 -0.052300647 0.008914049 0.267159075 0.025407504 -0.004345087 0.012267707 0.999592483
1341846335.269948 -0.056079186 0.007841934 0.255851448 0.026809948 -0.002813557 0.011258485 0.999573171
1341846335.305972 -0.059313200 0.007624750 0.244638890 0.028820287 -0.004484588 0.011644639 0.999506712
1341846335.338012 -0.058965117 0.004906374 0.239222094 0.029998271 -0.005948906 0.013797956 0.999437034
1341846335.374005 -0.053354189 -0.003637907 0.226929158 0.033872128 -0.004617851 0.013750080 0.999320924
1341846335.406025 -0.057390660 0.000657972 0.218520343 0.041362435 -0.001674760 0.016188798 0.999011636
1341846335.438079 -0.060909253 0.006393716 0.210726321 0.046665944 -0.000846492 0.019369500 0.998722374
1341846335.473998 -0.057630889 0.008295153 0.196467847 0.048397798 0.000239809 0.021006517 0.998607218
1341846335.507038 -0.058645435 0.012190604 0.183705345 0.049564488 0.002986524 0.018881554 0.998587966
1341846335.538040 -0.061314262 0.018748045 0.178292751 0.049369585 0.005263542 0.017288430 0.998617053
1341846335.574119 -0.070698276 0.022722993 0.170980483 0.047261439 0.005740666 0.016959881 0.998722076
1341846335.605970 -0.069709241 0.014991404 0.158604994 0.045043569 0.004877506 0.016498802 0.998836875
1341846335.641978 -0.066979304 0.016486662 0.147478253 0.046386078 0.005881967 0.013933821 0.998809099
1341846335.673993 -0.072077215 0.020221995 0.141345546 0.046429668 0.006718831 0.013336713 0.998809934
1341846335.706178 -0.073079772 0.017528689 0.124845050 0.045508422 0.005294458 0.014888513 0.998838961
1341846335.741982 -0.069850333 0.014676311 0.118296757 0.045779359 0.004711642 0.013984967 0.998842597
1341846335.773960 -0.073890865 0.020244870 0.103592716 0.046219401 0.005556215 0.013480969 0.998824894
1341846335.806271 -0.077737324 0.027091067 0.094160691 0.044794541 0.005193215 0.013102521 0.998896778
1341846335.842031 -0.074210912 0.021382660 0.088549420 0.042176608 0.005557188 0.013354922 0.999005437
1341846335.873966 -0.077168979 0.020928621 0.080370575 0.043196604 0.007218366 0.012767549 0.998958945
1341846335.910005 -0.084116340 0.024590662 0.068604283 0.042942517 0.007627204 0.014421497 0.998944342
1341846335.941936 -0.087677635 0.024504542 0.057839397 0.041975819 0.005709512 0.015331173 0.998984694
1341846335.974198 -0.086421020 0.024500810 0.048265062 0.041683711 0.004762457 0.013369773 0.999030054
1341846336.010032 -0.090321414 0.026050836 0.034655824 0.041583281 0.005021632 0.011617269 0.999054909
1341846336.042129 -0.094573505 0.025063032 0.022588817 0.040385962 0.003674679 0.012620646 0.999097705
1341846336.078076 -0.094629876 0.022607811 0.014828483 0.040369999 0.001644726 0.011374547 0.999118686
1341846336.110739 -0.097545087 0.026168520 0.009840341 0.041336488 0.001734626 0.010038084 0.999093354
1341846336.142002 -0.101175733 0.025745060 -0.007225516 0.041096006 0.001620143 0.011172064 0.999091387
1341846336.183953 -0.106753811 0.028999589 -0.011084778 0.041059289 -0.000756622 0.011834737 0.999086320
1341846336.241891 -0.105981670 0.028675338 -0.023551192 0.038879678 -0.001692587 0.011819636 0.999172568
1341846336.277946 -0.115476795 0.024438633 -0.030118370 0.039176885 -0.000687315 0.012777462 0.999150336
1341846336.309977 -0.115648888 0.022019276 -0.043493241 0.041543040 -0.003461223 0.015486405 0.999010682
1341846336.346143 -0.117575474 0.028045390 -0.049878113 0.043752056 -0.004792731 0.016885301 0.998888254
1341846336.377975 -0.116204612 0.026953449 -0.060905416 0.044404089 -0.004663918 0.016656201 0.998863876
1341846336.410032 -0.122324385 0.029134551 -0.075099684 0.045503661 -0.003428650 0.016188335 0.998827100
1341846336.446041 -0.124510042 0.034303382 -0.079133943 0.045244079 -0.004100106 0.016398253 0.998832941
1341846336.477990 -0.123483427 0.033220589 -0.086929552 0.044141784 -0.004261662 0.016037138 0.998887479
1341846336.510056 -0.126242280 0.029892949 -0.094446652 0.044219300 -0.003344810 0.016610274 0.998878121
1341846336.546024 -0.126804411 0.031670943 -0.094270289 0.045286629 -0.003544462 0.018938411 0.998788238
1341846336.578003 -0.128309652 0.039245948 -0.104323722 0.045426946 -0.004014047 0.021077352 0.998737216
1341846336.614020 -0.125216484 0.039103430 -0.107169151 0.044867523 -0.003642592 0.019947592 0.998787165
1341846336.645982 -0.133708119 0.042450022 -0.116283044 0.043765850 -0.001754376 0.018745098 0.998864412
1341846336.678036 -0.139153033 0.039550662 -0.119710825 0.041848384 -0.003455155 0.019396482 0.998929679
1341846336.714024 -0.138639539 0.031344920 -0.122303776 0.042938337 -0.005783266 0.019071383 0.998878896
1341846336.746016 -0.142299443 0.027667644 -0.133705080 0.046573665 -0.007634577 0.020944994 0.998666048
1341846336.778014 -0.151529536 0.034879629 -0.144200876 0.049742118 -0.011089890 0.023908930 0.998414278
1341846336.820006 -0.147206217 0.040581763 -0.144862115 0.050432898 -0.015357843 0.026511278 0.998257399
1341846336.882056 -0.151199684 0.034341969 -0.161201581 0.052521791 -0.017173544 0.025146075 0.998155415
1341846336.914273 -0.159395516 0.030070195 -0.168521464 0.054611735 -0.021399690 0.027589262 0.997897029
1341846336.945998 -0.150362834 0.026746601 -0.174816981 0.060826480 -0.028543292 0.029676676 0.997298717
1341846336.981980 -0.161202565 0.051906113 -0.176933050 0.065360315 -0.031560227 0.027577963 0.996981144
1341846337.014238 -0.159305453 0.053878106 -0.180037349 0.062421490 -0.034628589 0.025360558 0.997126520
1341846337.046017 -0.160692975 0.047759689 -0.170729890 0.059953950 -0.035657350 0.020261528 0.997358263
1341846337.082104 -0.162678674 0.047731150 -0.185805053 0.059156056 -0.035863075 0.017152619 0.997456849
1341846337.114317 -0.165735126 0.049087260 -0.184220985 0.057504054 -0.038213354 0.016939957 0.997469842
1341846337.150037 -0.159796715 0.049990509 -0.187235773 0.055955160 -0.040475097 0.016206274 0.997480869
1341846337.181873 -0.158554122 0.048539653 -0.184529975 0.055398911 -0.040402975 0.013271487 0.997558236
1341846337.214073 -0.161762357 0.058806211 -0.191013455 0.053414349 -0.038729455 0.011744383 0.997752011
1341846337.250087 -0.173261508 0.045608811 -0.187230289 0.050262548 -0.039770186 0.012482386 0.997865796
1341846337.282028 -0.170009971 0.044649981 -0.200313061 0.051386051 -0.044166476 0.016225362 0.997569799
1341846337.317920 -0.161683604 0.051155124 -0.197996959 0.051422797 -0.046125229 0.016355511 0.997477174
1341846337.350018 -0.164713174 0.055923052 -0.208208948 0.050045568 -0.045177978 0.016094767 0.997594774
1341846337.382159 -0.162342206 0.048709046 -0.202954680 0.046965268 -0.045108963 0.013835322 0.997781575
1341846337.417941 -0.162234366 0.041723005 -0.203729957 0.047332149 -0.044525746 0.014862758 0.997775674
1341846337.450137 -0.168564245 0.048839431 -0.218336388 0.048168961 -0.045913342 0.015497595 0.997663021
1341846337.482096 -0.165344954 0.046721496 -0.216131553 0.046626419 -0.046312828 0.016268207 0.997705579
1341846337.518008 -0.166934803 0.039651722 -0.214622125 0.047221206 -0.046744652 0.016300779 0.997656941
1341846337.549978 -0.167643979 0.052168965 -0.222073004 0.048114385 -0.047477566 0.014805958 0.997602940
1341846337.585971 -0.169063553 0.046542868 -0.222406730 0.044992890 -0.047593907 0.013583221 0.997760475
1341846337.617903 -0.167885661 0.031087931 -0.222443581 0.045480348 -0.048158526 0.013757328 0.997708917
1341846337.650141 -0.164224729 0.047082830 -0.222553551 0.048941366 -0.048840016 0.013375932 0.997517169
1341846337.686352 -0.166419104 0.052491408 -0.220400617 0.047426745 -0.048382290 0.013641010 0.997609019
1341846337.718002 -0.160446957 0.047486689 -0.210401222 0.045293398 -0.048441391 0.014023891 0.997699976
1341846337.749920 -0.156578630 0.049317002 -0.218131229 0.045099668 -0.046661377 0.013214148 0.997804642
1341846337.786157 -0.160235494 0.055359688 -0.211753547 0.042083450 -0.043588225 0.013282698 0.998074472
1341846337.817945 -0.157669008 0.050371338 -0.203206450 0.039538343 -0.041534588 0.014775395 0.998245120
1341846337.854071 -0.156419992 0.056348231 -0.199212000 0.038714282 -0.038383812 0.014236635 0.998411357
1341846337.885951 -0.157493010 0.060389217 -0.198206589 0.035728563 -0.035909489 0.012708308 0.998635292
1341846337.918223 -0.156394437 0.061673876 -0.181915119 0.031728748 -0.034758389 0.009730712 0.998844564
1341846337.954120 -0.154100388 0.056974489 -0.180054083 0.028905168 -0.033516254 0.009478464 0.998975158
1341846337.985994 -0.150813639 0.066458672 -0.179112554 0.026714351 -0.032575108 0.009862137 0.999063551
1341846338.018107 -0.149834678 0.061931804 -0.167433962 0.023196442 -0.030961692 0.010578399 0.999195397
1341846338.054055 -0.146881297 0.065204270 -0.166360125 0.020904100 -0.029843217 0.010180622 0.999284148
1341846338.085986 -0.144751430 0.065290995 -0.156091422 0.017434832 -0.026539288 0.009113941 0.999454200
1341846338.121875 -0.143052533 0.061792463 -0.146077871 0.015335035 -0.024365257 0.011140510 0.999523401
1341846338.154089 -0.145827591 0.062081095 -0.139927328 0.014419454 -0.023537725 0.014703047 0.999510825
1341846338.186029 -0.143175498 0.061997857 -0.130476385 0.013258721 -0.024179118 0.017055521 0.999474227
1341846338.222071 -0.136460289 0.067697957 -0.120468952 0.012470446 -0.023490569 0.016807452 0.999504983
1341846338.254107 -0.135753945 0.063303247 -0.114354901 0.010360577 -0.021497617 0.016845699 0.999573290
1341846338.290130 -0.133959889 0.062592335 -0.105461776 0.010887639 -0.021767877 0.018884240 0.999525368
1341846338.321952 -0.134022146 0.066312194 -0.097444035 0.011038811 -0.020661725 0.020748226 0.999510288
1341846338.354022 -0.132135540 0.064689800 -0.086449020 0.010321113 -0.020257251 0.021258712 0.999515474
1341846338.389969 -0.132494196 0.071894273 -0.079059124 0.010458719 -0.019090503 0.021202158 0.999538243
1341846338.422377 -0.131966993 0.070566691 -0.067136034 0.008428241 -0.018719962 0.021456962 0.999558985
1341846338.454010 -0.129758641 0.071793176 -0.060122587 0.007567651 -0.019214574 0.020549336 0.999575555
1341846338.489894 -0.125871480 0.066553727 -0.047302686 0.005189441 -0.020119194 0.021255117 0.999558151
1341846338.522066 -0.122786492 0.065826856 -0.034490995 0.005905222 -0.019955160 0.021237083 0.999557853
1341846338.558058 -0.124698319 0.075029209 -0.029882988 0.005903689 -0.019699186 0.019898241 0.999590456
1341846338.589842 -0.119323127 0.072586887 -0.017585147 0.003686639 -0.020208757 0.019648485 0.999595881
1341846338.622019 -0.115389302 0.068130709 -0.003219927 0.004039948 -0.019467911 0.021412959 0.999572992
1341846338.657984 -0.120674439 0.077449903 0.000390071 0.005115760 -0.019090198 0.022537339 0.999550641
1341846338.690198 -0.114615358 0.079508953 0.012724145 0.003123964 -0.020308344 0.022271441 0.999540806
1341846338.722454 -0.106760010 0.072867647 0.023296034 0.001870860 -0.019694524 0.022865402 0.999542832
1341846338.757945 -0.114097632 0.079211816 0.027826197 0.002482269 -0.018901508 0.023898691 0.999532640
1341846338.790039 -0.110656284 0.081293471 0.047078297 0.000545193 -0.021426218 0.024988823 0.999457955
1341846338.826048 -0.096325204 0.073517129 0.053528167 0.000162132 -0.021559760 0.023983665 0.999479830
1341846338.858027 -0.106193207 0.080412939 0.057248220 0.000538108 -0.018964363 0.022762351 0.999560893
1341846338.889902 -0.101704426 0.081214048 0.068615973 -0.002112205 -0.020227162 0.022371808 0.999542832
1341846338.925948 -0.092524402 0.080243066 0.084015615 -0.002684029 -0.020455651 0.020886969 0.999568939
1341846338.958108 -0.093859226 0.082564376 0.095225945 -0.002235739 -0.018151484 0.019675419 0.999639153
1341846338.990057 -0.092270643 0.077497609 0.109043844 -0.002472983 -0.018083425 0.020773094 0.999617636
1341846339.025928 -0.086767808 0.075762443 0.117203720 -0.000424117 -0.017544342 0.021438647 0.999616146
1341846339.057939 -0.088322110 0.086439185 0.125959069 0.003372928 -0.014551145 0.020085583 0.999686718
1341846339.093927 -0.095646277 0.092202775 0.129353970 0.002381887 -0.014362910 0.021421205 0.999664545
1341846339.126562 -0.085908614 0.097459450 0.144605920 -0.000391171 -0.016176274 0.020907562 0.999650478
1341846339.157969 -0.074918404 0.095532879 0.159972876 -0.003043438 -0.014443844 0.018787930 0.999714553
1341846339.194113 -0.082801506 0.096690632 0.164891571 -0.005029743 -0.012300624 0.019454921 0.999722421
1341846339.228165 -0.079203919 0.100663841 0.178355455 -0.008247218 -0.014858965 0.022145897 0.999610305
1341846339.257998 -0.069277622 0.096489899 0.190969065 -0.011579729 -0.014900495 0.023170406 0.999553382
1341846339.294132 -0.068994462 0.098446228 0.192949742 -0.011417804 -0.012255212 0.023452271 0.999584615
1341846339.326577 -0.074564904 0.105855301 0.184066251 -0.014870880 -0.013397118 0.026854884 0.999438941
1341846339.362269 -0.062195864 0.104205452 0.212174699 -0.019259071 -0.016814545 0.025416089 0.999349952
1341846339.394725 -0.057641439 0.104967162 0.222500101 -0.019920601 -0.015094780 0.023953563 0.999400556
1341846339.462186 -0.053403918 0.105333693 0.240983069 -0.023458973 -0.016050844 0.024054032 0.999306500
1341846339.496743 -0.041481063 0.103699751 0.253787518 -0.020756235 -0.013019847 0.022503603 0.999446452
1341846339.562052 -0.042360380 0.097641416 0.265932977 -0.020344188 -0.009696783 0.024439605 0.999447227
1341846339.595122 -0.034512792 0.103169747 0.275731087 -0.017728033 -0.009604539 0.023757407 0.999514401
1341846339.632085 -0.033649772 0.104633167 0.287276477 -0.016234016 -0.005825233 0.021610368 0.999617696
1341846339.664568 -0.029514117 0.104187660 0.295716912 -0.016050180 -0.003294179 0.019424425 0.999677062
1341846339.698896 -0.028538676 0.100890189 0.304138720 -0.016536118 -0.002062343 0.018317895 0.999693334
1341846339.731977 -0.026558653 0.101736851 0.313282609 -0.016042562 -0.001788553 0.016522288 0.999733210
1341846339.762241 -0.020599280 0.099980310 0.323995471 -0.015900934 -0.000886492 0.016429957 0.999738157
1341846339.797873 -0.019315621 0.098533653 0.326349676 -0.016340878 -0.000418123 0.018175012 0.999701202
1341846339.830245 -0.014915408 0.097894147 0.338113338 -0.016372114 -0.001111951 0.018360302 0.999696732
1341846339.862015 -0.011753201 0.097566523 0.342598468 -0.016924674 -0.001229677 0.018164819 0.999690950
1341846339.897797 -0.009752318 0.098454848 0.348477542 -0.017807953 0.000105020 0.017614424 0.999686241
1341846339.929916 -0.006885609 0.092240542 0.356735766 -0.018783364 0.001102232 0.019263074 0.999637365
1341846339.961960 -0.005073802 0.091165856 0.365362406 -0.017463980 0.000464729 0.020211967 0.999643087
1341846339.997845 0.000217225 0.094782412 0.367507696 -0.015587766 0.001331591 0.019802529 0.999681532
1341846340.029925 0.005395453 0.090127572 0.375596076 -0.015382705 0.003286044 0.021159060 0.999652386
1341846340.066044 0.005310909 0.091145858 0.382420480 -0.013020958 0.004690031 0.022620738 0.999648333
1341846340.098009 0.005577387 0.092188112 0.389411837 -0.012058860 0.005580164 0.022760235 0.999652624
1341846340.130102 0.007241975 0.092054456 0.391310126 -0.012805856 0.005671605 0.021669932 0.999667048
1341846340.166041 0.015950145 0.090096891 0.399774283 -0.012013403 0.007028232 0.020285510 0.999697328
1341846340.197867 0.012869685 0.091553606 0.408833832 -0.010694554 0.009965110 0.019803017 0.999697030
1341846340.229904 0.015651291 0.093580760 0.414924979 -0.011802861 0.009573985 0.019920250 0.999686062
1341846340.265859 0.017346902 0.090548612 0.422351182 -0.012462826 0.010813557 0.018470969 0.999693215
1341846340.298061 0.024520334 0.090966441 0.430820465 -0.010471311 0.012150877 0.019833839 0.999674618
1341846340.334063 0.017287068 0.097534657 0.437750429 -0.010954154 0.012455419 0.021344438 0.999634564
1341846340.366064 0.024080494 0.089614205 0.439461052 -0.013364300 0.009970526 0.020225564 0.999656379
1341846340.397995 0.025746077 0.089142211 0.439633816 -0.011392642 0.010775124 0.019820355 0.999680579
1341846340.433895 0.029628245 0.088897713 0.450727016 -0.011100302 0.009889822 0.021380765 0.999660850
1341846340.465959 0.027555330 0.089103542 0.452281624 -0.010428834 0.008122152 0.022942500 0.999649405
1341846340.501858 0.036502186 0.087711170 0.449345112 -0.009979407 0.003548736 0.024087628 0.999653757
1341846340.534329 0.041140456 0.090306245 0.448922753 -0.009017042 0.001937275 0.023785612 0.999674559
1341846340.566041 0.044879824 0.085596681 0.456884116 -0.008283920 0.000961373 0.023770735 0.999682665
1341846340.601909 0.050507668 0.087716848 0.454871893 -0.005516402 -0.000064982 0.024512643 0.999684274
1341846340.634005 0.053370349 0.089151219 0.447918713 -0.004525229 -0.000705113 0.023653716 0.999709725
1341846340.666028 0.057553008 0.089884810 0.447076470 -0.004556485 -0.000492899 0.020901673 0.999770999
1341846340.701946 0.058750268 0.085613303 0.444275498 -0.003158146 0.001175947 0.019202115 0.999809921
1341846340.733954 0.062270675 0.089404993 0.443493605 -0.001855733 0.002414305 0.017491236 0.999842346
1341846340.770081 0.060728919 0.093268588 0.442049176 -0.002081490 0.003188573 0.014996258 0.999880314
1341846340.801980 0.068853572 0.088738106 0.436203063 -0.002735670 0.003169961 0.010348999 0.999937654
1341846340.833999 0.064582139 0.094432607 0.434698015 -0.002147116 0.006257546 0.005854682 0.999960959
1341846340.870013 0.065047473 0.091214336 0.437880814 -0.003996019 0.006080757 0.004260785 0.999964416
1341846340.901955 0.065706097 0.086248554 0.437170774 -0.003584519 0.005867125 0.003667820 0.999969661
1341846340.933918 0.065120913 0.088103704 0.436049372 -0.001409330 0.005162977 0.006749994 0.999962866
1341846340.970122 0.064064249 0.091600195 0.433518946 0.000367440 0.002627700 0.011114433 0.999934673
1341846341.001922 0.061590616 0.086253494 0.423793405 0.000878181 -0.000863458 0.016183456 0.999868274
1341846341.037923 0.068483494 0.089473173 0.422973514 0.002651446 -0.004368458 0.019185888 0.999802887
1341846341.070300 0.063165963 0.086557999 0.421437293 0.002706551 -0.004260348 0.019079700 0.999805212
1341846341.102028 0.062189631 0.088790141 0.418436825 0.003052840 -0.005596113 0.019096993 0.999797285
1341846341.137982 0.065408953 0.086793028 0.414046913 0.002786017 -0.008036197 0.019428870 0.999775052
1341846341.170048 0.066102013 0.085989721 0.415879786 0.003359145 -0.008356995 0.020522656 0.999748826
1341846341.202110 0.066230901 0.083006404 0.408030450 0.004396764 -0.008724170 0.022393420 0.999701500
1341846341.237996 0.068406031 0.083474293 0.407558948 0.006171294 -0.008808757 0.023269650 0.999671340
1341846341.269883 0.064060234 0.084649123 0.405307859 0.007569551 -0.007681238 0.023155874 0.999673724
1341846341.306107 0.066184856 0.085145846 0.405513614 0.008101626 -0.008744053 0.022342363 0.999679327
1341846341.338109 0.066393420 0.085734293 0.400076866 0.009182668 -0.008108922 0.020172248 0.999721467
1341846341.370120 0.064923890 0.085175052 0.399031788 0.009652460 -0.006756088 0.017859153 0.999771059
1341846341.406074 0.061640933 0.084476247 0.399154574 0.009613608 -0.006157388 0.017117703 0.999788284
1341846341.438113 0.061825294 0.080270432 0.398309410 0.010319514 -0.008214991 0.018088466 0.999749362
1341846341.470024 0.065091789 0.080991328 0.394089937 0.013246918 -0.008366647 0.016002076 0.999749184
1341846341.506077 0.060261872 0.087940104 0.393230081 0.013680598 -0.007155937 0.014911378 0.999769628
1341846341.538156 0.056682389 0.084545583 0.392451376 0.012362635 -0.008701816 0.015526695 0.999765158
1341846341.574016 0.059827540 0.085304148 0.394353479 0.013783101 -0.011259713 0.015507263 0.999721348
1341846341.612466 0.054460768 0.089275748 0.392428428 0.014765333 -0.010936167 0.015997728 0.999703169
1341846341.643972 0.052650306 0.088707186 0.389651656 0.013454651 -0.012292985 0.015520188 0.999713421
1341846341.679982 0.055395234 0.088517100 0.388896108 0.013405579 -0.014118938 0.015207760 0.999694765
1341846341.712332 0.052113526 0.086226486 0.386234581 0.013659659 -0.016094316 0.019407079 0.999588788
1341846341.744185 0.054318704 0.086836249 0.388468355 0.014352241 -0.018501978 0.021075869 0.999503613
1341846341.780061 0.052057564 0.088822469 0.385406613 0.014959340 -0.018548926 0.022314999 0.999466956
1341846341.842595 0.057860717 0.084111243 0.383494258 0.016947566 -0.020208111 0.027732216 0.999267399
1341846341.906227 0.057672910 0.078294076 0.379076302 0.019754406 -0.020662028 0.032577299 0.999060333
1341846341.942069 0.059491519 0.075868957 0.374382168 0.023185747 -0.020732507 0.033904120 0.998941004
1341846341.974775 0.060030837 0.074907817 0.366781145 0.026052849 -0.021027245 0.036110081 0.998786867
1341846342.010161 0.056989368 0.076628841 0.366307735 0.026947198 -0.021955788 0.037818231 0.998679936
1341846342.042024 0.062659092 0.070070766 0.364242017 0.028108371 -0.023025593 0.037750315 0.998626351
1341846342.080032 0.067952208 0.075813144 0.363600075 0.030866360 -0.021520903 0.037855521 0.998574495
1341846342.112265 0.058891226 0.070053741 0.364939898 0.030536426 -0.019606540 0.039567653 0.998557746
1341846342.147954 0.060599077 0.064757727 0.364595413 0.032426707 -0.021043988 0.041775443 0.998378932
1341846342.179852 0.065215893 0.067111008 0.359624028 0.035379287 -0.021010026 0.043607179 0.998201013
1341846342.211848 0.063720860 0.069279484 0.362834901 0.036419928 -0.020184824 0.043068402 0.998203993
1341846342.247920 0.063845508 0.066207610 0.360907763 0.037337773 -0.019870717 0.041364998 0.998248458
1341846342.279870 0.065730676 0.067631148 0.358241260 0.038884774 -0.019681754 0.042008378 0.998166263
1341846342.316068 0.066134445 0.067549728 0.357207298 0.040146422 -0.019447153 0.043110143 0.998073936
1341846342.347894 0.068270713 0.069391467 0.357640028 0.040692523 -0.019623054 0.043340966 0.998038352
1341846342.379953 0.069325283 0.066332117 0.355516613 0.040391158 -0.019193536 0.043559931 0.998049438
1341846342.416195 0.066477865 0.069618635 0.355370045 0.041513376 -0.018630136 0.044311654 0.997980952
