1341846361.788774 0.000000000 0.000000000 0.000000000 0.000000000 0.000000000 0.000000000 1.000000000
1341846361.824112 -0.013404994 0.000765461 0.008747167 -0.002274685 0.003788054 -0.004907705 0.999978185
1341846361.856016 -0.026871666 0.023894299 0.007910681 -0.004902267 0.005071441 -0.008576142 0.999938369
1341846361.887871 -0.032441333 0.003941061 0.018510507 -0.016012853 0.007685160 -0.014173355 0.999741793
1341846361.923930 -0.050910432 -0.010431307 0.025742121 -0.017399097 0.012032650 -0.011286603 0.999712467
1341846361.955927 -0.063086428 -0.012084262 0.026125247 -0.011859767 0.010673722 -0.003751194 0.999865651
1341846361.991999 -0.074571408 -0.026141942 0.037407756 -0.010002836 0.005653138 0.003259897 0.999928653
1341846362.023994 -0.072228849 -0.024842363 0.041383553 -0.005853473 0.002346444 0.004414719 0.999970376
1341846362.056118 -0.077995785 -0.012685236 0.038494308 -0.002853216 0.002677229 0.006547546 0.999970913
1341846362.091992 -0.094792046 -0.013007382 0.043225694 -0.004025317 0.003555026 0.006206421 0.999966264
1341846362.123929 -0.098533437 -0.027021801 0.050169416 -0.005535102 0.001942896 0.007807733 0.999952257
1341846362.156058 -0.106517985 -0.032023773 0.047384005 -0.002435800 0.002072215 0.010431432 0.999940455
1341846362.191987 -0.122986645 -0.024914339 0.050402690 0.001414050 0.003138070 0.011350564 0.999929667
1341846362.224138 -0.131024078 -0.032339033 0.057646666 0.004841639 0.001634950 0.014067939 0.999888003
1341846362.260011 -0.133438960 -0.027532840 0.051106885 0.010305408 0.003032721 0.013611745 0.999849677
1341846362.291979 -0.141993597 -0.030142069 0.048831526 0.012436682 0.007014317 0.013551204 0.999806225
1341846362.323947 -0.155672356 -0.030408461 0.054894403 0.014918857 0.010626622 0.011592246 0.999765038
1341846362.359889 -0.161667973 -0.027818559 0.057395205 0.017264824 0.013761357 0.009361468 0.999712408
1341846362.392021 -0.176900595 -0.026825108 0.052896071 0.018694054 0.019822491 0.009180442 0.999586582
1341846362.423868 -0.192293346 -0.028969901 0.059857275 0.019881248 0.022899108 0.010061325 0.999489427
1341846362.459968 -0.204469740 -0.030278062 0.062229812 0.023014519 0.024458693 0.010721393 0.999378383
1341846362.491924 -0.218931362 -0.036784109 0.063721329 0.023857873 0.024232617 0.014104106 0.999322116
1341846362.523976 -0.224333003 -0.030242607 0.065474957 0.026689727 0.023905128 0.015269322 0.999241233
1341846362.559933 -0.232555211 -0.033609122 0.064385995 0.028467130 0.024964020 0.016922606 0.999139667
1341846362.592338 -0.249049589 -0.031874955 0.068939090 0.029700752 0.026145374 0.016379012 0.999082565
1341846362.628177 -0.257204354 -0.030587764 0.067727745 0.029438410 0.025292452 0.017071679 0.999100745
1341846362.660128 -0.266652793 -0.031839583 0.069962159 0.028794959 0.025623929 0.016174383 0.999125957
1341846362.691901 -0.281549364 -0.030937413 0.068857647 0.027448669 0.024599038 0.014605218 0.999213755
1341846362.727993 -0.291698098 -0.036711864 0.066149838 0.025273785 0.021299291 0.013467226 0.999362886
1341846362.759942 -0.296881974 -0.040253237 0.067548715 0.024651466 0.018658601 0.011753920 0.999452829
1341846362.792002 -0.307644755 -0.034376830 0.066635057 0.024782937 0.017626671 0.009137211 0.999495685
1341846362.827965 -0.317245007 -0.036518633 0.069628887 0.023205170 0.015573071 0.006667881 0.999587178
1341846362.859959 -0.323718607 -0.038979955 0.070390597 0.022626668 0.014342632 0.003783078 0.999633908
1341846362.891861 -0.334982306 -0.036909666 0.071540497 0.023309600 0.014608705 0.002967670 0.999617159
1341846362.928098 -0.345185250 -0.043447919 0.072228596 0.022806289 0.012690847 0.003883489 0.999651790
1341846362.959894 -0.350304514 -0.048492577 0.078645535 0.025206862 0.011697386 0.006008179 0.999595761
1341846362.995909 -0.357783794 -0.047757402 0.084985346 0.028947981 0.010204023 0.008359578 0.999493897
1341846363.028072 -0.363806933 -0.050987832 0.079630688 0.030971110 0.007849296 0.010590603 0.999433339
1341846363.059896 -0.362564772 -0.053460110 0.088582620 0.035472464 0.007806654 0.008909459 0.999300480
1341846363.096102 -0.371777356 -0.044889599 0.082684733 0.039603096 0.010595946 0.006803033 0.999136150
1341846363.127992 -0.380823404 -0.044739265 0.084339708 0.038940385 0.012103457 0.003925055 0.999160528
1341846363.159870 -0.382350802 -0.051952552 0.082135364 0.039476767 0.014988274 0.000569657 0.999107897
1341846363.195966 -0.392831653 -0.052487638 0.087109171 0.041861393 0.019000156 0.003195931 0.998937666
1341846363.227902 -0.405717194 -0.056270171 0.095711358 0.043669131 0.017352380 0.007095204 0.998870134
1341846363.259977 -0.410751164 -0.058611330 0.090218432 0.046052225 0.015530363 0.011745781 0.998749256
1341846363.296031 -0.410994053 -0.056975421 0.089960203 0.050115380 0.016777989 0.016558394 0.998465180
1341846363.328065 -0.424756408 -0.054128487 0.084012449 0.050794255 0.017385419 0.019924624 0.998359025
1341846363.364023 -0.436589926 -0.056511413 0.089404434 0.048963502 0.014036659 0.021448748 0.998471558
1341846363.395985 -0.446837932 -0.057948094 0.087554060 0.048216559 0.010018857 0.021200562 0.998561621
1341846363.427955 -0.447513580 -0.053648252 0.088429950 0.048330035 0.006370194 0.018051522 0.998647988
1341846363.463979 -0.459544033 -0.055854872 0.081832916 0.046200473 0.003763484 0.018603228 0.998751879
1341846363.495986 -0.472819895 -0.048869658 0.070137486 0.044799522 0.000457924 0.020454532 0.998786449
1341846363.527941 -0.478031069 -0.046771061 0.072620317 0.042690929 -0.002716305 0.022312487 0.998835444
1341846363.564057 -0.479295552 -0.044015002 0.087527372 0.039416391 -0.005299152 0.025581064 0.998881280
1341846363.596025 -0.491556853 -0.054833721 0.096299194 0.034589745 -0.008918872 0.029421587 0.998928607
1341846363.632058 -0.496044964 -0.065072916 0.102966413 0.035001963 -0.015639557 0.032624591 0.998732150
1341846363.663931 -0.497695386 -0.058471084 0.092909724 0.036878284 -0.018080572 0.031175990 0.998669684
1341846363.695998 -0.507467628 -0.054056969 0.091927364 0.035908211 -0.019630261 0.025471378 0.998837531
1341846363.732007 -0.507512152 -0.053682651 0.096793965 0.033562329 -0.025495471 0.018936291 0.998931885
1341846363.794060 -0.506254435 -0.056082912 0.095584020 0.036597051 -0.038604610 0.022869274 0.998322248
1341846363.826406 -0.495972365 -0.049079210 0.097711913 0.038131338 -0.041523598 0.020545445 0.998198211
1341846363.861897 -0.484034956 -0.048068285 0.092721842 0.039029542 -0.041935764 0.019014651 0.998176575
1341846363.893984 -0.479857475 -0.042948209 0.087371565 0.039471082 -0.041485462 0.018381102 0.998189926
1341846363.926076 -0.475899130 -0.043198433 0.087950557 0.037695516 -0.041389126 0.017711297 0.998274684
1341846363.962090 -0.461597681 -0.044639569 0.089047119 0.036002170 -0.040619560 0.020017611 0.998325229
1341846363.994287 -0.456894964 -0.049653016 0.088329911 0.034650747 -0.039695863 0.022895606 0.998348355
1341846364.025993 -0.446107775 -0.048371475 0.091496848 0.034106970 -0.039460931 0.022616172 0.998382747
1341846364.061809 -0.435114145 -0.048373461 0.087016225 0.032635178 -0.037103925 0.022003291 0.998535991
1341846364.094209 -0.423667014 -0.060566135 0.088017896 0.031885386 -0.035107337 0.022798928 0.998614550
1341846364.130022 -0.421295285 -0.061581321 0.089633353 0.033422783 -0.034656569 0.022915615 0.998577356
1341846364.162231 -0.407536566 -0.071176328 0.093063697 0.036288839 -0.037024468 0.021654615 0.998420417
1341846364.194049 -0.392111391 -0.068006270 0.085901268 0.041665152 -0.038592648 0.018533388 0.998213947
1341846364.230023 -0.380350649 -0.064079903 0.092366725 0.044450410 -0.040098924 0.016838057 0.998064458
1341846364.262044 -0.356599987 -0.068975493 0.095209651 0.048239008 -0.041332789 0.014345703 0.997877121
1341846364.294059 -0.349452943 -0.066602267 0.073793419 0.052069865 -0.036719058 0.010342719 0.997914553
1341846364.330003 -0.336226046 -0.064903982 0.076009288 0.051486362 -0.033767071 0.009503071 0.998057425
1341846364.362052 -0.321120948 -0.066832818 0.074728906 0.050795626 -0.030815504 0.007560513 0.998204947
1341846364.397902 -0.297703713 -0.075886816 0.070144728 0.051291194 -0.025031608 0.006401550 0.998349488
1341846364.430108 -0.295718163 -0.064655423 0.073556371 0.051810455 -0.020023962 0.005603863 0.998440444
1341846364.462063 -0.283873439 -0.066047624 0.061750963 0.051076517 -0.016616220 0.003460562 0.998550534
1341846364.498091 -0.266521931 -0.067387998 0.075008392 0.050900821 -0.012496924 0.001343521 0.998624623
1341846364.530058 -0.259204656 -0.068291016 0.071926512 0.050650958 -0.008949821 -0.001056158 0.998675764
1341846364.561952 -0.245851159 -0.063284449 0.070958115 0.051280044 -0.005809462 -0.005337392 0.998653173
1341846364.597928 -0.234018072 -0.063419007 0.064951845 0.049495332 -0.002448768 -0.007411728 0.998743832
1341846364.629950 -0.222360909 -0.069162823 0.069140673 0.048516203 -0.000412704 -0.007363250 0.998795152
1341846364.665991 -0.220761642 -0.072593912 0.067807361 0.049519055 -0.000566368 -0.005247462 0.998759210
1341846364.698004 -0.210242078 -0.068374455 0.071802735 0.050046258 -0.002959150 -0.003798018 0.998735249
1341846364.730097 -0.196824774 -0.073900305 0.055718027 0.050284524 -0.003314756 -0.004491343 0.998719335
1341846364.766057 -0.189256921 -0.070747353 0.054011572 0.052072141 -0.002232490 -0.004258560 0.998631775
1341846364.798632 -0.177562103 -0.065550819 0.037994668 0.051316753 -0.002984428 -0.002900884 0.998673737
1341846364.833901 -0.157281637 -0.070321009 0.030803895 0.049855739 -0.001846722 -0.004648231 0.998743892
1341846364.865923 -0.150244832 -0.072287917 0.043129746 0.050897833 0.002247073 -0.007968668 0.998669565
1341846364.897970 -0.148692712 -0.071297102 0.046101429 0.050681327 0.001379922 -0.005348533 0.998699605
1341846364.934019 -0.128457949 -0.075665325 0.033921696 0.050318934 -0.001793092 -0.003628287 0.998724997
1341846364.966047 -0.111241221 -0.066536769 0.032158289 0.051489785 -0.000153664 -0.004833900 0.998661816
1341846364.998055 -0.103888683 -0.059745546 0.025658803 0.048623811 0.001886840 -0.005570043 0.998799860
1341846365.034125 -0.096560769 -0.059830051 0.035574313 0.042520799 -0.000812567 -0.002959894 0.999090850
1341846365.066106 -0.083203420 -0.063028403 0.045073483 0.038045511 -0.003629969 -0.004476593 0.999259412
1341846365.101953 -0.053582568 -0.064162485 0.022176312 0.036690872 -0.001581544 -0.011352447 0.999260902
1341846365.133922 -0.049373239 -0.061492715 0.033808231 0.033749394 0.004440650 -0.018462678 0.999249935
1341846365.165953 -0.039843917 -0.066114597 0.032828275 0.030499754 0.007212674 -0.021078518 0.999286473
1341846365.201856 -0.026698826 -0.074749872 0.049975138 0.029709518 0.009209493 -0.022841493 0.999255121
1341846365.234093 0.012856465 -0.085317530 0.007233055 0.030338289 0.012797019 -0.022008508 0.999215424
1341846365.266094 0.018054759 -0.090769395 0.014478100 0.033536825 0.018929547 -0.016592035 0.999120474
1341846365.302078 0.026565658 -0.090143129 0.011502006 0.039841034 0.022871740 -0.013067309 0.998858750
1341846365.334027 0.042464174 -0.088664256 0.013292318 0.044702265 0.026450736 -0.011162127 0.998587728
1341846365.369945 0.066694103 -0.087489985 0.008503106 0.047452010 0.031267617 -0.008931909 0.998344064
1341846365.401963 0.065769330 -0.082334548 0.016956612 0.049104508 0.037578683 -0.006931505 0.998062372
1341846365.434082 0.083677389 -0.079649061 -0.006530848 0.049076393 0.041117385 -0.009578480 0.997902393
1341846365.469939 0.105146132 -0.053664278 -0.014560580 0.047247067 0.047067977 -0.012580981 0.997694373
1341846365.502100 0.087398909 -0.075563721 0.024765121 0.037235823 0.054474335 -0.011854486 0.997750223
1341846365.533844 0.100235440 -0.087866135 0.001462260 0.034754828 0.053613640 -0.007421408 0.997929156
1341846365.569876 0.117218740 -0.085941978 -0.002766974 0.036487024 0.050823409 -0.003799879 0.998033702
1341846365.601930 0.128493354 -0.077240542 0.000768071 0.036243360 0.049378920 0.000774483 0.998121977
1341846365.637899 0.140204757 -0.081693821 -0.002799983 0.034756519 0.049918201 0.003282055 0.998142958
1341846365.669890 0.145387098 -0.076291509 -0.006790959 0.034835055 0.050836425 0.004394797 0.998089612
1341846365.701977 0.155467182 -0.071260989 -0.001767548 0.032276336 0.050145276 0.005187097 0.998206794
1341846365.738098 0.171804339 -0.082816578 -0.002584426 0.030638371 0.051925659 0.004232591 0.998171866
1341846365.770026 0.175609171 -0.087072022 -0.004584624 0.032739714 0.054377969 0.004300437 0.997974277
1341846365.805834 0.177084789 -0.084460929 -0.007374485 0.035708301 0.053301778 0.006303359 0.997919858
1341846365.837937 0.189987123 -0.083837017 -0.003049127 0.037360277 0.050036054 0.008352760 0.998013437
1341846365.869952 0.205114678 -0.077666581 -0.010832374 0.039271753 0.049185786 0.009433960 0.997972727
1341846365.906411 0.214757994 -0.069461569 -0.019227453 0.038643096 0.048122726 0.008536252 0.998057127
1341846365.938000 0.219061717 -0.077966310 -0.011290452 0.035567619 0.048047692 0.010942216 0.998151600
1341846365.970022 0.227958545 -0.078757688 -0.010172974 0.037529994 0.047333367 0.015603511 0.998051941
1341846366.006126 0.242555782 -0.076240964 -0.010525839 0.039170910 0.045939907 0.021126285 0.997952342
1341846366.043876 0.248777732 -0.072890989 -0.010272916 0.039248381 0.046899740 0.024639046 0.997824132
1341846366.076490 0.255297691 -0.060166258 0.005516304 0.039139602 0.048600473 0.026458776 0.997700334
1341846366.111888 0.270221025 -0.051802225 -0.000217133 0.036078434 0.052294094 0.027443530 0.997602403
1341846366.143907 0.284896880 -0.055836078 0.003011514 0.030581297 0.057254862 0.029510487 0.997454643
1341846366.176044 0.289016545 -0.058110818 0.011530760 0.026240781 0.059643850 0.034450576 0.997279882
1341846366.212022 0.298189729 -0.060449108 0.008702574 0.024269333 0.059554428 0.039517969 0.997147202
1341846366.243981 0.310736656 -0.053984068 0.002374664 0.023602631 0.060684685 0.042014074 0.996993065
1341846366.280032 0.307966679 -0.045996014 0.011808650 0.021556200 0.063390933 0.041428123 0.996895492
1341846366.344115 0.327228248 -0.049370602 0.013279782 0.012875183 0.062156238 0.040555034 0.997159004
1341846366.406057 0.339074671 -0.049258228 0.022465007 0.011741323 0.063453011 0.043748923 0.996956348
1341846366.442042 0.349878639 -0.042910457 0.002929811 0.012645915 0.062092878 0.047070816 0.996879578
1341846366.506117 0.358796090 -0.039282322 0.000080998 0.013336285 0.064685114 0.049856909 0.996570230
1341846366.542004 0.364725322 -0.035283417 -0.000812197 0.013802903 0.064080276 0.048893079 0.996650696
1341846366.573848 0.373608112 -0.026248867 -0.002485362 0.013267319 0.065784007 0.048500575 0.996566176
1341846366.610058 0.371499091 -0.025888070 0.001633931 0.011250645 0.067451753 0.049195673 0.996445417
1341846366.642206 0.393123627 -0.025598586 -0.007556001 0.009426871 0.066032633 0.050192859 0.996509671
1341846366.674164 0.397410423 -0.022298094 -0.004145371 0.008487053 0.068160117 0.050329529 0.996367931
1341846366.710207 0.395561635 -0.015993614 -0.005599951 0.006382787 0.068963796 0.051751491 0.996255517
1341846366.741976 0.404282331 -0.016535820 -0.009646385 0.003221559 0.069329359 0.050263200 0.996321559
1341846366.773916 0.415190130 -0.019946830 -0.007941869 0.001855418 0.072129667 0.049758527 0.996151567
1341846366.810122 0.411438823 -0.020259164 -0.004722969 0.001550255 0.074613340 0.052855544 0.995809615
1341846366.841893 0.417341113 -0.020069299 -0.010105714 0.001887151 0.073263675 0.054981671 0.995794058
1341846366.878062 0.418623835 -0.014199132 -0.010285295 0.004029958 0.073894359 0.053414829 0.995826423
1341846366.909933 0.422693610 -0.006427229 -0.011136299 0.005833598 0.075567283 0.055131644 0.995598316
1341846366.941941 0.422286659 -0.002211225 -0.013591772 0.004999775 0.076583736 0.055405889 0.995509982
1341846366.977906 0.434493124 -0.003017686 -0.014822125 0.003896895 0.077470042 0.053818211 0.995533407
1341846367.009852 0.440392792 -0.002432031 -0.023067787 0.003138569 0.081416614 0.054767542 0.995169342
1341846367.045944 0.450967342 -0.004566031 -0.021232361 0.002745304 0.084851079 0.055859182 0.994822860
1341846367.077914 0.454580009 -0.001477591 -0.019692037 0.004553019 0.091153286 0.053513177 0.994387627
1341846367.110077 0.469435155 0.005852708 -0.026420936 0.006535209 0.095461763 0.056127638 0.993827939
1341846367.145997 0.466964513 0.002397186 -0.014850295 0.006031616 0.099958792 0.057971843 0.993283033
1341846367.177894 0.472757906 -0.001335715 -0.024831459 0.007737840 0.101912990 0.059948757 0.992955208
1341846367.209903 0.495612592 0.001152788 -0.041885093 0.010625881 0.104731478 0.063936234 0.992386281
1341846367.245970 0.498031974 0.008454520 -0.040426318 0.009228103 0.109448530 0.067426369 0.991659999
1341846367.277966 0.503420055 -0.001458202 -0.031911790 0.006857378 0.111575752 0.071987934 0.991121352
1341846367.314058 0.502005875 0.003352586 -0.043973289 0.009468273 0.114466555 0.070736453 0.990860283
1341846367.346333 0.516187429 0.013422580 -0.055178151 0.010165074 0.117551737 0.072541758 0.990361512
1341846367.378615 0.509282589 0.015065061 -0.048847124 0.007890578 0.121168502 0.074522115 0.989799142
1341846367.413946 0.512467265 0.011859943 -0.052406114 0.006195924 0.121404879 0.075409696 0.989715040
1341846367.446060 0.524459898 0.020622373 -0.053733133 0.006107952 0.123170994 0.076820403 0.989388824
1341846367.478095 0.527819216 0.021532191 -0.047872983 0.003969037 0.125846937 0.080492042 0.988770843
1341846367.514115 0.541633487 0.010172541 -0.051995851 0.002871905 0.123947218 0.086236529 0.988530278
1341846367.546096 0.545214295 0.012258965 -0.061021324 0.006915953 0.123624370 0.087748058 0.988417685
1341846367.581982 0.551899195 0.025392666 -0.065787047 0.009350613 0.123845525 0.089219742 0.988238156
1341846367.613951 0.545928717 0.025965579 -0.065996617 0.007203503 0.123900481 0.092301115 0.987966239
1341846367.645894 0.558310032 0.025282163 -0.072936274 0.006126792 0.122512586 0.090202846 0.988340318
1341846367.682223 0.565500796 0.024346367 -0.070014730 0.006203503 0.124987580 0.090047903 0.988044024
1341846367.714019 0.571055412 0.022924345 -0.071152925 0.006979110 0.126028463 0.093126915 0.987621129
1341846367.745904 0.570043683 0.024877915 -0.075193971 0.008304166 0.127913326 0.093671426 0.987317026
1341846367.781973 0.578145742 0.027219983 -0.078449227 0.009692791 0.128837869 0.093807735 0.987171173
1341846367.813986 0.583705425 0.028693991 -0.083013542 0.009133915 0.130184561 0.095120713 0.986874163
1341846367.850189 0.586372018 0.028429849 -0.090429083 0.008901547 0.132415399 0.093962386 0.986690402
1341846367.881960 0.582329988 0.031393375 -0.090903595 0.007876908 0.134102464 0.094562590 0.986413896
1341846367.914064 0.586757302 0.037623417 -0.089260727 0.005260689 0.133174971 0.096489526 0.986370385
1341846367.950095 0.587312639 0.028047020 -0.086670898 0.002901304 0.134857386 0.095321022 0.986265182
1341846367.981916 0.590798974 0.028099058 -0.087229498 0.004231799 0.137166500 0.093969785 0.986071527
1341846368.017965 0.583206654 0.030673498 -0.084436722 0.003642397 0.138702318 0.096795790 0.985585570
1341846368.050897 0.581238210 0.027419502 -0.080782682 0.002688800 0.137284175 0.096850835 0.985781789
1341846368.082322 0.577287674 0.027199497 -0.081325784 0.003074918 0.137817025 0.094076052 0.985974967
1341846368.118029 0.575062394 0.031732362 -0.079359502 0.003274679 0.137785658 0.094973773 0.985892653
1341846368.150026 0.570454180 0.026336916 -0.074764736 0.001229281 0.136512667 0.096769936 0.985899746
1341846368.181952 0.567646503 0.018887339 -0.072676614 0.002455885 0.135647610 0.095091380 0.986180127
1341846368.217882 0.566042066 0.029931286 -0.074292094 0.004755099 0.135560930 0.094835639 0.986208260
1341846368.250223 0.561567187 0.029895054 -0.073904261 0.002417351 0.135550275 0.095861353 0.986119092
1341846368.286003 0.552479923 0.024806971 -0.068768173 0.000916604 0.136559874 0.094016477 0.986159921
1341846368.317994 0.547557652 0.027859047 -0.064754263 0.000479168 0.135098889 0.092863321 0.986470699
1341846368.350010 0.539147794 0.039213266 -0.052042291 -0.001399026 0.132275656 0.093480296 0.986794114
1341846368.385949 0.524154603 0.034619693 -0.043275908 -0.004766817 0.130524814 0.091147564 0.987234831
1341846368.417845 0.523074806 0.027517125 -0.048206843 -0.006459967 0.127693281 0.087750785 0.987903059
1341846368.450062 0.524487376 0.026385939 -0.038191058 -0.008622950 0.124473020 0.089026511 0.988183379
1341846368.485968 0.513773382 0.021350583 -0.034485456 -0.010051908 0.121244460 0.087724902 0.988687515
1341846368.517939 0.511422217 0.016596265 -0.031564742 -0.009638415 0.117961295 0.084965445 0.989329636
1341846368.554171 0.506933689 0.019471157 -0.028483706 -0.007890343 0.115795664 0.085466638 0.989557743
1341846368.618123 0.489631206 0.014196690 -0.038095329 -0.010302467 0.110553622 0.078883804 0.990681112
1341846368.654302 0.487440348 0.009884215 -0.028049115 -0.010388270 0.109350570 0.075947352 0.991043150
1341846368.685914 0.480990887 0.004017652 -0.019292179 -0.009605996 0.106570706 0.075054191 0.991421819
1341846368.717980 0.474536240 0.003623325 -0.018773377 -0.008331507 0.103852354 0.072732031 0.991894841
1341846368.786190 0.461211205 -0.007623961 -0.024674805 -0.005947947 0.102596581 0.072056442 0.992091954
1341846368.821968 0.455358624 -0.003841457 -0.026763497 -0.003954627 0.099535383 0.070458822 0.992528379
1341846368.853991 0.449664891 0.002291721 -0.026072817 -0.003908388 0.100214407 0.065708674 0.992786050
1341846368.885978 0.440788478 -0.009825828 -0.019859089 -0.005691789 0.101206042 0.062336054 0.992894292
1341846368.923221 0.436194867 -0.008023019 -0.010790923 -0.002429282 0.099124916 0.062274329 0.993121445
1341846368.953942 0.429056734 -0.006199746 -0.011894131 0.000523765 0.097094819 0.060150601 0.993455708
1341846368.986016 0.420876831 -0.006688603 -0.016808981 0.001060447 0.095704958 0.059052341 0.993655980
1341846369.021938 0.411505163 -0.006770294 -0.013339980 0.001357258 0.094978958 0.057897437 0.993793249
1341846369.053927 0.406902999 -0.012321478 -0.021767773 0.001258977 0.095379241 0.053616546 0.993995190
1341846369.090047 0.401531160 -0.014364988 -0.017681170 0.001745185 0.096499011 0.049744617 0.994087696
1341846369.121845 0.391451597 -0.026214566 -0.014092954 0.002493107 0.096440598 0.050436500 0.994056940
1341846369.154351 0.381933481 -0.028684622 -0.012948321 0.006904129 0.094989985 0.050850052 0.994154692
1341846369.189885 0.376294881 -0.019887516 -0.019005310 0.011112830 0.094677813 0.048341550 0.994271398
1341846369.222188 0.372258127 -0.016784037 -0.019428166 0.010379168 0.096103340 0.046194904 0.994244695
1341846369.257947 0.364899099 -0.026934624 -0.016378313 0.009704725 0.097199038 0.045661833 0.994169593
1341846369.289994 0.358720303 -0.032862600 -0.015455387 0.011699698 0.096790195 0.045730919 0.994184852
1341846369.322196 0.353943944 -0.028741080 -0.016092420 0.014829553 0.096921496 0.046482299 0.994095445
1341846369.357830 0.349751472 -0.028534535 -0.018282462 0.015054867 0.097959116 0.045886505 0.994017959
1341846369.390267 0.339600116 -0.030661160 -0.014178300 0.014874167 0.099070594 0.044595219 0.993969321
1341846369.422057 0.331588030 -0.031366561 -0.014335409 0.015241379 0.099262394 0.044017252 0.993970394
1341846369.457950 0.318520039 -0.035661634 -0.010221981 0.015534475 0.100009792 0.043560807 0.993911028
1341846369.490144 0.302865833 -0.042059358 -0.006331194 0.016930273 0.098571733 0.044085365 0.994008780
1341846369.526405 0.296529770 -0.033055123 -0.011274969 0.019173292 0.095721737 0.045078110 0.994202018
1341846369.557969 0.281165868 -0.039257698 0.006129537 0.019005576 0.093805589 0.045211356 0.994381845
1341846369.590093 0.269035161 -0.042527396 0.009075735 0.020472433 0.090677395 0.046228610 0.994596124
1341846369.625895 0.260817319 -0.036238085 0.009107611 0.022420131 0.088014565 0.047142036 0.994750440
1341846369.657961 0.254215181 -0.036365829 0.009429980 0.021832444 0.086296402 0.046497844 0.994944334
1341846369.690135 0.241389439 -0.042553589 0.008369850 0.021665866 0.084807657 0.047904029 0.995009303
1341846369.726074 0.225019053 -0.044362459 0.003939527 0.023507327 0.081817552 0.049883831 0.995120525
1341846369.757962 0.215024173 -0.039880123 0.007739578 0.025255259 0.078536734 0.050579946 0.995306909
1341846369.793964 0.206177309 -0.035804875 0.007982589 0.025631642 0.076562785 0.051531121 0.995402277
1341846369.826161 0.190360263 -0.038191896 0.004711661 0.024604345 0.074602641 0.052404840 0.995531380
1341846369.858015 0.180311397 -0.040745284 0.008100959 0.024593912 0.070970915 0.051749509 0.995831430
1341846369.893954 0.172986910 -0.038659435 0.019433059 0.024876170 0.068277217 0.052783813 0.995958447
1341846369.926051 0.160376519 -0.041095708 0.014670396 0.023909371 0.066205747 0.052362166 0.996144235
1341846369.958062 0.141605198 -0.041014694 0.011587812 0.023894753 0.062508911 0.050066967 0.996501386
1341846369.994037 0.140178591 -0.042478621 0.024207329 0.023519712 0.057684440 0.049152624 0.996846676
1341846370.026058 0.128929898 -0.044654369 0.017589763 0.024268042 0.056227513 0.048493255 0.996944308
1341846370.062000 0.111254953 -0.040312301 0.016870664 0.024766270 0.052087139 0.050774816 0.997043371
1341846370.094135 0.111901484 -0.037535809 0.025056832 0.023228336 0.047131784 0.051677503 0.997280538
1341846370.126153 0.111728869 -0.040187992 0.027338786 0.022908261 0.046196464 0.050819833 0.997375786
1341846370.162082 0.101252340 -0.040262256 0.023642492 0.023705721 0.046578057 0.052768890 0.997238159
1341846370.194044 0.092655241 -0.044121735 0.001575351 0.023391480 0.045644280 0.054896537 0.997173965
1341846370.230152 0.087055959 -0.045276556 0.002838842 0.025245517 0.045099154 0.055581577 0.997115552
1341846370.262175 0.081297673 -0.041991819 0.002153114 0.026778936 0.046067748 0.053817440 0.997128069
1341846370.294216 0.070712596 -0.043921396 0.001923045 0.027127413 0.047603160 0.050561715 0.997216940
1341846370.329892 0.058589242 -0.043593533 -0.000266295 0.027043860 0.045981698 0.046229556 0.997505486
1341846370.361939 0.051362216 -0.045745358 0.035513401 0.027515706 0.043667898 0.043037646 0.997739315
1341846370.394073 0.031947307 -0.044231191 0.029399227 0.028802378 0.042408220 0.041420840 0.997825742
1341846370.429985 0.024280787 -0.037665863 0.027034709 0.028933285 0.035923451 0.040109802 0.998130023
1341846370.462095 0.017570402 -0.030493153 0.028504113 0.027208459 0.030789366 0.039535973 0.998372972
1341846370.498034 0.015915884 -0.028429007 0.034838699 0.023871766 0.025681097 0.039600790 0.998600245
1341846370.530176 0.009680709 -0.027116882 0.037593190 0.020651335 0.023305792 0.040262192 0.998703837
1341846370.561949 -0.001459671 -0.022034373 0.029158534 0.017598441 0.020211095 0.041257530 0.998789072
1341846370.597989 -0.003690957 -0.019371526 0.036837686 0.012653872 0.016453439 0.042391043 0.998885453
1341846370.629913 -0.004675953 -0.025558237 0.038879376 0.007874975 0.016462494 0.042582873 0.998926222
1341846370.662062 -0.014724962 -0.029616950 0.033224024 0.006571631 0.016373070 0.042061545 0.998959243
1341846370.697981 -0.016305305 -0.026109658 0.034473930 0.004231297 0.014996763 0.042002853 0.998995960
1341846370.730015 -0.015039877 -0.036537707 0.034197986 0.000790102 0.014806209 0.039809074 0.999097288
1341846370.766182 -0.017675897 -0.043336105 0.030133851 0.001141902 0.017757252 0.036420699 0.999178112
1341846370.797966 -0.024895595 -0.037847027 0.016192598 -0.000468617 0.020786714 0.034460828 0.999189734
1341846370.830023 -0.024459528 -0.056174584 0.026857782 -0.004473051 0.021184087 0.032515481 0.999236703
1341846370.866186 -0.018896980 -0.067945994 0.023055943 -0.002421895 0.021122029 0.032728184 0.999238133
1341846370.897994 -0.024664769 -0.062312562 0.017322747 -0.002118765 0.023642365 0.034474988 0.999123633
1341846370.929983 -0.024197109 -0.081261620 0.017605910 -0.004825788 0.024248034 0.036457449 0.999029338
1341846370.971974 -0.022463812 -0.094342105 0.016334472 -0.001463824 0.025241833 0.035885185 0.999035954
1341846371.034127 -0.023483893 -0.109623171 0.014494960 0.003933597 0.031212825 0.038051829 0.998780429
1341846371.066883 -0.023021869 -0.106894828 0.010075632 0.005657160 0.034100384 0.037184186 0.998710394
1341846371.098209 -0.025363974 -0.112570859 0.007738806 0.003347999 0.038272347 0.034045044 0.998681605
1341846371.134068 -0.022600278 -0.121872887 0.005821522 0.001366745 0.041279014 0.032429051 0.998620331
1341846371.165993 -0.027433313 -0.126160070 0.006245503 -0.001270598 0.044353258 0.033246063 0.998461783
1341846371.197951 -0.029004039 -0.135899141 0.008275839 -0.004257822 0.045129012 0.033812262 0.998399734
1341846371.233950 -0.022731248 -0.145094812 -0.003112353 -0.005326184 0.045781597 0.033966936 0.998359621
1341846371.266433 -0.022430316 -0.136194810 -0.018162072 -0.007069730 0.048756037 0.034819759 0.998178542
1341846371.302051 -0.022718322 -0.143638834 -0.018050781 -0.014290003 0.051222015 0.035806101 0.997942865
1341846371.334010 -0.018128827 -0.151981950 -0.024927277 -0.020624809 0.054486636 0.032945354 0.997757673
1341846371.366198 -0.014630223 -0.157045379 -0.023954935 -0.025131596 0.059861753 0.031140722 0.997404218
1341846371.402482 -0.027376246 -0.175097793 -0.014352570 -0.028852172 0.064141318 0.032019336 0.997009635
1341846371.434055 -0.025337014 -0.187081754 -0.017060081 -0.027906492 0.062725157 0.034242604 0.997052729
1341846371.469998 -0.019904451 -0.193849877 -0.021546340 -0.025707567 0.062553465 0.032002624 0.997197092
1341846371.501933 -0.019264219 -0.201483563 -0.024428591 -0.023642957 0.064728141 0.029693145 0.997180820
1341846371.534269 -0.029382655 -0.203232735 -0.030535450 -0.022957440 0.066222370 0.028945185 0.997120678
1341846371.570100 -0.032728031 -0.211958304 -0.024800997 -0.023510011 0.064233169 0.026781699 0.997298419
1341846371.602162 -0.020962408 -0.228249073 -0.031046595 -0.022468830 0.062104005 0.024103077 0.997525573
1341846371.634012 -0.028194988 -0.230493486 -0.028264407 -0.020434024 0.064126894 0.022446273 0.997479975
1341846371.669927 -0.037518978 -0.241450757 -0.033799261 -0.020870280 0.061945297 0.021391734 0.997631967
1341846371.702051 -0.027587272 -0.243216559 -0.044053845 -0.020749075 0.059181977 0.019478571 0.997841418
1341846371.737891 -0.026272928 -0.252770990 -0.039577749 -0.021605324 0.061899114 0.014813418 0.997738540
1341846371.769979 -0.038861480 -0.258961886 -0.035717465 -0.020750782 0.062266190 0.014073779 0.997744560
1341846371.802101 -0.035876296 -0.260953456 -0.037616242 -0.020716060 0.059097603 0.016670002 0.997897983
1341846371.837951 -0.033583429 -0.268414557 -0.036702316 -0.021195350 0.057003874 0.018283201 0.997981489
1341846371.870043 -0.024326021 -0.262179166 -0.039813425 -0.021355966 0.056214426 0.020586761 0.997977972
1341846371.902330 -0.025563322 -0.266873151 -0.044372499 -0.026596248 0.058456864 0.019902740 0.997737050
1341846371.938165 -0.024436098 -0.266775846 -0.043572266 -0.031011790 0.059820808 0.017238721 0.997578323
1341846371.969938 -0.012825794 -0.277337492 -0.050878778 -0.036131691 0.062455788 0.014703438 0.997285068
1341846372.005861 -0.023897357 -0.291387200 -0.038660802 -0.039100803 0.068643406 0.012610260 0.996794939
1341846372.038440 -0.024196314 -0.298719168 -0.039355777 -0.036155529 0.068226866 0.012772520 0.996932626
1341846372.070518 -0.019439094 -0.300935268 -0.043905377 -0.033894084 0.066795290 0.012515844 0.997112274
1341846372.111944 -0.016546549 -0.305855662 -0.036532372 -0.032739412 0.067663990 0.011332299 0.997106433
1341846372.143876 -0.014587763 -0.310826004 -0.033704709 -0.029729016 0.068127044 0.008367909 0.997198462
1341846372.179919 -0.015534260 -0.312824756 -0.034720346 -0.026392352 0.067525953 0.006319907 0.997348368
1341846372.212119 -0.021199808 -0.321887523 -0.028880561 -0.023664184 0.065666452 0.004608381 0.997550368
1341846372.244067 -0.019743746 -0.327053279 -0.028593127 -0.019160639 0.062244546 0.001748103 0.997875452
1341846372.279961 -0.021236530 -0.339572221 -0.027589250 -0.014027468 0.060266729 -0.001289308 0.998082936
1341846372.312076 -0.019774556 -0.341781199 -0.022667713 -0.008280991 0.057795063 -0.005376420 0.998279631
1341846372.347910 -0.017113613 -0.341341794 -0.026237471 -0.003426275 0.055021442 -0.006545370 0.998457849
1341846372.379906 -0.019405250 -0.348145545 -0.024851469 -0.000163259 0.051904995 -0.007823910 0.998621345
1341846372.412137 -0.009326578 -0.346820176 -0.024723094 0.003925601 0.048362371 -0.008441976 0.998786449
1341846372.447783 -0.009104151 -0.359378964 -0.026569961 0.005260351 0.047330488 -0.006823839 0.998842120
1341846372.479920 -0.017595312 -0.369090259 -0.030437894 0.008298428 0.045062661 -0.004231052 0.998940766
1341846372.516195 -0.004885377 -0.363095462 -0.027029496 0.012251033 0.039972238 -0.001256110 0.999124885
1341846372.547915 0.007276356 -0.359742731 -0.030605739 0.012080451 0.039417256 -0.001834452 0.999148130
1341846372.579923 0.003340201 -0.369082451 -0.023576615 0.009675262 0.040441677 -0.004744897 0.999123812
1341846372.616037 0.002298469 -0.386475295 -0.029339597 0.007912991 0.039210271 -0.003224801 0.999194443
1341846372.647968 0.007223724 -0.384663731 -0.027075179 0.007459204 0.039015625 -0.003376936 0.999205053
1341846372.679953 0.012213797 -0.387964606 -0.027884083 0.005938995 0.039888408 -0.006428894 0.999165773
1341846372.716073 0.013100057 -0.394170463 -0.021618342 0.004627316 0.041472327 -0.006309906 0.999108970
1341846372.747919 0.011296108 -0.400149673 -0.018764487 0.004307248 0.041700259 -0.004428347 0.999111056
1341846372.783912 0.015752643 -0.403518826 -0.022966372 0.005570820 0.040554181 -0.002755397 0.999158025
1341846372.816131 0.023872219 -0.402570844 -0.020935355 0.006666481 0.041997727 -0.001589721 0.999094188
1341846372.848115 0.021314261 -0.402856350 -0.021560688 0.006520250 0.044273134 0.001868087 0.998996437
1341846372.884003 0.022651052 -0.408470124 -0.027170129 0.006184846 0.044773247 0.000403749 0.998977959
1341846372.948016 0.024763511 -0.416211665 -0.019160992 0.006320535 0.051128604 -0.000172237 0.998672068
1341846373.010206 0.028793368 -0.424520671 -0.021305993 0.012144565 0.046513956 0.003925185 0.998836100
1341846373.041934 0.038898226 -0.422257721 -0.022039559 0.015355322 0.047745977 0.003780294 0.998734295
1341846373.078079 0.035273269 -0.429660231 -0.022574237 0.016096981 0.050867774 0.004203050 0.998566806
1341846373.110028 0.032407861 -0.433919281 -0.024455437 0.018708348 0.051647238 0.002780242 0.998486280
1341846373.142204 0.036576606 -0.437300920 -0.024529133 0.021319538 0.051834863 0.003427271 0.998422146
1341846373.178121 0.039164789 -0.440072984 -0.029951835 0.023517005 0.052956033 0.004431556 0.998310030
1341846373.210218 0.040461875 -0.449283332 -0.032100141 0.025873689 0.054582853 0.002871138 0.998169839
1341846373.246073 0.039499346 -0.455251426 -0.029508557 0.030090908 0.056364134 0.001528245 0.997955561
1341846373.277962 0.046453081 -0.457586735 -0.037178241 0.035483599 0.057204757 0.002800656 0.997727752
1341846373.310189 0.049595222 -0.453669339 -0.038697071 0.039158214 0.059246764 0.001619355 0.997473657
1341846373.346051 0.054542661 -0.452774853 -0.042772956 0.039654095 0.062572300 -0.001220364 0.997251570
1341846373.377993 0.048312724 -0.458184093 -0.036944315 0.038873110 0.065748595 -0.001703004 0.997077227
1341846373.410038 0.047522619 -0.463131815 -0.040741161 0.038879097 0.066590130 -0.000833415 0.997022271
1341846373.446109 0.046352658 -0.464448750 -0.040677410 0.038784061 0.067123018 -0.002465541 0.996987522
1341846373.478409 0.046792608 -0.470479965 -0.034760494 0.039045986 0.066989601 -0.001210997 0.996988595
1341846373.514006 0.041692674 -0.473643184 -0.037535347 0.041242212 0.066374168 0.001502174 0.996940911
1341846373.546097 0.049099647 -0.469695628 -0.043204423 0.043039378 0.063307054 0.002119665 0.997063339
1341846373.578079 0.057088796 -0.468592167 -0.045442834 0.043201953 0.063950472 0.001187415 0.997016728
1341846373.613978 0.046084788 -0.463378966 -0.040299181 0.043318834 0.066597044 0.000180656 0.996839106
1341846373.646060 0.045789760 -0.453283280 -0.036564305 0.043398704 0.064547285 0.000483499 0.996970356
1341846373.682101 0.056396112 -0.446866900 -0.042090595 0.041936636 0.064032286 0.000448901 0.997066140
1341846373.713942 0.054593708 -0.439665347 -0.038831376 0.038683537 0.067275763 0.000387933 0.996984124
1341846373.746309 0.044266813 -0.432534188 -0.038617998 0.035067644 0.069172934 0.000003757 0.996988118
1341846373.782079 0.041143317 -0.430775940 -0.032159124 0.031867553 0.068173096 -0.000647048 0.997164190
1341846373.814899 0.049114976 -0.427731693 -0.037059523 0.030979916 0.067683831 -0.002026339 0.997223616
1341846373.846131 0.036713973 -0.414559990 -0.030718399 0.031207385 0.070304863 -0.005394083 0.997022629
1341846373.882197 0.027574049 -0.403082609 -0.028377039 0.030239141 0.068664290 -0.006701621 0.997158885
1341846373.914066 0.026658788 -0.393752992 -0.026521977 0.028016865 0.065188758 -0.003224094 0.997474313
1341846373.949976 0.033906460 -0.387422800 -0.026217733 0.025086781 0.062946409 0.000090885 0.997701526
1341846373.982090 0.027933899 -0.377543151 -0.030122720 0.022315709 0.063062929 0.000841568 0.997759640
1341846374.014518 0.019568659 -0.369232863 -0.020898921 0.018726308 0.061056565 0.005032396 0.997945905
1341846374.050082 0.018348876 -0.361567229 -0.019490367 0.015375815 0.057802945 0.007150423 0.998183966
1341846374.082248 0.021576870 -0.361160010 -0.022537231 0.012200407 0.055882636 0.007437304 0.998335063
1341846374.114063 0.021339379 -0.347661078 -0.022116827 0.010593564 0.056311585 0.008101247 0.998324156
1341846374.150230 0.012298669 -0.350316972 -0.015652010 0.007787656 0.056095082 0.008280716 0.998360693
1341846374.181949 0.007664741 -0.346083850 -0.016790906 0.008818237 0.054069061 0.008869347 0.998458862
1341846374.217985 0.010429283 -0.340155333 -0.019581215 0.010211915 0.052684136 0.012182238 0.998484671
1341846374.250018 0.012681913 -0.323030531 -0.027219620 0.011159916 0.053130277 0.013403961 0.998435259
1341846374.281921 0.005366705 -0.308916748 -0.027907522 0.008854571 0.054532912 0.012403225 0.998395681
1341846374.318502 0.007249814 -0.302540958 -0.027627403 0.005800845 0.054612760 0.012211801 0.998416066
1341846374.350047 0.005555334 -0.287134200 -0.020233257 0.003025816 0.056293052 0.012370017 0.998333037
1341846374.382011 -0.005809405 -0.285539359 -0.019209718 -0.000682414 0.057027295 0.011922070 0.998301148
1341846374.418020 -0.006983165 -0.280793935 -0.015440164 -0.002769686 0.054727286 0.011958685 0.998425841
1341846374.450160 -0.008167950 -0.273050606 -0.015252187 -0.004847978 0.053178970 0.012796138 0.998491228
1341846374.486170 -0.006538437 -0.259806067 -0.018338684 -0.006175871 0.052811436 0.012475225 0.998507440
1341846374.524087 -0.011671036 -0.253021687 -0.010287454 -0.009767373 0.052858606 0.011725055 0.998485386
1341846374.586056 -0.017548220 -0.238935679 -0.002882827 -0.014081367 0.048154671 0.011247708 0.998677254
1341846374.617848 -0.021098724 -0.240073115 -0.001163640 -0.016532717 0.045715041 0.013225106 0.998730123
1341846374.654133 -0.023687085 -0.234476030 0.004156914 -0.016205737 0.042843737 0.014553663 0.998844326
1341846374.685940 -0.024280407 -0.221877962 0.002916741 -0.014957916 0.040185314 0.017558150 0.998925984
1341846374.718159 -0.026656561 -0.215642914 0.000870705 -0.015080587 0.038117461 0.020849140 0.998941898
1341846374.754050 -0.027546294 -0.206479773 0.006138567 -0.013675977 0.034850135 0.022225834 0.999051750
1341846374.786226 -0.025998315 -0.195516169 0.001780539 -0.012936453 0.032502484 0.023638463 0.999108315
1341846374.818164 -0.028970702 -0.194657266 0.006848090 -0.012630143 0.031952582 0.022909630 0.999146938
1341846374.854017 -0.031999245 -0.189379469 0.006544820 -0.010021767 0.030385507 0.021580810 0.999255002
1341846374.886253 -0.034779824 -0.180834323 0.012645395 -0.006761027 0.027171642 0.022336582 0.999358296
1341846374.921999 -0.031219525 -0.171011835 0.003658683 -0.004356791 0.024942329 0.023001757 0.999414742
1341846374.953860 -0.032903668 -0.166739091 -0.002715812 -0.002938229 0.023366068 0.024665190 0.999418318
1341846374.985929 -0.037340589 -0.159403756 0.000160126 -0.001995139 0.021327034 0.025484446 0.999445677
1341846375.022029 -0.032720581 -0.158253923 0.006930792 0.000045886 0.018751256 0.027249113 0.999452770
1341846375.053968 -0.030242501 -0.153450042 0.006759004 0.004467416 0.016639231 0.031304836 0.999361396
1341846375.085937 -0.031517588 -0.145895109 0.003717825 0.007905157 0.015821669 0.033110213 0.999295175
1341846375.122015 -0.034878273 -0.132695377 -0.005674163 0.008696630 0.016211467 0.030916316 0.999352634
1341846375.190345 -0.031985715 -0.126365826 0.000881191 0.004674190 0.021949887 0.025208959 0.999430299
1341846375.222041 -0.034726452 -0.126404852 0.004916009 0.005099487 0.022073323 0.022976581 0.999479294
1341846375.254127 -0.031173110 -0.120247498 0.001439143 0.007330661 0.021732073 0.024002505 0.999448776
1341846375.289892 -0.031958491 -0.118865214 0.006473573 0.010262369 0.023851121 0.024200415 0.999369860
1341846375.322192 -0.036867544 -0.106232606 0.003249804 0.013813771 0.024332495 0.025362870 0.999286652
1341846375.354172 -0.038146626 -0.091459505 0.011701909 0.013421005 0.023950873 0.025537759 0.999296784
1341846375.390033 -0.032886095 -0.081787258 0.010522500 0.008776881 0.025250416 0.022622054 0.999386609
1341846375.422976 -0.038058307 -0.079458229 0.015850754 0.002777837 0.028122548 0.019308044 0.999414146
1341846375.458036 -0.042613290 -0.075287580 0.003619249 -0.002889507 0.026715301 0.018684914 0.999464273
1341846375.489941 -0.036329169 -0.077334724 0.008665054 -0.007637842 0.025798233 0.018868942 0.999459863
1341846375.521981 -0.037492581 -0.080910698 0.011337935 -0.008830341 0.026802620 0.019243978 0.999416471
1341846375.557947 -0.043450579 -0.079284653 0.004247096 -0.006825668 0.025922973 0.022750359 0.999381721
1341846375.590116 -0.038101636 -0.076642208 0.017707400 -0.004875151 0.021914737 0.028513089 0.999341249
1341846375.622399 -0.032533508 -0.067258984 0.018759411 -0.000785348 0.020994209 0.029900629 0.999332070
1341846375.658264 -0.033928715 -0.062688239 0.020549789 0.002724494 0.022877267 0.031077156 0.999251425
1341846375.690116 -0.037380300 -0.060860891 0.021988697 0.007233859 0.022173533 0.035893112 0.999083400
1341846375.726080 -0.031540751 -0.051965185 0.025459504 0.015236926 0.020110752 0.040825598 0.998847663
1341846375.757947 -0.037819248 -0.033879235 0.036518365 0.023704436 0.020679835 0.043256313 0.998568654
1341846375.789914 -0.038603056 -0.025085205 0.037791390 0.030003121 0.018769696 0.046838384 0.998275340
1341846375.826111 -0.039855465 -0.003793063 0.040035494 0.034039747 0.017292568 0.045434516 0.998237431
1341846375.858282 -0.046933368 0.025229489 0.028702632 0.032876167 0.015661366 0.042088110 0.998450041
1341846375.893889 -0.040591046 0.032810263 0.033252493 0.022201275 0.011855551 0.040765725 0.998851717
1341846375.926121 -0.041263767 0.037461657 0.044410132 0.015434710 0.011843882 0.039020970 0.999048948
1341846375.958089 -0.042407311 0.043598950 0.045856442 0.009872533 0.012607933 0.039396834 0.999095321
1341846375.994060 -0.041179534 0.053220034 0.054812741 0.005972719 0.012602019 0.040572036 0.999079287
1341846376.026115 -0.039412018 0.060622651 0.058828622 0.004722663 0.014635638 0.041471008 0.999021351
1341846376.057999 -0.037444245 0.068565741 0.056988098 0.005670824 0.016528433 0.042520925 0.998942733
1341846376.094015 -0.037260197 0.081393823 0.060230032 0.005705922 0.018815452 0.044195920 0.998829365
1341846376.126126 -0.035090726 0.093900174 0.060923904 0.005832715 0.022168104 0.043582316 0.998786867
1341846376.162125 -0.039930742 0.106509253 0.065420218 0.003762885 0.026255088 0.042884443 0.998727918
1341846376.194033 -0.044700295 0.111290827 0.070113599 0.000379127 0.028096993 0.043648534 0.998651683
1341846376.226110 -0.045847420 0.115242235 0.070968822 -0.002533265 0.027646739 0.046327453 0.998540461
1341846376.262088 -0.046369821 0.117494419 0.079292543 -0.003298518 0.026514888 0.049819894 0.998400748
1341846376.293911 -0.043576300 0.123534463 0.081272125 -0.001284359 0.026600864 0.051581353 0.998313665
1341846376.326088 -0.045864545 0.131951243 0.084450871 0.001315650 0.026925102 0.053970568 0.998178601
1341846376.362076 -0.046403073 0.142298907 0.081782296 0.002257789 0.025208071 0.055976946 0.998111248
1341846376.393924 -0.042522732 0.145604670 0.085449189 0.001566767 0.024016472 0.054227706 0.998238504
1341846376.429909 -0.043073691 0.155643955 0.088784665 0.002228456 0.026618719 0.049086161 0.998437285
1341846376.462224 -0.049007341 0.160661831 0.093957081 0.000266306 0.028318064 0.045883544 0.998545289
1341846376.494092 -0.049377076 0.164959088 0.098948620 -0.000644923 0.027332403 0.044862766 0.998618960
1341846376.529992 -0.048381433 0.172675610 0.099358320 0.000038370 0.027321525 0.044873502 0.998619020
1341846376.562034 -0.045507949 0.177035004 0.098473482 -0.000807705 0.028330741 0.043512717 0.998650789
1341846376.594092 -0.047858186 0.184071198 0.099165969 -0.001484707 0.029739281 0.043047801 0.998629212
1341846376.630016 -0.046504993 0.191707805 0.108808435 -0.002553386 0.030106137 0.042286105 0.998648584
1341846376.662132 -0.042871151 0.197598115 0.113461576 -0.003206314 0.032148477 0.039790984 0.998685598
1341846376.697981 -0.046705708 0.203873038 0.114431195 -0.003870795 0.034420259 0.040467940 0.998580277
1341846376.730128 -0.045657896 0.209051877 0.118733637 -0.003960652 0.035193078 0.040565558 0.998549044
1341846376.762061 -0.044321015 0.220357835 0.113712102 -0.004056093 0.035792220 0.040669732 0.998523116
1341846376.797939 -0.046115972 0.231181800 0.114825308 -0.006171755 0.035949592 0.039038830 0.998571694
1341846376.829920 -0.047282711 0.237748206 0.119143285 -0.009472242 0.036950290 0.040406667 0.998454928
1341846376.866170 -0.048442177 0.247968376 0.119406678 -0.011607479 0.036750879 0.043945041 0.998290241
1341846376.898026 -0.045146704 0.260728776 0.120095439 -0.014914296 0.035054367 0.044472396 0.998283982
1341846376.930139 -0.039846878 0.281664819 0.123516925 -0.017842095 0.035176557 0.043681625 0.998266578
1341846376.966511 -0.043219410 0.289222211 0.125393212 -0.024323691 0.038781695 0.042345483 0.998053730
1341846376.997919 -0.045473088 0.294654369 0.131419778 -0.029915836 0.040471721 0.044377491 0.997746289
1341846377.030079 -0.040822078 0.301872432 0.134550557 -0.033100147 0.040688701 0.044538058 0.997629762
1341846377.066212 -0.045152482 0.306345105 0.136486545 -0.036786590 0.042095315 0.046144336 0.997369289
1341846377.097918 -0.047282144 0.313921005 0.142681599 -0.040602885 0.041413635 0.046225850 0.997245967
1341846377.134079 -0.050222203 0.317719072 0.143270105 -0.044213574 0.040098544 0.046801779 0.997119308
1341846377.166160 -0.050116584 0.317152798 0.133664310 -0.047324724 0.036273409 0.045091458 0.997201741
1341846377.197925 -0.049568456 0.331881046 0.136632249 -0.046776433 0.031618290 0.045273494 0.997377813
1341846377.233952 -0.048430342 0.351436913 0.137394637 -0.046708737 0.029708426 0.041729145 0.997594297
1341846377.266486 -0.043997254 0.344495118 0.141147017 -0.052179925 0.030867420 0.041354671 0.997303486
1341846377.298068 -0.046127971 0.348038495 0.137246072 -0.055876557 0.031615663 0.043871596 0.996972203
1341846377.334109 -0.046687558 0.355517775 0.146757334 -0.058783334 0.030188313 0.045703951 0.996766925
1341846377.366029 -0.044169907 0.349266738 0.146976426 -0.061665002 0.030270865 0.043098137 0.996706426
1341846377.401870 -0.045353692 0.350930274 0.144359186 -0.062926359 0.031335574 0.041465696 0.996663928
1341846377.434052 -0.048922703 0.342507124 0.150937721 -0.065053985 0.031158704 0.041105866 0.996547759
1341846377.466127 -0.044813927 0.339115292 0.150690451 -0.063058481 0.030633425 0.040967692 0.996697962
1341846377.502027 -0.041067988 0.345128417 0.143473849 -0.060179472 0.030901682 0.037476145 0.997005045
1341846377.534114 -0.039061811 0.335118830 0.141967639 -0.061114643 0.033294264 0.034619693 0.996974409
1341846377.566085 -0.040530212 0.324565887 0.144274771 -0.059744395 0.034637820 0.036596049 0.996941090
1341846377.602113 -0.043547776 0.323860317 0.146299243 -0.056909278 0.034467697 0.037718572 0.997071028
1341846377.633912 -0.045654204 0.307915956 0.153069779 -0.052350737 0.036003660 0.034885399 0.997369587
1341846377.676329 -0.040689483 0.309803069 0.137704715 -0.046900548 0.036855604 0.033674754 0.997651219
1341846377.743964 -0.041349795 0.289136857 0.137767240 -0.039847050 0.034377825 0.029384103 0.998181820
1341846377.802535 -0.041481402 0.268526107 0.129312888 -0.039689306 0.034084041 0.030145036 0.998175502
1341846377.835932 -0.043327656 0.249185428 0.127377853 -0.034462728 0.036436152 0.030492309 0.998275995
1341846377.872063 -0.054329414 0.236108303 0.101159781 -0.033958733 0.034874011 0.038574256 0.998069465
1341846377.902201 -0.039461304 0.238568842 0.121582426 -0.032238804 0.026648438 0.039112199 0.998359025
1341846377.939383 -0.032279797 0.232314393 0.122524060 -0.027796643 0.029859118 0.030202994 0.998710930
1341846377.970635 -0.041316021 0.226593092 0.103222392 -0.030108275 0.032573849 0.032673083 0.998481274
1341846378.002401 -0.037716944 0.202672809 0.110975526 -0.035328813 0.025797952 0.034168772 0.998458207
1341846378.038883 -0.030615987 0.198246345 0.113146335 -0.031085843 0.025851820 0.031805210 0.998676002
1341846378.106524 -0.033629727 0.180284873 0.101408415 -0.033985689 0.026224134 0.028214525 0.998679698
1341846378.138114 -0.030950744 0.162806690 0.107034288 -0.034271970 0.027101526 0.023611246 0.998765945
1341846378.170157 -0.032692757 0.156551227 0.096109428 -0.033309162 0.029322777 0.015448936 0.998895347
1341846378.206045 -0.033500172 0.141098872 0.098851606 -0.036606856 0.030034019 0.011236527 0.998815060
1341846378.238081 -0.031556427 0.118205987 0.103926614 -0.037521247 0.029795848 0.010627327 0.998794973
1341846378.275916 -0.028448135 0.112565815 0.093340710 -0.033840444 0.030152680 0.008366372 0.998937249
1341846378.312389 -0.027481243 0.108437128 0.092404276 -0.032649357 0.032377597 0.005766554 0.998925626
1341846378.344267 -0.025912676 0.088849537 0.100089304 -0.032768600 0.034658913 0.004405747 0.998852074
1341846378.376036 -0.025235500 0.076365359 0.089308225 -0.028992709 0.035804186 0.004958523 0.998925865
1341846378.411936 -0.021226058 0.071757771 0.082026415 -0.026962342 0.036867741 0.002938630 0.998952031
1341846378.444079 -0.021730624 0.060390182 0.083798133 -0.025834704 0.039900213 -0.001700364 0.998868167
1341846378.480041 -0.027024869 0.048473977 0.065137826 -0.025318531 0.040627111 -0.002803844 0.998849630
1341846378.512023 -0.027469561 0.039692137 0.076403335 -0.025423048 0.038428489 -0.003984330 0.998929977
1341846378.543975 -0.021936074 0.033820663 0.075019076 -0.022119928 0.040042777 -0.009599123 0.998906970
1341846378.579973 -0.024347020 0.018785482 0.075010769 -0.021155581 0.042880792 -0.012346084 0.998779893
1341846378.612676 -0.024794580 0.011657323 0.077443197 -0.018310169 0.042934708 -0.013600684 0.998817444
1341846378.643945 -0.021037882 -0.002791715 0.068761550 -0.015143350 0.045617916 -0.014897649 0.998733044
1341846378.679954 -0.025705498 -0.004073974 0.065494508 -0.010931913 0.046811454 -0.013970530 0.998746216
1341846378.742199 -0.013871057 -0.025194690 0.043769643 -0.006355429 0.050246470 -0.019470165 0.998526812
1341846378.774089 -0.028986076 -0.029602841 0.050905786 -0.000562479 0.056181353 -0.022377336 0.998169661
1341846378.805994 -0.031496983 -0.039320640 0.050812539 0.002496785 0.056610730 -0.021297753 0.998166025
1341846378.842121 -0.012122512 -0.044998925 0.037748661 0.004023992 0.054942641 -0.021736469 0.998244822
1341846378.874022 -0.012586537 -0.056859519 0.037972204 0.005995393 0.057697371 -0.025026089 0.998002410
1341846378.911788 -0.010913604 -0.068425409 0.046602540 0.007568868 0.059666045 -0.023280773 0.997918189
1341846378.974034 -0.009416682 -0.085792638 0.047164615 0.011169720 0.060743444 -0.025899004 0.997754812
1341846379.009977 -0.010003975 -0.088911258 0.048924252 0.013690260 0.063209690 -0.024654234 0.997601748
1341846379.041991 -0.009279338 -0.088350207 0.034954745 0.015577029 0.063856043 -0.024875270 0.997527421
1341846379.078155 -0.008651861 -0.096356973 0.036226675 0.016781636 0.065726653 -0.029135633 0.997271001
1341846379.109871 -0.011779711 -0.100747146 0.040191494 0.017830193 0.066910155 -0.029927894 0.997150660
1341846379.142034 -0.006874599 -0.115316361 0.037359551 0.016769202 0.066308454 -0.030026879 0.997206271
1341846379.178080 -0.004596435 -0.132604003 0.037983861 0.019005064 0.068121195 -0.034659564 0.996893704
1341846379.209979 -0.006016239 -0.140280172 0.033882789 0.025330516 0.069173962 -0.035990048 0.996633351
1341846379.242047 -0.010943890 -0.150838852 0.032897081 0.031515777 0.066973791 -0.033001099 0.996710658
1341846379.278304 -0.004377665 -0.165299848 0.028341366 0.036634695 0.064863496 -0.035795428 0.996578813
1341846379.310076 -0.003138305 -0.193598047 0.015680624 0.042646974 0.068487033 -0.041432802 0.995878577
1341846379.346166 -0.006403929 -0.198132560 0.025779249 0.050269481 0.071216457 -0.037640572 0.995481968
1341846379.377944 -0.007439731 -0.199346870 0.023727020 0.058284391 0.071010754 -0.036286350 0.995109916
1341846379.409974 -0.001884553 -0.199470297 0.031054778 0.067900442 0.072936602 -0.036371481 0.994357526
1341846379.446065 -0.003485903 -0.200457558 0.021161865 0.072856307 0.074238904 -0.035013836 0.993959069
1341846379.478631 0.007876337 -0.194662541 0.023151521 0.073995195 0.072565019 -0.033158645 0.994062126
1341846379.511214 0.018654266 -0.205688760 0.021407500 0.071846895 0.073285662 -0.035296056 0.994093239
1341846379.546204 0.004778034 -0.212401003 0.027989125 0.073522024 0.076215282 -0.034943741 0.993762910
1341846379.578217 -0.004659523 -0.202340186 0.030646238 0.075368889 0.072621472 -0.031721085 0.994001687
1341846379.614096 0.008361150 -0.207577601 0.021398747 0.072854213 0.069152951 -0.030671770 0.994469404
1341846379.646030 0.010830907 -0.205005318 0.023848819 0.071314752 0.071227767 -0.030829804 0.994429648
1341846379.678830 -0.002386933 -0.202484101 0.031902540 0.069182068 0.071515910 -0.029296650 0.994605958
1341846379.714071 -0.001118215 -0.203197286 0.025986942 0.067084827 0.067876145 -0.025926106 0.995098174
1341846379.746082 0.010443316 -0.201974839 0.020534871 0.065273516 0.067065753 -0.024771836 0.995302916
1341846379.778087 0.001959090 -0.190210909 0.024075508 0.063358933 0.069163211 -0.022022985 0.995347738
1341846379.813931 -0.005262120 -0.182975158 0.031811964 0.059060529 0.066824079 -0.019420197 0.995825946
1341846379.845927 0.001863312 -0.180962950 0.029742202 0.054509830 0.064889796 -0.018095827 0.996238232
1341846379.881893 -0.000563489 -0.168432280 0.029970007 0.050555881 0.065530270 -0.015593201 0.996447086
1341846379.913954 -0.002311303 -0.156814322 0.027724674 0.043744426 0.063957766 -0.011695255 0.996924818
1341846379.946050 -0.006059275 -0.156802312 0.036339797 0.035648476 0.062335785 -0.010696889 0.997361004
1341846379.981969 -0.008305225 -0.156035393 0.036504820 0.030661017 0.060914785 -0.007502546 0.997643709
1341846380.013935 -0.011314144 -0.144854560 0.035765331 0.026382493 0.057659566 -0.002358332 0.997984886
1341846380.046124 -0.010207392 -0.136337802 0.040840123 0.020304678 0.055069070 0.001061797 0.998275518
1341846380.082142 -0.005991562 -0.130074769 0.040483680 0.014995552 0.054580871 0.000455537 0.998396635
1341846380.114330 -0.011625986 -0.127945349 0.053205013 0.009742208 0.056202944 0.002962106 0.998367429
1341846380.150278 -0.015402624 -0.126846865 0.057595488 0.007554708 0.054584309 0.006197380 0.998461366
1341846380.182030 -0.012082330 -0.116782859 0.058402617 0.008946135 0.053071667 0.008091457 0.998517871
1341846380.213908 -0.013816095 -0.097364418 0.058559954 0.008393956 0.053208757 0.007582949 0.998519361
1341846380.250090 -0.013348697 -0.062460776 0.058907662 0.003381383 0.054079995 0.004906347 0.998518825
1341846380.281996 -0.012813176 -0.058975283 0.068426110 -0.006154374 0.058924571 0.003283493 0.998238087
1341846380.318009 -0.014251076 -0.049349561 0.069559231 -0.011077962 0.062541284 0.004804927 0.997969329
1341846380.350031 -0.013275187 -0.037397850 0.074156590 -0.016435463 0.063448839 0.008452306 0.997813940
1341846380.382297 -0.008259928 -0.031711787 0.074738294 -0.020810246 0.063715406 0.012256597 0.997675836
1341846380.418020 -0.011994982 -0.019580517 0.077746704 -0.024012642 0.065343328 0.013038542 0.997488678
1341846380.450059 -0.015348110 -0.012825843 0.071536772 -0.032285593 0.061595339 0.022370266 0.997328043
1341846380.481987 -0.014166883 -0.003629721 0.077379756 -0.040684555 0.055338833 0.026552560 0.997284949
1341846380.518026 -0.005237198 -0.000957268 0.074004911 -0.045945711 0.051808704 0.024681244 0.997294188
1341846380.549973 -0.007130149 0.002520218 0.076158665 -0.048640382 0.050984275 0.025423089 0.997190237
1341846380.585876 -0.010156911 0.003401585 0.079111651 -0.049623959 0.047078028 0.026318874 0.997310579
1341846380.617833 -0.001890693 0.006090275 0.083705448 -0.048674244 0.042979378 0.027040446 0.997523129
1341846380.650010 0.000471731 0.005799462 0.071587741 -0.044654347 0.041941077 0.024352038 0.997824550
1341846380.686058 -0.000070699 0.015806485 0.074530467 -0.041640814 0.040484320 0.023246702 0.998041391
1341846380.718154 -0.003066820 0.014784312 0.073525943 -0.039224289 0.039290257 0.022270197 0.998209238
1341846380.750063 0.005062535 0.014910193 0.072337925 -0.033820987 0.038228236 0.022343393 0.998446524
1341846380.785897 0.000378704 0.026893940 0.069964632 -0.027499059 0.039383229 0.024905998 0.998535156
1341846380.818263 -0.006833223 0.034288723 0.064701058 -0.026138144 0.036412131 0.026750354 0.998636782
1341846380.854055 0.000508113 0.021513196 0.070976712 -0.026780015 0.033117350 0.023392444 0.998818755
1341846380.886150 0.001979878 0.034134861 0.078963585 -0.020859590 0.032509103 0.023550767 0.998976171
1341846380.918124 -0.011947175 0.037842572 0.076569393 -0.020798262 0.029933723 0.025266236 0.999016047
1341846380.954125 0.008709905 0.035915591 0.095544405 -0.021279555 0.022065932 0.024009589 0.999241590
1341846380.985985 0.012445068 0.031022714 0.087762594 -0.020790163 0.023209240 0.021342542 0.999286532
1341846381.018098 0.008858683 0.035664752 0.101995677 -0.019332098 0.024484893 0.022157133 0.999267638
1341846381.054072 0.011216776 0.028299058 0.108696215 -0.019212835 0.021263853 0.022583352 0.999334157
1341846381.086074 0.016562011 0.023256484 0.113123804 -0.014647640 0.020741897 0.024146294 0.999385893
1341846381.122035 0.017428204 0.028092541 0.121888250 -0.011916049 0.022017119 0.024630362 0.999383092
1341846381.159808 0.019221941 0.029006833 0.130830154 -0.012350543 0.021729920 0.023818817 0.999403775
1341846381.222118 0.033421569 0.037991654 0.148680389 -0.010881121 0.024169076 0.026515393 0.999296904
1341846381.254198 0.041778076 0.028364193 0.152893752 -0.014987864 0.027393671 0.024847507 0.999203444
1341846381.289977 0.053127155 0.026316786 0.172587886 -0.014205034 0.033174790 0.024675749 0.999043941
1341846381.322365 0.046426184 0.042099606 0.189664885 -0.011662988 0.037149429 0.031108130 0.998757303
1341846381.353963 0.050609469 0.041646600 0.199497521 -0.014195341 0.037940793 0.035906166 0.998533785
1341846381.389983 0.068274356 0.041313138 0.197944537 -0.016226185 0.040026270 0.036418192 0.998402894
1341846381.421973 0.055350132 0.047380317 0.214039326 -0.019446600 0.048728336 0.039442953 0.997843504
1341846381.454108 0.061804049 0.039721359 0.236892059 -0.023643263 0.049331788 0.040147524 0.997695148
1341846381.489891 0.073524766 0.026284439 0.246507838 -0.023011828 0.051378973 0.041534562 0.997549772
1341846381.521988 0.076717772 0.032713648 0.255934387 -0.016566485 0.055202734 0.048207369 0.997173131
1341846381.558072 0.080387093 0.035299849 0.265338778 -0.013264969 0.058265585 0.051654715 0.996875644
1341846381.589879 0.084052950 0.033439811 0.274903893 -0.012609296 0.062034920 0.049793169 0.996751368
1341846381.622018 0.088667735 0.039459929 0.289072961 -0.012702189 0.065809108 0.047964144 0.996597826
1341846381.657894 0.093067154 0.031467523 0.305694312 -0.013846892 0.069014616 0.045529153 0.996479988
1341846381.689870 0.094904870 0.022167590 0.312392414 -0.010404245 0.072507203 0.043212455 0.996377051
1341846381.722338 0.098519959 0.032464717 0.329726338 -0.006571090 0.074762069 0.044312980 0.996194720
1341846381.758166 0.100941338 0.030184859 0.343569160 -0.006799564 0.076886848 0.043547228 0.996065199
1341846381.790889 0.107964307 0.025787925 0.350710988 -0.005432553 0.077810422 0.041736580 0.996079385
1341846381.826591 0.114704192 0.028431719 0.364341050 -0.002318712 0.080397166 0.041178014 0.995909274
1341846381.859589 0.103246063 0.026562549 0.377000183 -0.001756708 0.081605695 0.042978402 0.995736063
1341846381.890538 0.110156231 0.026098024 0.392594039 0.000074569 0.076119117 0.044677272 0.996097267
1341846381.926191 0.115518034 0.031762596 0.400934279 0.001421386 0.073910736 0.041247927 0.996410489
1341846381.958121 0.112481251 0.042680454 0.397451401 -0.000644546 0.071015283 0.039051481 0.996710300
1341846381.990050 0.109264888 0.037040260 0.406729698 -0.005970509 0.064036466 0.038259748 0.997196019
1341846382.026007 0.121921346 0.037529614 0.421508133 -0.009477091 0.058400322 0.035275307 0.997624815
1341846382.059217 0.124693237 0.038554713 0.432668507 -0.015243994 0.058095973 0.030222209 0.997736990
1341846382.094090 0.123463959 0.033915445 0.451103419 -0.020893008 0.056367487 0.029701469 0.997749507
1341846382.126195 0.133452281 0.028376477 0.467042387 -0.022010773 0.052645203 0.031325344 0.997879148
1341846382.158170 0.140608251 0.030698098 0.473427773 -0.021406224 0.053026013 0.032763716 0.997825921
1341846382.194097 0.139203638 0.032201141 0.487615526 -0.021995902 0.054416951 0.034177642 0.997690797
1341846382.226010 0.147247523 0.027111409 0.498903334 -0.022616304 0.053079307 0.036703404 0.997659206
1341846382.258172 0.145231336 0.028635697 0.512680888 -0.021567872 0.054411739 0.037575971 0.997578204
1341846382.294020 0.150231242 0.024747480 0.518209577 -0.022638442 0.056425638 0.034697644 0.997546852
1341846382.325957 0.147282243 0.025249032 0.534573555 -0.023477105 0.056139059 0.031975079 0.997634649
1341846382.361974 0.147528127 0.020061685 0.548826396 -0.025009595 0.054697830 0.031041767 0.997706890
1341846382.393888 0.148523003 0.017353445 0.559129715 -0.024033312 0.053144448 0.029809752 0.997852445
1341846382.425972 0.153294295 0.017211352 0.569348037 -0.023931099 0.051027205 0.024986690 0.998097777
1341846382.462037 0.140317783 0.022374123 0.577210784 -0.023997916 0.052232884 0.019261887 0.998160720
1341846382.494003 0.136019751 0.017306358 0.598588109 -0.026425187 0.049381308 0.018944543 0.998250604
1341846382.530148 0.144210175 0.018825883 0.613905132 -0.025458416 0.045754071 0.015714128 0.998504639
1341846382.562400 0.145498112 0.015359600 0.626089215 -0.025207955 0.045450248 0.014757155 0.998539448
1341846382.593981 0.145678937 0.012684124 0.635686278 -0.024680158 0.045477051 0.014874324 0.998549700
1341846382.629905 0.144907519 0.000453369 0.643157840 -0.023005517 0.046425965 0.017524835 0.998503029
1341846382.661966 0.140265211 0.015123070 0.650064826 -0.017209020 0.047277335 0.020213170 0.998529017
1341846382.693976 0.137024373 0.014253035 0.659750521 -0.018541694 0.047635734 0.021880737 0.998452961
1341846382.730021 0.140754938 0.013776789 0.656478703 -0.017748877 0.048808813 0.017948210 0.998489141
1341846382.762004 0.134553015 0.020359902 0.665958703 -0.015940646 0.050508149 0.019260278 0.998410702
1341846382.798112 0.134550110 0.014965458 0.669311583 -0.020095641 0.048407875 0.016677175 0.998486221
1341846382.829949 0.141577005 0.008632439 0.673524916 -0.023612000 0.048470516 0.011784165 0.998475969
1341846382.861875 0.133575425 0.017584926 0.691005111 -0.021734519 0.050860200 0.010862451 0.998410165
1341846382.897967 0.139716774 0.014479407 0.691987395 -0.022833582 0.049536213 0.012533093 0.998432636
1341846382.930017 0.144533440 0.005874563 0.685102761 -0.023019822 0.050786152 0.010496056 0.998389065
1341846382.962121 0.144352734 0.020879498 0.693307698 -0.018238317 0.053844865 0.009732532 0.998335302
1341846382.997950 0.138552263 0.013748705 0.696691751 -0.019603219 0.056009229 0.011150585 0.998175502
1341846383.029927 0.145609766 0.008245007 0.698274553 -0.019967729 0.054253586 0.011714875 0.998258770
1341846383.104184 0.150257692 0.008429660 0.701292515 -0.023356583 0.058431670 0.004043764 0.998009920
1341846383.172122 0.160295069 0.007596439 0.706776738 -0.025901746 0.055324670 0.003865085 0.998124897
1341846383.236935 0.153643504 0.013379559 0.709116817 -0.025611920 0.064946108 0.002911681 0.997555792
1341846383.272112 0.150013462 0.009273651 0.710607350 -0.025160719 0.064650416 0.007973007 0.997558892
1341846383.303955 0.160679609 0.014019601 0.705835044 -0.023555182 0.063467354 0.009535080 0.997660339
1341846383.336133 0.158329263 0.020538079 0.705580413 -0.025389051 0.065140024 0.008867289 0.997513652
1341846383.398119 0.164277986 0.013640360 0.701525807 -0.027935542 0.063245460 0.010800920 0.997548461
1341846383.433991 0.165581495 0.012931139 0.696093380 -0.028763592 0.064913973 0.012650944 0.997395992
1341846383.466087 0.162483439 0.008881853 0.695626378 -0.029486209 0.065462686 0.012643057 0.997339129
1341846383.501974 0.160226077 0.018018676 0.688576758 -0.026513863 0.063783780 0.016721407 0.997471333
1341846383.533975 0.154926702 0.011204312 0.683456361 -0.027421385 0.062703818 0.015495635 0.997535050
1341846383.565981 0.154598758 0.010808251 0.680458188 -0.028249145 0.061645411 0.013341079 0.997609079
1341846383.602253 0.144613624 0.010250846 0.672914922 -0.028507920 0.060548097 0.012948177 0.997674108
1341846383.634175 0.129268616 0.013854369 0.672913253 -0.026841758 0.057280306 0.015603391 0.997875273
1341846383.665988 0.129112914 0.012989086 0.663870871 -0.028078968 0.052057903 0.014411728 0.998145223
1341846383.702104 0.122354709 0.010717451 0.656271756 -0.028835710 0.050629448 0.011138700 0.998238981
1341846383.734131 0.116309792 0.012239111 0.649239004 -0.028458992 0.046426289 0.010071287 0.998465478
1341846383.770067 0.111512125 0.015153025 0.635822892 -0.027403165 0.041205302 0.013565579 0.998682737
1341846383.802027 0.106725924 0.012566471 0.631423116 -0.027636303 0.037733819 0.013346718 0.998816431
1341846383.870067 0.091906913 0.020023035 0.613993227 -0.026716622 0.033238221 0.015194252 0.998974741
1341846383.901854 0.094480626 0.021952856 0.601438940 -0.026404249 0.029055256 0.016154496 0.999098420
1341846383.934301 0.093350731 0.023832139 0.592277527 -0.029010072 0.027615961 0.015035770 0.999084413
1341846383.969997 0.101689316 0.018872734 0.583138943 -0.031064566 0.022869460 0.015804403 0.999130726
1341846384.001936 0.079602845 0.009158111 0.572163165 -0.030639615 0.023627723 0.018980540 0.999070942
1341846384.038092 0.079919130 0.022841414 0.557231605 -0.027133700 0.017498448 0.019933371 0.999279857
1341846384.070104 0.083894566 0.026376458 0.542657316 -0.028044140 0.015848240 0.014680879 0.999373198
1341846384.102008 0.075362556 0.016019326 0.538829863 -0.027735621 0.016522948 0.015117209 0.999364376
1341846384.138265 0.072199292 0.019641204 0.525689960 -0.025988925 0.012681746 0.017628947 0.999426305
1341846384.170093 0.079055771 0.024441734 0.512240112 -0.026463130 0.009209736 0.014723147 0.999498904
1341846384.202188 0.071048044 0.029747991 0.507028043 -0.024705587 0.011229322 0.014034779 0.999533176
1341846384.237844 0.068350472 0.026844325 0.489967465 -0.025819929 0.012166501 0.012273472 0.999517202
1341846384.269968 0.064318381 0.023225196 0.479314953 -0.026117614 0.010750966 0.014100973 0.999501586
1341846384.306015 0.060795724 0.027103700 0.473996252 -0.023927454 0.010695065 0.016212007 0.999525011
1341846384.337907 0.058610439 0.031937540 0.458036274 -0.023685401 0.011865760 0.013006548 0.999564409
1341846384.369865 0.056450296 0.031729508 0.456996083 -0.025058312 0.009994563 0.015242438 0.999519825
1341846384.406199 0.058489889 0.032260250 0.437780827 -0.024288386 0.011097940 0.010620465 0.999586999
1341846384.437788 0.047647271 0.036131781 0.431696534 -0.024270754 0.011664449 0.012302550 0.999561667
1341846384.469882 0.049532786 0.036574066 0.421791166 -0.027007766 0.009969960 0.010794769 0.999527216
1341846384.506115 0.052286930 0.030199515 0.409174204 -0.029264785 0.010925659 0.007144351 0.999486446
1341846384.537970 0.050238680 0.035225879 0.397948891 -0.030054888 0.013687096 0.006301481 0.999434710
1341846384.573994 0.042497534 0.030608902 0.393858761 -0.031952355 0.014243360 0.008569290 0.999351144
1341846384.606493 0.040222198 0.029428950 0.384433985 -0.029447483 0.012768098 0.012795373 0.999402881
1341846384.637999 0.044155501 0.043553807 0.374883145 -0.026100300 0.011079963 0.013036907 0.999512911
1341846384.674068 0.037453681 0.042808171 0.374118894 -0.026877541 0.010164125 0.014083203 0.999487877
1341846384.705921 0.033971373 0.039864164 0.357565135 -0.026912682 0.009654325 0.012965727 0.999507070
1341846384.742045 0.023898987 0.046802592 0.348028064 -0.026071170 0.008463441 0.011169451 0.999561906
1341846384.774082 0.025714071 0.049133830 0.335638732 -0.029092126 0.006075642 0.006032662 0.999540091
1341846384.805987 0.019588249 0.046389747 0.334836245 -0.030806115 0.005791087 0.002990126 0.999504149
1341846384.842025 0.015658630 0.049342386 0.325517237 -0.031295475 0.004251825 0.002522011 0.999497950
1341846384.874081 0.012612433 0.048663296 0.319033980 -0.032353371 0.002557645 0.004419525 0.999463439
1341846384.905998 0.011356354 0.051384702 0.308247656 -0.029766208 0.002916123 0.006588719 0.999530911
1341846384.942014 0.004391279 0.056147322 0.299060762 -0.029584087 0.003468143 0.009419411 0.999511898
1341846384.974049 0.003042318 0.056162186 0.291324228 -0.030332120 0.003035482 0.011538602 0.999468684
1341846385.009917 0.001102613 0.050443314 0.284012020 -0.029059811 0.003509400 0.016964046 0.999427557
1341846385.042211 -0.003704347 0.062231153 0.271824867 -0.026383186 0.004739423 0.018215023 0.999474704
1341846385.073967 -0.006306471 0.062072642 0.270786256 -0.027873309 0.005887401 0.017088832 0.999448061
1341846385.110157 -0.005416036 0.052901130 0.264859766 -0.028300673 0.006583116 0.018067194 0.999414504
1341846385.141931 -0.010211714 0.049817011 0.256096333 -0.027239885 0.007446232 0.020109423 0.999398887
1341846385.173929 -0.016647119 0.050570004 0.250849187 -0.025666840 0.006261511 0.019019242 0.999469995
1341846385.210052 -0.016911699 0.050662227 0.241013348 -0.024405133 0.005790940 0.013604983 0.999592781
1341846385.242941 -0.024048027 0.048251893 0.234732732 -0.023727842 0.007094119 0.008465332 0.999657452
1341846385.278001 -0.026390947 0.048424464 0.230371282 -0.023047056 0.006358071 0.004051557 0.999705970
1341846385.311234 -0.035885602 0.041454725 0.220456988 -0.021624891 0.006693694 0.003627114 0.999737203
1341846385.342936 -0.039638642 0.042641878 0.210516244 -0.018412124 0.005197191 0.003081220 0.999812245
1341846385.378101 -0.042146120 0.047823627 0.204064026 -0.017316252 0.005071383 0.001090135 0.999836624
1341846385.410048 -0.055037871 0.046948195 0.199726209 -0.017492432 0.005114940 -0.000257521 0.999833882
1341846385.442088 -0.063967340 0.046933632 0.190828085 -0.017012136 0.003338958 -0.000431945 0.999849617
1341846385.477970 -0.067942254 0.049354766 0.183908775 -0.017468065 -0.000369965 -0.000245474 0.999847353
1341846385.510109 -0.073553242 0.040074740 0.178361565 -0.019788850 -0.002505230 0.000941625 0.999800622
1341846385.545989 -0.089526072 0.044209316 0.168095142 -0.019533820 -0.003897644 0.001013994 0.999801099
1341846385.577939 -0.096128054 0.044656985 0.163510919 -0.021100542 -0.008938197 0.001300866 0.999736547
1341846385.609948 -0.099576399 0.039897494 0.158359542 -0.022387989 -0.011495123 0.001825764 0.999681592
1341846385.646024 -0.116232105 0.047375806 0.136021212 -0.022132058 -0.013801269 0.002024504 0.999657750
1341846385.678122 -0.123591051 0.047238458 0.128232732 -0.024228595 -0.019814314 0.004509915 0.999499857
1341846385.713966 -0.123573095 0.048490897 0.120811656 -0.024123607 -0.022931624 0.004075978 0.999437630
1341846385.745986 -0.129419804 0.047302403 0.114890374 -0.023551047 -0.022675680 0.005226519 0.999451756
1341846385.778024 -0.136356682 0.053098973 0.109714262 -0.022966417 -0.025128117 0.007720813 0.999390543
1341846385.814480 -0.136621445 0.058231551 0.102258407 -0.022780791 -0.026592651 0.006970340 0.999362409
1341846385.846594 -0.137145042 0.059384327 0.092877679 -0.023275219 -0.024080422 0.004000477 0.999431014
1341846385.884072 -0.149587244 0.057721231 0.084672622 -0.024653124 -0.021065628 0.006366430 0.999453783
1341846385.920282 -0.149618298 0.057594754 0.092030101 -0.024990547 -0.023493873 0.008781327 0.999372959
1341846385.951967 -0.148228362 0.063632540 0.064201713 -0.024311688 -0.021553135 0.005399301 0.999457479
1341846385.983828 -0.157021761 0.059731934 0.061405841 -0.024609180 -0.017361166 0.005421202 0.999531686
1341846386.019954 -0.158950046 0.055501107 0.069962092 -0.024427196 -0.017466402 0.008295776 0.999514580
1341846386.053153 -0.159322947 0.055784285 0.063284017 -0.022920012 -0.019295318 0.007863813 0.999520123
1341846386.087964 -0.162018761 0.066853642 0.049369931 -0.018641099 -0.016657233 0.001944675 0.999685585
1341846386.120298 -0.168281257 0.062739544 0.042844284 -0.018112186 -0.013704517 -0.000723487 0.999741793
1341846386.152323 -0.175497442 0.057660569 0.035315860 -0.016477820 -0.013581463 -0.000887827 0.999771595
1341846386.187922 -0.180168226 0.061603103 0.026922937 -0.012970403 -0.014574175 -0.004150725 0.999801040
1341846386.220214 -0.174807325 0.057776172 0.015866039 -0.011469699 -0.014637637 -0.009313585 0.999783695
1341846386.251878 -0.178679094 0.052235000 0.005532756 -0.008970123 -0.012972596 -0.012128811 0.999802053
1341846386.287926 -0.186515301 0.046592623 -0.009719660 -0.006830495 -0.014022144 -0.011358746 0.999813795
1341846386.320048 -0.180070564 0.054002974 -0.019322935 -0.003533299 -0.016460266 -0.015581101 0.999736845
1341846386.351806 -0.178354248 0.054227713 -0.034137864 -0.001856948 -0.014279839 -0.019979764 0.999696672
1341846386.387904 -0.184173211 0.051689275 -0.052284919 -0.000225819 -0.013080851 -0.019895079 0.999716461
1341846386.420158 -0.187286973 0.054048989 -0.068659402 0.001977382 -0.015282311 -0.017740607 0.999723852
1341846386.488011 -0.176455140 0.064121053 -0.102181517 0.003661067 -0.019860646 -0.021971369 0.999554574
1341846386.550203 -0.188457116 0.056688488 -0.121573173 0.005018449 -0.018832881 -0.022417791 0.999558687
1341846386.582265 -0.187654093 0.065524913 -0.150292143 0.006093791 -0.022371020 -0.019791884 0.999535203
1341846386.618055 -0.181742609 0.075897262 -0.166450456 0.006494664 -0.022558887 -0.022369623 0.999474108
1341846386.651032 -0.187693536 0.080091447 -0.190272674 0.005287031 -0.020539857 -0.024059502 0.999485552
1341846386.682220 -0.187796995 0.083821572 -0.200597942 0.003108060 -0.022298047 -0.021902528 0.999506593
1341846386.718071 -0.180096701 0.075324111 -0.214018121 0.001573879 -0.023856202 -0.018941579 0.999534726
1341846386.750071 -0.173231557 0.078878842 -0.235082209 0.003714447 -0.021625008 -0.017903419 0.999598920
1341846386.786100 -0.179415122 0.085386872 -0.250506043 0.004700035 -0.018445833 -0.014503037 0.999713600
1341846386.817967 -0.172842160 0.086928099 -0.266851008 0.005752095 -0.019777866 -0.013012979 0.999703169
1341846386.850155 -0.166311607 0.092905045 -0.285440087 0.006929463 -0.018679775 -0.012923502 0.999718010
1341846386.886034 -0.160870552 0.094821334 -0.294946015 0.006904990 -0.016401872 -0.010332284 0.999788284
1341846386.918050 -0.160626784 0.094245628 -0.307977468 0.007075198 -0.015083010 -0.006433044 0.999840498
1341846386.954005 -0.163789034 0.100542895 -0.318600684 0.008150207 -0.013873065 -0.004616991 0.999859869
1341846386.986155 -0.155180797 0.101892143 -0.338479519 0.007885283 -0.012831175 -0.004558288 0.999876201
1341846387.018027 -0.156621784 0.100905672 -0.347134829 0.007455518 -0.007855189 -0.003769356 0.999934256
1341846387.054058 -0.164443567 0.098766789 -0.367559999 0.008647670 -0.005361725 -0.001568142 0.999947011
1341846387.086157 -0.162790939 0.104481027 -0.371889442 0.009817080 -0.005525127 -0.001751204 0.999935031
1341846387.118350 -0.158578172 0.102996156 -0.381660968 0.010209464 -0.002784223 -0.003141931 0.999939084
1341846387.153927 -0.167902499 0.103818461 -0.395307064 0.011602868 0.000076418 -0.003241319 0.999927461
1341846387.185953 -0.173313543 0.114228331 -0.409256339 0.012081258 -0.000407370 -0.003510057 0.999920785
1341846387.222042 -0.167028308 0.113007806 -0.419050306 0.009712992 -0.001498583 -0.004460451 0.999941766
1341846387.253968 -0.161928639 0.110591441 -0.433579803 0.008497204 -0.000133731 -0.006576510 0.999942243
1341846387.286046 -0.167095065 0.110991240 -0.447497457 0.007130074 0.000254625 -0.003831225 0.999967217
1341846387.322002 -0.160370335 0.115525916 -0.457313061 0.005668194 -0.001303079 -0.003181384 0.999978065
1341846387.353879 -0.160785735 0.112683311 -0.461796284 0.004352359 0.000816157 -0.004273214 0.999981046
1341846387.386177 -0.169058472 0.110891841 -0.473104537 0.003890300 0.001646266 -0.001316938 0.999990165
1341846387.422132 -0.163496062 0.112514675 -0.481457889 0.004461986 -0.000245561 0.001237937 0.999989212
1341846387.454043 -0.155762732 0.119780503 -0.493625313 0.005185601 0.000751074 -0.000725624 0.999985993
1341846387.490166 -0.163943350 0.117354691 -0.505912840 0.004217491 0.002184723 -0.000108087 0.999988735
1341846387.522009 -0.165079355 0.116528101 -0.513698220 0.004326403 0.000102121 0.004229372 0.999981701
1341846387.554619 -0.161117390 0.124840006 -0.517098248 0.005442455 -0.000836944 0.005969644 0.999967039
1341846387.590257 -0.159535825 0.136471704 -0.527301729 0.004402657 0.000163960 0.005353441 0.999975979
1341846387.622301 -0.159379646 0.132258207 -0.532514215 0.000996637 0.001419137 0.005849192 0.999981403
1341846387.654151 -0.163671076 0.130050272 -0.533652186 -0.000799543 0.001280555 0.006403803 0.999978364
1341846387.690110 -0.165293634 0.136519194 -0.548134625 -0.001516286 -0.000567055 0.005082213 0.999985754
1341846387.722109 -0.163467452 0.137971878 -0.554436386 -0.003880296 -0.001786875 0.004389671 0.999981225
1341846387.758177 -0.164388537 0.131991133 -0.560473025 -0.005826744 -0.002452321 0.005731906 0.999963582
1341846387.790191 -0.171292976 0.130693942 -0.564425588 -0.005451169 -0.003646803 0.008572938 0.999941766
1341846387.822157 -0.167476252 0.138998106 -0.569844723 -0.003971211 -0.006158948 0.009070736 0.999931991
1341846387.858179 -0.166776866 0.142188758 -0.581992269 -0.004626412 -0.007121016 0.012449592 0.999886453
1341846387.890013 -0.170195132 0.140154541 -0.587346792 -0.005022709 -0.009503309 0.013625458 0.999849379
1341846387.926103 -0.164752677 0.144197732 -0.593893111 -0.004623618 -0.011039677 0.013160112 0.999841750
1341846387.958426 -0.169211030 0.145764962 -0.593647480 -0.005346126 -0.011330280 0.016103588 0.999791861
1341846387.990086 -0.176674739 0.144190565 -0.594528973 -0.006098619 -0.013207523 0.017509822 0.999740839
1341846388.026158 -0.167997390 0.135583684 -0.589580536 -0.005458266 -0.017769311 0.016502481 0.999691010
1341846388.058060 -0.164696306 0.130366668 -0.591068566 -0.000895154 -0.019650770 0.023265779 0.999535739
1341846388.089974 -0.164362252 0.133236185 -0.591863573 0.004410443 -0.022686295 0.027926648 0.999342740
1341846388.126088 -0.162213519 0.152147919 -0.592983603 0.008154168 -0.024427291 0.026341762 0.999321222
1341846388.158090 -0.151454434 0.171316043 -0.596882045 0.006327777 -0.023247464 0.022725193 0.999451399
1341846388.194068 -0.160223693 0.155879542 -0.582463861 0.000596595 -0.020277740 0.019479545 0.999604404
1341846388.225961 -0.161258638 0.152492210 -0.573608875 -0.000122355 -0.020968737 0.018166130 0.999615073
1341846388.257928 -0.155154079 0.158963919 -0.570942879 -0.000867985 -0.021504695 0.019208446 0.999583840
1341846388.294066 -0.157340154 0.144932881 -0.559053004 -0.002944811 -0.021535559 0.019310420 0.999577224
1341846388.325954 -0.151444852 0.152666315 -0.557125926 -0.001139457 -0.022332950 0.017055051 0.999604464
1341846388.357936 -0.151568472 0.150708124 -0.553139150 -0.002980260 -0.020721532 0.016161202 0.999650180
1341846388.394202 -0.159569323 0.144258007 -0.537303627 -0.004397170 -0.020457441 0.014289797 0.999678910
1341846388.425957 -0.147150367 0.145212620 -0.538782597 -0.004710241 -0.022372186 0.011493328 0.999672532
1341846388.462012 -0.148513645 0.140402839 -0.521066308 -0.006043873 -0.020218801 0.008980166 0.999736965
1341846388.493961 -0.154404297 0.135250062 -0.501691818 -0.005434994 -0.020722602 0.008406108 0.999735177
1341846388.526293 -0.149242818 0.135079786 -0.496204615 -0.003592669 -0.022809351 0.008431942 0.999697804
1341846388.562293 -0.143771783 0.134097010 -0.487788588 -0.001944139 -0.021344528 0.006516907 0.999749064
1341846388.594090 -0.146923110 0.134648651 -0.474309623 -0.001122215 -0.019534227 0.006061151 0.999790192
1341846388.626030 -0.147266582 0.132415369 -0.457551301 -0.001327262 -0.020177368 0.005266983 0.999781668
1341846388.662009 -0.140791982 0.118560806 -0.451929748 -0.000909347 -0.019576736 0.003336322 0.999802351
1341846388.694110 -0.143499807 0.129323274 -0.437390804 0.001574815 -0.018283565 0.003142514 0.999826670
1341846388.730239 -0.143989712 0.129190207 -0.419247329 -0.000048018 -0.019059794 0.002028152 0.999816298
1341846388.762131 -0.134639978 0.117009506 -0.407392919 -0.000626934 -0.018435851 -0.001018871 0.999829352
1341846388.794087 -0.140869930 0.124456272 -0.396676302 0.001000501 -0.015864957 -0.000351942 0.999873579
1341846388.830117 -0.143960074 0.123609781 -0.374835610 -0.001457888 -0.017089535 0.001858118 0.999851167
1341846388.868548 -0.134605840 0.108270705 -0.369897515 -0.002720016 -0.018135784 0.001740165 0.999830306
1341846388.900942 -0.141092718 0.122490436 -0.350161582 -0.000923469 -0.015987333 0.001719660 0.999870300
1341846388.937157 -0.141952783 0.123281687 -0.332802206 -0.004112772 -0.017580910 0.002612707 0.999833584
1341846388.970712 -0.138026923 0.111510947 -0.307551682 -0.006527715 -0.018038211 0.001537657 0.999814808
1341846389.001153 -0.139718294 0.113791846 -0.303592861 -0.006090647 -0.017688353 0.000259487 0.999824941
1341846389.036956 -0.143114969 0.122301146 -0.281435251 -0.007809084 -0.017749785 -0.000845647 0.999811590
1341846389.069208 -0.137330875 0.100054815 -0.269280612 -0.012544335 -0.019040786 0.000132304 0.999740005
1341846389.168276 -0.139521778 0.090945594 -0.229933947 -0.012713173 -0.017990647 0.000117908 0.999757290
1341846389.230639 -0.148152456 0.088574775 -0.194623798 -0.009437984 -0.016798528 0.001793915 0.999812722
1341846389.266034 -0.144307122 0.088527873 -0.179407552 -0.007942080 -0.018485790 -0.000760858 0.999797285
1341846389.298760 -0.137467831 0.080525570 -0.173926502 -0.007486043 -0.016746249 -0.001335447 0.999830842
1341846389.329980 -0.142318636 0.079752065 -0.154204547 -0.005890312 -0.014731677 0.000309822 0.999874055
1341846389.366022 -0.140310436 0.085280471 -0.142626196 -0.004909298 -0.014847219 -0.000520229 0.999877572
1341846389.397969 -0.132022038 0.079814672 -0.129602864 -0.004652250 -0.012603251 -0.001335796 0.999908864
1341846389.433982 -0.134770408 0.080904700 -0.114982009 -0.001306741 -0.008370165 -0.000489692 0.999963999
1341846389.466033 -0.138995960 0.087540083 -0.101354502 -0.001070414 -0.007232238 0.001874763 0.999971509
1341846389.498030 -0.131817371 0.079053171 -0.088991255 -0.002618806 -0.008248104 0.002525855 0.999959350
1341846389.534085 -0.126649812 0.083910801 -0.083343871 -0.001623697 -0.005574272 0.000138265 0.999983132
1341846389.565875 -0.132145822 0.093410589 -0.068110593 -0.002631270 -0.003305374 0.000154861 0.999991059
1341846389.597960 -0.132520869 0.089868203 -0.053443346 -0.007061305 -0.004167764 -0.000208678 0.999966383
1341846389.634116 -0.123786934 0.087767802 -0.032636851 -0.008218060 -0.005407338 -0.001531405 0.999950409
1341846389.665950 -0.126017898 0.096892111 -0.028660089 -0.010093357 -0.003753190 -0.003175543 0.999936938
1341846389.702127 -0.124396071 0.088563703 -0.012580827 -0.015375089 -0.003293933 -0.004741142 0.999865115
1341846389.734086 -0.124075927 0.083606057 -0.005725907 -0.015475494 -0.004823628 -0.002920542 0.999864340
1341846389.765898 -0.119911365 0.091138661 0.005954846 -0.014661392 -0.005928405 -0.002601771 0.999871552
1341846389.802126 -0.116579548 0.086426891 0.017435374 -0.016457884 -0.006109476 -0.003661106 0.999839187
1341846389.834063 -0.113629341 0.080027103 0.028126890 -0.015359449 -0.005695438 -0.003583467 0.999859393
1341846389.866260 -0.111030348 0.080674507 0.042386733 -0.012639873 -0.006399103 0.001075769 0.999899030
1341846389.902002 -0.103688627 0.080429256 0.052290477 -0.011378937 -0.008125691 0.000660359 0.999902010
1341846389.934117 -0.097121231 0.083809935 0.065359250 -0.009727103 -0.006276087 -0.002943879 0.999928653
1341846389.970116 -0.095246531 0.084831275 0.075685591 -0.009457297 -0.004131919 -0.002467212 0.999943674
1341846390.002129 -0.100481480 0.079650335 0.080511436 -0.010513450 -0.005639989 0.000880604 0.999928415
1341846390.034099 -0.093564659 0.081964970 0.091490552 -0.009107852 -0.008872475 -0.000324782 0.999919116
1341846390.070024 -0.088352390 0.086013801 0.093185753 -0.008376387 -0.007997024 -0.003865878 0.999925494
1341846390.101910 -0.088566318 0.081805088 0.108816274 -0.009938410 -0.007909677 -0.004844777 0.999907613
1341846390.137924 -0.083528258 0.076968774 0.114880785 -0.009271587 -0.010512681 -0.003918971 0.999894083
1341846390.170038 -0.075908296 0.083818890 0.107740484 -0.007121446 -0.010673367 -0.004666781 0.999906778
1341846390.202115 -0.073882788 0.085798562 0.121601395 -0.009734189 -0.009430430 -0.006987988 0.999883711
1341846390.238117 -0.071394868 0.078708090 0.132209897 -0.011109294 -0.010764672 -0.005078896 0.999867439
1341846390.270052 -0.068140149 0.081743509 0.141447529 -0.010118932 -0.013742734 0.000766622 0.999854088
1341846390.302085 -0.055648066 0.083082385 0.140221685 -0.011586081 -0.015285239 0.003022867 0.999811471
1341846390.338496 -0.048383430 0.078777120 0.154334247 -0.012086815 -0.014240979 0.005072706 0.999812663
1341846390.370105 -0.053504981 0.081316255 0.161248535 -0.011771085 -0.015185023 0.010236644 0.999763012
1341846390.438106 -0.040133931 0.082967855 0.184807211 -0.016421340 -0.022033097 0.007928729 0.999590933
1341846390.505984 -0.038778543 0.085986421 0.200423092 -0.021072606 -0.030141829 0.012007019 0.999251306
1341846390.538495 -0.024625368 0.087400973 0.205796808 -0.021829067 -0.032796022 0.007449425 0.999195874
1341846390.606055 -0.020251190 0.092740647 0.229440257 -0.024007125 -0.035480231 0.014419587 0.998977900
1341846390.638031 -0.007464204 0.090939797 0.227686763 -0.024114633 -0.038771939 0.015944051 0.998829842
1341846390.673954 0.002560605 0.096356377 0.231868923 -0.023636533 -0.036437973 0.014097406 0.998956859
1341846390.705937 0.003896017 0.101448737 0.235862792 -0.026407490 -0.035351872 0.012884482 0.998942852
1341846390.737965 0.008902544 0.093980134 0.247854307 -0.029689562 -0.036939807 0.012688248 0.998795748
1341846390.774135 0.019261027 0.093869284 0.242729068 -0.027924990 -0.035630859 0.012436569 0.998897374
1341846390.806067 0.023260798 0.103583299 0.257318407 -0.026873147 -0.031203108 0.013170771 0.999064922
1341846390.838026 0.017461233 0.102912143 0.263436496 -0.029085813 -0.029338729 0.014916289 0.999034882
1341846390.874116 0.028486388 0.108522408 0.269003034 -0.029514370 -0.030273518 0.016354267 0.998971939
1341846390.906067 0.030821176 0.108170748 0.269680023 -0.031655151 -0.028710335 0.019649440 0.998893201
1341846390.942137 0.030199751 0.108792856 0.279204965 -0.033730511 -0.028279912 0.023368856 0.998757422
1341846390.974052 0.038899027 0.102159083 0.285462052 -0.033764768 -0.030771045 0.028074212 0.998561442
1341846391.006164 0.039173391 0.114469081 0.279385418 -0.030839834 -0.032211307 0.029619720 0.998565972
1341846391.042303 0.045577500 0.115716614 0.284880728 -0.032810867 -0.033648338 0.027089767 0.998527586
1341846391.074134 0.041344929 0.111165069 0.286914587 -0.033259559 -0.033781942 0.023573320 0.998597443
1341846391.106097 0.041664448 0.111178286 0.282250524 -0.032933384 -0.036100715 0.024711808 0.998499632
1341846391.142154 0.044765316 0.110888928 0.284049004 -0.033558596 -0.038544521 0.027099207 0.998325527
1341846391.174124 0.048965704 0.108084857 0.278942734 -0.033771235 -0.039561853 0.027010566 0.998280942
1341846391.209961 0.046275709 0.111067422 0.278921098 -0.032881897 -0.038571496 0.028387930 0.998311162
1341846391.241977 0.046434306 0.102630049 0.282157481 -0.033587832 -0.040342286 0.031451393 0.998125851
1341846391.273984 0.045394871 0.102477528 0.275462598 -0.031697530 -0.041720144 0.031186890 0.998139322
1341846391.309946 0.048174784 0.104039408 0.273878843 -0.030655082 -0.041134220 0.028532991 0.998275578
1341846391.342018 0.040307760 0.101351060 0.274412602 -0.030905744 -0.041492339 0.028152855 0.998263836
1341846391.378060 0.040150497 0.102327600 0.274682999 -0.030260347 -0.044704631 0.025399489 0.998218775
1341846391.410037 0.044179704 0.102720715 0.272021621 -0.030279608 -0.045689721 0.023081297 0.998229861
1341846391.442052 0.043546215 0.097860463 0.272818744 -0.029998243 -0.044538565 0.023979375 0.998269200
1341846391.478040 0.041886214 0.095070250 0.270155489 -0.028867902 -0.046383578 0.030344374 0.998045325
1341846391.510072 0.040685937 0.102634728 0.263772100 -0.027945638 -0.047851026 0.031309046 0.997972488
1341846391.542159 0.042846661 0.101370908 0.266435534 -0.028854743 -0.047342688 0.030823527 0.997985959
1341846391.578010 0.042052649 0.101616003 0.270350963 -0.028516060 -0.046523888 0.030859496 0.998033106
1341846391.610169 0.038562510 0.096472174 0.269679666 -0.028411994 -0.047518060 0.033345729 0.997909248
1341846391.645942 0.040796090 0.094744951 0.264555693 -0.027340883 -0.050084140 0.035035353 0.997755826
1341846391.677959 0.038671028 0.096547358 0.265213102 -0.025687691 -0.049617004 0.033033080 0.997891307
1341846391.710022 0.033634990 0.091824062 0.263636142 -0.024556285 -0.049491197 0.034618814 0.997872293
1341846391.745846 0.033444226 0.088452362 0.264813960 -0.022696314 -0.052029319 0.034051515 0.997806728
1341846391.778020 0.035897896 0.086548433 0.259614438 -0.020967262 -0.052339461 0.032019161 0.997895658
1341846391.810026 0.031964481 0.083306387 0.256540507 -0.019593988 -0.051637452 0.032897644 0.997931540
1341846391.846013 0.034777086 0.079271600 0.255725980 -0.017857980 -0.052792430 0.034452338 0.997851253
1341846391.877984 0.033308245 0.078414664 0.253714651 -0.014855788 -0.052229427 0.035484217 0.997893929
1341846391.914033 0.033450637 0.076928213 0.253978223 -0.013439074 -0.051841646 0.036666337 0.997891486
1341846391.945996 0.030141355 0.077600382 0.252863646 -0.011786290 -0.051894221 0.035924897 0.997936606
1341846391.978037 0.031674825 0.078233205 0.248883307 -0.011521149 -0.052144915 0.034383897 0.997980893
1341846392.014187 0.032664042 0.074937411 0.253034800 -0.011384272 -0.051676471 0.033161975 0.998048186
1341846392.046054 0.033154264 0.073100403 0.250603706 -0.010290710 -0.052178815 0.034599695 0.997985125
1341846392.078061 0.031372923 0.078025110 0.248054206 -0.009194184 -0.052516788 0.034596190 0.997978210
1341846392.114010 0.031954419 0.078555852 0.249467596 -0.009509384 -0.052636102 0.033990331 0.997989833
1341846392.145989 0.033650860 0.078251451 0.248517588 -0.009248497 -0.052776031 0.032717999 0.998027384
1341846392.181959 0.025238059 0.082836658 0.248267755 -0.009937616 -0.053489059 0.032675445 0.997984231
1341846392.213917 0.034937598 0.078100942 0.249871120 -0.011754898 -0.057296451 0.030970836 0.997807443
1341846392.246105 0.037445929 0.079382002 0.245697498 -0.010243586 -0.055156887 0.025765164 0.998092651
1341846392.282032 0.037784506 0.078252636 0.249116048 -0.010584206 -0.054612875 0.025955448 0.998114109
1341846392.314025 0.038148172 0.074793093 0.252004117 -0.009867651 -0.057032991 0.028476650 0.997917295
1341846392.349981 0.047841750 0.079080120 0.250571936 -0.006940173 -0.057817545 0.028892631 0.997884870
1341846392.382103 0.045151580 0.078973800 0.245752826 -0.006592041 -0.055662807 0.030015308 0.997976601
1341846392.414056 0.045973875 0.078466460 0.248800471 -0.006247675 -0.056415349 0.031841498 0.997879982
1341846392.450136 0.048901223 0.077193253 0.247118190 -0.004841362 -0.057160635 0.035557386 0.997719884
1341846392.482091 0.050147869 0.075171083 0.248131618 -0.002677129 -0.057671621 0.037249766 0.997636855
1341846392.514096 0.051417314 0.074380577 0.239354953 -0.001807472 -0.057309259 0.036052547 0.997703671
1341846392.550030 0.049517613 0.072611824 0.242769301 -0.001962504 -0.057618815 0.036950827 0.997652709
1341846392.582053 0.051405434 0.066831417 0.241231054 -0.001157523 -0.059189614 0.040188797 0.997436821
1341846392.617983 0.050870452 0.068371736 0.241336748 0.000951273 -0.059212759 0.041054707 0.997400343
1341846392.649909 0.054799389 0.066310987 0.236138791 0.001869986 -0.059401076 0.039556716 0.997448385
1341846392.682128 0.049680743 0.064846173 0.241300359 0.002471584 -0.058885179 0.037317749 0.997563958
1341846392.718019 0.050446607 0.060434170 0.239496812 0.003653760 -0.061175633 0.039835379 0.997325063
1341846392.749829 0.053064317 0.059845448 0.234138817 0.005732153 -0.063021675 0.039847691 0.997199833
1341846392.782107 0.053411707 0.059685625 0.235705703 0.006283292 -0.062904887 0.039223615 0.997228682
1341846392.818251 0.050872408 0.058473121 0.235005423 0.006539908 -0.061947919 0.039303780 0.997283757
1341846392.852165 0.053656142 0.056565251 0.237355620 0.008299836 -0.062947497 0.040382165 0.997164965
1341846392.885913 0.055815388 0.055871163 0.229339361 0.009270691 -0.062484115 0.038625285 0.997255147
1341846392.917882 0.059776884 0.054746322 0.233425051 0.010665204 -0.061680529 0.038961619 0.997278154
1341846392.950023 0.057759222 0.053010847 0.236009896 0.012513558 -0.060916308 0.039412264 0.997285962
